trip_scheduledArrival,trip_realtimeArrival,trip_arrivalDelay,trip_scheduledDeparture,trip_realtimeDeparture,trip_departureDelay,trip_realtime,trip_realtimeState,trip_serviceDay,trip_trip.gtfsId,trip_trip.route.shortName,stop_gtfsId,stop_name
45480,45480,0,45480,45480,0,False,SCHEDULED,1631912400,HSL:2531_20210917_La_1_1236,531,HSL:2312219,Kalastajankuja
45960,45960,0,45960,45960,0,False,SCHEDULED,1631912400,HSL:2531B_20210917_La_1_1244,531B,HSL:2312219,Kalastajankuja
46380,46380,0,46380,46380,0,False,SCHEDULED,1631912400,HSL:2531_20210917_La_1_1251,531,HSL:2312219,Kalastajankuja
46860,46860,0,46860,46860,0,False,SCHEDULED,1631912400,HSL:2531B_20210917_La_1_1259,531B,HSL:2312219,Kalastajankuja
47280,47280,0,47280,47280,0,False,SCHEDULED,1631912400,HSL:2531_20210917_La_1_1306,531,HSL:2312219,Kalastajankuja
46020,46086,66,46020,46086,66,True,UPDATED,1631912400,HSL:1025_20210917_La_1_1228,25,HSL:1465177,Vanha viertotie
47220,47220,0,47220,47220,0,False,SCHEDULED,1631912400,HSL:1025_20210917_La_1_1248,25,HSL:1465177,Vanha viertotie
48420,48420,0,48420,48420,0,False,SCHEDULED,1631912400,HSL:1025_20210917_La_1_1308,25,HSL:1465177,Vanha viertotie
49620,49620,0,49620,49620,0,False,SCHEDULED,1631912400,HSL:1025_20210917_La_1_1328,25,HSL:1465177,Vanha viertotie
50820,50820,0,50820,50820,0,False,SCHEDULED,1631912400,HSL:1025_20210917_La_1_1348,25,HSL:1465177,Vanha viertotie
45180,45343,163,45180,45360,180,True,UPDATED,1631912400,HSL:2510_20210917_La_1_1158,510,HSL:2222234,Aalto-yliopisto (M)
45480,45404,-76,45480,45408,-72,True,UPDATED,1631912400,HSL:2550_20210917_La_2_1229,550,HSL:2222234,Aalto-yliopisto (M)
45660,45660,0,45660,45660,0,False,SCHEDULED,1631912400,HSL:1052_20210917_La_2_1240,52,HSL:2222234,Aalto-yliopisto (M)
46020,46020,0,46020,46020,0,False,SCHEDULED,1631912400,HSL:2111_20210917_La_1_1245,111,HSL:2222234,Aalto-yliopisto (M)
46080,46080,0,46080,46080,0,False,SCHEDULED,1631912400,HSL:2550_20210917_La_2_1239,550,HSL:2222234,Aalto-yliopisto (M)
45480,45502,22,45480,45527,47,True,UPDATED,1631912400,HSL:31M2_20210917_La_2_1211,M2,HSL:1310602,Lauttasaari
45660,45696,36,45660,45721,61,True,UPDATED,1631912400,HSL:31M1_20210917_La_2_1215,M1,HSL:1310602,Lauttasaari
45900,45962,62,45900,45987,87,True,UPDATED,1631912400,HSL:31M2_20210917_La_2_1219,M2,HSL:1310602,Lauttasaari
46140,46142,2,46140,46167,27,True,UPDATED,1631912400,HSL:31M1_20210917_La_2_1222,M1,HSL:1310602,Lauttasaari
46380,46426,46,46380,46451,71,True,UPDATED,1631912400,HSL:31M2_20210917_La_2_1226,M2,HSL:1310602,Lauttasaari
45360,45341,-19,45360,45366,6,True,UPDATED,1631912400,HSL:31M1_20210917_La_1_1221,M1,HSL:1310601,Lauttasaari
45540,45566,26,45540,45591,51,True,UPDATED,1631912400,HSL:31M2_20210917_La_1_1231,M2,HSL:1310601,Lauttasaari
45780,45787,7,45780,45812,32,True,UPDATED,1631912400,HSL:31M1_20210917_La_1_1229,M1,HSL:1310601,Lauttasaari
46020,45837,-183,46020,45862,-158,True,UPDATED,1631912400,HSL:31M2_20210917_La_1_1238,M2,HSL:1310601,Lauttasaari
46260,46144,-116,46260,46169,-91,True,UPDATED,1631912400,HSL:31M1_20210917_La_1_1236,M1,HSL:1310601,Lauttasaari
45360,45367,7,45360,45382,22,True,UPDATED,1631912400,HSL:31M1_20210917_La_2_1207,M1,HSL:1310604,Koivusaari
45600,45627,27,45600,45642,42,True,UPDATED,1631912400,HSL:31M2_20210917_La_2_1211,M2,HSL:1310604,Koivusaari
45780,45823,43,45780,45838,58,True,UPDATED,1631912400,HSL:31M1_20210917_La_2_1215,M1,HSL:1310604,Koivusaari
46020,46087,67,46020,46102,82,True,UPDATED,1631912400,HSL:31M2_20210917_La_2_1219,M2,HSL:1310604,Koivusaari
46260,46267,7,46260,46282,22,True,UPDATED,1631912400,HSL:31M1_20210917_La_2_1222,M1,HSL:1310604,Koivusaari
45420,45459,39,45420,45474,54,True,UPDATED,1631912400,HSL:31M2_20210917_La_1_1231,M2,HSL:1310603,Koivusaari
45660,45678,18,45660,45693,33,True,UPDATED,1631912400,HSL:31M1_20210917_La_1_1229,M1,HSL:1310603,Koivusaari
45900,45727,-173,45900,45742,-158,True,UPDATED,1631912400,HSL:31M2_20210917_La_1_1238,M2,HSL:1310603,Koivusaari
46140,45994,-146,46140,46009,-131,True,UPDATED,1631912400,HSL:31M1_20210917_La_1_1236,M1,HSL:1310603,Koivusaari
46320,46350,30,46320,46365,45,True,UPDATED,1631912400,HSL:31M2_20210917_La_1_1246,M2,HSL:1310603,Koivusaari
45480,45644,164,45480,45651,171,True,UPDATED,1631912400,HSL:2531_20210917_La_2_1200,531,HSL:2312216,Nuottalahti
45900,45926,26,45900,45930,30,True,UPDATED,1631912400,HSL:2531B_20210917_La_2_1231,531B,HSL:2312216,Nuottalahti
46380,46387,7,46380,46424,44,True,UPDATED,1631912400,HSL:2531_20210917_La_2_1215,531,HSL:2312216,Nuottalahti
46800,46800,0,46800,46800,0,False,SCHEDULED,1631912400,HSL:2531B_20210917_La_2_1246,531B,HSL:2312216,Nuottalahti
47280,47366,86,47280,47370,90,True,UPDATED,1631912400,HSL:2531_20210917_La_2_1230,531,HSL:2312216,Nuottalahti
45540,45540,0,45540,45540,0,False,SCHEDULED,1631912400,HSL:2531_20210917_La_1_1236,531,HSL:2312217,Nuottalahti
46020,46020,0,46020,46020,0,False,SCHEDULED,1631912400,HSL:2531B_20210917_La_1_1244,531B,HSL:2312217,Nuottalahti
46440,46440,0,46440,46440,0,False,SCHEDULED,1631912400,HSL:2531_20210917_La_1_1251,531,HSL:2312217,Nuottalahti
46920,46920,0,46920,46920,0,False,SCHEDULED,1631912400,HSL:2531B_20210917_La_1_1259,531B,HSL:2312217,Nuottalahti
47340,47340,0,47340,47340,0,False,SCHEDULED,1631912400,HSL:2531_20210917_La_1_1306,531,HSL:2312217,Nuottalahti
45540,45694,154,45540,45710,170,True,UPDATED,1631912400,HSL:2531_20210917_La_2_1200,531,HSL:2312218,Kalastajankuja
45960,45957,-3,45960,45969,9,True,UPDATED,1631912400,HSL:2531B_20210917_La_2_1231,531B,HSL:2312218,Kalastajankuja
46440,46442,2,46440,46454,14,True,UPDATED,1631912400,HSL:2531_20210917_La_2_1215,531,HSL:2312218,Kalastajankuja
46860,46860,0,46860,46860,0,False,SCHEDULED,1631912400,HSL:2531B_20210917_La_2_1246,531B,HSL:2312218,Kalastajankuja
47400,47436,36,47400,47480,80,True,UPDATED,1631912400,HSL:2531_20210917_La_2_1230,531,HSL:2312218,Kalastajankuja
45600,45600,0,45600,45600,0,False,SCHEDULED,1631912400,HSL:9842_20210917_La_1_1240,842,HSL:1453189,Itäkeskus (M)
46200,46200,0,46200,46200,0,False,SCHEDULED,1631912400,HSL:1831_20210917_La_1_1250,831,HSL:1453189,Itäkeskus (M)
46800,46800,0,46800,46800,0,False,SCHEDULED,1631912400,HSL:9843_20210917_La_1_1300,843,HSL:1453189,Itäkeskus (M)
47700,47700,0,47700,47700,0,False,SCHEDULED,1631912400,HSL:9841_20210917_La_1_1315,841,HSL:1453189,Itäkeskus (M)
49080,49080,0,49080,49080,0,False,SCHEDULED,1631912400,HSL:9842_20210917_La_1_1338,842,HSL:1453189,Itäkeskus (M)
45360,45360,0,45360,45360,0,False,SCHEDULED,1631912400,HSL:2531_20210917_La_1_1236,531,HSL:2312201,Kalatorppa
45540,45540,0,45540,45540,0,False,SCHEDULED,1631912400,HSL:2532_20210917_La_1_1239,532,HSL:2312201,Kalatorppa
45840,45840,0,45840,45840,0,False,SCHEDULED,1631912400,HSL:2531B_20210917_La_1_1244,531B,HSL:2312201,Kalatorppa
45600,45769,169,45600,45864,264,True,UPDATED,1631912400,HSL:2531_20210917_La_2_1200,531,HSL:2312201,Kalatorppa
45600,45828,228,45600,45900,300,True,UPDATED,1631912400,HSL:2532_20210917_La_2_1205,532,HSL:2312201,Kalatorppa
45780,45780,0,45780,45780,0,False,SCHEDULED,1631912400,HSL:1094_20210917_La_1_1242,94,HSL:1453181,Puotinharju
45840,45840,0,45840,45840,0,False,SCHEDULED,1631912400,HSL:4561_20210917_La_1_1243,561,HSL:1453181,Puotinharju
46440,46440,0,46440,46440,0,False,SCHEDULED,1631912400,HSL:1554_20210917_La_1_1253,554,HSL:1453181,Puotinharju
46680,46680,0,46680,46680,0,False,SCHEDULED,1631912400,HSL:1094_20210917_La_1_1257,94,HSL:1453181,Puotinharju
47040,47040,0,47040,47040,0,False,SCHEDULED,1631912400,HSL:4561_20210917_La_1_1303,561,HSL:1453181,Puotinharju
45240,45396,156,45240,45402,162,True,UPDATED,1631912400,HSL:2111_20210917_La_1_1200,111,HSL:2312202,Kalaonni
45600,45600,0,45600,45600,0,False,SCHEDULED,1631912400,HSL:2147_20210917_La_1_1238,147,HSL:2312202,Kalaonni
46080,46080,0,46080,46080,0,False,SCHEDULED,1631912400,HSL:2143_20210917_La_1_1246,143,HSL:2312202,Kalaonni
46140,46194,54,46140,46201,61,True,UPDATED,1631912400,HSL:2111_20210917_La_1_1215,111,HSL:2312202,Kalaonni
46500,46500,0,46500,46500,0,False,SCHEDULED,1631912400,HSL:2147_20210917_La_1_1253,147,HSL:2312202,Kalaonni
45600,45600,0,45600,45600,0,True,UPDATED,1631912400,HSL:1095_20210917_La_1_1240,95,HSL:1453182,Itäkeskus (M)
45720,45720,0,45720,45720,0,False,SCHEDULED,1631912400,HSL:1094_20210917_La_1_1242,94,HSL:1453182,Itäkeskus (M)
46500,46500,0,46500,46500,0,False,SCHEDULED,1631912400,HSL:1095_20210917_La_1_1255,95,HSL:1453182,Itäkeskus (M)
46620,46620,0,46620,46620,0,False,SCHEDULED,1631912400,HSL:1094_20210917_La_1_1257,94,HSL:1453182,Itäkeskus (M)
47400,47400,0,47400,47400,0,False,SCHEDULED,1631912400,HSL:1095_20210917_La_1_1310,95,HSL:1453182,Itäkeskus (M)
45600,45600,0,45600,45600,0,False,SCHEDULED,1631912400,HSL:1500_20210917_La_1_1240,500,HSL:1453184,Itäkeskus (M)
46500,46500,0,46500,46500,0,False,SCHEDULED,1631912400,HSL:1500_20210917_La_1_1255,500,HSL:1453184,Itäkeskus (M)
47400,47400,0,47400,47400,0,False,SCHEDULED,1631912400,HSL:1500_20210917_La_1_1310,500,HSL:1453184,Itäkeskus (M)
48300,48300,0,48300,48300,0,False,SCHEDULED,1631912400,HSL:1500_20210917_La_1_1325,500,HSL:1453184,Itäkeskus (M)
49200,49200,0,49200,49200,0,False,SCHEDULED,1631912400,HSL:1500_20210917_La_1_1340,500,HSL:1453184,Itäkeskus (M)
46140,46140,0,46140,46140,0,False,SCHEDULED,1631912400,HSL:1092_20210917_La_1_1249,92,HSL:1453186,Itäkeskus (M)
47040,47040,0,47040,47040,0,False,SCHEDULED,1631912400,HSL:1092_20210917_La_1_1304,92,HSL:1453186,Itäkeskus (M)
47940,47940,0,47940,47940,0,False,SCHEDULED,1631912400,HSL:1092_20210917_La_1_1319,92,HSL:1453186,Itäkeskus (M)
48840,48840,0,48840,48840,0,False,SCHEDULED,1631912400,HSL:1092_20210917_La_1_1334,92,HSL:1453186,Itäkeskus (M)
49740,49740,0,49740,49740,0,False,SCHEDULED,1631912400,HSL:1092_20210917_La_1_1349,92,HSL:1453186,Itäkeskus (M)
45660,45651,-9,45660,45665,5,True,UPDATED,1631912400,HSL:2550_20210917_La_2_1229,550,HSL:2222268,Tietäjä
46260,46260,0,46260,46260,0,False,SCHEDULED,1631912400,HSL:2550_20210917_La_2_1239,550,HSL:2222268,Tietäjä
46860,46860,0,46860,46860,0,False,SCHEDULED,1631912400,HSL:2550_20210917_La_2_1249,550,HSL:2222268,Tietäjä
47460,47460,0,47460,47460,0,False,SCHEDULED,1631912400,HSL:2550_20210917_La_2_1259,550,HSL:2222268,Tietäjä
48060,48060,0,48060,48060,0,False,SCHEDULED,1631912400,HSL:2550_20210917_La_2_1309,550,HSL:2222268,Tietäjä
45540,45517,-23,45540,45517,-23,True,UPDATED,1631912400,HSL:1052_20210917_La_1_1156,52,HSL:2222201,Otaniemensilta
46740,45675,-1065,46740,45675,-1065,True,UPDATED,1631912400,HSL:1052_20210917_La_1_1216,52,HSL:2222201,Otaniemensilta
46140,46142,2,46140,46142,2,True,UPDATED,1631912400,HSL:1052_20210917_La_1_1206,52,HSL:2222201,Otaniemensilta
45960,46189,229,45960,46193,233,True,UPDATED,1631912400,HSL:2510_20210917_La_1_1213,510,HSL:2222201,Otaniemensilta
47340,46265,-1075,47340,46265,-1075,True,UPDATED,1631912400,HSL:1052_20210917_La_1_1226,52,HSL:2222201,Otaniemensilta
87360,87360,0,87360,87360,0,False,SCHEDULED,1631912400,HSL:2108N_20210917_La_1_2400,108N,HSL:2222203,Otaranta
90060,90060,0,90060,90060,0,False,SCHEDULED,1631912400,HSL:2108N_20210917_La_1_2445,108N,HSL:2222203,Otaranta
92760,92760,0,92760,92760,0,False,SCHEDULED,1631912400,HSL:2108N_20210917_La_1_2530,108N,HSL:2222203,Otaranta
95460,95460,0,95460,95460,0,False,SCHEDULED,1631912400,HSL:2108N_20210917_La_1_2615,108N,HSL:2222203,Otaranta
98160,98160,0,98160,98160,0,False,SCHEDULED,1631912400,HSL:2108N_20210917_La_1_2700,108N,HSL:2222203,Otaranta
45720,45824,104,45720,45830,110,True,UPDATED,1631912400,HSL:2510_20210917_La_2_1232,510,HSL:2222202,Otaniemensilta
45840,45840,0,45840,45840,0,False,SCHEDULED,1631912400,HSL:1052_20210917_La_2_1240,52,HSL:2222202,Otaniemensilta
46440,46440,0,46440,46440,0,False,SCHEDULED,1631912400,HSL:1052_20210917_La_2_1250,52,HSL:2222202,Otaniemensilta
46620,46620,0,46620,46620,0,False,SCHEDULED,1631912400,HSL:2510_20210917_La_2_1247,510,HSL:2222202,Otaniemensilta
47040,47040,0,47040,47040,0,False,SCHEDULED,1631912400,HSL:1052_20210917_La_2_1300,52,HSL:2222202,Otaniemensilta
46260,46260,0,46260,46260,0,False,SCHEDULED,1631912400,HSL:7192V_20210917_La_1_1240,192V,HSL:2222205,Hanasaari
54720,54720,0,54720,54720,0,False,SCHEDULED,1631912400,HSL:7192T_20210917_La_1_1500,192T,HSL:2222205,Hanasaari
63960,63960,0,63960,63960,0,False,SCHEDULED,1631912400,HSL:7192V_20210917_La_1_1740,192V,HSL:2222205,Hanasaari
67680,67680,0,67680,67680,0,False,SCHEDULED,1631912400,HSL:7192T_20210917_La_1_1835,192T,HSL:2222205,Hanasaari
83580,83580,0,83580,83580,0,False,SCHEDULED,1631912400,HSL:7192V_20210917_La_1_2305,192V,HSL:2222205,Hanasaari
87060,87060,0,87060,87060,0,False,SCHEDULED,1631912400,HSL:2108N_20210917_La_2_2400,108N,HSL:2222204,Otaranta
89760,89760,0,89760,89760,0,False,SCHEDULED,1631912400,HSL:2108N_20210917_La_2_2445,108N,HSL:2222204,Otaranta
92460,92460,0,92460,92460,0,False,SCHEDULED,1631912400,HSL:2108N_20210917_La_2_2530,108N,HSL:2222204,Otaranta
95160,95160,0,95160,95160,0,False,SCHEDULED,1631912400,HSL:2108N_20210917_La_2_2615,108N,HSL:2222204,Otaranta
97860,97860,0,97860,97860,0,False,SCHEDULED,1631912400,HSL:2108N_20210917_La_2_2700,108N,HSL:2222204,Otaranta
86940,86940,0,86940,86940,0,False,SCHEDULED,1631912400,HSL:2108N_20210917_La_2_2400,108N,HSL:2222207,Sähkömies
89640,89640,0,89640,89640,0,False,SCHEDULED,1631912400,HSL:2108N_20210917_La_2_2445,108N,HSL:2222207,Sähkömies
92340,92340,0,92340,92340,0,False,SCHEDULED,1631912400,HSL:2108N_20210917_La_2_2530,108N,HSL:2222207,Sähkömies
95040,95040,0,95040,95040,0,False,SCHEDULED,1631912400,HSL:2108N_20210917_La_2_2615,108N,HSL:2222207,Sähkömies
97740,97740,0,97740,97740,0,False,SCHEDULED,1631912400,HSL:2108N_20210917_La_2_2700,108N,HSL:2222207,Sähkömies
86940,86940,0,86940,86940,0,False,SCHEDULED,1631912400,HSL:2108N_20210917_La_2_2400,108N,HSL:2222206,Otakaari
89640,89640,0,89640,89640,0,False,SCHEDULED,1631912400,HSL:2108N_20210917_La_2_2445,108N,HSL:2222206,Otakaari
92340,92340,0,92340,92340,0,False,SCHEDULED,1631912400,HSL:2108N_20210917_La_2_2530,108N,HSL:2222206,Otakaari
95040,95040,0,95040,95040,0,False,SCHEDULED,1631912400,HSL:2108N_20210917_La_2_2615,108N,HSL:2222206,Otakaari
97740,97740,0,97740,97740,0,False,SCHEDULED,1631912400,HSL:2108N_20210917_La_2_2700,108N,HSL:2222206,Otakaari
45060,45263,203,45060,45343,283,True,UPDATED,1631912400,HSL:2111_20210917_La_2_1153,111,HSL:2222209,Teekkarikylä
47040,45675,-1365,47040,45675,-1365,True,UPDATED,1631912400,HSL:1052_20210917_La_1_1216,52,HSL:2222209,Teekkarikylä
45840,45817,-23,45840,45817,-23,True,UPDATED,1631912400,HSL:1052_20210917_La_1_1156,52,HSL:2222209,Teekkarikylä
45960,45942,-18,45960,45980,20,True,UPDATED,1631912400,HSL:2111_20210917_La_2_1208,111,HSL:2222209,Teekkarikylä
47640,46265,-1375,47640,46265,-1375,True,UPDATED,1631912400,HSL:1052_20210917_La_1_1226,52,HSL:2222209,Teekkarikylä
87000,87000,0,87000,87000,0,False,SCHEDULED,1631912400,HSL:2108N_20210917_La_2_2400,108N,HSL:2222208,Teekkarikylä
89700,89700,0,89700,89700,0,False,SCHEDULED,1631912400,HSL:2108N_20210917_La_2_2445,108N,HSL:2222208,Teekkarikylä
92400,92400,0,92400,92400,0,False,SCHEDULED,1631912400,HSL:2108N_20210917_La_2_2530,108N,HSL:2222208,Teekkarikylä
95100,95100,0,95100,95100,0,False,SCHEDULED,1631912400,HSL:2108N_20210917_La_2_2615,108N,HSL:2222208,Teekkarikylä
97800,97800,0,97800,97800,0,False,SCHEDULED,1631912400,HSL:2108N_20210917_La_2_2700,108N,HSL:2222208,Teekkarikylä
45300,45743,443,45300,45743,443,True,UPDATED,1631912400,HSL:2550_20210917_La_2_1149,550,HSL:1285159,Käpytie
45960,46144,184,45960,46144,184,True,UPDATED,1631912400,HSL:2550_20210917_La_2_1159,550,HSL:1285159,Käpytie
46560,46673,113,46560,46673,113,True,UPDATED,1631912400,HSL:2550_20210917_La_2_1209,550,HSL:1285159,Käpytie
47160,47164,4,47160,47199,39,True,UPDATED,1631912400,HSL:2550_20210917_La_2_1219,550,HSL:1285159,Käpytie
47760,47781,21,47760,47781,21,True,UPDATED,1631912400,HSL:2550_20210917_La_2_1229,550,HSL:1285159,Käpytie
45660,45827,167,45660,45827,167,True,UPDATED,1631912400,HSL:2550_20210917_La_1_1221,550,HSL:1285158,Käpytie
46260,46320,60,46260,46320,60,True,UPDATED,1631912400,HSL:2550_20210917_La_1_1231,550,HSL:1285158,Käpytie
46860,46860,0,46860,46860,0,True,UPDATED,1631912400,HSL:2550_20210917_La_1_1241,550,HSL:1285158,Käpytie
47460,47460,0,47460,47460,0,False,SCHEDULED,1631912400,HSL:2550_20210917_La_1_1251,550,HSL:1285158,Käpytie
48060,48060,0,48060,48060,0,False,SCHEDULED,1631912400,HSL:2550_20210917_La_1_1301,550,HSL:1285158,Käpytie
45600,45600,0,45600,45600,0,False,SCHEDULED,1631912400,HSL:1052_20210917_La_2_1240,52,HSL:2222210,Teekkarikylä
45900,45900,0,45900,45900,0,False,SCHEDULED,1631912400,HSL:2111_20210917_La_1_1245,111,HSL:2222210,Teekkarikylä
46200,46200,0,46200,46200,0,False,SCHEDULED,1631912400,HSL:1052_20210917_La_2_1250,52,HSL:2222210,Teekkarikylä
46800,46800,0,46800,46800,0,False,SCHEDULED,1631912400,HSL:2111_20210917_La_1_1300,111,HSL:2222210,Teekkarikylä
46800,46800,0,46800,46800,0,False,SCHEDULED,1631912400,HSL:1052_20210917_La_2_1300,52,HSL:2222210,Teekkarikylä
45600,45656,56,45600,45666,66,True,UPDATED,1631912400,HSL:2510_20210917_La_2_1232,510,HSL:2222212,Aalto-yliopisto (M)
46920,45675,-1245,46920,45675,-1245,True,UPDATED,1631912400,HSL:1052_20210917_La_1_1216,52,HSL:2222212,Aalto-yliopisto (M)
45720,45697,-23,45720,45697,-23,True,UPDATED,1631912400,HSL:1052_20210917_La_1_1156,52,HSL:2222212,Aalto-yliopisto (M)
45720,45731,11,45720,45740,20,True,UPDATED,1631912400,HSL:2550_20210917_La_1_1142,550,HSL:2222212,Aalto-yliopisto (M)
45840,45828,-12,45840,45841,1,True,UPDATED,1631912400,HSL:2111_20210917_La_2_1208,111,HSL:2222212,Aalto-yliopisto (M)
45600,45577,-23,45600,45577,-23,True,UPDATED,1631912400,HSL:1052_20210917_La_1_1156,52,HSL:2222214,Tekniikantie
46800,45675,-1125,46800,45675,-1125,True,UPDATED,1631912400,HSL:1052_20210917_La_1_1216,52,HSL:2222214,Tekniikantie
46200,46202,2,46200,46202,2,True,UPDATED,1631912400,HSL:1052_20210917_La_1_1206,52,HSL:2222214,Tekniikantie
47400,46265,-1135,47400,46265,-1135,True,UPDATED,1631912400,HSL:1052_20210917_La_1_1226,52,HSL:2222214,Tekniikantie
48000,48000,0,48000,48000,0,False,SCHEDULED,1631912400,HSL:1052_20210917_La_1_1236,52,HSL:2222214,Tekniikantie
87540,87540,0,87540,87540,0,False,SCHEDULED,1631912400,HSL:2108N_20210917_La_1_2400,108N,HSL:2222213,Otakaari
90240,90240,0,90240,90240,0,False,SCHEDULED,1631912400,HSL:2108N_20210917_La_1_2445,108N,HSL:2222213,Otakaari
92940,92940,0,92940,92940,0,False,SCHEDULED,1631912400,HSL:2108N_20210917_La_1_2530,108N,HSL:2222213,Otakaari
95640,95640,0,95640,95640,0,False,SCHEDULED,1631912400,HSL:2108N_20210917_La_1_2615,108N,HSL:2222213,Otakaari
98340,98340,0,98340,98340,0,False,SCHEDULED,1631912400,HSL:2108N_20210917_La_1_2700,108N,HSL:2222213,Otakaari
46920,45675,-1245,46920,45675,-1245,True,UPDATED,1631912400,HSL:1052_20210917_La_1_1216,52,HSL:2222216,Vuorimies
45720,45697,-23,45720,45697,-23,True,UPDATED,1631912400,HSL:1052_20210917_La_1_1156,52,HSL:2222216,Vuorimies
45780,45807,27,45780,45808,28,True,UPDATED,1631912400,HSL:2111_20210917_La_2_1208,111,HSL:2222216,Vuorimies
47520,46265,-1255,47520,46265,-1255,True,UPDATED,1631912400,HSL:1052_20210917_La_1_1226,52,HSL:2222216,Vuorimies
46320,46322,2,46320,46322,2,True,UPDATED,1631912400,HSL:1052_20210917_La_1_1206,52,HSL:2222216,Vuorimies
45720,45720,0,45720,45720,0,False,SCHEDULED,1631912400,HSL:1052_20210917_La_2_1240,52,HSL:2222215,Vuorimies
46020,46020,0,46020,46020,0,False,SCHEDULED,1631912400,HSL:2111_20210917_La_1_1245,111,HSL:2222215,Vuorimies
46320,46320,0,46320,46320,0,False,SCHEDULED,1631912400,HSL:1052_20210917_La_2_1250,52,HSL:2222215,Vuorimies
46920,46920,0,46920,46920,0,False,SCHEDULED,1631912400,HSL:2111_20210917_La_1_1300,111,HSL:2222215,Vuorimies
46920,46920,0,46920,46920,0,False,SCHEDULED,1631912400,HSL:1052_20210917_La_2_1300,52,HSL:2222215,Vuorimies
87600,87600,0,87600,87600,0,False,SCHEDULED,1631912400,HSL:2108N_20210917_La_1_2400,108N,HSL:2222223,Tietotie
90300,90300,0,90300,90300,0,False,SCHEDULED,1631912400,HSL:2108N_20210917_La_1_2445,108N,HSL:2222223,Tietotie
93000,93000,0,93000,93000,0,False,SCHEDULED,1631912400,HSL:2108N_20210917_La_1_2530,108N,HSL:2222223,Tietotie
95700,95700,0,95700,95700,0,False,SCHEDULED,1631912400,HSL:2108N_20210917_La_1_2615,108N,HSL:2222223,Tietotie
98400,98400,0,98400,98400,0,False,SCHEDULED,1631912400,HSL:2108N_20210917_La_1_2700,108N,HSL:2222223,Tietotie
45600,45586,-14,45600,45592,-8,True,UPDATED,1631912400,HSL:2550_20210917_La_2_1229,550,HSL:2222225,Innopoli
46200,46200,0,46200,46200,0,False,SCHEDULED,1631912400,HSL:2111_20210917_La_1_1245,111,HSL:2222225,Innopoli
46200,46200,0,46200,46200,0,False,SCHEDULED,1631912400,HSL:2550_20210917_La_2_1239,550,HSL:2222225,Innopoli
46800,46800,0,46800,46800,0,False,SCHEDULED,1631912400,HSL:2550_20210917_La_2_1249,550,HSL:2222225,Innopoli
47100,47100,0,47100,47100,0,False,SCHEDULED,1631912400,HSL:2111_20210917_La_1_1300,111,HSL:2222225,Innopoli
86880,86880,0,86880,86880,0,False,SCHEDULED,1631912400,HSL:2108N_20210917_La_2_2400,108N,HSL:2222224,Tietotie
89580,89580,0,89580,89580,0,False,SCHEDULED,1631912400,HSL:2108N_20210917_La_2_2445,108N,HSL:2222224,Tietotie
92280,92280,0,92280,92280,0,False,SCHEDULED,1631912400,HSL:2108N_20210917_La_2_2530,108N,HSL:2222224,Tietotie
94980,94980,0,94980,94980,0,False,SCHEDULED,1631912400,HSL:2108N_20210917_La_2_2615,108N,HSL:2222224,Tietotie
97680,97680,0,97680,97680,0,False,SCHEDULED,1631912400,HSL:2108N_20210917_La_2_2700,108N,HSL:2222224,Tietotie
87480,87480,0,87480,87480,0,False,SCHEDULED,1631912400,HSL:2108N_20210917_La_1_2400,108N,HSL:2222227,Sähkömies
90180,90180,0,90180,90180,0,False,SCHEDULED,1631912400,HSL:2108N_20210917_La_1_2445,108N,HSL:2222227,Sähkömies
92880,92880,0,92880,92880,0,False,SCHEDULED,1631912400,HSL:2108N_20210917_La_1_2530,108N,HSL:2222227,Sähkömies
95580,95580,0,95580,95580,0,False,SCHEDULED,1631912400,HSL:2108N_20210917_La_1_2615,108N,HSL:2222227,Sähkömies
98280,98280,0,98280,98280,0,False,SCHEDULED,1631912400,HSL:2108N_20210917_La_1_2700,108N,HSL:2222227,Sähkömies
45600,45614,14,45600,45619,19,True,UPDATED,1631912400,HSL:2550_20210917_La_1_1142,550,HSL:2222226,Innopoli
45660,45708,48,45660,45710,50,True,UPDATED,1631912400,HSL:2111_20210917_La_2_1208,111,HSL:2222226,Innopoli
46200,46238,38,46200,46246,46,True,UPDATED,1631912400,HSL:2550_20210917_La_1_1152,550,HSL:2222226,Innopoli
46560,46722,162,46560,46724,164,True,UPDATED,1631912400,HSL:2111_20210917_La_2_1223,111,HSL:2222226,Innopoli
46800,46865,65,46800,46872,72,True,UPDATED,1631912400,HSL:2550_20210917_La_1_1202,550,HSL:2222226,Innopoli
45420,45373,-47,45420,45407,-13,True,UPDATED,1631912400,HSL:1097_20210917_La_2_1226,97,HSL:1453111,Rantakartanontie
46020,46036,16,46020,46042,22,True,UPDATED,1631912400,HSL:1095_20210917_La_2_1227,95,HSL:1453111,Rantakartanontie
46920,46920,0,46920,46920,0,False,SCHEDULED,1631912400,HSL:1095_20210917_La_2_1242,95,HSL:1453111,Rantakartanontie
47220,47220,0,47220,47220,0,False,SCHEDULED,1631912400,HSL:1097_20210917_La_2_1256,97,HSL:1453111,Rantakartanontie
47820,47820,0,47820,47820,0,False,SCHEDULED,1631912400,HSL:1095_20210917_La_2_1257,95,HSL:1453111,Rantakartanontie
45360,45377,17,45360,45417,57,True,UPDATED,1631912400,HSL:1092_20210917_La_2_1220,92,HSL:1453112,Itäkeskus (M)
45840,45825,-15,45840,45825,-15,True,UPDATED,1631912400,HSL:1082_20210917_La_1_1230,82,HSL:1453112,Itäkeskus (M)
46140,46140,0,46140,46140,0,False,SCHEDULED,1631912400,HSL:1098_20210917_La_2_1239,98,HSL:1453112,Itäkeskus (M)
46260,46260,0,46260,46260,0,True,UPDATED,1631912400,HSL:1092_20210917_La_2_1235,92,HSL:1453112,Itäkeskus (M)
46740,46740,0,46740,46740,0,False,SCHEDULED,1631912400,HSL:1082_20210917_La_1_1245,82,HSL:1453112,Itäkeskus (M)
45180,45328,148,45180,45403,223,True,UPDATED,1631912400,HSL:1500_20210917_La_2_1151,500,HSL:1453114,Itäkeskus (M)
45420,45469,49,45420,45525,105,True,UPDATED,1631912400,HSL:1080_20210917_La_1_1223,80,HSL:1453114,Itäkeskus (M)
45480,45515,35,45480,45624,144,True,UPDATED,1631912400,HSL:1095_20210917_La_2_1212,95,HSL:1453114,Itäkeskus (M)
45720,45632,-88,45720,45653,-67,True,UPDATED,1631912400,HSL:1097_20210917_La_2_1226,97,HSL:1453114,Itäkeskus (M)
45600,45767,167,45600,45767,167,True,UPDATED,1631912400,HSL:1831_20210917_La_2_1218,831,HSL:1453114,Itäkeskus (M)
83820,83820,0,83820,83820,0,False,SCHEDULED,1631912400,HSL:1094N_20210917_La_2_2306,94N,HSL:1453116,Itäkeskus (M)
85620,85620,0,85620,85620,0,False,SCHEDULED,1631912400,HSL:1094N_20210917_La_2_2336,94N,HSL:1453116,Itäkeskus (M)
87420,87420,0,87420,87420,0,False,SCHEDULED,1631912400,HSL:1094N_20210917_La_2_2406,94N,HSL:1453116,Itäkeskus (M)
89220,89220,0,89220,89220,0,False,SCHEDULED,1631912400,HSL:1094N_20210917_La_2_2436,94N,HSL:1453116,Itäkeskus (M)
90720,90720,0,90720,90720,0,False,SCHEDULED,1631912400,HSL:9841N_20210917_La_2_2425,841N,HSL:1453116,Itäkeskus (M)
45360,45360,0,45360,45360,0,True,UPDATED,1631912400,HSL:1097_20210917_La_1_1234,97,HSL:1453117,Puotinharju
45660,45660,0,45660,45660,0,False,SCHEDULED,1631912400,HSL:9842_20210917_La_1_1240,842,HSL:1453117,Puotinharju
45660,45660,0,45660,45660,0,True,UPDATED,1631912400,HSL:1095_20210917_La_1_1240,95,HSL:1453117,Puotinharju
46260,46260,0,46260,46260,0,False,SCHEDULED,1631912400,HSL:1831_20210917_La_1_1250,831,HSL:1453117,Puotinharju
46560,46560,0,46560,46560,0,False,SCHEDULED,1631912400,HSL:1095_20210917_La_1_1255,95,HSL:1453117,Puotinharju
45420,45486,66,45420,45515,95,True,UPDATED,1631912400,HSL:1095_20210917_La_2_1212,95,HSL:1453118,Puotinharju
45660,45594,-66,45660,45599,-61,True,UPDATED,1631912400,HSL:1097_20210917_La_2_1226,97,HSL:1453118,Puotinharju
45540,45707,167,45540,45707,167,True,UPDATED,1631912400,HSL:1831_20210917_La_2_1218,831,HSL:1453118,Puotinharju
45720,45701,-19,45720,45708,-12,True,UPDATED,1631912400,HSL:1554_20210917_La_2_1210,554,HSL:1453118,Puotinharju
45900,45901,1,45900,45901,1,True,UPDATED,1631912400,HSL:9841_20210917_La_2_1205,841,HSL:1453118,Puotinharju
45480,45480,0,45480,45480,0,True,UPDATED,1631912400,HSL:1097_20210917_La_1_1234,97,HSL:1453119,Vanhanlinnantie
45780,45780,0,45780,45780,0,False,SCHEDULED,1631912400,HSL:9842_20210917_La_1_1240,842,HSL:1453119,Vanhanlinnantie
45780,45780,0,45780,45780,0,True,UPDATED,1631912400,HSL:1095_20210917_La_1_1240,95,HSL:1453119,Vanhanlinnantie
46380,46380,0,46380,46380,0,False,SCHEDULED,1631912400,HSL:1831_20210917_La_1_1250,831,HSL:1453119,Vanhanlinnantie
46680,46680,0,46680,46680,0,False,SCHEDULED,1631912400,HSL:1095_20210917_La_1_1255,95,HSL:1453119,Vanhanlinnantie
45660,45610,-50,45660,45616,-44,True,UPDATED,1631912400,HSL:1554_20210917_La_2_1210,554,HSL:1453110,Arhotie
45960,46009,49,45960,46013,53,True,UPDATED,1631912400,HSL:1094_20210917_La_2_1233,94,HSL:1453110,Arhotie
46320,46413,93,46320,46418,98,True,UPDATED,1631912400,HSL:4561_20210917_La_2_1205,561,HSL:1453110,Arhotie
46860,46854,-6,46860,46857,-3,True,UPDATED,1631912400,HSL:1554_20210917_La_2_1230,554,HSL:1453110,Arhotie
46860,46860,0,46860,46860,0,False,SCHEDULED,1631912400,HSL:1094_20210917_La_2_1248,94,HSL:1453110,Arhotie
45960,45998,38,45960,45999,39,True,UPDATED,1631912400,HSL:1065_20210917_La_1_1220,65,HSL:1285164,Aidasmäki
47160,47160,0,47160,47160,0,False,SCHEDULED,1631912400,HSL:1065_20210917_La_1_1240,65,HSL:1285164,Aidasmäki
48420,48420,0,48420,48420,0,False,SCHEDULED,1631912400,HSL:1065_20210917_La_1_1300,65,HSL:1285164,Aidasmäki
49680,49680,0,49680,49680,0,False,SCHEDULED,1631912400,HSL:1065_20210917_La_1_1320,65,HSL:1285164,Aidasmäki
50880,50880,0,50880,50880,0,False,SCHEDULED,1631912400,HSL:1065_20210917_La_1_1340,65,HSL:1285164,Aidasmäki
45420,45420,0,45420,45420,0,True,UPDATED,1631912400,HSL:1065_20210917_La_2_1235,65,HSL:1285163,Veräjänkorva
46620,46620,0,46620,46620,0,False,SCHEDULED,1631912400,HSL:1065_20210917_La_2_1255,65,HSL:1285163,Veräjänkorva
47820,47820,0,47820,47820,0,False,SCHEDULED,1631912400,HSL:1065_20210917_La_2_1315,65,HSL:1285163,Veräjänkorva
49020,49020,0,49020,49020,0,False,SCHEDULED,1631912400,HSL:1065_20210917_La_2_1335,65,HSL:1285163,Veräjänkorva
50220,50220,0,50220,50220,0,False,SCHEDULED,1631912400,HSL:1065_20210917_La_2_1355,65,HSL:1285163,Veräjänkorva
46080,46087,7,46080,46087,7,True,UPDATED,1631912400,HSL:1065_20210917_La_1_1220,65,HSL:1285166,Myllypellontie
46500,46500,0,46500,46500,0,False,SCHEDULED,1631912400,HSL:1065_20210917_La_2_1255,65,HSL:1285166,Myllypellontie
47280,47280,0,47280,47280,0,False,SCHEDULED,1631912400,HSL:1065_20210917_La_1_1240,65,HSL:1285166,Myllypellontie
47700,47700,0,47700,47700,0,False,SCHEDULED,1631912400,HSL:1065_20210917_La_2_1315,65,HSL:1285166,Myllypellontie
48540,48540,0,48540,48540,0,False,SCHEDULED,1631912400,HSL:1065_20210917_La_1_1300,65,HSL:1285166,Myllypellontie
45360,45360,0,45360,45360,0,True,UPDATED,1631912400,HSL:1065_20210917_La_2_1235,65,HSL:1285165,Aidasmäki
46560,46560,0,46560,46560,0,False,SCHEDULED,1631912400,HSL:1065_20210917_La_2_1255,65,HSL:1285165,Aidasmäki
47760,47760,0,47760,47760,0,False,SCHEDULED,1631912400,HSL:1065_20210917_La_2_1315,65,HSL:1285165,Aidasmäki
48960,48960,0,48960,48960,0,False,SCHEDULED,1631912400,HSL:1065_20210917_La_2_1335,65,HSL:1285165,Aidasmäki
50160,50160,0,50160,50160,0,False,SCHEDULED,1631912400,HSL:1065_20210917_La_2_1355,65,HSL:1285165,Aidasmäki
45780,45780,0,45780,45780,0,False,SCHEDULED,1631912400,HSL:4561_20210917_La_1_1243,561,HSL:1453104,Itäkeskus (M)
46380,46380,0,46380,46380,0,False,SCHEDULED,1631912400,HSL:1554_20210917_La_1_1253,554,HSL:1453104,Itäkeskus (M)
46980,46980,0,46980,46980,0,False,SCHEDULED,1631912400,HSL:4561_20210917_La_1_1303,561,HSL:1453104,Itäkeskus (M)
47580,47580,0,47580,47580,0,False,SCHEDULED,1631912400,HSL:1554_20210917_La_1_1313,554,HSL:1453104,Itäkeskus (M)
48180,48180,0,48180,48180,0,False,SCHEDULED,1631912400,HSL:4561_20210917_La_1_1323,561,HSL:1453104,Itäkeskus (M)
45540,45540,0,45540,45540,0,True,UPDATED,1631912400,HSL:1097_20210917_La_1_1234,97,HSL:1453107,Puotila (M)
45840,45840,0,45840,45840,0,True,UPDATED,1631912400,HSL:1095_20210917_La_1_1240,95,HSL:1453107,Puotila (M)
46740,46740,0,46740,46740,0,False,SCHEDULED,1631912400,HSL:1095_20210917_La_1_1255,95,HSL:1453107,Puotila (M)
47340,47340,0,47340,47340,0,False,SCHEDULED,1631912400,HSL:1097_20210917_La_1_1304,97,HSL:1453107,Puotila (M)
47640,47640,0,47640,47640,0,False,SCHEDULED,1631912400,HSL:1095_20210917_La_1_1310,95,HSL:1453107,Puotila (M)
45300,45420,120,45300,45425,125,True,UPDATED,1631912400,HSL:1554_20210917_La_1_1233,554,HSL:1453109,Arhotie
45900,45900,0,45900,45900,0,False,SCHEDULED,1631912400,HSL:4561_20210917_La_1_1243,561,HSL:1453109,Arhotie
45900,45900,0,45900,45900,0,False,SCHEDULED,1631912400,HSL:1094_20210917_La_1_1242,94,HSL:1453109,Arhotie
46500,46500,0,46500,46500,0,False,SCHEDULED,1631912400,HSL:1554_20210917_La_1_1253,554,HSL:1453109,Arhotie
46800,46800,0,46800,46800,0,False,SCHEDULED,1631912400,HSL:1094_20210917_La_1_1257,94,HSL:1453109,Arhotie
45900,45926,26,45900,45935,35,True,UPDATED,1631912400,HSL:1065_20210917_La_1_1220,65,HSL:1285160,Kirkkoherrantie
47100,47100,0,47100,47100,0,False,SCHEDULED,1631912400,HSL:1065_20210917_La_1_1240,65,HSL:1285160,Kirkkoherrantie
48360,48360,0,48360,48360,0,False,SCHEDULED,1631912400,HSL:1065_20210917_La_1_1300,65,HSL:1285160,Kirkkoherrantie
49560,49560,0,49560,49560,0,False,SCHEDULED,1631912400,HSL:1065_20210917_La_1_1320,65,HSL:1285160,Kirkkoherrantie
50760,50760,0,50760,50760,0,False,SCHEDULED,1631912400,HSL:1065_20210917_La_1_1340,65,HSL:1285160,Kirkkoherrantie
45900,45952,52,45900,45955,55,True,UPDATED,1631912400,HSL:1065_20210917_La_1_1220,65,HSL:1285162,Veräjänkorva
47100,47100,0,47100,47100,0,False,SCHEDULED,1631912400,HSL:1065_20210917_La_1_1240,65,HSL:1285162,Veräjänkorva
48360,48360,0,48360,48360,0,False,SCHEDULED,1631912400,HSL:1065_20210917_La_1_1300,65,HSL:1285162,Veräjänkorva
49620,49620,0,49620,49620,0,False,SCHEDULED,1631912400,HSL:1065_20210917_La_1_1320,65,HSL:1285162,Veräjänkorva
50820,50820,0,50820,50820,0,False,SCHEDULED,1631912400,HSL:1065_20210917_La_1_1340,65,HSL:1285162,Veräjänkorva
45480,45480,0,45480,45480,0,True,UPDATED,1631912400,HSL:1065_20210917_La_2_1235,65,HSL:1285161,Kirkkoherrantie
46680,46680,0,46680,46680,0,False,SCHEDULED,1631912400,HSL:1065_20210917_La_2_1255,65,HSL:1285161,Kirkkoherrantie
47880,47880,0,47880,47880,0,False,SCHEDULED,1631912400,HSL:1065_20210917_La_2_1315,65,HSL:1285161,Kirkkoherrantie
49080,49080,0,49080,49080,0,False,SCHEDULED,1631912400,HSL:1065_20210917_La_2_1335,65,HSL:1285161,Kirkkoherrantie
50280,50280,0,50280,50280,0,False,SCHEDULED,1631912400,HSL:1065_20210917_La_2_1355,65,HSL:1285161,Kirkkoherrantie
45300,45442,142,45300,45442,142,True,UPDATED,1631912400,HSL:1008_20210917_La_1_1221,8,HSL:1140436,Ooppera
45420,45590,170,45420,45626,206,True,UPDATED,1631912400,HSL:1004_20210917_La_1_1221,4,HSL:1140436,Ooppera
45720,45690,-30,45720,45716,-4,True,UPDATED,1631912400,HSL:1002_20210917_La_1_1223,2,HSL:1140436,Ooppera
45720,45757,37,45720,45791,71,True,UPDATED,1631912400,HSL:1010_20210917_La_1_1230,10,HSL:1140436,Ooppera
46020,45965,-55,46020,45992,-28,True,UPDATED,1631912400,HSL:1004_20210917_La_1_1231,4,HSL:1140436,Ooppera
45420,45413,-7,45420,45454,34,True,UPDATED,1631912400,HSL:1004_20210917_La_2_1225,4,HSL:1140439,Töölön halli
45600,45572,-28,45600,45608,8,True,UPDATED,1631912400,HSL:1002_20210917_La_2_1229,2,HSL:1140439,Töölön halli
45720,45751,31,45720,45751,31,True,UPDATED,1631912400,HSL:1010_20210917_La_2_1230,10,HSL:1140439,Töölön halli
46020,46020,0,46020,46020,0,True,UPDATED,1631912400,HSL:1004_20210917_La_2_1235,4,HSL:1140439,Töölön halli
46320,46320,0,46320,46320,0,True,UPDATED,1631912400,HSL:1010_20210917_La_2_1240,10,HSL:1140439,Töölön halli
45240,45264,24,45240,45320,80,True,UPDATED,1631912400,HSL:1010_20210917_La_2_1220,10,HSL:1140437,Ooppera
45540,45523,-17,45540,45580,40,True,UPDATED,1631912400,HSL:1004_20210917_La_2_1225,4,HSL:1140437,Ooppera
45720,45684,-36,45720,45729,9,True,UPDATED,1631912400,HSL:1002_20210917_La_2_1229,2,HSL:1140437,Ooppera
45840,45871,31,45840,45871,31,True,UPDATED,1631912400,HSL:1010_20210917_La_2_1230,10,HSL:1140437,Ooppera
46020,46020,0,46020,46020,0,False,SCHEDULED,1631912400,HSL:1008_20210917_La_2_1247,8,HSL:1140437,Ooppera
46080,46044,-36,46080,46051,-29,True,UPDATED,1631912400,HSL:1065_20210917_La_1_1220,65,HSL:1285184,Kestikuja
47280,47280,0,47280,47280,0,False,SCHEDULED,1631912400,HSL:1065_20210917_La_1_1240,65,HSL:1285184,Kestikuja
48540,48540,0,48540,48540,0,False,SCHEDULED,1631912400,HSL:1065_20210917_La_1_1300,65,HSL:1285184,Kestikuja
49740,49740,0,49740,49740,0,False,SCHEDULED,1631912400,HSL:1065_20210917_La_1_1320,65,HSL:1285184,Kestikuja
50940,50940,0,50940,50940,0,False,SCHEDULED,1631912400,HSL:1065_20210917_La_1_1340,65,HSL:1285184,Kestikuja
45240,45314,74,45240,45339,99,True,UPDATED,1631912400,HSL:1010_20210917_La_1_1220,10,HSL:1140438,Töölön halli
45540,45699,159,45540,45727,187,True,UPDATED,1631912400,HSL:1004_20210917_La_1_1221,4,HSL:1140438,Töölön halli
45840,45794,-46,45840,45820,-20,True,UPDATED,1631912400,HSL:1002_20210917_La_1_1223,2,HSL:1140438,Töölön halli
45840,45864,24,45840,45891,51,True,UPDATED,1631912400,HSL:1010_20210917_La_1_1230,10,HSL:1140438,Töölön halli
46140,46072,-68,46140,46094,-46,True,UPDATED,1631912400,HSL:1004_20210917_La_1_1231,4,HSL:1140438,Töölön halli
46500,46500,0,46500,46500,0,False,SCHEDULED,1631912400,HSL:1065_20210917_La_2_1255,65,HSL:1285183,Kestikuja
47700,47700,0,47700,47700,0,False,SCHEDULED,1631912400,HSL:1065_20210917_La_2_1315,65,HSL:1285183,Kestikuja
48900,48900,0,48900,48900,0,False,SCHEDULED,1631912400,HSL:1065_20210917_La_2_1335,65,HSL:1285183,Kestikuja
50100,50100,0,50100,50100,0,False,SCHEDULED,1631912400,HSL:1065_20210917_La_2_1355,65,HSL:1285183,Kestikuja
51300,51300,0,51300,51300,0,False,SCHEDULED,1631912400,HSL:1065_20210917_La_2_1415,65,HSL:1285183,Kestikuja
46320,46320,0,46320,46320,0,False,SCHEDULED,1631912400,HSL:2553K_20210917_La_2_1242,553K,HSL:1465136,Atomitie
47520,47520,0,47520,47520,0,False,SCHEDULED,1631912400,HSL:2553K_20210917_La_2_1302,553K,HSL:1465136,Atomitie
48720,48720,0,48720,48720,0,False,SCHEDULED,1631912400,HSL:2553K_20210917_La_2_1322,553K,HSL:1465136,Atomitie
49920,49920,0,49920,49920,0,False,SCHEDULED,1631912400,HSL:2553K_20210917_La_2_1342,553K,HSL:1465136,Atomitie
51120,51120,0,51120,51120,0,False,SCHEDULED,1631912400,HSL:2553K_20210917_La_2_1402,553K,HSL:1465136,Atomitie
46320,46320,0,46320,46320,0,False,SCHEDULED,1631912400,HSL:2553K_20210917_La_2_1242,553K,HSL:1465134,Meijeritie
47520,47520,0,47520,47520,0,False,SCHEDULED,1631912400,HSL:2553K_20210917_La_2_1302,553K,HSL:1465134,Meijeritie
48720,48720,0,48720,48720,0,False,SCHEDULED,1631912400,HSL:2553K_20210917_La_2_1322,553K,HSL:1465134,Meijeritie
49920,49920,0,49920,49920,0,False,SCHEDULED,1631912400,HSL:2553K_20210917_La_2_1342,553K,HSL:1465134,Meijeritie
51120,51120,0,51120,51120,0,False,SCHEDULED,1631912400,HSL:2553K_20210917_La_2_1402,553K,HSL:1465134,Meijeritie
45780,45775,-5,45780,45795,15,True,UPDATED,1631912400,HSL:2553K_20210917_La_1_1150,553K,HSL:1465133,Meijeritie
46980,47153,173,46980,47153,173,True,UPDATED,1631912400,HSL:2553K_20210917_La_1_1209,553K,HSL:1465133,Meijeritie
48180,48200,20,48180,48203,23,True,UPDATED,1631912400,HSL:2553K_20210917_La_1_1229,553K,HSL:1465133,Meijeritie
48780,48780,0,48780,48780,0,False,SCHEDULED,1631912400,HSL:1036_20210917_La_2_1300,36,HSL:1465133,Meijeritie
49380,49380,0,49380,49380,0,False,SCHEDULED,1631912400,HSL:2553K_20210917_La_1_1249,553K,HSL:1465133,Meijeritie
45720,45744,24,45720,45750,30,True,UPDATED,1631912400,HSL:2553K_20210917_La_1_1150,553K,HSL:1465131,Marttila
46920,47110,190,46920,47110,190,True,UPDATED,1631912400,HSL:2553K_20210917_La_1_1209,553K,HSL:1465131,Marttila
48120,48161,41,48120,48168,48,True,UPDATED,1631912400,HSL:2553K_20210917_La_1_1229,553K,HSL:1465131,Marttila
48720,48720,0,48720,48720,0,False,SCHEDULED,1631912400,HSL:1036_20210917_La_2_1300,36,HSL:1465131,Marttila
49320,49320,0,49320,49320,0,False,SCHEDULED,1631912400,HSL:2553K_20210917_La_1_1249,553K,HSL:1465131,Marttila
45960,45910,-50,45960,45937,-23,True,UPDATED,1631912400,HSL:1002_20210917_La_1_1223,2,HSL:1140440,Kansaneläkelaitos
46680,46680,0,46680,46680,0,True,UPDATED,1631912400,HSL:1002_20210917_La_1_1235,2,HSL:1140440,Kansaneläkelaitos
47400,47400,0,47400,47400,0,False,SCHEDULED,1631912400,HSL:1002_20210917_La_1_1247,2,HSL:1140440,Kansaneläkelaitos
48120,48120,0,48120,48120,0,False,SCHEDULED,1631912400,HSL:1002_20210917_La_1_1259,2,HSL:1140440,Kansaneläkelaitos
48840,48840,0,48840,48840,0,False,SCHEDULED,1631912400,HSL:1002_20210917_La_1_1311,2,HSL:1140440,Kansaneläkelaitos
45360,45346,-14,45360,45375,15,True,UPDATED,1631912400,HSL:1004_20210917_La_2_1225,4,HSL:1140441,Kansaneläkelaitos
45540,45506,-34,45540,45528,-12,True,UPDATED,1631912400,HSL:1002_20210917_La_2_1229,2,HSL:1140441,Kansaneläkelaitos
45660,45691,31,45660,45691,31,True,UPDATED,1631912400,HSL:1010_20210917_La_2_1230,10,HSL:1140441,Kansaneläkelaitos
45960,45960,0,45960,45960,0,True,UPDATED,1631912400,HSL:1004_20210917_La_2_1235,4,HSL:1140441,Kansaneläkelaitos
46260,46260,0,46260,46260,0,True,UPDATED,1631912400,HSL:1010_20210917_La_2_1240,10,HSL:1140441,Kansaneläkelaitos
45300,45390,90,45300,45414,114,True,UPDATED,1631912400,HSL:1010_20210917_La_1_1220,10,HSL:1140446,Kansaneläkelaitos
45600,45781,181,45600,45810,210,True,UPDATED,1631912400,HSL:1004_20210917_La_1_1221,4,HSL:1140446,Kansaneläkelaitos
45900,45925,25,45900,45950,50,True,UPDATED,1631912400,HSL:1010_20210917_La_1_1230,10,HSL:1140446,Kansaneläkelaitos
46200,46141,-59,46200,46162,-38,True,UPDATED,1631912400,HSL:1004_20210917_La_1_1231,4,HSL:1140446,Kansaneläkelaitos
46500,46500,0,46500,46500,0,False,SCHEDULED,1631912400,HSL:1010_20210917_La_1_1240,10,HSL:1140446,Kansaneläkelaitos
45600,45539,-61,45600,45565,-35,True,UPDATED,1631912400,HSL:1002_20210917_La_1_1223,2,HSL:1140447,Töölöntori
45900,45930,30,45900,45958,58,True,UPDATED,1631912400,HSL:1008_20210917_La_1_1233,8,HSL:1140447,Töölöntori
46320,46320,0,46320,46320,0,True,UPDATED,1631912400,HSL:1002_20210917_La_1_1235,2,HSL:1140447,Töölöntori
46620,46620,0,46620,46620,0,False,SCHEDULED,1631912400,HSL:1008_20210917_La_1_1245,8,HSL:1140447,Töölöntori
47040,47040,0,47040,47040,0,False,SCHEDULED,1631912400,HSL:1002_20210917_La_1_1247,2,HSL:1140447,Töölöntori
45360,45360,0,45360,45360,0,True,UPDATED,1631912400,HSL:1008_20210917_La_2_1235,8,HSL:1140449,Töölöntori
45780,45790,10,45780,45831,51,True,UPDATED,1631912400,HSL:1002_20210917_La_2_1229,2,HSL:1140449,Töölöntori
46080,46080,0,46080,46080,0,False,SCHEDULED,1631912400,HSL:1008_20210917_La_2_1247,8,HSL:1140449,Töölöntori
46500,46500,0,46500,46500,0,False,SCHEDULED,1631912400,HSL:1002_20210917_La_2_1241,2,HSL:1140449,Töölöntori
46800,46800,0,46800,46800,0,False,SCHEDULED,1631912400,HSL:1008_20210917_La_2_1259,8,HSL:1140449,Töölöntori
45300,45345,45,45300,45360,60,True,UPDATED,1631912400,HSL:1001_20210917_La_2_1157,1,HSL:1050401,Eiran sairaala
46020,46263,243,46020,46263,243,True,UPDATED,1631912400,HSL:1001_20210917_La_2_1209,1,HSL:1050401,Eiran sairaala
46740,46974,234,46740,47034,294,True,UPDATED,1631912400,HSL:1001_20210917_La_2_1221,1,HSL:1050401,Eiran sairaala
47460,47542,82,47460,47542,82,True,UPDATED,1631912400,HSL:1001_20210917_La_2_1233,1,HSL:1050401,Eiran sairaala
48180,48180,0,48180,48180,0,False,SCHEDULED,1631912400,HSL:1001_20210917_La_2_1245,1,HSL:1050401,Eiran sairaala
45360,45527,167,45360,45527,167,True,UPDATED,1631912400,HSL:1831_20210917_La_2_1218,831,HSL:1453134,Puotila (M)
45780,45702,-78,45780,45702,-78,True,UPDATED,1631912400,HSL:9841_20210917_La_2_1205,841,HSL:1453134,Puotila (M)
46740,46744,4,46740,46744,4,True,UPDATED,1631912400,HSL:9842_20210917_La_2_1226,842,HSL:1453134,Puotila (M)
48240,48240,0,48240,48240,0,False,SCHEDULED,1631912400,HSL:9844_20210917_La_2_1255,844,HSL:1453134,Puotila (M)
48960,48960,0,48960,48960,0,False,SCHEDULED,1631912400,HSL:1831K_20210917_La_2_1310,831K,HSL:1453134,Puotila (M)
45180,45277,97,45180,45322,142,True,UPDATED,1631912400,HSL:1095_20210917_La_2_1212,95,HSL:1453138,Puotila (M)
45480,45446,-34,45480,45454,-26,True,UPDATED,1631912400,HSL:1097_20210917_La_2_1226,97,HSL:1453138,Puotila (M)
46080,46082,2,46080,46090,10,True,UPDATED,1631912400,HSL:1095_20210917_La_2_1227,95,HSL:1453138,Puotila (M)
46980,46980,0,46980,46980,0,False,SCHEDULED,1631912400,HSL:1095_20210917_La_2_1242,95,HSL:1453138,Puotila (M)
47280,47280,0,47280,47280,0,False,SCHEDULED,1631912400,HSL:1097_20210917_La_2_1256,97,HSL:1453138,Puotila (M)
45480,45798,318,45480,45798,318,True,UPDATED,1631912400,HSL:4711_20210917_La_1_1215,711,HSL:4660294,Kanerva
47280,47280,0,47280,47280,0,False,SCHEDULED,1631912400,HSL:4711_20210917_La_1_1245,711,HSL:4660294,Kanerva
49080,49080,0,49080,49080,0,False,SCHEDULED,1631912400,HSL:4711_20210917_La_1_1315,711,HSL:4660294,Kanerva
50880,50880,0,50880,50880,0,False,SCHEDULED,1631912400,HSL:4711_20210917_La_1_1345,711,HSL:4660294,Kanerva
52680,52680,0,52680,52680,0,False,SCHEDULED,1631912400,HSL:4711_20210917_La_1_1415,711,HSL:4660294,Kanerva
45480,45798,318,45480,45798,318,True,UPDATED,1631912400,HSL:4711_20210917_La_1_1215,711,HSL:4660296,Sammaltie
47280,47280,0,47280,47280,0,False,SCHEDULED,1631912400,HSL:4711_20210917_La_1_1245,711,HSL:4660296,Sammaltie
49080,49080,0,49080,49080,0,False,SCHEDULED,1631912400,HSL:4711_20210917_La_1_1315,711,HSL:4660296,Sammaltie
50880,50880,0,50880,50880,0,False,SCHEDULED,1631912400,HSL:4711_20210917_La_1_1345,711,HSL:4660296,Sammaltie
52680,52680,0,52680,52680,0,False,SCHEDULED,1631912400,HSL:4711_20210917_La_1_1415,711,HSL:4660296,Sammaltie
45660,45978,318,45660,45978,318,True,UPDATED,1631912400,HSL:4711_20210917_La_1_1215,711,HSL:4660298,Kunnaantie
45900,46036,136,45900,46036,136,True,UPDATED,1631912400,HSL:4717_20210917_La_1_1155,717,HSL:4660298,Kunnaantie
47100,47153,53,47100,47153,53,True,UPDATED,1631912400,HSL:4717_20210917_La_1_1215,717,HSL:4660298,Kunnaantie
47460,47460,0,47460,47460,0,False,SCHEDULED,1631912400,HSL:4711_20210917_La_1_1245,711,HSL:4660298,Kunnaantie
48300,48300,0,48300,48300,0,False,SCHEDULED,1631912400,HSL:4717_20210917_La_1_1235,717,HSL:4660298,Kunnaantie
45600,45745,145,45600,45745,145,True,UPDATED,1631912400,HSL:4711_20210917_La_2_1231,711,HSL:4660297,Kanerva
47460,47460,0,47460,47460,0,False,SCHEDULED,1631912400,HSL:4711_20210917_La_2_1301,711,HSL:4660297,Kanerva
49260,49260,0,49260,49260,0,False,SCHEDULED,1631912400,HSL:4711_20210917_La_2_1331,711,HSL:4660297,Kanerva
51060,51060,0,51060,51060,0,False,SCHEDULED,1631912400,HSL:4711_20210917_La_2_1401,711,HSL:4660297,Kanerva
52860,52860,0,52860,52860,0,False,SCHEDULED,1631912400,HSL:4711_20210917_La_2_1431,711,HSL:4660297,Kanerva
45420,45565,145,45420,45565,145,True,UPDATED,1631912400,HSL:4711_20210917_La_2_1231,711,HSL:4660299,Kunnaantie
46500,46500,0,46500,46500,0,False,SCHEDULED,1631912400,HSL:4717_20210917_La_2_1250,717,HSL:4660299,Kunnaantie
47220,47220,0,47220,47220,0,False,SCHEDULED,1631912400,HSL:4711_20210917_La_2_1301,711,HSL:4660299,Kunnaantie
47700,47700,0,47700,47700,0,False,SCHEDULED,1631912400,HSL:4717_20210917_La_2_1310,717,HSL:4660299,Kunnaantie
48900,48900,0,48900,48900,0,False,SCHEDULED,1631912400,HSL:4717_20210917_La_2_1330,717,HSL:4660299,Kunnaantie
45360,45593,233,45360,45593,233,True,UPDATED,1631912400,HSL:1059_20210917_La_1_1201,59,HSL:1465112,Takkatie
46260,46440,180,46260,46440,180,True,UPDATED,1631912400,HSL:1059_20210917_La_1_1216,59,HSL:1465112,Takkatie
46980,46980,0,46980,46980,0,False,SCHEDULED,1631912400,HSL:2201_20210917_La_2_1300,201,HSL:1465112,Takkatie
47160,47255,95,47160,47255,95,True,UPDATED,1631912400,HSL:1059_20210917_La_1_1231,59,HSL:1465112,Takkatie
48060,48060,0,48060,48060,0,False,SCHEDULED,1631912400,HSL:1059_20210917_La_1_1246,59,HSL:1465112,Takkatie
45840,45840,0,45840,45840,0,False,SCHEDULED,1631912400,HSL:1097V_20210917_La_1_1244,97V,HSL:1453130,Itäkeskus (M)
47040,47040,0,47040,47040,0,False,SCHEDULED,1631912400,HSL:1097_20210917_La_1_1304,97,HSL:1453130,Itäkeskus (M)
47640,47640,0,47640,47640,0,False,SCHEDULED,1631912400,HSL:1097V_20210917_La_1_1314,97V,HSL:1453130,Itäkeskus (M)
48840,48840,0,48840,48840,0,False,SCHEDULED,1631912400,HSL:1097_20210917_La_1_1334,97,HSL:1453130,Itäkeskus (M)
49440,49440,0,49440,49440,0,False,SCHEDULED,1631912400,HSL:1097V_20210917_La_1_1344,97V,HSL:1453130,Itäkeskus (M)
45300,45446,146,45300,45453,153,True,UPDATED,1631912400,HSL:1095_20210917_La_2_1212,95,HSL:1453122,Korsholmantie
45600,45549,-51,45600,45555,-45,True,UPDATED,1631912400,HSL:1097_20210917_La_2_1226,97,HSL:1453122,Korsholmantie
45480,45647,167,45480,45647,167,True,UPDATED,1631912400,HSL:1831_20210917_La_2_1218,831,HSL:1453122,Korsholmantie
45720,45684,-36,45720,45701,-19,True,UPDATED,1631912400,HSL:1554_20210917_La_2_1210,554,HSL:1453122,Korsholmantie
45840,45896,56,45840,45901,61,True,UPDATED,1631912400,HSL:9841_20210917_La_2_1205,841,HSL:1453122,Korsholmantie
46020,46020,0,46020,46020,0,False,SCHEDULED,1631912400,HSL:1098_20210917_La_1_1247,98,HSL:1453126,Itäkeskus (M)
47220,47220,0,47220,47220,0,False,SCHEDULED,1631912400,HSL:1098_20210917_La_1_1307,98,HSL:1453126,Itäkeskus (M)
48420,48420,0,48420,48420,0,False,SCHEDULED,1631912400,HSL:1098_20210917_La_1_1327,98,HSL:1453126,Itäkeskus (M)
49620,49620,0,49620,49620,0,False,SCHEDULED,1631912400,HSL:1098_20210917_La_1_1347,98,HSL:1453126,Itäkeskus (M)
50820,50820,0,50820,50820,0,False,SCHEDULED,1631912400,HSL:1098_20210917_La_1_1407,98,HSL:1453126,Itäkeskus (M)
45780,45780,0,45780,45780,0,False,SCHEDULED,1631912400,HSL:1082_20210917_La_2_1243,82,HSL:1453128,Itäkeskus (M)
46200,46200,0,46200,46200,0,False,SCHEDULED,1631912400,HSL:1080_20210917_La_2_1250,80,HSL:1453128,Itäkeskus (M)
46680,46680,0,46680,46680,0,False,SCHEDULED,1631912400,HSL:1082_20210917_La_2_1258,82,HSL:1453128,Itäkeskus (M)
47100,47100,0,47100,47100,0,False,SCHEDULED,1631912400,HSL:1080_20210917_La_2_1305,80,HSL:1453128,Itäkeskus (M)
47580,47580,0,47580,47580,0,False,SCHEDULED,1631912400,HSL:1082_20210917_La_2_1313,82,HSL:1453128,Itäkeskus (M)
45060,45324,264,45060,45384,324,True,UPDATED,1631912400,HSL:1025_20210917_La_1_1208,25,HSL:1465105,Talin siirt.puutarha
45240,45387,147,45240,45396,156,True,UPDATED,1631912400,HSL:2550_20210917_La_1_1152,550,HSL:1465105,Talin siirt.puutarha
45360,45444,84,45360,45444,84,True,UPDATED,1631912400,HSL:2200_20210917_La_1_1214,200,HSL:1465105,Talin siirt.puutarha
46620,45477,-1143,46620,45477,-1143,True,UPDATED,1631912400,HSL:1030_20210917_La_1_1222,30,HSL:1465105,Talin siirt.puutarha
45300,45508,208,45300,45517,217,True,UPDATED,1631912400,HSL:1059_20210917_La_1_1201,59,HSL:1465105,Talin siirt.puutarha
45480,45286,-194,45480,45308,-172,True,UPDATED,1631912400,HSL:1059_20210917_La_2_1224,59,HSL:1465104,Takomotie
45000,45433,433,45000,45433,433,True,UPDATED,1631912400,HSL:2200_20210917_La_2_1154,200,HSL:1465104,Takomotie
45300,45420,120,45300,45439,139,True,UPDATED,1631912400,HSL:2550_20210917_La_2_1209,550,HSL:1465104,Takomotie
45600,45658,58,45600,45658,58,True,UPDATED,1631912400,HSL:2200_20210917_La_2_1204,200,HSL:1465104,Takomotie
45960,45960,0,45960,45960,0,False,SCHEDULED,1631912400,HSL:1025_20210917_La_2_1244,25,HSL:1465104,Takomotie
45300,45321,21,45300,45344,44,True,UPDATED,1631912400,HSL:2200_20210917_La_1_1214,200,HSL:1465103,Takomotie
45240,45398,158,45240,45418,178,True,UPDATED,1631912400,HSL:1059_20210917_La_1_1201,59,HSL:1465103,Takomotie
46560,45477,-1083,46560,45477,-1083,True,UPDATED,1631912400,HSL:1030_20210917_La_1_1222,30,HSL:1465103,Takomotie
45780,45860,80,45780,45878,98,True,UPDATED,1631912400,HSL:2550_20210917_La_1_1202,550,HSL:1465103,Takomotie
45660,45821,161,45660,45880,220,True,UPDATED,1631912400,HSL:1030_20210917_La_1_1207,30,HSL:1465103,Takomotie
45540,45362,-178,45540,45374,-166,True,UPDATED,1631912400,HSL:1059_20210917_La_2_1224,59,HSL:1465102,Valimotie
45120,45408,288,45120,45408,288,True,UPDATED,1631912400,HSL:1030_20210917_La_2_1206,30,HSL:1465102,Valimotie
45060,45493,433,45060,45493,433,True,UPDATED,1631912400,HSL:2200_20210917_La_2_1154,200,HSL:1465102,Valimotie
45360,45484,124,45360,45502,142,True,UPDATED,1631912400,HSL:2550_20210917_La_2_1209,550,HSL:1465102,Valimotie
45660,45753,93,45660,45753,93,True,UPDATED,1631912400,HSL:2200_20210917_La_2_1204,200,HSL:1465102,Valimotie
45120,45319,199,45120,45333,213,True,UPDATED,1631912400,HSL:1059_20210917_La_1_1201,59,HSL:1465101,Valimotie
46440,45477,-963,46440,45477,-963,True,UPDATED,1631912400,HSL:1030_20210917_La_1_1222,30,HSL:1465101,Valimotie
45540,45688,148,45540,45688,148,True,UPDATED,1631912400,HSL:1030_20210917_La_1_1207,30,HSL:1465101,Valimotie
45780,45790,10,45780,45807,27,True,UPDATED,1631912400,HSL:2200_20210917_La_1_1224,200,HSL:1465101,Valimotie
45720,45796,76,45720,45813,93,True,UPDATED,1631912400,HSL:2550_20210917_La_1_1202,550,HSL:1465101,Valimotie
45300,45326,26,45300,45326,26,True,UPDATED,1631912400,HSL:2200_20210917_La_2_1204,200,HSL:1465100,Henrikintie
45720,45748,28,45720,45754,34,True,UPDATED,1631912400,HSL:2550_20210917_La_2_1219,550,HSL:1465100,Henrikintie
45900,46021,121,45900,46037,137,True,UPDATED,1631912400,HSL:2200_20210917_La_2_1214,200,HSL:1465100,Henrikintie
46080,46129,49,46080,46130,50,True,UPDATED,1631912400,HSL:2201_20210917_La_1_1230,201,HSL:1465100,Henrikintie
46140,46140,0,46140,46140,0,False,SCHEDULED,1631912400,HSL:2553K_20210917_La_2_1242,553K,HSL:1465100,Henrikintie
45240,45344,104,45240,45357,117,True,UPDATED,1631912400,HSL:1095_20210917_La_2_1212,95,HSL:1453120,Vanhanlinnantie
45540,45461,-79,45540,45470,-70,True,UPDATED,1631912400,HSL:1097_20210917_La_2_1226,97,HSL:1453120,Vanhanlinnantie
45420,45587,167,45420,45587,167,True,UPDATED,1631912400,HSL:1831_20210917_La_2_1218,831,HSL:1453120,Vanhanlinnantie
45840,45769,-71,45840,45774,-66,True,UPDATED,1631912400,HSL:9841_20210917_La_2_1205,841,HSL:1453120,Vanhanlinnantie
46140,46110,-30,46140,46122,-18,True,UPDATED,1631912400,HSL:1095_20210917_La_2_1227,95,HSL:1453120,Vanhanlinnantie
45300,45377,77,45300,45392,92,True,UPDATED,1631912400,HSL:1554_20210917_La_1_1233,554,HSL:1453121,Vanhanlinnantie
45840,45840,0,45840,45840,0,False,SCHEDULED,1631912400,HSL:1094_20210917_La_1_1242,94,HSL:1453121,Vanhanlinnantie
45900,45900,0,45900,45900,0,False,SCHEDULED,1631912400,HSL:4561_20210917_La_1_1243,561,HSL:1453121,Vanhanlinnantie
46500,46500,0,46500,46500,0,False,SCHEDULED,1631912400,HSL:1554_20210917_La_1_1253,554,HSL:1453121,Vanhanlinnantie
46740,46740,0,46740,46740,0,False,SCHEDULED,1631912400,HSL:1094_20210917_La_1_1257,94,HSL:1453121,Vanhanlinnantie
45840,45840,0,45840,45840,0,True,UPDATED,1631912400,HSL:1006_20210917_La_1_1240,6,HSL:1050432,Hietalahdentori
46560,46560,0,46560,46560,0,False,SCHEDULED,1631912400,HSL:1006_20210917_La_1_1252,6,HSL:1050432,Hietalahdentori
47280,47280,0,47280,47280,0,False,SCHEDULED,1631912400,HSL:1006_20210917_La_1_1304,6,HSL:1050432,Hietalahdentori
48000,48000,0,48000,48000,0,False,SCHEDULED,1631912400,HSL:1006_20210917_La_1_1316,6,HSL:1050432,Hietalahdentori
48720,48720,0,48720,48720,0,False,SCHEDULED,1631912400,HSL:1006_20210917_La_1_1328,6,HSL:1050432,Hietalahdentori
47040,47040,0,47040,47040,0,True,UPDATED,1631912400,HSL:2136_20210917_La_1_1239,136,HSL:2614237,Soliseva
48840,48840,0,48840,48840,0,False,SCHEDULED,1631912400,HSL:2136_20210917_La_1_1309,136,HSL:2614237,Soliseva
50640,50640,0,50640,50640,0,False,SCHEDULED,1631912400,HSL:2136_20210917_La_1_1339,136,HSL:2614237,Soliseva
52500,52500,0,52500,52500,0,False,SCHEDULED,1631912400,HSL:2136_20210917_La_1_1409,136,HSL:2614237,Soliseva
54360,54360,0,54360,54360,0,False,SCHEDULED,1631912400,HSL:2136_20210917_La_1_1439,136,HSL:2614237,Soliseva
27060,27060,0,27060,27060,0,False,SCHEDULED,1631998800,HSL:9665A1_20210917_Su_1_0708,665A,HSL:9512001,Mittarikatu
27180,27180,0,27180,27180,0,False,SCHEDULED,1631998800,HSL:9665A1_20210917_Su_1_0708,665A,HSL:9512004,Hölkkäpolku
27120,27120,0,27120,27120,0,False,SCHEDULED,1631998800,HSL:9665A1_20210917_Su_1_0708,665A,HSL:9512003,Anttila
47040,47040,0,47040,47040,0,True,UPDATED,1631912400,HSL:2136_20210917_La_1_1239,136,HSL:2614245,Riimukallio
48840,48840,0,48840,48840,0,False,SCHEDULED,1631912400,HSL:2136_20210917_La_1_1309,136,HSL:2614245,Riimukallio
50640,50640,0,50640,50640,0,False,SCHEDULED,1631912400,HSL:2136_20210917_La_1_1339,136,HSL:2614245,Riimukallio
52500,52500,0,52500,52500,0,False,SCHEDULED,1631912400,HSL:2136_20210917_La_1_1409,136,HSL:2614245,Riimukallio
54300,54300,0,54300,54300,0,False,SCHEDULED,1631912400,HSL:2136_20210917_La_1_1439,136,HSL:2614245,Riimukallio
46260,46260,0,46260,46260,0,False,SCHEDULED,1631912400,HSL:2136_20210917_La_2_1247,136,HSL:2614246,Soliseva
48060,48060,0,48060,48060,0,False,SCHEDULED,1631912400,HSL:2136_20210917_La_2_1317,136,HSL:2614246,Soliseva
49860,49860,0,49860,49860,0,False,SCHEDULED,1631912400,HSL:2136_20210917_La_2_1347,136,HSL:2614246,Soliseva
51660,51660,0,51660,51660,0,False,SCHEDULED,1631912400,HSL:2136_20210917_La_2_1417,136,HSL:2614246,Soliseva
53460,53460,0,53460,53460,0,False,SCHEDULED,1631912400,HSL:2136_20210917_La_2_1447,136,HSL:2614246,Soliseva
45480,45511,31,45480,45511,31,True,UPDATED,1631912400,HSL:3001K_20210917_La_1_1231,K,HSL:1250501,Käpylä
45780,45780,0,45780,45780,0,False,SCHEDULED,1631912400,HSL:3001I_20210917_La_1_1236,I,HSL:1250501,Käpylä
46080,46080,0,46080,46080,0,False,SCHEDULED,1631912400,HSL:3001K_20210917_La_1_1241,K,HSL:1250501,Käpylä
46380,46380,0,46380,46380,0,False,SCHEDULED,1631912400,HSL:3001I_20210917_La_1_1246,I,HSL:1250501,Käpylä
46680,46680,0,46680,46680,0,False,SCHEDULED,1631912400,HSL:3001K_20210917_La_1_1251,K,HSL:1250501,Käpylä
45480,45333,-147,45480,45333,-147,True,UPDATED,1631912400,HSL:1003_20210917_La_2_1205,3,HSL:1050412,Viiskulma
46200,46171,-29,46200,46198,-2,True,UPDATED,1631912400,HSL:1003_20210917_La_2_1217,3,HSL:1050412,Viiskulma
45960,46203,243,45960,46203,243,True,UPDATED,1631912400,HSL:1001_20210917_La_2_1209,1,HSL:1050412,Viiskulma
46680,46928,248,46680,46951,271,True,UPDATED,1631912400,HSL:1001_20210917_La_2_1221,1,HSL:1050412,Viiskulma
46920,46924,4,46920,46953,33,True,UPDATED,1631912400,HSL:1003_20210917_La_2_1229,3,HSL:1050412,Viiskulma
45780,45732,-48,45780,45732,-48,True,UPDATED,1631912400,HSL:1063_20210917_La_1_1206,63,HSL:1351107,Raiviontie
46980,46990,10,46980,47003,23,True,UPDATED,1631912400,HSL:1063_20210917_La_1_1226,63,HSL:1351107,Raiviontie
48180,48180,0,48180,48180,0,False,SCHEDULED,1631912400,HSL:1063_20210917_La_1_1246,63,HSL:1351107,Raiviontie
49380,49380,0,49380,49380,0,False,SCHEDULED,1631912400,HSL:1063_20210917_La_1_1306,63,HSL:1351107,Raiviontie
50580,50580,0,50580,50580,0,False,SCHEDULED,1631912400,HSL:1063_20210917_La_1_1326,63,HSL:1351107,Raiviontie
46440,46440,0,46440,46440,0,False,SCHEDULED,1631912400,HSL:1063_20210917_La_2_1253,63,HSL:1351108,Raiviontie
47640,47640,0,47640,47640,0,False,SCHEDULED,1631912400,HSL:1063_20210917_La_2_1313,63,HSL:1351108,Raiviontie
48840,48840,0,48840,48840,0,False,SCHEDULED,1631912400,HSL:1063_20210917_La_2_1333,63,HSL:1351108,Raiviontie
50040,50040,0,50040,50040,0,False,SCHEDULED,1631912400,HSL:1063_20210917_La_2_1353,63,HSL:1351108,Raiviontie
51240,51240,0,51240,51240,0,False,SCHEDULED,1631912400,HSL:1063_20210917_La_2_1413,63,HSL:1351108,Raiviontie
45720,45703,-17,45720,45732,12,True,UPDATED,1631912400,HSL:1063_20210917_La_1_1206,63,HSL:1351105,Kaskenpolttajantie
46920,46941,21,46920,46953,33,True,UPDATED,1631912400,HSL:1063_20210917_La_1_1226,63,HSL:1351105,Kaskenpolttajantie
48120,48120,0,48120,48120,0,False,SCHEDULED,1631912400,HSL:1063_20210917_La_1_1246,63,HSL:1351105,Kaskenpolttajantie
49320,49320,0,49320,49320,0,False,SCHEDULED,1631912400,HSL:1063_20210917_La_1_1306,63,HSL:1351105,Kaskenpolttajantie
50520,50520,0,50520,50520,0,False,SCHEDULED,1631912400,HSL:1063_20210917_La_1_1326,63,HSL:1351105,Kaskenpolttajantie
45300,45308,8,45300,45325,25,True,UPDATED,1631912400,HSL:1063_20210917_La_2_1233,63,HSL:1351106,Kaskenpolttajantie
46500,46500,0,46500,46500,0,False,SCHEDULED,1631912400,HSL:1063_20210917_La_2_1253,63,HSL:1351106,Kaskenpolttajantie
47700,47700,0,47700,47700,0,False,SCHEDULED,1631912400,HSL:1063_20210917_La_2_1313,63,HSL:1351106,Kaskenpolttajantie
48900,48900,0,48900,48900,0,False,SCHEDULED,1631912400,HSL:1063_20210917_La_2_1333,63,HSL:1351106,Kaskenpolttajantie
50100,50100,0,50100,50100,0,False,SCHEDULED,1631912400,HSL:1063_20210917_La_2_1353,63,HSL:1351106,Kaskenpolttajantie
45360,45360,0,45360,45360,0,True,UPDATED,1631912400,HSL:1001_20210917_La_1_1235,1,HSL:1050416,Perämiehenkatu
46080,46080,0,46080,46080,0,False,SCHEDULED,1631912400,HSL:1001_20210917_La_1_1247,1,HSL:1050416,Perämiehenkatu
46800,46800,0,46800,46800,0,False,SCHEDULED,1631912400,HSL:1001_20210917_La_1_1259,1,HSL:1050416,Perämiehenkatu
47520,47520,0,47520,47520,0,False,SCHEDULED,1631912400,HSL:1001_20210917_La_1_1311,1,HSL:1050416,Perämiehenkatu
48240,48240,0,48240,48240,0,False,SCHEDULED,1631912400,HSL:1001_20210917_La_1_1323,1,HSL:1050416,Perämiehenkatu
45360,45392,32,45360,45398,38,True,UPDATED,1631912400,HSL:1001_20210917_La_2_1157,1,HSL:1050415,Perämiehenkatu
46080,46323,243,46080,46323,243,True,UPDATED,1631912400,HSL:1001_20210917_La_2_1209,1,HSL:1050415,Perämiehenkatu
46800,47034,234,46800,47061,261,True,UPDATED,1631912400,HSL:1001_20210917_La_2_1221,1,HSL:1050415,Perämiehenkatu
47520,47561,41,47520,47561,41,True,UPDATED,1631912400,HSL:1001_20210917_La_2_1233,1,HSL:1050415,Perämiehenkatu
48240,48240,0,48240,48240,0,False,SCHEDULED,1631912400,HSL:1001_20210917_La_2_1245,1,HSL:1050415,Perämiehenkatu
45420,45304,-116,45420,45333,-87,True,UPDATED,1631912400,HSL:1003_20210917_La_2_1205,3,HSL:1050414,Iso Roobertinkatu
45900,46143,243,45900,46143,243,True,UPDATED,1631912400,HSL:1001_20210917_La_2_1209,1,HSL:1050414,Iso Roobertinkatu
46140,46143,3,46140,46171,31,True,UPDATED,1631912400,HSL:1003_20210917_La_2_1217,3,HSL:1050414,Iso Roobertinkatu
46620,46872,252,46620,46892,272,True,UPDATED,1631912400,HSL:1001_20210917_La_2_1221,1,HSL:1050414,Iso Roobertinkatu
46860,46863,3,46860,46921,61,True,UPDATED,1631912400,HSL:1003_20210917_La_2_1229,3,HSL:1050414,Iso Roobertinkatu
45960,45950,-10,45960,45958,-2,True,UPDATED,1631912400,HSL:1067_20210917_La_1_1216,67,HSL:1351109,Raiviontie
47160,47160,0,47160,47160,0,False,SCHEDULED,1631912400,HSL:1067_20210917_La_1_1236,67,HSL:1351109,Raiviontie
48360,48360,0,48360,48360,0,False,SCHEDULED,1631912400,HSL:1067_20210917_La_1_1256,67,HSL:1351109,Raiviontie
49560,49560,0,49560,49560,0,False,SCHEDULED,1631912400,HSL:1067_20210917_La_1_1316,67,HSL:1351109,Raiviontie
50820,50820,0,50820,50820,0,False,SCHEDULED,1631912400,HSL:1067_20210917_La_1_1336,67,HSL:1351109,Raiviontie
45300,45296,-4,45300,45338,38,True,UPDATED,1631912400,HSL:1003_20210917_La_1_1228,3,HSL:1050413,Iso Roobertinkatu
45600,45600,0,45600,45600,0,True,UPDATED,1631912400,HSL:1001_20210917_La_1_1235,1,HSL:1050413,Iso Roobertinkatu
46020,46020,0,46020,46020,0,False,SCHEDULED,1631912400,HSL:1003_20210917_La_1_1240,3,HSL:1050413,Iso Roobertinkatu
46320,46320,0,46320,46320,0,False,SCHEDULED,1631912400,HSL:1001_20210917_La_1_1247,1,HSL:1050413,Iso Roobertinkatu
46740,46740,0,46740,46740,0,False,SCHEDULED,1631912400,HSL:1003_20210917_La_1_1252,3,HSL:1050413,Iso Roobertinkatu
45660,45697,37,45660,45740,80,True,UPDATED,1631912400,HSL:2125_20210917_La_2_1230,125,HSL:2434302,Pisanmäki
46140,46140,0,46140,46140,0,True,UPDATED,1631912400,HSL:2158_20210917_La_2_1236,158,HSL:2434302,Pisanmäki
46560,46560,0,46560,46560,0,False,SCHEDULED,1631912400,HSL:2125_20210917_La_2_1245,125,HSL:2434302,Pisanmäki
47040,47040,0,47040,47040,0,False,SCHEDULED,1631912400,HSL:2158_20210917_La_2_1251,158,HSL:2434302,Pisanmäki
47460,47460,0,47460,47460,0,False,SCHEDULED,1631912400,HSL:2125_20210917_La_2_1300,125,HSL:2434302,Pisanmäki
45780,46014,234,45780,46014,234,True,UPDATED,1631912400,HSL:2125_20210917_La_1_1225,125,HSL:2434301,Pisanmäki
46140,46140,0,46140,46140,0,False,SCHEDULED,1631912400,HSL:2158_20210917_La_1_1238,158,HSL:2434301,Pisanmäki
46680,46680,0,46680,46680,0,False,SCHEDULED,1631912400,HSL:2125_20210917_La_1_1240,125,HSL:2434301,Pisanmäki
47040,47040,0,47040,47040,0,False,SCHEDULED,1631912400,HSL:2158_20210917_La_1_1253,158,HSL:2434301,Pisanmäki
47580,47580,0,47580,47580,0,False,SCHEDULED,1631912400,HSL:2125_20210917_La_1_1255,125,HSL:2434301,Pisanmäki
45660,45657,-3,45660,45661,1,True,UPDATED,1631912400,HSL:1063_20210917_La_1_1206,63,HSL:1351103,Pitkämäentie
46860,46891,31,46860,46894,34,True,UPDATED,1631912400,HSL:1063_20210917_La_1_1226,63,HSL:1351103,Pitkämäentie
48060,48060,0,48060,48060,0,False,SCHEDULED,1631912400,HSL:1063_20210917_La_1_1246,63,HSL:1351103,Pitkämäentie
49260,49260,0,49260,49260,0,False,SCHEDULED,1631912400,HSL:1063_20210917_La_1_1306,63,HSL:1351103,Pitkämäentie
50460,50460,0,50460,50460,0,False,SCHEDULED,1631912400,HSL:1063_20210917_La_1_1326,63,HSL:1351103,Pitkämäentie
45360,45382,22,45360,45391,31,True,UPDATED,1631912400,HSL:1063_20210917_La_2_1233,63,HSL:1351104,Pitkämäentie
46560,46560,0,46560,46560,0,False,SCHEDULED,1631912400,HSL:1063_20210917_La_2_1253,63,HSL:1351104,Pitkämäentie
47760,47760,0,47760,47760,0,False,SCHEDULED,1631912400,HSL:1063_20210917_La_2_1313,63,HSL:1351104,Pitkämäentie
48960,48960,0,48960,48960,0,False,SCHEDULED,1631912400,HSL:1063_20210917_La_2_1333,63,HSL:1351104,Pitkämäentie
50160,50160,0,50160,50160,0,False,SCHEDULED,1631912400,HSL:1063_20210917_La_2_1353,63,HSL:1351104,Pitkämäentie
45600,45575,-25,45600,45575,-25,True,UPDATED,1631912400,HSL:1063_20210917_La_1_1206,63,HSL:1351101,Paloheinäntie
46800,46845,45,46800,46853,53,True,UPDATED,1631912400,HSL:1063_20210917_La_1_1226,63,HSL:1351101,Paloheinäntie
48000,48000,0,48000,48000,0,False,SCHEDULED,1631912400,HSL:1063_20210917_La_1_1246,63,HSL:1351101,Paloheinäntie
49200,49200,0,49200,49200,0,False,SCHEDULED,1631912400,HSL:1063_20210917_La_1_1306,63,HSL:1351101,Paloheinäntie
50400,50400,0,50400,50400,0,False,SCHEDULED,1631912400,HSL:1063_20210917_La_1_1326,63,HSL:1351101,Paloheinäntie
45420,45442,22,45420,45453,33,True,UPDATED,1631912400,HSL:1063_20210917_La_2_1233,63,HSL:1351102,Paloheinäntie
45840,45840,0,45840,45840,0,True,UPDATED,1631912400,HSL:1066_20210917_La_2_1242,66,HSL:1351102,Paloheinäntie
46620,46620,0,46620,46620,0,False,SCHEDULED,1631912400,HSL:1063_20210917_La_2_1253,63,HSL:1351102,Paloheinäntie
47040,47040,0,47040,47040,0,False,SCHEDULED,1631912400,HSL:1066_20210917_La_2_1302,66,HSL:1351102,Paloheinäntie
47820,47820,0,47820,47820,0,False,SCHEDULED,1631912400,HSL:1063_20210917_La_2_1313,63,HSL:1351102,Paloheinäntie
45540,45540,0,45540,45540,0,True,UPDATED,1631912400,HSL:1001_20210917_La_1_1235,1,HSL:1050408,Viiskulma
45960,45960,0,45960,45960,0,False,SCHEDULED,1631912400,HSL:1003_20210917_La_1_1240,3,HSL:1050408,Viiskulma
46260,46260,0,46260,46260,0,False,SCHEDULED,1631912400,HSL:1001_20210917_La_1_1247,1,HSL:1050408,Viiskulma
46680,46680,0,46680,46680,0,False,SCHEDULED,1631912400,HSL:1003_20210917_La_1_1252,3,HSL:1050408,Viiskulma
46980,46980,0,46980,46980,0,False,SCHEDULED,1631912400,HSL:1001_20210917_La_1_1259,1,HSL:1050408,Viiskulma
45660,45836,176,45660,45847,187,True,UPDATED,1631912400,HSL:2224_20210917_La_2_1223,224,HSL:2614226,Kuurinmäki
47460,47460,0,47460,47460,0,False,SCHEDULED,1631912400,HSL:2224_20210917_La_2_1252,224,HSL:2614226,Kuurinmäki
49260,49260,0,49260,49260,0,False,SCHEDULED,1631912400,HSL:2224_20210917_La_2_1322,224,HSL:2614226,Kuurinmäki
51060,51060,0,51060,51060,0,False,SCHEDULED,1631912400,HSL:2224_20210917_La_2_1352,224,HSL:2614226,Kuurinmäki
52860,52860,0,52860,52860,0,False,SCHEDULED,1631912400,HSL:2224_20210917_La_2_1422,224,HSL:2614226,Kuurinmäki
45960,46018,58,45960,46057,97,True,UPDATED,1631912400,HSL:2224_20210917_La_1_1220,224,HSL:2614227,Kuurinmäki
47820,47820,0,47820,47820,0,False,SCHEDULED,1631912400,HSL:2224_20210917_La_1_1250,224,HSL:2614227,Kuurinmäki
49620,49620,0,49620,49620,0,False,SCHEDULED,1631912400,HSL:2224_20210917_La_1_1320,224,HSL:2614227,Kuurinmäki
51420,51420,0,51420,51420,0,False,SCHEDULED,1631912400,HSL:2224_20210917_La_1_1350,224,HSL:2614227,Kuurinmäki
53220,53220,0,53220,53220,0,False,SCHEDULED,1631912400,HSL:2224_20210917_La_1_1420,224,HSL:2614227,Kuurinmäki
45420,45417,-3,45420,45449,29,True,UPDATED,1631912400,HSL:1001_20210917_La_2_1157,1,HSL:1050417,Telakkakatu
46020,46020,0,46020,46020,0,False,SCHEDULED,1631912400,HSL:1001_20210917_La_1_1247,1,HSL:1050417,Telakkakatu
46140,46383,243,46140,46383,243,True,UPDATED,1631912400,HSL:1001_20210917_La_2_1209,1,HSL:1050417,Telakkakatu
46740,46740,0,46740,46740,0,False,SCHEDULED,1631912400,HSL:1001_20210917_La_1_1259,1,HSL:1050417,Telakkakatu
46860,47061,201,46860,47061,201,True,UPDATED,1631912400,HSL:1001_20210917_La_2_1221,1,HSL:1050417,Telakkakatu
45360,45346,-14,45360,45366,6,True,UPDATED,1631912400,HSL:31M1_20210917_La_2_1215,M1,HSL:1020602,Rautatientori
45600,45622,22,45600,45642,42,True,UPDATED,1631912400,HSL:31M2_20210917_La_2_1219,M2,HSL:1020602,Rautatientori
45780,45798,18,45780,45818,38,True,UPDATED,1631912400,HSL:31M1_20210917_La_2_1222,M1,HSL:1020602,Rautatientori
46020,46086,66,46020,46106,86,True,UPDATED,1631912400,HSL:31M2_20210917_La_2_1226,M2,HSL:1020602,Rautatientori
46260,46272,12,46260,46292,32,True,UPDATED,1631912400,HSL:31M1_20210917_La_2_1230,M1,HSL:1020602,Rautatientori
45480,45477,-3,45480,45497,17,True,UPDATED,1631912400,HSL:31M2_20210917_La_1_1223,M2,HSL:1020601,Rautatientori
45660,45691,31,45660,45711,51,True,UPDATED,1631912400,HSL:31M1_20210917_La_1_1221,M1,HSL:1020601,Rautatientori
45900,45916,16,45900,45936,36,True,UPDATED,1631912400,HSL:31M2_20210917_La_1_1231,M2,HSL:1020601,Rautatientori
46140,46137,-3,46140,46157,17,True,UPDATED,1631912400,HSL:31M1_20210917_La_1_1229,M1,HSL:1020601,Rautatientori
46380,46187,-193,46380,46207,-173,True,UPDATED,1631912400,HSL:31M2_20210917_La_1_1238,M2,HSL:1020601,Rautatientori
45480,45537,57,45480,45557,77,True,UPDATED,1631912400,HSL:31M2_20210917_La_2_1219,M2,HSL:1020604,Helsingin yliopisto
45720,45717,-3,45720,45737,17,True,UPDATED,1631912400,HSL:31M1_20210917_La_2_1222,M1,HSL:1020604,Helsingin yliopisto
45960,46001,41,45960,46021,61,True,UPDATED,1631912400,HSL:31M2_20210917_La_2_1226,M2,HSL:1020604,Helsingin yliopisto
46140,46187,47,46140,46207,67,True,UPDATED,1631912400,HSL:31M1_20210917_La_2_1230,M1,HSL:1020604,Helsingin yliopisto
46380,46418,38,46380,46438,58,True,UPDATED,1631912400,HSL:31M2_20210917_La_2_1234,M2,HSL:1020604,Helsingin yliopisto
45300,45328,28,45300,45348,48,True,UPDATED,1631912400,HSL:31M1_20210917_La_1_1214,M1,HSL:1020603,Helsingin yliopisto
45540,45535,-5,45540,45555,15,True,UPDATED,1631912400,HSL:31M2_20210917_La_1_1223,M2,HSL:1020603,Helsingin yliopisto
45780,45766,-14,45780,45786,6,True,UPDATED,1631912400,HSL:31M1_20210917_La_1_1221,M1,HSL:1020603,Helsingin yliopisto
45960,45994,34,45960,46014,54,True,UPDATED,1631912400,HSL:31M2_20210917_La_1_1231,M2,HSL:1020603,Helsingin yliopisto
46200,46212,12,46200,46232,32,True,UPDATED,1631912400,HSL:31M1_20210917_La_1_1229,M1,HSL:1020603,Helsingin yliopisto
46200,46200,0,46200,46200,0,False,SCHEDULED,1631912400,HSL:2246K_20210917_La_1_1242,246K,HSL:2614286,Bembölensilta
49800,49800,0,49800,49800,0,False,SCHEDULED,1631912400,HSL:2246K_20210917_La_1_1342,246K,HSL:2614286,Bembölensilta
53400,53400,0,53400,53400,0,False,SCHEDULED,1631912400,HSL:2246K_20210917_La_1_1442,246K,HSL:2614286,Bembölensilta
57000,57000,0,57000,57000,0,False,SCHEDULED,1631912400,HSL:2246K_20210917_La_1_1542,246K,HSL:2614286,Bembölensilta
60600,60600,0,60600,60600,0,False,SCHEDULED,1631912400,HSL:2246K_20210917_La_1_1642,246K,HSL:2614286,Bembölensilta
45420,45420,0,45420,45420,0,False,SCHEDULED,1631912400,HSL:4721_20210917_La_1_1158,721,HSL:4750299,Teuvontie
47220,47220,0,47220,47220,0,False,SCHEDULED,1631912400,HSL:4721_20210917_La_1_1227,721,HSL:4750299,Teuvontie
49020,49020,0,49020,49020,0,False,SCHEDULED,1631912400,HSL:4721_20210917_La_1_1257,721,HSL:4750299,Teuvontie
50820,50820,0,50820,50820,0,False,SCHEDULED,1631912400,HSL:4721_20210917_La_1_1327,721,HSL:4750299,Teuvontie
52620,52620,0,52620,52620,0,False,SCHEDULED,1631912400,HSL:4721_20210917_La_1_1357,721,HSL:4750299,Teuvontie
45480,45520,40,45480,45520,40,True,UPDATED,1631912400,HSL:1052_20210917_La_2_1230,52,HSL:1302217,Kuusiniementie
45960,46049,89,45960,46054,94,True,UPDATED,1631912400,HSL:2510_20210917_La_2_1232,510,HSL:1302217,Kuusiniementie
46080,46080,0,46080,46080,0,False,SCHEDULED,1631912400,HSL:1052_20210917_La_2_1240,52,HSL:1302217,Kuusiniementie
46680,46680,0,46680,46680,0,False,SCHEDULED,1631912400,HSL:1052_20210917_La_2_1250,52,HSL:1302217,Kuusiniementie
46860,46860,0,46860,46860,0,False,SCHEDULED,1631912400,HSL:2510_20210917_La_2_1247,510,HSL:1302217,Kuusiniementie
45420,45397,-23,45420,45397,-23,True,UPDATED,1631912400,HSL:1052_20210917_La_1_1156,52,HSL:1302218,Kuusisaarenkuja
46620,45675,-945,46620,45675,-945,True,UPDATED,1631912400,HSL:1052_20210917_La_1_1216,52,HSL:1302218,Kuusisaarenkuja
46020,46022,2,46020,46022,2,True,UPDATED,1631912400,HSL:1052_20210917_La_1_1206,52,HSL:1302218,Kuusisaarenkuja
45840,46043,203,45840,46053,213,True,UPDATED,1631912400,HSL:2510_20210917_La_1_1213,510,HSL:1302218,Kuusisaarenkuja
47220,46265,-955,47220,46265,-955,True,UPDATED,1631912400,HSL:1052_20210917_La_1_1226,52,HSL:1302218,Kuusisaarenkuja
45420,45460,40,45420,45460,40,True,UPDATED,1631912400,HSL:1052_20210917_La_2_1230,52,HSL:1302219,Kuusisaarenkuja
45900,45981,81,45900,45993,93,True,UPDATED,1631912400,HSL:2510_20210917_La_2_1232,510,HSL:1302219,Kuusisaarenkuja
46020,46020,0,46020,46020,0,False,SCHEDULED,1631912400,HSL:1052_20210917_La_2_1240,52,HSL:1302219,Kuusisaarenkuja
46620,46620,0,46620,46620,0,False,SCHEDULED,1631912400,HSL:1052_20210917_La_2_1250,52,HSL:1302219,Kuusisaarenkuja
46800,46800,0,46800,46800,0,False,SCHEDULED,1631912400,HSL:2510_20210917_La_2_1247,510,HSL:1302219,Kuusisaarenkuja
45780,45808,28,45780,45811,31,True,UPDATED,1631912400,HSL:2224_20210917_La_1_1220,224,HSL:2614256,Korukuja
45720,45871,151,45720,45873,153,True,UPDATED,1631912400,HSL:2224_20210917_La_2_1223,224,HSL:2614256,Korukuja
47520,47520,0,47520,47520,0,False,SCHEDULED,1631912400,HSL:2224_20210917_La_2_1252,224,HSL:2614256,Korukuja
47580,47580,0,47580,47580,0,False,SCHEDULED,1631912400,HSL:2224_20210917_La_1_1250,224,HSL:2614256,Korukuja
49320,49320,0,49320,49320,0,False,SCHEDULED,1631912400,HSL:2224_20210917_La_2_1322,224,HSL:2614256,Korukuja
45900,45941,41,45900,45946,46,True,UPDATED,1631912400,HSL:2224_20210917_La_1_1220,224,HSL:2614257,Hopeatie
45840,45990,150,45840,45996,156,True,UPDATED,1631912400,HSL:2224_20210917_La_2_1223,224,HSL:2614257,Hopeatie
47640,47640,0,47640,47640,0,False,SCHEDULED,1631912400,HSL:2224_20210917_La_2_1252,224,HSL:2614257,Hopeatie
47760,47760,0,47760,47760,0,False,SCHEDULED,1631912400,HSL:2224_20210917_La_1_1250,224,HSL:2614257,Hopeatie
49440,49440,0,49440,49440,0,False,SCHEDULED,1631912400,HSL:2224_20210917_La_2_1322,224,HSL:2614257,Hopeatie
45780,45858,78,45780,45862,82,True,UPDATED,1631912400,HSL:2224_20210917_La_1_1220,224,HSL:2614258,Hopeatie
45720,45894,174,45720,45898,178,True,UPDATED,1631912400,HSL:2224_20210917_La_2_1223,224,HSL:2614258,Hopeatie
47520,47520,0,47520,47520,0,False,SCHEDULED,1631912400,HSL:2224_20210917_La_2_1252,224,HSL:2614258,Hopeatie
47640,47640,0,47640,47640,0,False,SCHEDULED,1631912400,HSL:2224_20210917_La_1_1250,224,HSL:2614258,Hopeatie
49320,49320,0,49320,49320,0,False,SCHEDULED,1631912400,HSL:2224_20210917_La_2_1322,224,HSL:2614258,Hopeatie
45960,45993,33,45960,45996,36,True,UPDATED,1631912400,HSL:2224_20210917_La_1_1220,224,HSL:2614259,Korukuja
45900,46039,139,45900,46041,141,True,UPDATED,1631912400,HSL:2224_20210917_La_2_1223,224,HSL:2614259,Korukuja
47700,47700,0,47700,47700,0,False,SCHEDULED,1631912400,HSL:2224_20210917_La_2_1252,224,HSL:2614259,Korukuja
47820,47820,0,47820,47820,0,False,SCHEDULED,1631912400,HSL:2224_20210917_La_1_1250,224,HSL:2614259,Korukuja
49500,49500,0,49500,49500,0,False,SCHEDULED,1631912400,HSL:2224_20210917_La_2_1322,224,HSL:2614259,Korukuja
45360,45337,-23,45360,45337,-23,True,UPDATED,1631912400,HSL:1052_20210917_La_1_1156,52,HSL:1302216,Kuusiniementie
46560,45675,-885,46560,45675,-885,True,UPDATED,1631912400,HSL:1052_20210917_La_1_1216,52,HSL:1302216,Kuusiniementie
45960,45962,2,45960,45962,2,True,UPDATED,1631912400,HSL:1052_20210917_La_1_1206,52,HSL:1302216,Kuusiniementie
45780,45986,206,45780,45992,212,True,UPDATED,1631912400,HSL:2510_20210917_La_1_1213,510,HSL:1302216,Kuusiniementie
47160,46265,-895,47160,46265,-895,True,UPDATED,1631912400,HSL:1052_20210917_La_1_1226,52,HSL:1302216,Kuusiniementie
45840,45882,42,45840,45902,62,True,UPDATED,1631912400,HSL:2224_20210917_La_1_1220,224,HSL:2614260,Kuurintorppa
45780,45930,150,45780,45944,164,True,UPDATED,1631912400,HSL:2224_20210917_La_2_1223,224,HSL:2614260,Kuurintorppa
47580,47580,0,47580,47580,0,False,SCHEDULED,1631912400,HSL:2224_20210917_La_2_1252,224,HSL:2614260,Kuurintorppa
47700,47700,0,47700,47700,0,False,SCHEDULED,1631912400,HSL:2224_20210917_La_1_1250,224,HSL:2614260,Kuurintorppa
49380,49380,0,49380,49380,0,False,SCHEDULED,1631912400,HSL:2224_20210917_La_2_1322,224,HSL:2614260,Kuurintorppa
45780,45823,43,45780,45836,56,True,UPDATED,1631912400,HSL:2582_20210917_La_1_1230,582,HSL:2632240,Jauhotullintie
46980,46980,0,46980,46980,0,False,SCHEDULED,1631912400,HSL:2227_20210917_La_2_1258,227,HSL:2632240,Jauhotullintie
47580,47580,0,47580,47580,0,False,SCHEDULED,1631912400,HSL:2582_20210917_La_1_1300,582,HSL:2632240,Jauhotullintie
48780,48780,0,48780,48780,0,False,SCHEDULED,1631912400,HSL:2227_20210917_La_2_1328,227,HSL:2632240,Jauhotullintie
49380,49380,0,49380,49380,0,False,SCHEDULED,1631912400,HSL:2582_20210917_La_1_1330,582,HSL:2632240,Jauhotullintie
45840,45903,63,45840,45907,67,True,UPDATED,1631912400,HSL:2582_20210917_La_1_1230,582,HSL:2632243,Träskändan kartano
47040,47040,0,47040,47040,0,False,SCHEDULED,1631912400,HSL:2227_20210917_La_2_1258,227,HSL:2632243,Träskändan kartano
47640,47640,0,47640,47640,0,False,SCHEDULED,1631912400,HSL:2582_20210917_La_1_1300,582,HSL:2632243,Träskändan kartano
48840,48840,0,48840,48840,0,False,SCHEDULED,1631912400,HSL:2227_20210917_La_2_1328,227,HSL:2632243,Träskändan kartano
49440,49440,0,49440,49440,0,False,SCHEDULED,1631912400,HSL:2582_20210917_La_1_1330,582,HSL:2632243,Träskändan kartano
46140,46173,33,46140,46177,37,True,UPDATED,1631912400,HSL:2227_20210917_La_1_1231,227,HSL:2632242,Träskändan kartano
46920,46920,0,46920,46920,0,False,SCHEDULED,1631912400,HSL:2582_20210917_La_2_1242,582,HSL:2632242,Träskändan kartano
47940,47940,0,47940,47940,0,False,SCHEDULED,1631912400,HSL:2227_20210917_La_1_1301,227,HSL:2632242,Träskändan kartano
48720,48720,0,48720,48720,0,False,SCHEDULED,1631912400,HSL:2582_20210917_La_2_1312,582,HSL:2632242,Träskändan kartano
49740,49740,0,49740,49740,0,False,SCHEDULED,1631912400,HSL:2227_20210917_La_1_1331,227,HSL:2632242,Träskändan kartano
46200,46221,21,46200,46224,24,True,UPDATED,1631912400,HSL:2227_20210917_La_1_1231,227,HSL:2632241,Pihlajarinne
46980,46980,0,46980,46980,0,False,SCHEDULED,1631912400,HSL:2582_20210917_La_2_1242,582,HSL:2632241,Pihlajarinne
48000,48000,0,48000,48000,0,False,SCHEDULED,1631912400,HSL:2227_20210917_La_1_1301,227,HSL:2632241,Pihlajarinne
48780,48780,0,48780,48780,0,False,SCHEDULED,1631912400,HSL:2582_20210917_La_2_1312,582,HSL:2632241,Pihlajarinne
49800,49800,0,49800,49800,0,False,SCHEDULED,1631912400,HSL:2227_20210917_La_1_1331,227,HSL:2632241,Pihlajarinne
45540,45540,0,45540,45540,0,False,SCHEDULED,1631912400,HSL:2533_20210917_La_2_1238,533,HSL:2632248,Ryytimaa
45660,45660,0,45660,45660,0,False,SCHEDULED,1631912400,HSL:2236B_20210917_La_2_1236,236B,HSL:2632248,Ryytimaa
46440,46440,0,46440,46440,0,False,SCHEDULED,1631912400,HSL:2533_20210917_La_2_1253,533,HSL:2632248,Ryytimaa
46680,46680,0,46680,46680,0,False,SCHEDULED,1631912400,HSL:2321_20210917_La_2_1253,321,HSL:2632248,Ryytimaa
46740,46740,0,46740,46740,0,False,SCHEDULED,1631912400,HSL:2582_20210917_La_2_1242,582,HSL:2632248,Ryytimaa
45300,45549,249,45300,45564,264,True,UPDATED,1631912400,HSL:2321_20210917_La_1_1153,321,HSL:2632247,Träskändanristi
45540,45650,110,45540,45650,110,True,UPDATED,1631912400,HSL:2533_20210917_La_1_1203,533,HSL:2632247,Träskändanristi
45840,45819,-21,45840,45831,-9,True,UPDATED,1631912400,HSL:2236_20210917_La_1_1226,236,HSL:2632247,Träskändanristi
45960,46058,98,45960,46071,111,True,UPDATED,1631912400,HSL:2582_20210917_La_1_1230,582,HSL:2632247,Träskändanristi
46440,46441,1,46440,46450,10,True,UPDATED,1631912400,HSL:2533_20210917_La_1_1218,533,HSL:2632247,Träskändanristi
45360,45369,9,45360,45377,17,True,UPDATED,1631912400,HSL:2227_20210917_La_2_1228,227,HSL:2632246,Träskändanristi
45600,45600,0,45600,45600,0,False,SCHEDULED,1631912400,HSL:2533_20210917_La_2_1238,533,HSL:2632246,Träskändanristi
45720,45720,0,45720,45720,0,False,SCHEDULED,1631912400,HSL:2236B_20210917_La_2_1236,236B,HSL:2632246,Träskändanristi
46500,46500,0,46500,46500,0,False,SCHEDULED,1631912400,HSL:2533_20210917_La_2_1253,533,HSL:2632246,Träskändanristi
46740,46740,0,46740,46740,0,False,SCHEDULED,1631912400,HSL:2321_20210917_La_2_1253,321,HSL:2632246,Träskändanristi
45300,45583,283,45300,45588,288,True,UPDATED,1631912400,HSL:2321_20210917_La_1_1153,321,HSL:2632249,Ryytimaa
45600,45693,93,45600,45693,93,True,UPDATED,1631912400,HSL:2533_20210917_La_1_1203,533,HSL:2632249,Ryytimaa
45900,45870,-30,45900,45875,-25,True,UPDATED,1631912400,HSL:2236_20210917_La_1_1226,236,HSL:2632249,Ryytimaa
46020,46110,90,46020,46119,99,True,UPDATED,1631912400,HSL:2582_20210917_La_1_1230,582,HSL:2632249,Ryytimaa
46500,46489,-11,46500,46493,-7,True,UPDATED,1631912400,HSL:2533_20210917_La_1_1218,533,HSL:2632249,Ryytimaa
45300,45423,123,45300,45424,124,True,UPDATED,1631912400,HSL:2582_20210917_La_2_1212,582,HSL:2632233,Tollinportti
46320,46378,58,46320,46379,59,True,UPDATED,1631912400,HSL:2227_20210917_La_1_1231,227,HSL:2632233,Tollinportti
47100,47100,0,47100,47100,0,False,SCHEDULED,1631912400,HSL:2582_20210917_La_2_1242,582,HSL:2632233,Tollinportti
48120,48120,0,48120,48120,0,False,SCHEDULED,1631912400,HSL:2227_20210917_La_1_1301,227,HSL:2632233,Tollinportti
48900,48900,0,48900,48900,0,False,SCHEDULED,1631912400,HSL:2582_20210917_La_2_1312,582,HSL:2632233,Tollinportti
45600,45642,42,45600,45648,48,True,UPDATED,1631912400,HSL:2582_20210917_La_1_1230,582,HSL:2632232,Bemböle skola
46800,46800,0,46800,46800,0,False,SCHEDULED,1631912400,HSL:2227_20210917_La_2_1258,227,HSL:2632232,Bemböle skola
47400,47400,0,47400,47400,0,False,SCHEDULED,1631912400,HSL:2582_20210917_La_1_1300,582,HSL:2632232,Bemböle skola
48600,48600,0,48600,48600,0,False,SCHEDULED,1631912400,HSL:2227_20210917_La_2_1328,227,HSL:2632232,Bemböle skola
49200,49200,0,49200,49200,0,False,SCHEDULED,1631912400,HSL:2582_20210917_La_1_1330,582,HSL:2632232,Bemböle skola
45240,45334,94,45240,45349,109,True,UPDATED,1631912400,HSL:2582_20210917_La_2_1212,582,HSL:2632237,Pellas
46260,46294,34,46260,46305,45,True,UPDATED,1631912400,HSL:2227_20210917_La_1_1231,227,HSL:2632237,Pellas
47040,47040,0,47040,47040,0,False,SCHEDULED,1631912400,HSL:2582_20210917_La_2_1242,582,HSL:2632237,Pellas
48060,48060,0,48060,48060,0,False,SCHEDULED,1631912400,HSL:2227_20210917_La_1_1301,227,HSL:2632237,Pellas
48840,48840,0,48840,48840,0,False,SCHEDULED,1631912400,HSL:2582_20210917_La_2_1312,582,HSL:2632237,Pellas
45660,45713,53,45660,45717,57,True,UPDATED,1631912400,HSL:2582_20210917_La_1_1230,582,HSL:2632236,Itäpelto
46860,46860,0,46860,46860,0,False,SCHEDULED,1631912400,HSL:2227_20210917_La_2_1258,227,HSL:2632236,Itäpelto
47460,47460,0,47460,47460,0,False,SCHEDULED,1631912400,HSL:2582_20210917_La_1_1300,582,HSL:2632236,Itäpelto
48660,48660,0,48660,48660,0,False,SCHEDULED,1631912400,HSL:2227_20210917_La_2_1328,227,HSL:2632236,Itäpelto
49260,49260,0,49260,49260,0,False,SCHEDULED,1631912400,HSL:2582_20210917_La_1_1330,582,HSL:2632236,Itäpelto
45300,45397,97,45300,45399,99,True,UPDATED,1631912400,HSL:2582_20210917_La_2_1212,582,HSL:2632235,Itäpelto
46320,46353,33,46320,46354,34,True,UPDATED,1631912400,HSL:2227_20210917_La_1_1231,227,HSL:2632235,Itäpelto
47100,47100,0,47100,47100,0,False,SCHEDULED,1631912400,HSL:2582_20210917_La_2_1242,582,HSL:2632235,Itäpelto
48120,48120,0,48120,48120,0,False,SCHEDULED,1631912400,HSL:2227_20210917_La_1_1301,227,HSL:2632235,Itäpelto
48900,48900,0,48900,48900,0,False,SCHEDULED,1631912400,HSL:2582_20210917_La_2_1312,582,HSL:2632235,Itäpelto
45660,45689,29,45660,45690,30,True,UPDATED,1631912400,HSL:2582_20210917_La_1_1230,582,HSL:2632234,Tollinportti
46860,46860,0,46860,46860,0,False,SCHEDULED,1631912400,HSL:2227_20210917_La_2_1258,227,HSL:2632234,Tollinportti
47460,47460,0,47460,47460,0,False,SCHEDULED,1631912400,HSL:2582_20210917_La_1_1300,582,HSL:2632234,Tollinportti
48660,48660,0,48660,48660,0,False,SCHEDULED,1631912400,HSL:2227_20210917_La_2_1328,227,HSL:2632234,Tollinportti
49260,49260,0,49260,49260,0,False,SCHEDULED,1631912400,HSL:2582_20210917_La_1_1330,582,HSL:2632234,Tollinportti
46200,46246,46,46200,46259,59,True,UPDATED,1631912400,HSL:2227_20210917_La_1_1231,227,HSL:2632239,Jauhotullintie
46980,46980,0,46980,46980,0,False,SCHEDULED,1631912400,HSL:2582_20210917_La_2_1242,582,HSL:2632239,Jauhotullintie
48000,48000,0,48000,48000,0,False,SCHEDULED,1631912400,HSL:2227_20210917_La_1_1301,227,HSL:2632239,Jauhotullintie
48780,48780,0,48780,48780,0,False,SCHEDULED,1631912400,HSL:2582_20210917_La_2_1312,582,HSL:2632239,Jauhotullintie
49800,49800,0,49800,49800,0,False,SCHEDULED,1631912400,HSL:2227_20210917_La_1_1331,227,HSL:2632239,Jauhotullintie
45720,45766,46,45720,45782,62,True,UPDATED,1631912400,HSL:2582_20210917_La_1_1230,582,HSL:2632238,Pellas
46920,46920,0,46920,46920,0,False,SCHEDULED,1631912400,HSL:2227_20210917_La_2_1258,227,HSL:2632238,Pellas
47520,47520,0,47520,47520,0,False,SCHEDULED,1631912400,HSL:2582_20210917_La_1_1300,582,HSL:2632238,Pellas
48720,48720,0,48720,48720,0,False,SCHEDULED,1631912400,HSL:2227_20210917_La_2_1328,227,HSL:2632238,Pellas
49320,49320,0,49320,49320,0,False,SCHEDULED,1631912400,HSL:2582_20210917_La_1_1330,582,HSL:2632238,Pellas
45900,45934,34,45900,45934,34,True,UPDATED,1631912400,HSL:2245A_20210917_La_1_1225,245A,HSL:2644248,Punjo
47760,47760,0,47760,47760,0,False,SCHEDULED,1631912400,HSL:2245A_20210917_La_1_1256,245A,HSL:2644248,Punjo
49500,49500,0,49500,49500,0,False,SCHEDULED,1631912400,HSL:2245A_20210917_La_1_1325,245A,HSL:2644248,Punjo
51360,51360,0,51360,51360,0,False,SCHEDULED,1631912400,HSL:2245A_20210917_La_1_1356,245A,HSL:2644248,Punjo
53100,53100,0,53100,53100,0,False,SCHEDULED,1631912400,HSL:2245A_20210917_La_1_1425,245A,HSL:2644248,Punjo
46020,46020,0,46020,46020,0,True,UPDATED,1631912400,HSL:2245A_20210917_La_2_1234,245A,HSL:2644249,Solvik
47880,47880,0,47880,47880,0,False,SCHEDULED,1631912400,HSL:2245A_20210917_La_2_1304,245A,HSL:2644249,Solvik
49740,49740,0,49740,49740,0,False,SCHEDULED,1631912400,HSL:2245A_20210917_La_2_1335,245A,HSL:2644249,Solvik
51480,51480,0,51480,51480,0,False,SCHEDULED,1631912400,HSL:2245A_20210917_La_2_1404,245A,HSL:2644249,Solvik
53340,53340,0,53340,53340,0,False,SCHEDULED,1631912400,HSL:2245A_20210917_La_2_1435,245A,HSL:2644249,Solvik
46080,46080,0,46080,46080,0,True,UPDATED,1631912400,HSL:2245A_20210917_La_2_1234,245A,HSL:2644247,Punjo
47940,47940,0,47940,47940,0,False,SCHEDULED,1631912400,HSL:2245A_20210917_La_2_1304,245A,HSL:2644247,Punjo
49800,49800,0,49800,49800,0,False,SCHEDULED,1631912400,HSL:2245A_20210917_La_2_1335,245A,HSL:2644247,Punjo
51540,51540,0,51540,51540,0,False,SCHEDULED,1631912400,HSL:2245A_20210917_La_2_1404,245A,HSL:2644247,Punjo
53400,53400,0,53400,53400,0,False,SCHEDULED,1631912400,HSL:2245A_20210917_La_2_1435,245A,HSL:2644247,Punjo
45480,45480,0,45480,45480,0,False,SCHEDULED,1631912400,HSL:2533_20210917_La_2_1238,533,HSL:2632261,Karamzininpuisto
45660,45786,126,45660,45830,170,True,UPDATED,1631912400,HSL:2533_20210917_La_1_1203,533,HSL:2632261,Karamzininpuisto
46380,46380,0,46380,46380,0,False,SCHEDULED,1631912400,HSL:2533_20210917_La_2_1253,533,HSL:2632261,Karamzininpuisto
46560,46561,1,46560,46592,32,True,UPDATED,1631912400,HSL:2533_20210917_La_1_1218,533,HSL:2632261,Karamzininpuisto
47280,47280,0,47280,47280,0,False,SCHEDULED,1631912400,HSL:2533_20210917_La_2_1308,533,HSL:2632261,Karamzininpuisto
45300,45312,12,45300,45328,28,True,UPDATED,1631912400,HSL:2227_20210917_La_2_1228,227,HSL:2632260,Auroranportti
45900,45939,39,45900,45980,80,True,UPDATED,1631912400,HSL:2582_20210917_La_1_1230,582,HSL:2632260,Auroranportti
47100,47100,0,47100,47100,0,False,SCHEDULED,1631912400,HSL:2227_20210917_La_2_1258,227,HSL:2632260,Auroranportti
47700,47700,0,47700,47700,0,False,SCHEDULED,1631912400,HSL:2582_20210917_La_1_1300,582,HSL:2632260,Auroranportti
48900,48900,0,48900,48900,0,False,SCHEDULED,1631912400,HSL:2227_20210917_La_2_1328,227,HSL:2632260,Auroranportti
45480,45591,111,45480,45591,111,True,UPDATED,1631912400,HSL:3001K_20210917_La_2_1211,K,HSL:1250551,Käpylä
45780,45807,27,45780,45807,27,True,UPDATED,1631912400,HSL:3002P_20210917_La_1_1148,P,HSL:1250551,Käpylä
46080,46148,68,46080,46148,68,True,UPDATED,1631912400,HSL:3001K_20210917_La_2_1221,K,HSL:1250551,Käpylä
46380,46483,103,46380,46483,103,True,UPDATED,1631912400,HSL:3002P_20210917_La_1_1158,P,HSL:1250551,Käpylä
46680,46807,127,46680,46807,127,True,UPDATED,1631912400,HSL:3001K_20210917_La_2_1231,K,HSL:1250551,Käpylä
45420,45688,268,45420,45692,272,True,UPDATED,1631912400,HSL:2321_20210917_La_1_1153,321,HSL:2632251,Kulloonmäki
46020,46019,-1,46020,46023,3,True,UPDATED,1631912400,HSL:2236_20210917_La_1_1226,236,HSL:2632251,Kulloonmäki
46080,46173,93,46080,46173,93,True,UPDATED,1631912400,HSL:2582_20210917_La_1_1230,582,HSL:2632251,Kulloonmäki
47160,47160,0,47160,47160,0,False,SCHEDULED,1631912400,HSL:2239_20210917_La_1_1246,239,HSL:2632251,Kulloonmäki
47580,47657,77,47580,47659,79,True,UPDATED,1631912400,HSL:2321_20210917_La_1_1229,321,HSL:2632251,Kulloonmäki
45480,45480,0,45480,45480,0,False,SCHEDULED,1631912400,HSL:2533_20210917_La_2_1238,533,HSL:2632250,Karamzinin koulu
45600,45600,0,45600,45600,0,False,SCHEDULED,1631912400,HSL:2236B_20210917_La_2_1236,236B,HSL:2632250,Karamzinin koulu
46380,46380,0,46380,46380,0,False,SCHEDULED,1631912400,HSL:2533_20210917_La_2_1253,533,HSL:2632250,Karamzinin koulu
46620,46620,0,46620,46620,0,False,SCHEDULED,1631912400,HSL:2321_20210917_La_2_1253,321,HSL:2632250,Karamzinin koulu
46680,46680,0,46680,46680,0,False,SCHEDULED,1631912400,HSL:2582_20210917_La_2_1242,582,HSL:2632250,Karamzinin koulu
45480,45480,0,45480,45480,0,False,SCHEDULED,1631912400,HSL:2236B_20210917_La_2_1236,236B,HSL:2632254,Emännäntie
46560,46560,0,46560,46560,0,False,SCHEDULED,1631912400,HSL:2321_20210917_La_2_1253,321,HSL:2632254,Emännäntie
46620,46620,0,46620,46620,0,False,SCHEDULED,1631912400,HSL:2582_20210917_La_2_1242,582,HSL:2632254,Emännäntie
46620,46620,0,46620,46620,0,True,UPDATED,1631912400,HSL:2239_20210917_La_2_1237,239,HSL:2632254,Emännäntie
47820,47820,0,47820,47820,0,False,SCHEDULED,1631912400,HSL:2236_20210917_La_2_1254,236,HSL:2632254,Emännäntie
45480,45748,268,45480,45748,268,True,UPDATED,1631912400,HSL:2321_20210917_La_1_1153,321,HSL:2632253,Emännäntie
46020,46089,69,46020,46090,70,True,UPDATED,1631912400,HSL:2236_20210917_La_1_1226,236,HSL:2632253,Emännäntie
46140,46261,121,46140,46263,123,True,UPDATED,1631912400,HSL:2582_20210917_La_1_1230,582,HSL:2632253,Emännäntie
47220,47220,0,47220,47220,0,False,SCHEDULED,1631912400,HSL:2239_20210917_La_1_1246,239,HSL:2632253,Emännäntie
47640,47739,99,47640,47740,100,True,UPDATED,1631912400,HSL:2321_20210917_La_1_1229,321,HSL:2632253,Emännäntie
45540,45540,0,45540,45540,0,False,SCHEDULED,1631912400,HSL:2236B_20210917_La_2_1236,236B,HSL:2632252,Kulloonmäki
46560,46560,0,46560,46560,0,False,SCHEDULED,1631912400,HSL:2321_20210917_La_2_1253,321,HSL:2632252,Kulloonmäki
46620,46620,0,46620,46620,0,False,SCHEDULED,1631912400,HSL:2582_20210917_La_2_1242,582,HSL:2632252,Kulloonmäki
46680,46680,0,46680,46680,0,True,UPDATED,1631912400,HSL:2239_20210917_La_2_1237,239,HSL:2632252,Kulloonmäki
47880,47880,0,47880,47880,0,False,SCHEDULED,1631912400,HSL:2236_20210917_La_2_1254,236,HSL:2632252,Kulloonmäki
46080,46052,-28,46080,46133,53,True,UPDATED,1631912400,HSL:2227_20210917_La_1_1231,227,HSL:2632259,Auroranportti
46860,46860,0,46860,46860,0,False,SCHEDULED,1631912400,HSL:2582_20210917_La_2_1242,582,HSL:2632259,Auroranportti
47880,47880,0,47880,47880,0,False,SCHEDULED,1631912400,HSL:2227_20210917_La_1_1301,227,HSL:2632259,Auroranportti
48660,48660,0,48660,48660,0,False,SCHEDULED,1631912400,HSL:2582_20210917_La_2_1312,582,HSL:2632259,Auroranportti
49680,49680,0,49680,49680,0,False,SCHEDULED,1631912400,HSL:2227_20210917_La_1_1331,227,HSL:2632259,Auroranportti
46080,46025,-55,46080,46035,-45,True,UPDATED,1631912400,HSL:2227_20210917_La_1_1231,227,HSL:2632258,Träskändanristi
46800,46800,0,46800,46800,0,False,SCHEDULED,1631912400,HSL:2582_20210917_La_2_1242,582,HSL:2632258,Träskändanristi
47880,47880,0,47880,47880,0,False,SCHEDULED,1631912400,HSL:2227_20210917_La_1_1301,227,HSL:2632258,Träskändanristi
48600,48600,0,48600,48600,0,False,SCHEDULED,1631912400,HSL:2582_20210917_La_2_1312,582,HSL:2632258,Träskändanristi
49680,49680,0,49680,49680,0,False,SCHEDULED,1631912400,HSL:2227_20210917_La_1_1331,227,HSL:2632258,Träskändanristi
46200,46211,11,46200,46221,21,True,UPDATED,1631912400,HSL:2245A_20210917_La_1_1225,245A,HSL:2644230,Haltia
48060,48060,0,48060,48060,0,False,SCHEDULED,1631912400,HSL:2245A_20210917_La_1_1256,245A,HSL:2644230,Haltia
49800,49800,0,49800,49800,0,False,SCHEDULED,1631912400,HSL:2245A_20210917_La_1_1325,245A,HSL:2644230,Haltia
51660,51660,0,51660,51660,0,False,SCHEDULED,1631912400,HSL:2245A_20210917_La_1_1356,245A,HSL:2644230,Haltia
53400,53400,0,53400,53400,0,False,SCHEDULED,1631912400,HSL:2245A_20210917_La_1_1425,245A,HSL:2644230,Haltia
45780,45780,0,45780,45780,0,True,UPDATED,1631912400,HSL:2245A_20210917_La_2_1234,245A,HSL:2644231,Haltia
47640,47640,0,47640,47640,0,False,SCHEDULED,1631912400,HSL:2245A_20210917_La_2_1304,245A,HSL:2644231,Haltia
49500,49500,0,49500,49500,0,False,SCHEDULED,1631912400,HSL:2245A_20210917_La_2_1335,245A,HSL:2644231,Haltia
51240,51240,0,51240,51240,0,False,SCHEDULED,1631912400,HSL:2245A_20210917_La_2_1404,245A,HSL:2644231,Haltia
53100,53100,0,53100,53100,0,False,SCHEDULED,1631912400,HSL:2245A_20210917_La_2_1435,245A,HSL:2644231,Haltia
45540,45540,0,45540,45540,0,True,UPDATED,1631912400,HSL:2245A_20210917_La_2_1234,245A,HSL:2644232,Nuuksionpää
46500,46515,15,46500,46533,33,True,UPDATED,1631912400,HSL:2245A_20210917_La_1_1225,245A,HSL:2644232,Nuuksionpää
47340,47340,0,47340,47340,0,False,SCHEDULED,1631912400,HSL:2245A_20210917_La_2_1304,245A,HSL:2644232,Nuuksionpää
48360,48360,0,48360,48360,0,False,SCHEDULED,1631912400,HSL:2245A_20210917_La_1_1256,245A,HSL:2644232,Nuuksionpää
49200,49200,0,49200,49200,0,False,SCHEDULED,1631912400,HSL:2245A_20210917_La_2_1335,245A,HSL:2644232,Nuuksionpää
45720,45720,0,45720,45720,0,True,UPDATED,1631912400,HSL:1066_20210917_La_2_1242,66,HSL:1351129,Paloheinän jäähalli
46680,46804,124,46680,46804,124,True,UPDATED,1631912400,HSL:1066_20210917_La_1_1226,66,HSL:1351129,Paloheinän jäähalli
46920,46920,0,46920,46920,0,False,SCHEDULED,1631912400,HSL:1066_20210917_La_2_1302,66,HSL:1351129,Paloheinän jäähalli
47880,47880,0,47880,47880,0,False,SCHEDULED,1631912400,HSL:1066_20210917_La_1_1246,66,HSL:1351129,Paloheinän jäähalli
48120,48120,0,48120,48120,0,False,SCHEDULED,1631912400,HSL:1066_20210917_La_2_1322,66,HSL:1351129,Paloheinän jäähalli
46140,46140,0,46140,46140,0,False,SCHEDULED,1631912400,HSL:1067_20210917_La_2_1244,67,HSL:1351127,Kuusmiehentie
47340,47340,0,47340,47340,0,False,SCHEDULED,1631912400,HSL:1067_20210917_La_2_1304,67,HSL:1351127,Kuusmiehentie
48540,48540,0,48540,48540,0,False,SCHEDULED,1631912400,HSL:1067_20210917_La_2_1324,67,HSL:1351127,Kuusmiehentie
49740,49740,0,49740,49740,0,False,SCHEDULED,1631912400,HSL:1067_20210917_La_2_1344,67,HSL:1351127,Kuusmiehentie
50940,50940,0,50940,50940,0,False,SCHEDULED,1631912400,HSL:1067_20210917_La_2_1404,67,HSL:1351127,Kuusmiehentie
46200,46200,0,46200,46200,0,False,SCHEDULED,1631912400,HSL:1067_20210917_La_2_1244,67,HSL:1351122,Rakovalkeantie
47400,47400,0,47400,47400,0,False,SCHEDULED,1631912400,HSL:1067_20210917_La_2_1304,67,HSL:1351122,Rakovalkeantie
48600,48600,0,48600,48600,0,False,SCHEDULED,1631912400,HSL:1067_20210917_La_2_1324,67,HSL:1351122,Rakovalkeantie
49800,49800,0,49800,49800,0,False,SCHEDULED,1631912400,HSL:1067_20210917_La_2_1344,67,HSL:1351122,Rakovalkeantie
51000,51000,0,51000,51000,0,False,SCHEDULED,1631912400,HSL:1067_20210917_La_2_1404,67,HSL:1351122,Rakovalkeantie
46080,46057,-23,46080,46066,-14,True,UPDATED,1631912400,HSL:1067_20210917_La_1_1216,67,HSL:1351125,Kuusmiehentie
47280,47280,0,47280,47280,0,False,SCHEDULED,1631912400,HSL:1067_20210917_La_1_1236,67,HSL:1351125,Kuusmiehentie
48480,48480,0,48480,48480,0,False,SCHEDULED,1631912400,HSL:1067_20210917_La_1_1256,67,HSL:1351125,Kuusmiehentie
49680,49680,0,49680,49680,0,False,SCHEDULED,1631912400,HSL:1067_20210917_La_1_1316,67,HSL:1351125,Kuusmiehentie
50940,50940,0,50940,50940,0,False,SCHEDULED,1631912400,HSL:1067_20210917_La_1_1336,67,HSL:1351125,Kuusmiehentie
46200,46200,0,46200,46200,0,False,SCHEDULED,1631912400,HSL:1067_20210917_La_2_1244,67,HSL:1351123,Tervastie
47400,47400,0,47400,47400,0,False,SCHEDULED,1631912400,HSL:1067_20210917_La_2_1304,67,HSL:1351123,Tervastie
48600,48600,0,48600,48600,0,False,SCHEDULED,1631912400,HSL:1067_20210917_La_2_1324,67,HSL:1351123,Tervastie
49800,49800,0,49800,49800,0,False,SCHEDULED,1631912400,HSL:1067_20210917_La_2_1344,67,HSL:1351123,Tervastie
51000,51000,0,51000,51000,0,False,SCHEDULED,1631912400,HSL:1067_20210917_La_2_1404,67,HSL:1351123,Tervastie
46020,46003,-17,46020,46011,-9,True,UPDATED,1631912400,HSL:1067_20210917_La_1_1216,67,HSL:1351124,Rakovalkeantie
47220,47220,0,47220,47220,0,False,SCHEDULED,1631912400,HSL:1067_20210917_La_1_1236,67,HSL:1351124,Rakovalkeantie
48420,48420,0,48420,48420,0,False,SCHEDULED,1631912400,HSL:1067_20210917_La_1_1256,67,HSL:1351124,Rakovalkeantie
49620,49620,0,49620,49620,0,False,SCHEDULED,1631912400,HSL:1067_20210917_La_1_1316,67,HSL:1351124,Rakovalkeantie
50880,50880,0,50880,50880,0,False,SCHEDULED,1631912400,HSL:1067_20210917_La_1_1336,67,HSL:1351124,Rakovalkeantie
45360,45421,61,45360,45421,61,True,UPDATED,1631912400,HSL:4721_20210917_La_2_1230,721,HSL:4750201,Onervantie
47160,47160,0,47160,47160,0,False,SCHEDULED,1631912400,HSL:4721_20210917_La_2_1300,721,HSL:4750201,Onervantie
48960,48960,0,48960,48960,0,False,SCHEDULED,1631912400,HSL:4721_20210917_La_2_1330,721,HSL:4750201,Onervantie
50760,50760,0,50760,50760,0,False,SCHEDULED,1631912400,HSL:4721_20210917_La_2_1400,721,HSL:4750201,Onervantie
52560,52560,0,52560,52560,0,False,SCHEDULED,1631912400,HSL:4721_20210917_La_2_1430,721,HSL:4750201,Onervantie
45480,45480,0,45480,45480,0,False,SCHEDULED,1631912400,HSL:4721_20210917_La_1_1158,721,HSL:4750202,Onervantie
47280,47280,0,47280,47280,0,False,SCHEDULED,1631912400,HSL:4721_20210917_La_1_1227,721,HSL:4750202,Onervantie
49080,49080,0,49080,49080,0,False,SCHEDULED,1631912400,HSL:4721_20210917_La_1_1257,721,HSL:4750202,Onervantie
50880,50880,0,50880,50880,0,False,SCHEDULED,1631912400,HSL:4721_20210917_La_1_1327,721,HSL:4750202,Onervantie
52680,52680,0,52680,52680,0,False,SCHEDULED,1631912400,HSL:4721_20210917_La_1_1357,721,HSL:4750202,Onervantie
45420,45481,61,45420,45481,61,True,UPDATED,1631912400,HSL:4721_20210917_La_2_1230,721,HSL:4750203,Teuvontie
47220,47220,0,47220,47220,0,False,SCHEDULED,1631912400,HSL:4721_20210917_La_2_1300,721,HSL:4750203,Teuvontie
49020,49020,0,49020,49020,0,False,SCHEDULED,1631912400,HSL:4721_20210917_La_2_1330,721,HSL:4750203,Teuvontie
50820,50820,0,50820,50820,0,False,SCHEDULED,1631912400,HSL:4721_20210917_La_2_1400,721,HSL:4750203,Teuvontie
52620,52620,0,52620,52620,0,False,SCHEDULED,1631912400,HSL:4721_20210917_La_2_1430,721,HSL:4750203,Teuvontie
45480,45541,61,45480,45541,61,True,UPDATED,1631912400,HSL:4721_20210917_La_2_1230,721,HSL:4750204,Tuulikintie
47280,47280,0,47280,47280,0,False,SCHEDULED,1631912400,HSL:4721_20210917_La_2_1300,721,HSL:4750204,Tuulikintie
49080,49080,0,49080,49080,0,False,SCHEDULED,1631912400,HSL:4721_20210917_La_2_1330,721,HSL:4750204,Tuulikintie
50880,50880,0,50880,50880,0,False,SCHEDULED,1631912400,HSL:4721_20210917_La_2_1400,721,HSL:4750204,Tuulikintie
52680,52680,0,52680,52680,0,False,SCHEDULED,1631912400,HSL:4721_20210917_La_2_1430,721,HSL:4750204,Tuulikintie
45360,45360,0,45360,45360,0,False,SCHEDULED,1631912400,HSL:4721_20210917_La_1_1158,721,HSL:4750205,Tuulikintie
47160,47160,0,47160,47160,0,False,SCHEDULED,1631912400,HSL:4721_20210917_La_1_1227,721,HSL:4750205,Tuulikintie
48960,48960,0,48960,48960,0,False,SCHEDULED,1631912400,HSL:4721_20210917_La_1_1257,721,HSL:4750205,Tuulikintie
50760,50760,0,50760,50760,0,False,SCHEDULED,1631912400,HSL:4721_20210917_La_1_1327,721,HSL:4750205,Tuulikintie
52560,52560,0,52560,52560,0,False,SCHEDULED,1631912400,HSL:4721_20210917_La_1_1357,721,HSL:4750205,Tuulikintie
45540,45601,61,45540,45601,61,True,UPDATED,1631912400,HSL:4721_20210917_La_2_1230,721,HSL:4750206,Pentintie
47340,47340,0,47340,47340,0,False,SCHEDULED,1631912400,HSL:4721_20210917_La_2_1300,721,HSL:4750206,Pentintie
49140,49140,0,49140,49140,0,False,SCHEDULED,1631912400,HSL:4721_20210917_La_2_1330,721,HSL:4750206,Pentintie
50940,50940,0,50940,50940,0,False,SCHEDULED,1631912400,HSL:4721_20210917_La_2_1400,721,HSL:4750206,Pentintie
52740,52740,0,52740,52740,0,False,SCHEDULED,1631912400,HSL:4721_20210917_La_2_1430,721,HSL:4750206,Pentintie
47100,47100,0,47100,47100,0,False,SCHEDULED,1631912400,HSL:4721_20210917_La_1_1227,721,HSL:4750207,Pentintie
48900,48900,0,48900,48900,0,False,SCHEDULED,1631912400,HSL:4721_20210917_La_1_1257,721,HSL:4750207,Pentintie
50700,50700,0,50700,50700,0,False,SCHEDULED,1631912400,HSL:4721_20210917_La_1_1327,721,HSL:4750207,Pentintie
52500,52500,0,52500,52500,0,False,SCHEDULED,1631912400,HSL:4721_20210917_La_1_1357,721,HSL:4750207,Pentintie
54360,54360,0,54360,54360,0,False,SCHEDULED,1631912400,HSL:4721_20210917_La_1_1427,721,HSL:4750207,Pentintie
45420,45420,0,45420,45420,0,False,SCHEDULED,1631912400,HSL:4624_20210917_La_2_1236,624,HSL:4750208,Kaukonkuja
45720,45781,61,45720,45781,61,True,UPDATED,1631912400,HSL:4721_20210917_La_2_1230,721,HSL:4750208,Kaukonkuja
47220,47220,0,47220,47220,0,False,SCHEDULED,1631912400,HSL:4624_20210917_La_2_1306,624,HSL:4750208,Kaukonkuja
47520,47520,0,47520,47520,0,False,SCHEDULED,1631912400,HSL:4721_20210917_La_2_1300,721,HSL:4750208,Kaukonkuja
49020,49020,0,49020,49020,0,False,SCHEDULED,1631912400,HSL:4624_20210917_La_2_1336,624,HSL:4750208,Kaukonkuja
46680,46702,22,46680,46709,29,True,UPDATED,1631912400,HSL:4624_20210917_La_1_1219,624,HSL:4750209,Nyyrikintie
46920,46920,0,46920,46920,0,False,SCHEDULED,1631912400,HSL:4721_20210917_La_1_1227,721,HSL:4750209,Nyyrikintie
48480,48480,0,48480,48480,0,False,SCHEDULED,1631912400,HSL:4624_20210917_La_1_1249,624,HSL:4750209,Nyyrikintie
48720,48720,0,48720,48720,0,False,SCHEDULED,1631912400,HSL:4721_20210917_La_1_1257,721,HSL:4750209,Nyyrikintie
50280,50280,0,50280,50280,0,False,SCHEDULED,1631912400,HSL:4624_20210917_La_1_1319,624,HSL:4750209,Nyyrikintie
46620,46731,111,46620,46738,118,True,UPDATED,1631912400,HSL:1066_20210917_La_1_1226,66,HSL:1351116,Kivimäki
47820,47820,0,47820,47820,0,False,SCHEDULED,1631912400,HSL:1066_20210917_La_1_1246,66,HSL:1351116,Kivimäki
49020,49020,0,49020,49020,0,False,SCHEDULED,1631912400,HSL:1066_20210917_La_1_1306,66,HSL:1351116,Kivimäki
50220,50220,0,50220,50220,0,False,SCHEDULED,1631912400,HSL:1066_20210917_La_1_1325,66,HSL:1351116,Kivimäki
51420,51420,0,51420,51420,0,False,SCHEDULED,1631912400,HSL:1066_20210917_La_1_1345,66,HSL:1351116,Kivimäki
45720,45720,0,45720,45720,0,True,UPDATED,1631912400,HSL:1066_20210917_La_2_1242,66,HSL:1351117,Kivimäki
46920,46920,0,46920,46920,0,False,SCHEDULED,1631912400,HSL:1066_20210917_La_2_1302,66,HSL:1351117,Kivimäki
48120,48120,0,48120,48120,0,False,SCHEDULED,1631912400,HSL:1066_20210917_La_2_1322,66,HSL:1351117,Kivimäki
49320,49320,0,49320,49320,0,False,SCHEDULED,1631912400,HSL:1066_20210917_La_2_1342,66,HSL:1351117,Kivimäki
50520,50520,0,50520,50520,0,False,SCHEDULED,1631912400,HSL:1066_20210917_La_2_1402,66,HSL:1351117,Kivimäki
46260,46260,0,46260,46260,0,False,SCHEDULED,1631912400,HSL:1067_20210917_La_2_1244,67,HSL:1351110,Raiviontie
47460,47460,0,47460,47460,0,False,SCHEDULED,1631912400,HSL:1067_20210917_La_2_1304,67,HSL:1351110,Raiviontie
48660,48660,0,48660,48660,0,False,SCHEDULED,1631912400,HSL:1067_20210917_La_2_1324,67,HSL:1351110,Raiviontie
49860,49860,0,49860,49860,0,False,SCHEDULED,1631912400,HSL:1067_20210917_La_2_1344,67,HSL:1351110,Raiviontie
51060,51060,0,51060,51060,0,False,SCHEDULED,1631912400,HSL:1067_20210917_La_2_1404,67,HSL:1351110,Raiviontie
46560,46655,95,46560,46660,100,True,UPDATED,1631912400,HSL:1066_20210917_La_1_1226,66,HSL:1351114,Repovuori
47760,47760,0,47760,47760,0,False,SCHEDULED,1631912400,HSL:1066_20210917_La_1_1246,66,HSL:1351114,Repovuori
48960,48960,0,48960,48960,0,False,SCHEDULED,1631912400,HSL:1066_20210917_La_1_1306,66,HSL:1351114,Repovuori
50160,50160,0,50160,50160,0,False,SCHEDULED,1631912400,HSL:1066_20210917_La_1_1325,66,HSL:1351114,Repovuori
51360,51360,0,51360,51360,0,False,SCHEDULED,1631912400,HSL:1066_20210917_La_1_1345,66,HSL:1351114,Repovuori
45780,45780,0,45780,45780,0,True,UPDATED,1631912400,HSL:1066_20210917_La_2_1242,66,HSL:1351115,Repovuori
46980,46980,0,46980,46980,0,False,SCHEDULED,1631912400,HSL:1066_20210917_La_2_1302,66,HSL:1351115,Repovuori
48180,48180,0,48180,48180,0,False,SCHEDULED,1631912400,HSL:1066_20210917_La_2_1322,66,HSL:1351115,Repovuori
49380,49380,0,49380,49380,0,False,SCHEDULED,1631912400,HSL:1066_20210917_La_2_1342,66,HSL:1351115,Repovuori
50580,50580,0,50580,50580,0,False,SCHEDULED,1631912400,HSL:1066_20210917_La_2_1402,66,HSL:1351115,Repovuori
45840,45830,-10,45840,45882,42,True,UPDATED,1631912400,HSL:1063_20210917_La_1_1206,63,HSL:1351112,Saramäentie
46380,46380,0,46380,46380,0,False,SCHEDULED,1631912400,HSL:1063_20210917_La_2_1253,63,HSL:1351112,Saramäentie
47040,47044,4,47040,47163,123,True,UPDATED,1631912400,HSL:1063_20210917_La_1_1226,63,HSL:1351112,Saramäentie
47580,47580,0,47580,47580,0,False,SCHEDULED,1631912400,HSL:1063_20210917_La_2_1313,63,HSL:1351112,Saramäentie
48240,48240,0,48240,48240,0,False,SCHEDULED,1631912400,HSL:1063_20210917_La_1_1246,63,HSL:1351112,Saramäentie
46500,46606,106,46500,46614,114,True,UPDATED,1631912400,HSL:1066_20210917_La_1_1226,66,HSL:1351113,Paloheinäntie
47700,47700,0,47700,47700,0,False,SCHEDULED,1631912400,HSL:1066_20210917_La_1_1246,66,HSL:1351113,Paloheinäntie
48900,48900,0,48900,48900,0,False,SCHEDULED,1631912400,HSL:1066_20210917_La_1_1306,66,HSL:1351113,Paloheinäntie
50100,50100,0,50100,50100,0,False,SCHEDULED,1631912400,HSL:1066_20210917_La_1_1325,66,HSL:1351113,Paloheinäntie
51300,51300,0,51300,51300,0,False,SCHEDULED,1631912400,HSL:1066_20210917_La_1_1345,66,HSL:1351113,Paloheinäntie
45480,45480,0,45480,45480,0,False,SCHEDULED,1631912400,HSL:4624_20210917_La_2_1236,624,HSL:4750210,Nyyrikintie
45780,45841,61,45780,45841,61,True,UPDATED,1631912400,HSL:4721_20210917_La_2_1230,721,HSL:4750210,Nyyrikintie
47280,47280,0,47280,47280,0,False,SCHEDULED,1631912400,HSL:4624_20210917_La_2_1306,624,HSL:4750210,Nyyrikintie
47580,47580,0,47580,47580,0,False,SCHEDULED,1631912400,HSL:4721_20210917_La_2_1300,721,HSL:4750210,Nyyrikintie
49080,49080,0,49080,49080,0,False,SCHEDULED,1631912400,HSL:4624_20210917_La_2_1336,624,HSL:4750210,Nyyrikintie
46620,46664,44,46620,46670,50,True,UPDATED,1631912400,HSL:4624_20210917_La_1_1219,624,HSL:4750211,Tapiontie
46860,46860,0,46860,46860,0,False,SCHEDULED,1631912400,HSL:4721_20210917_La_1_1227,721,HSL:4750211,Tapiontie
48420,48420,0,48420,48420,0,False,SCHEDULED,1631912400,HSL:4624_20210917_La_1_1249,624,HSL:4750211,Tapiontie
48660,48660,0,48660,48660,0,False,SCHEDULED,1631912400,HSL:4721_20210917_La_1_1257,721,HSL:4750211,Tapiontie
50220,50220,0,50220,50220,0,False,SCHEDULED,1631912400,HSL:4624_20210917_La_1_1319,624,HSL:4750211,Tapiontie
45480,45480,0,45480,45480,0,False,SCHEDULED,1631912400,HSL:4624_20210917_La_2_1236,624,HSL:4750212,Tapiontie
45780,45841,61,45780,45841,61,True,UPDATED,1631912400,HSL:4721_20210917_La_2_1230,721,HSL:4750212,Tapiontie
47280,47280,0,47280,47280,0,False,SCHEDULED,1631912400,HSL:4624_20210917_La_2_1306,624,HSL:4750212,Tapiontie
47580,47580,0,47580,47580,0,False,SCHEDULED,1631912400,HSL:4721_20210917_La_2_1300,721,HSL:4750212,Tapiontie
49080,49080,0,49080,49080,0,False,SCHEDULED,1631912400,HSL:4624_20210917_La_2_1336,624,HSL:4750212,Tapiontie
46680,46716,36,46680,46717,37,True,UPDATED,1631912400,HSL:4624_20210917_La_1_1219,624,HSL:4750213,Kaukonkuja
46980,46980,0,46980,46980,0,False,SCHEDULED,1631912400,HSL:4721_20210917_La_1_1227,721,HSL:4750213,Kaukonkuja
48480,48480,0,48480,48480,0,False,SCHEDULED,1631912400,HSL:4624_20210917_La_1_1249,624,HSL:4750213,Kaukonkuja
48780,48780,0,48780,48780,0,False,SCHEDULED,1631912400,HSL:4721_20210917_La_1_1257,721,HSL:4750213,Kaukonkuja
50280,50280,0,50280,50280,0,False,SCHEDULED,1631912400,HSL:4624_20210917_La_1_1319,624,HSL:4750213,Kaukonkuja
46980,46980,0,46980,46980,0,False,SCHEDULED,1631912400,HSL:4721_20210917_La_1_1227,721,HSL:4750214,Päiväkummuntie
48780,48780,0,48780,48780,0,False,SCHEDULED,1631912400,HSL:4721_20210917_La_1_1257,721,HSL:4750214,Päiväkummuntie
50580,50580,0,50580,50580,0,False,SCHEDULED,1631912400,HSL:4721_20210917_La_1_1327,721,HSL:4750214,Päiväkummuntie
52380,52380,0,52380,52380,0,False,SCHEDULED,1631912400,HSL:4721_20210917_La_1_1357,721,HSL:4750214,Päiväkummuntie
54240,54240,0,54240,54240,0,False,SCHEDULED,1631912400,HSL:4721_20210917_La_1_1427,721,HSL:4750214,Päiväkummuntie
45600,45661,61,45600,45661,61,True,UPDATED,1631912400,HSL:4721_20210917_La_2_1230,721,HSL:4750215,Yrjänänkuja
47400,47400,0,47400,47400,0,False,SCHEDULED,1631912400,HSL:4721_20210917_La_2_1300,721,HSL:4750215,Yrjänänkuja
49200,49200,0,49200,49200,0,False,SCHEDULED,1631912400,HSL:4721_20210917_La_2_1330,721,HSL:4750215,Yrjänänkuja
51000,51000,0,51000,51000,0,False,SCHEDULED,1631912400,HSL:4721_20210917_La_2_1400,721,HSL:4750215,Yrjänänkuja
52800,52800,0,52800,52800,0,False,SCHEDULED,1631912400,HSL:4721_20210917_La_2_1430,721,HSL:4750215,Yrjänänkuja
47040,47040,0,47040,47040,0,False,SCHEDULED,1631912400,HSL:4721_20210917_La_1_1227,721,HSL:4750216,Yrjänänkuja
48840,48840,0,48840,48840,0,False,SCHEDULED,1631912400,HSL:4721_20210917_La_1_1257,721,HSL:4750216,Yrjänänkuja
50640,50640,0,50640,50640,0,False,SCHEDULED,1631912400,HSL:4721_20210917_La_1_1327,721,HSL:4750216,Yrjänänkuja
52440,52440,0,52440,52440,0,False,SCHEDULED,1631912400,HSL:4721_20210917_La_1_1357,721,HSL:4750216,Yrjänänkuja
54300,54300,0,54300,54300,0,False,SCHEDULED,1631912400,HSL:4721_20210917_La_1_1427,721,HSL:4750216,Yrjänänkuja
45420,45415,-5,45420,45469,49,True,UPDATED,1631912400,HSL:1077_20210917_La_2_1221,77,HSL:1363101,Viikki
45540,45637,97,45540,45637,97,True,UPDATED,1631912400,HSL:1074_20210917_La_2_1212,74,HSL:1363101,Viikki
46140,46191,51,46140,46191,51,True,UPDATED,1631912400,HSL:1073_20210917_La_2_1221,73,HSL:1363101,Viikki
46620,46620,0,46620,46620,0,False,SCHEDULED,1631912400,HSL:1077_20210917_La_2_1241,77,HSL:1363101,Viikki
46740,46764,24,46740,46773,33,True,UPDATED,1631912400,HSL:1074_20210917_La_2_1232,74,HSL:1363101,Viikki
45360,45360,0,45360,45360,0,False,SCHEDULED,1631912400,HSL:4624_20210917_La_2_1236,624,HSL:4750217,Päiväkummuntie
45660,45721,61,45660,45721,61,True,UPDATED,1631912400,HSL:4721_20210917_La_2_1230,721,HSL:4750217,Päiväkummuntie
47160,47160,0,47160,47160,0,False,SCHEDULED,1631912400,HSL:4624_20210917_La_2_1306,624,HSL:4750217,Päiväkummuntie
47460,47460,0,47460,47460,0,False,SCHEDULED,1631912400,HSL:4721_20210917_La_2_1300,721,HSL:4750217,Päiväkummuntie
48960,48960,0,48960,48960,0,False,SCHEDULED,1631912400,HSL:4624_20210917_La_2_1336,624,HSL:4750217,Päiväkummuntie
45600,45661,61,45600,45661,61,True,UPDATED,1631912400,HSL:4721_20210917_La_2_1230,721,HSL:4750219,Ylermintie
47400,47400,0,47400,47400,0,False,SCHEDULED,1631912400,HSL:4721_20210917_La_2_1300,721,HSL:4750219,Ylermintie
49200,49200,0,49200,49200,0,False,SCHEDULED,1631912400,HSL:4721_20210917_La_2_1330,721,HSL:4750219,Ylermintie
51000,51000,0,51000,51000,0,False,SCHEDULED,1631912400,HSL:4721_20210917_La_2_1400,721,HSL:4750219,Ylermintie
52800,52800,0,52800,52800,0,False,SCHEDULED,1631912400,HSL:4721_20210917_La_2_1430,721,HSL:4750219,Ylermintie
45420,45420,0,45420,45420,0,True,UPDATED,1631912400,HSL:2245A_20210917_La_2_1234,245A,HSL:2644204,Högbacka
47220,47220,0,47220,47220,0,False,SCHEDULED,1631912400,HSL:2245A_20210917_La_2_1304,245A,HSL:2644204,Högbacka
49080,49080,0,49080,49080,0,False,SCHEDULED,1631912400,HSL:2245A_20210917_La_2_1335,245A,HSL:2644204,Högbacka
50820,50820,0,50820,50820,0,False,SCHEDULED,1631912400,HSL:2245A_20210917_La_2_1404,245A,HSL:2644204,Högbacka
52680,52680,0,52680,52680,0,False,SCHEDULED,1631912400,HSL:2245A_20210917_La_2_1435,245A,HSL:2644204,Högbacka
46680,46715,35,46680,46718,38,True,UPDATED,1631912400,HSL:2245A_20210917_La_1_1225,245A,HSL:2644205,Kattilantie 39
48540,48540,0,48540,48540,0,False,SCHEDULED,1631912400,HSL:2245A_20210917_La_1_1256,245A,HSL:2644205,Kattilantie 39
50280,50280,0,50280,50280,0,False,SCHEDULED,1631912400,HSL:2245A_20210917_La_1_1325,245A,HSL:2644205,Kattilantie 39
52140,52140,0,52140,52140,0,False,SCHEDULED,1631912400,HSL:2245A_20210917_La_1_1356,245A,HSL:2644205,Kattilantie 39
53880,53880,0,53880,53880,0,False,SCHEDULED,1631912400,HSL:2245A_20210917_La_1_1425,245A,HSL:2644205,Kattilantie 39
46620,46640,20,46620,46640,20,True,UPDATED,1631912400,HSL:2245A_20210917_La_1_1225,245A,HSL:2644203,Högbacka
48480,48480,0,48480,48480,0,False,SCHEDULED,1631912400,HSL:2245A_20210917_La_1_1256,245A,HSL:2644203,Högbacka
50220,50220,0,50220,50220,0,False,SCHEDULED,1631912400,HSL:2245A_20210917_La_1_1325,245A,HSL:2644203,Högbacka
52080,52080,0,52080,52080,0,False,SCHEDULED,1631912400,HSL:2245A_20210917_La_1_1356,245A,HSL:2644203,Högbacka
53820,53820,0,53820,53820,0,False,SCHEDULED,1631912400,HSL:2245A_20210917_La_1_1425,245A,HSL:2644203,Högbacka
45360,45360,0,45360,45360,0,True,UPDATED,1631912400,HSL:2245A_20210917_La_2_1234,245A,HSL:2644206,Kattilantie 39
47160,47160,0,47160,47160,0,False,SCHEDULED,1631912400,HSL:2245A_20210917_La_2_1304,245A,HSL:2644206,Kattilantie 39
49020,49020,0,49020,49020,0,False,SCHEDULED,1631912400,HSL:2245A_20210917_La_2_1335,245A,HSL:2644206,Kattilantie 39
50760,50760,0,50760,50760,0,False,SCHEDULED,1631912400,HSL:2245A_20210917_La_2_1404,245A,HSL:2644206,Kattilantie 39
52620,52620,0,52620,52620,0,False,SCHEDULED,1631912400,HSL:2245A_20210917_La_2_1435,245A,HSL:2644206,Kattilantie 39
47040,47040,0,47040,47040,0,False,SCHEDULED,1631912400,HSL:4721_20210917_La_1_1227,721,HSL:4750220,Ylermintie
48840,48840,0,48840,48840,0,False,SCHEDULED,1631912400,HSL:4721_20210917_La_1_1257,721,HSL:4750220,Ylermintie
50640,50640,0,50640,50640,0,False,SCHEDULED,1631912400,HSL:4721_20210917_La_1_1327,721,HSL:4750220,Ylermintie
52440,52440,0,52440,52440,0,False,SCHEDULED,1631912400,HSL:4721_20210917_La_1_1357,721,HSL:4750220,Ylermintie
54300,54300,0,54300,54300,0,False,SCHEDULED,1631912400,HSL:4721_20210917_La_1_1427,721,HSL:4750220,Ylermintie
45540,45601,61,45540,45601,61,True,UPDATED,1631912400,HSL:4721_20210917_La_2_1230,721,HSL:4750221,Kyllikintie
47340,47340,0,47340,47340,0,False,SCHEDULED,1631912400,HSL:4721_20210917_La_2_1300,721,HSL:4750221,Kyllikintie
49140,49140,0,49140,49140,0,False,SCHEDULED,1631912400,HSL:4721_20210917_La_2_1330,721,HSL:4750221,Kyllikintie
50940,50940,0,50940,50940,0,False,SCHEDULED,1631912400,HSL:4721_20210917_La_2_1400,721,HSL:4750221,Kyllikintie
52740,52740,0,52740,52740,0,False,SCHEDULED,1631912400,HSL:4721_20210917_La_2_1430,721,HSL:4750221,Kyllikintie
46740,46764,24,46740,46771,31,True,UPDATED,1631912400,HSL:4624_20210917_La_1_1219,624,HSL:4750222,Päiväkummuntie
46980,46980,0,46980,46980,0,False,SCHEDULED,1631912400,HSL:4721_20210917_La_1_1227,721,HSL:4750222,Päiväkummuntie
48540,48540,0,48540,48540,0,False,SCHEDULED,1631912400,HSL:4624_20210917_La_1_1249,624,HSL:4750222,Päiväkummuntie
48780,48780,0,48780,48780,0,False,SCHEDULED,1631912400,HSL:4721_20210917_La_1_1257,721,HSL:4750222,Päiväkummuntie
50340,50340,0,50340,50340,0,False,SCHEDULED,1631912400,HSL:4624_20210917_La_1_1319,624,HSL:4750222,Päiväkummuntie
46800,46780,-20,46800,46780,-20,True,UPDATED,1631912400,HSL:2245A_20210917_La_1_1225,245A,HSL:2644201,Kattila
47040,47040,0,47040,47040,0,False,SCHEDULED,1631912400,HSL:2245A_20210917_La_2_1304,245A,HSL:2644201,Kattila
48660,48660,0,48660,48660,0,False,SCHEDULED,1631912400,HSL:2245A_20210917_La_1_1256,245A,HSL:2644201,Kattila
48900,48900,0,48900,48900,0,False,SCHEDULED,1631912400,HSL:2245A_20210917_La_2_1335,245A,HSL:2644201,Kattila
50400,50400,0,50400,50400,0,False,SCHEDULED,1631912400,HSL:2245A_20210917_La_1_1325,245A,HSL:2644201,Kattila
45540,45603,63,45540,45609,69,True,UPDATED,1631912400,HSL:4560_20210917_La_2_1225,560,HSL:1351132,Sysiniitty
46140,46140,0,46140,46140,0,False,SCHEDULED,1631912400,HSL:4560_20210917_La_2_1235,560,HSL:1351132,Sysiniitty
46740,46740,0,46740,46740,0,False,SCHEDULED,1631912400,HSL:4560_20210917_La_2_1245,560,HSL:1351132,Sysiniitty
47340,47340,0,47340,47340,0,False,SCHEDULED,1631912400,HSL:4560_20210917_La_2_1255,560,HSL:1351132,Sysiniitty
47940,47940,0,47940,47940,0,False,SCHEDULED,1631912400,HSL:4560_20210917_La_2_1305,560,HSL:1351132,Sysiniitty
45900,45900,0,45900,45900,0,False,SCHEDULED,1631912400,HSL:7465_20210917_La_2_1245,465,HSL:4310211,Sompiontie
53400,53400,0,53400,53400,0,False,SCHEDULED,1631912400,HSL:7465_20210917_La_2_1450,465,HSL:4310211,Sompiontie
68700,68700,0,68700,68700,0,False,SCHEDULED,1631912400,HSL:7465_20210917_La_2_1905,465,HSL:4310211,Sompiontie
48120,48120,0,48120,48120,0,False,SCHEDULED,1631912400,HSL:9665K_20210917_La_2_1248,665K,HSL:9506002,Kallio-Kuninkala
51720,51720,0,51720,51720,0,False,SCHEDULED,1631912400,HSL:9665K_20210917_La_2_1348,665K,HSL:9506002,Kallio-Kuninkala
55320,55320,0,55320,55320,0,False,SCHEDULED,1631912400,HSL:9665K_20210917_La_2_1448,665K,HSL:9506002,Kallio-Kuninkala
58920,58920,0,58920,58920,0,False,SCHEDULED,1631912400,HSL:9665K_20210917_La_2_1548,665K,HSL:9506002,Kallio-Kuninkala
62520,62520,0,62520,62520,0,False,SCHEDULED,1631912400,HSL:9665K_20210917_La_2_1649,665K,HSL:9506002,Kallio-Kuninkala
50820,50820,0,50820,50820,0,False,SCHEDULED,1631912400,HSL:7465_20210917_La_1_1335,465,HSL:4310212,Sompiontie
58620,58620,0,58620,58620,0,False,SCHEDULED,1631912400,HSL:7465_20210917_La_1_1545,465,HSL:4310212,Sompiontie
73620,73620,0,73620,73620,0,False,SCHEDULED,1631912400,HSL:7465_20210917_La_1_1955,465,HSL:4310212,Sompiontie
46020,46020,0,46020,46020,0,False,SCHEDULED,1631912400,HSL:7465_20210917_La_2_1245,465,HSL:4310213,Klaukkalantie
47040,47040,0,47040,47040,0,False,SCHEDULED,1631912400,HSL:7455A_20210917_La_2_1303,455A,HSL:4310213,Klaukkalantie
50040,50040,0,50040,50040,0,False,SCHEDULED,1631912400,HSL:7455A_20210917_La_2_1353,455A,HSL:4310213,Klaukkalantie
52740,52740,0,52740,52740,0,False,SCHEDULED,1631912400,HSL:7457_20210917_La_2_1438,457,HSL:4310213,Klaukkalantie
53520,53520,0,53520,53520,0,False,SCHEDULED,1631912400,HSL:7465_20210917_La_2_1450,465,HSL:4310213,Klaukkalantie
46740,46740,0,46740,46740,0,False,SCHEDULED,1631912400,HSL:7456A_20210917_La_1_1230,456A,HSL:4310214,Klaukkalantie
47700,47700,0,47700,47700,0,False,SCHEDULED,1631912400,HSL:7455A_20210917_La_1_1245,455A,HSL:4310214,Klaukkalantie
51900,51900,0,51900,51900,0,False,SCHEDULED,1631912400,HSL:7457A_20210917_La_1_1355,457A,HSL:4310214,Klaukkalantie
54840,54840,0,54840,54840,0,False,SCHEDULED,1631912400,HSL:7455_20210917_La_1_1445,455,HSL:4310214,Klaukkalantie
57240,57240,0,57240,57240,0,False,SCHEDULED,1631912400,HSL:7456_20210917_La_1_1525,456,HSL:4310214,Klaukkalantie
45360,45354,-6,45360,45358,-2,True,UPDATED,1631912400,HSL:9978_20210917_La_1_1233,978,HSL:9050209,Levonmäentie
47160,47160,0,47160,47160,0,False,SCHEDULED,1631912400,HSL:9978_20210917_La_1_1303,978,HSL:9050209,Levonmäentie
49140,49140,0,49140,49140,0,False,SCHEDULED,1631912400,HSL:9978K_20210917_La_1_1333,978K,HSL:9050209,Levonmäentie
50760,50760,0,50760,50760,0,False,SCHEDULED,1631912400,HSL:9978_20210917_La_1_1403,978,HSL:9050209,Levonmäentie
52740,52740,0,52740,52740,0,False,SCHEDULED,1631912400,HSL:9978K_20210917_La_1_1433,978K,HSL:9050209,Levonmäentie
46260,46260,0,46260,46260,0,False,SCHEDULED,1631912400,HSL:9978_20210917_La_2_1241,978,HSL:9050208,Levonmäentie
48060,48060,0,48060,48060,0,False,SCHEDULED,1631912400,HSL:9978K_20210917_La_2_1311,978K,HSL:9050208,Levonmäentie
49920,49920,0,49920,49920,0,False,SCHEDULED,1631912400,HSL:9978_20210917_La_2_1341,978,HSL:9050208,Levonmäentie
51660,51660,0,51660,51660,0,False,SCHEDULED,1631912400,HSL:9978K_20210917_La_2_1411,978K,HSL:9050208,Levonmäentie
53520,53520,0,53520,53520,0,False,SCHEDULED,1631912400,HSL:9978_20210917_La_2_1441,978,HSL:9050208,Levonmäentie
50760,50760,0,50760,50760,0,False,SCHEDULED,1631912400,HSL:7465_20210917_La_1_1335,465,HSL:4310210,Mäkimatintie
58560,58560,0,58560,58560,0,False,SCHEDULED,1631912400,HSL:7465_20210917_La_1_1545,465,HSL:4310210,Mäkimatintie
73560,73560,0,73560,73560,0,False,SCHEDULED,1631912400,HSL:7465_20210917_La_1_1955,465,HSL:4310210,Mäkimatintie
81840,81840,0,81840,81840,0,False,SCHEDULED,1631912400,HSL:9633N_20210917_La_2_2233,633N,HSL:9050205,Keinukalliontie
85440,85440,0,85440,85440,0,False,SCHEDULED,1631912400,HSL:9633N_20210917_La_2_2333,633N,HSL:9050205,Keinukalliontie
89340,89340,0,89340,89340,0,False,SCHEDULED,1631912400,HSL:9633N_20210917_La_2_2438,633N,HSL:9050205,Keinukalliontie
93360,93360,0,93360,93360,0,False,SCHEDULED,1631912400,HSL:9633N_20210917_La_2_2546,633N,HSL:9050205,Keinukalliontie
96960,96960,0,96960,96960,0,False,SCHEDULED,1631912400,HSL:9633N_20210917_La_2_2646,633N,HSL:9050205,Keinukalliontie
45300,45283,-17,45300,45314,14,True,UPDATED,1631912400,HSL:9978_20210917_La_1_1233,978,HSL:9050206,Keinukalliontie
47100,47100,0,47100,47100,0,False,SCHEDULED,1631912400,HSL:9978_20210917_La_1_1303,978,HSL:9050206,Keinukalliontie
49080,49080,0,49080,49080,0,False,SCHEDULED,1631912400,HSL:9978K_20210917_La_1_1333,978K,HSL:9050206,Keinukalliontie
50700,50700,0,50700,50700,0,False,SCHEDULED,1631912400,HSL:9978_20210917_La_1_1403,978,HSL:9050206,Keinukalliontie
52680,52680,0,52680,52680,0,False,SCHEDULED,1631912400,HSL:9978K_20210917_La_1_1433,978K,HSL:9050206,Keinukalliontie
47040,47040,0,47040,47040,0,False,SCHEDULED,1631912400,HSL:7455A_20210917_La_2_1303,455A,HSL:4310215,Mäntylä
50040,50040,0,50040,50040,0,False,SCHEDULED,1631912400,HSL:7455A_20210917_La_2_1353,455A,HSL:4310215,Mäntylä
52680,52680,0,52680,52680,0,False,SCHEDULED,1631912400,HSL:7457_20210917_La_2_1438,457,HSL:4310215,Mäntylä
56400,56400,0,56400,56400,0,False,SCHEDULED,1631912400,HSL:7457A_20210917_La_2_1539,457A,HSL:4310215,Mäntylä
59100,59100,0,59100,59100,0,False,SCHEDULED,1631912400,HSL:7455_20210917_La_2_1624,455,HSL:4310215,Mäntylä
46200,46286,86,46200,46328,128,True,UPDATED,1631912400,HSL:9985_20210917_La_1_1228,985,HSL:9050201,Annantie
50220,50220,0,50220,50220,0,False,SCHEDULED,1631912400,HSL:9985_20210917_La_1_1335,985,HSL:9050201,Annantie
53820,53820,0,53820,53820,0,False,SCHEDULED,1631912400,HSL:9985_20210917_La_1_1435,985,HSL:9050201,Annantie
57420,57420,0,57420,57420,0,False,SCHEDULED,1631912400,HSL:9985_20210917_La_1_1535,985,HSL:9050201,Annantie
61020,61020,0,61020,61020,0,False,SCHEDULED,1631912400,HSL:9985_20210917_La_1_1635,985,HSL:9050201,Annantie
46800,46800,0,46800,46800,0,False,SCHEDULED,1631912400,HSL:7456A_20210917_La_1_1230,456A,HSL:4310216,Mäntylä
47700,47700,0,47700,47700,0,False,SCHEDULED,1631912400,HSL:7455A_20210917_La_1_1245,455A,HSL:4310216,Mäntylä
51900,51900,0,51900,51900,0,False,SCHEDULED,1631912400,HSL:7457A_20210917_La_1_1355,457A,HSL:4310216,Mäntylä
54900,54900,0,54900,54900,0,False,SCHEDULED,1631912400,HSL:7455_20210917_La_1_1445,455,HSL:4310216,Mäntylä
57300,57300,0,57300,57300,0,False,SCHEDULED,1631912400,HSL:7456_20210917_La_1_1525,456,HSL:4310216,Mäntylä
50700,50700,0,50700,50700,0,False,SCHEDULED,1631912400,HSL:7465_20210917_La_1_1335,465,HSL:4310218,Klaukkalantie
58500,58500,0,58500,58500,0,False,SCHEDULED,1631912400,HSL:7465_20210917_La_1_1545,465,HSL:4310218,Klaukkalantie
73500,73500,0,73500,73500,0,False,SCHEDULED,1631912400,HSL:7465_20210917_La_1_1955,465,HSL:4310218,Klaukkalantie
45780,45780,0,45780,45780,0,False,SCHEDULED,1631912400,HSL:2143_20210917_La_2_1241,143,HSL:2415266,Verkkosaarenkuja
46680,46680,0,46680,46680,0,False,SCHEDULED,1631912400,HSL:2143_20210917_La_2_1256,143,HSL:2415266,Verkkosaarenkuja
47580,47580,0,47580,47580,0,False,SCHEDULED,1631912400,HSL:2143_20210917_La_2_1311,143,HSL:2415266,Verkkosaarenkuja
48480,48480,0,48480,48480,0,False,SCHEDULED,1631912400,HSL:2143_20210917_La_2_1326,143,HSL:2415266,Verkkosaarenkuja
49380,49380,0,49380,49380,0,False,SCHEDULED,1631912400,HSL:2143_20210917_La_2_1341,143,HSL:2415266,Verkkosaarenkuja
46200,46200,0,46200,46200,0,False,SCHEDULED,1631912400,HSL:9978_20210917_La_2_1241,978,HSL:9050210,Auratie
48000,48000,0,48000,48000,0,False,SCHEDULED,1631912400,HSL:9978K_20210917_La_2_1311,978K,HSL:9050210,Auratie
49860,49860,0,49860,49860,0,False,SCHEDULED,1631912400,HSL:9978_20210917_La_2_1341,978,HSL:9050210,Auratie
51600,51600,0,51600,51600,0,False,SCHEDULED,1631912400,HSL:9978K_20210917_La_2_1411,978K,HSL:9050210,Auratie
53460,53460,0,53460,53460,0,False,SCHEDULED,1631912400,HSL:9978_20210917_La_2_1441,978,HSL:9050210,Auratie
45960,45960,0,45960,45960,0,True,UPDATED,1631912400,HSL:1003_20210917_La_2_1241,3,HSL:1171442,Auroran sairaala
46080,46013,-67,46080,46024,-56,True,UPDATED,1631912400,HSL:1002_20210917_La_1_1223,2,HSL:1171442,Auroran sairaala
46680,46680,0,46680,46680,0,False,SCHEDULED,1631912400,HSL:1003_20210917_La_2_1253,3,HSL:1171442,Auroran sairaala
46800,46800,0,46800,46800,0,True,UPDATED,1631912400,HSL:1002_20210917_La_1_1235,2,HSL:1171442,Auroran sairaala
47400,47400,0,47400,47400,0,False,SCHEDULED,1631912400,HSL:1003_20210917_La_2_1305,3,HSL:1171442,Auroran sairaala
46200,46190,-10,46200,46245,45,True,UPDATED,1631912400,HSL:2143_20210917_La_1_1231,143,HSL:2415264,Ampujanmäki
47100,47100,0,47100,47100,0,False,SCHEDULED,1631912400,HSL:2143_20210917_La_1_1246,143,HSL:2415264,Ampujanmäki
48000,48000,0,48000,48000,0,False,SCHEDULED,1631912400,HSL:2143_20210917_La_1_1301,143,HSL:2415264,Ampujanmäki
48900,48900,0,48900,48900,0,False,SCHEDULED,1631912400,HSL:2143_20210917_La_1_1316,143,HSL:2415264,Ampujanmäki
49800,49800,0,49800,49800,0,False,SCHEDULED,1631912400,HSL:2143_20210917_La_1_1331,143,HSL:2415264,Ampujanmäki
45720,45720,0,45720,45720,0,False,SCHEDULED,1631912400,HSL:1008X_20210917_La_1_1227,8X,HSL:1230109,Kumpulan kampus
45480,45781,301,45480,45809,329,True,UPDATED,1631912400,HSL:1055_20210917_La_1_1220,55,HSL:1230109,Kumpulan kampus
45720,45842,122,45720,45842,122,True,UPDATED,1631912400,HSL:1071_20210917_La_1_1228,71,HSL:1230109,Kumpulan kampus
45660,45935,275,45660,45955,295,True,UPDATED,1631912400,HSL:1506_20210917_La_2_1214,506,HSL:1230109,Kumpulan kampus
46320,46320,0,46320,46320,0,False,SCHEDULED,1631912400,HSL:1071_20210917_La_1_1238,71,HSL:1230109,Kumpulan kampus
45300,45315,15,45300,45338,38,True,UPDATED,1631912400,HSL:1003_20210917_La_2_1229,3,HSL:1171444,Eläintarha
46020,46020,0,46020,46020,0,True,UPDATED,1631912400,HSL:1003_20210917_La_2_1241,3,HSL:1171444,Eläintarha
46740,46740,0,46740,46740,0,False,SCHEDULED,1631912400,HSL:1003_20210917_La_2_1253,3,HSL:1171444,Eläintarha
47460,47460,0,47460,47460,0,False,SCHEDULED,1631912400,HSL:1003_20210917_La_2_1305,3,HSL:1171444,Eläintarha
48180,48180,0,48180,48180,0,False,SCHEDULED,1631912400,HSL:1003_20210917_La_2_1317,3,HSL:1171444,Eläintarha
45720,45720,0,45720,45720,0,False,SCHEDULED,1631912400,HSL:2143_20210917_La_2_1241,143,HSL:2415263,Ampujanmäki
46620,46620,0,46620,46620,0,False,SCHEDULED,1631912400,HSL:2143_20210917_La_2_1256,143,HSL:2415263,Ampujanmäki
47520,47520,0,47520,47520,0,False,SCHEDULED,1631912400,HSL:2143_20210917_La_2_1311,143,HSL:2415263,Ampujanmäki
48420,48420,0,48420,48420,0,False,SCHEDULED,1631912400,HSL:2143_20210917_La_2_1326,143,HSL:2415263,Ampujanmäki
49320,49320,0,49320,49320,0,False,SCHEDULED,1631912400,HSL:2143_20210917_La_2_1341,143,HSL:2415263,Ampujanmäki
45300,45446,146,45300,45472,172,True,UPDATED,1631912400,HSL:1003_20210917_La_1_1204,3,HSL:1171445,Eläintarha
46020,46079,59,46020,46102,82,True,UPDATED,1631912400,HSL:1003_20210917_La_1_1216,3,HSL:1171445,Eläintarha
46740,46787,47,46740,46816,76,True,UPDATED,1631912400,HSL:1003_20210917_La_1_1228,3,HSL:1171445,Eläintarha
47460,47460,0,47460,47460,0,False,SCHEDULED,1631912400,HSL:1003_20210917_La_1_1240,3,HSL:1171445,Eläintarha
48180,48180,0,48180,48180,0,False,SCHEDULED,1631912400,HSL:1003_20210917_La_1_1252,3,HSL:1171445,Eläintarha
45360,45347,-13,45360,45365,5,True,UPDATED,1631912400,HSL:1055_20210917_La_2_1229,55,HSL:1230101,Kaironkatu
45720,45707,-13,45720,45732,12,True,UPDATED,1631912400,HSL:1071_20210917_La_2_1222,71,HSL:1230101,Kaironkatu
46200,46204,4,46200,46230,30,True,UPDATED,1631912400,HSL:1506_20210917_La_1_1230,506,HSL:1230101,Kaironkatu
46260,46260,0,46260,46260,0,False,SCHEDULED,1631912400,HSL:1055_20210917_La_2_1244,55,HSL:1230101,Kaironkatu
46320,46323,3,46320,46344,24,True,UPDATED,1631912400,HSL:1071_20210917_La_2_1232,71,HSL:1230101,Kaironkatu
45360,45317,-43,45360,45317,-43,True,UPDATED,1631912400,HSL:1071_20210917_La_1_1218,71,HSL:1230102,Kaironkatu
45660,45961,301,45660,45969,309,True,UPDATED,1631912400,HSL:1055_20210917_La_1_1220,55,HSL:1230102,Kaironkatu
45960,46063,103,45960,46063,103,True,UPDATED,1631912400,HSL:1071_20210917_La_1_1228,71,HSL:1230102,Kaironkatu
45900,46122,222,45900,46133,233,True,UPDATED,1631912400,HSL:1506_20210917_La_2_1214,506,HSL:1230102,Kaironkatu
46560,46560,0,46560,46560,0,False,SCHEDULED,1631912400,HSL:1055_20210917_La_1_1235,55,HSL:1230102,Kaironkatu
45420,45387,-33,45420,45443,23,True,UPDATED,1631912400,HSL:1055_20210917_La_2_1229,55,HSL:1230103,Arabia
45780,45755,-25,45780,45774,-6,True,UPDATED,1631912400,HSL:1071_20210917_La_2_1222,71,HSL:1230103,Arabia
46320,46320,0,46320,46320,0,False,SCHEDULED,1631912400,HSL:1055_20210917_La_2_1244,55,HSL:1230103,Arabia
46260,46262,2,46320,46331,11,True,UPDATED,1631912400,HSL:1506_20210917_La_1_1230,506,HSL:1230103,Arabia
46380,46380,0,46380,46393,13,True,UPDATED,1631912400,HSL:1071_20210917_La_2_1232,71,HSL:1230103,Arabia
45840,45840,0,45840,45840,0,False,SCHEDULED,1631912400,HSL:1008X_20210917_La_1_1227,8X,HSL:1230104,Arabia
45600,45904,304,45600,45914,314,True,UPDATED,1631912400,HSL:1055_20210917_La_1_1220,55,HSL:1230104,Arabia
45840,45990,150,45900,45990,90,True,UPDATED,1631912400,HSL:1071_20210917_La_1_1228,71,HSL:1230104,Arabia
45780,46071,291,45840,46084,244,True,UPDATED,1631912400,HSL:1506_20210917_La_2_1214,506,HSL:1230104,Arabia
46500,46500,0,46500,46500,0,False,SCHEDULED,1631912400,HSL:1055_20210917_La_1_1235,55,HSL:1230104,Arabia
46080,46080,0,46080,46080,0,False,SCHEDULED,1631912400,HSL:9978_20210917_La_2_1241,978,HSL:9050216,Terästie
47880,47880,0,47880,47880,0,False,SCHEDULED,1631912400,HSL:9978K_20210917_La_2_1311,978K,HSL:9050216,Terästie
49740,49740,0,49740,49740,0,False,SCHEDULED,1631912400,HSL:9978_20210917_La_2_1341,978,HSL:9050216,Terästie
51540,51540,0,51540,51540,0,False,SCHEDULED,1631912400,HSL:9978K_20210917_La_2_1411,978K,HSL:9050216,Terästie
53340,53340,0,53340,53340,0,False,SCHEDULED,1631912400,HSL:9978_20210917_La_2_1441,978,HSL:9050216,Terästie
45960,45960,0,45960,45960,0,False,SCHEDULED,1631912400,HSL:7465_20210917_La_2_1245,465,HSL:4310209,Mäkimatintie
53460,53460,0,53460,53460,0,False,SCHEDULED,1631912400,HSL:7465_20210917_La_2_1450,465,HSL:4310209,Mäkimatintie
68760,68760,0,68760,68760,0,False,SCHEDULED,1631912400,HSL:7465_20210917_La_2_1905,465,HSL:4310209,Mäkimatintie
45480,45470,-10,45480,45472,-8,True,UPDATED,1631912400,HSL:9978_20210917_La_1_1233,978,HSL:9050215,Sysitie
47280,47280,0,47280,47280,0,False,SCHEDULED,1631912400,HSL:9978_20210917_La_1_1303,978,HSL:9050215,Sysitie
49260,49260,0,49260,49260,0,False,SCHEDULED,1631912400,HSL:9978K_20210917_La_1_1333,978K,HSL:9050215,Sysitie
50880,50880,0,50880,50880,0,False,SCHEDULED,1631912400,HSL:9978_20210917_La_1_1403,978,HSL:9050215,Sysitie
52860,52860,0,52860,52860,0,False,SCHEDULED,1631912400,HSL:9978K_20210917_La_1_1433,978K,HSL:9050215,Sysitie
45540,45501,-39,45540,45506,-34,True,UPDATED,1631912400,HSL:9978_20210917_La_1_1233,978,HSL:9050217,Terästie
47340,47340,0,47340,47340,0,False,SCHEDULED,1631912400,HSL:9978_20210917_La_1_1303,978,HSL:9050217,Terästie
49320,49320,0,49320,49320,0,False,SCHEDULED,1631912400,HSL:9978K_20210917_La_1_1333,978K,HSL:9050217,Terästie
50940,50940,0,50940,50940,0,False,SCHEDULED,1631912400,HSL:9978_20210917_La_1_1403,978,HSL:9050217,Terästie
52920,52920,0,52920,52920,0,False,SCHEDULED,1631912400,HSL:9978K_20210917_La_1_1433,978K,HSL:9050217,Terästie
46200,46200,0,46200,46200,0,False,SCHEDULED,1631912400,HSL:9978_20210917_La_2_1241,978,HSL:9050212,Sorsakorventie
48000,48000,0,48000,48000,0,False,SCHEDULED,1631912400,HSL:9978K_20210917_La_2_1311,978K,HSL:9050212,Sorsakorventie
49860,49860,0,49860,49860,0,False,SCHEDULED,1631912400,HSL:9978_20210917_La_2_1341,978,HSL:9050212,Sorsakorventie
51600,51600,0,51600,51600,0,False,SCHEDULED,1631912400,HSL:9978K_20210917_La_2_1411,978K,HSL:9050212,Sorsakorventie
53460,53460,0,53460,53460,0,False,SCHEDULED,1631912400,HSL:9978_20210917_La_2_1441,978,HSL:9050212,Sorsakorventie
45420,45393,-27,45420,45402,-18,True,UPDATED,1631912400,HSL:9978_20210917_La_1_1233,978,HSL:9050211,Auratie
47220,47220,0,47220,47220,0,False,SCHEDULED,1631912400,HSL:9978_20210917_La_1_1303,978,HSL:9050211,Auratie
49200,49200,0,49200,49200,0,False,SCHEDULED,1631912400,HSL:9978K_20210917_La_1_1333,978K,HSL:9050211,Auratie
50820,50820,0,50820,50820,0,False,SCHEDULED,1631912400,HSL:9978_20210917_La_1_1403,978,HSL:9050211,Auratie
52800,52800,0,52800,52800,0,False,SCHEDULED,1631912400,HSL:9978K_20210917_La_1_1433,978K,HSL:9050211,Auratie
46140,46140,0,46140,46140,0,False,SCHEDULED,1631912400,HSL:9978_20210917_La_2_1241,978,HSL:9050214,Harkkotie
47940,47940,0,47940,47940,0,False,SCHEDULED,1631912400,HSL:9978K_20210917_La_2_1311,978K,HSL:9050214,Harkkotie
49800,49800,0,49800,49800,0,False,SCHEDULED,1631912400,HSL:9978_20210917_La_2_1341,978,HSL:9050214,Harkkotie
51600,51600,0,51600,51600,0,False,SCHEDULED,1631912400,HSL:9978K_20210917_La_2_1411,978K,HSL:9050214,Harkkotie
53400,53400,0,53400,53400,0,False,SCHEDULED,1631912400,HSL:9978_20210917_La_2_1441,978,HSL:9050214,Harkkotie
45420,45424,4,45420,45429,9,True,UPDATED,1631912400,HSL:9978_20210917_La_1_1233,978,HSL:9050213,Sorsakorventie
47220,47220,0,47220,47220,0,False,SCHEDULED,1631912400,HSL:9978_20210917_La_1_1303,978,HSL:9050213,Sorsakorventie
49200,49200,0,49200,49200,0,False,SCHEDULED,1631912400,HSL:9978K_20210917_La_1_1333,978K,HSL:9050213,Sorsakorventie
50820,50820,0,50820,50820,0,False,SCHEDULED,1631912400,HSL:9978_20210917_La_1_1403,978,HSL:9050213,Sorsakorventie
52800,52800,0,52800,52800,0,False,SCHEDULED,1631912400,HSL:9978K_20210917_La_1_1433,978K,HSL:9050213,Sorsakorventie
45780,45780,0,45780,45780,0,False,SCHEDULED,1631912400,HSL:2143_20210917_La_2_1241,143,HSL:2415279,Salmensuu
46680,46680,0,46680,46680,0,False,SCHEDULED,1631912400,HSL:2143_20210917_La_2_1256,143,HSL:2415279,Salmensuu
47580,47580,0,47580,47580,0,False,SCHEDULED,1631912400,HSL:2143_20210917_La_2_1311,143,HSL:2415279,Salmensuu
48480,48480,0,48480,48480,0,False,SCHEDULED,1631912400,HSL:2143_20210917_La_2_1326,143,HSL:2415279,Salmensuu
49380,49380,0,49380,49380,0,False,SCHEDULED,1631912400,HSL:2143_20210917_La_2_1341,143,HSL:2415279,Salmensuu
45660,45660,0,45660,45660,0,False,SCHEDULED,1631912400,HSL:2143_20210917_La_2_1241,143,HSL:2415275,Kilvoituksentie
46560,46560,0,46560,46560,0,False,SCHEDULED,1631912400,HSL:2143_20210917_La_2_1256,143,HSL:2415275,Kilvoituksentie
47460,47460,0,47460,47460,0,False,SCHEDULED,1631912400,HSL:2143_20210917_La_2_1311,143,HSL:2415275,Kilvoituksentie
48360,48360,0,48360,48360,0,False,SCHEDULED,1631912400,HSL:2143_20210917_La_2_1326,143,HSL:2415275,Kilvoituksentie
49260,49260,0,49260,49260,0,False,SCHEDULED,1631912400,HSL:2143_20210917_La_2_1341,143,HSL:2415275,Kilvoituksentie
46200,46245,45,46200,46245,45,True,UPDATED,1631912400,HSL:2143_20210917_La_1_1231,143,HSL:2415276,Kilvoituksentie
47100,47100,0,47100,47100,0,False,SCHEDULED,1631912400,HSL:2143_20210917_La_1_1246,143,HSL:2415276,Kilvoituksentie
48000,48000,0,48000,48000,0,False,SCHEDULED,1631912400,HSL:2143_20210917_La_1_1301,143,HSL:2415276,Kilvoituksentie
48900,48900,0,48900,48900,0,False,SCHEDULED,1631912400,HSL:2143_20210917_La_1_1316,143,HSL:2415276,Kilvoituksentie
49800,49800,0,49800,49800,0,False,SCHEDULED,1631912400,HSL:2143_20210917_La_1_1331,143,HSL:2415276,Kilvoituksentie
45840,45840,0,45840,45840,0,False,SCHEDULED,1631912400,HSL:2143_20210917_La_2_1241,143,HSL:2415273,Soukansalmentie
46740,46740,0,46740,46740,0,False,SCHEDULED,1631912400,HSL:2143_20210917_La_2_1256,143,HSL:2415273,Soukansalmentie
47640,47640,0,47640,47640,0,False,SCHEDULED,1631912400,HSL:2143_20210917_La_2_1311,143,HSL:2415273,Soukansalmentie
48540,48540,0,48540,48540,0,False,SCHEDULED,1631912400,HSL:2143_20210917_La_2_1326,143,HSL:2415273,Soukansalmentie
49440,49440,0,49440,49440,0,False,SCHEDULED,1631912400,HSL:2143_20210917_La_2_1341,143,HSL:2415273,Soukansalmentie
46080,46094,14,46080,46094,14,True,UPDATED,1631912400,HSL:2143_20210917_La_1_1231,143,HSL:2415274,Soukansalmentie
46980,46980,0,46980,46980,0,False,SCHEDULED,1631912400,HSL:2143_20210917_La_1_1246,143,HSL:2415274,Soukansalmentie
47880,47880,0,47880,47880,0,False,SCHEDULED,1631912400,HSL:2143_20210917_La_1_1301,143,HSL:2415274,Soukansalmentie
48780,48780,0,48780,48780,0,False,SCHEDULED,1631912400,HSL:2143_20210917_La_1_1316,143,HSL:2415274,Soukansalmentie
49680,49680,0,49680,49680,0,False,SCHEDULED,1631912400,HSL:2143_20210917_La_1_1331,143,HSL:2415274,Soukansalmentie
45360,45360,0,45360,45360,0,False,SCHEDULED,1631912400,HSL:2143_20210917_La_1_1216,143,HSL:2415272,Munkkiranta
45660,45660,0,45660,45660,0,False,SCHEDULED,1631912400,HSL:2143_20210917_La_2_1241,143,HSL:2415272,Munkkiranta
46260,46245,-15,46260,46257,-3,True,UPDATED,1631912400,HSL:2143_20210917_La_1_1231,143,HSL:2415272,Munkkiranta
46560,46560,0,46560,46560,0,False,SCHEDULED,1631912400,HSL:2143_20210917_La_2_1256,143,HSL:2415272,Munkkiranta
47160,47160,0,47160,47160,0,False,SCHEDULED,1631912400,HSL:2143_20210917_La_1_1246,143,HSL:2415272,Munkkiranta
45360,45413,53,45360,45436,76,True,UPDATED,1631912400,HSL:1006_20210917_La_2_1218,6,HSL:1020460,Kaisaniemenpuisto
45240,45457,217,45240,45457,217,True,UPDATED,1631912400,HSL:1001_20210917_La_2_1209,1,HSL:1020460,Kaisaniemenpuisto
45480,45471,-9,45480,45510,30,True,UPDATED,1631912400,HSL:1003_20210917_La_2_1217,3,HSL:1020460,Kaisaniemenpuisto
45780,45765,-15,45780,45800,20,True,UPDATED,1631912400,HSL:1009_20210917_La_2_1225,9,HSL:1020460,Kaisaniemenpuisto
46080,46080,0,46080,46080,0,False,SCHEDULED,1631912400,HSL:1006_20210917_La_2_1230,6,HSL:1020460,Kaisaniemenpuisto
45660,45740,80,45660,45740,80,True,UPDATED,1631912400,HSL:1010_20210917_La_2_1220,10,HSL:1020464,Ylioppilastalo
45600,45843,243,45600,45843,243,True,UPDATED,1631912400,HSL:1001_20210917_La_2_1209,1,HSL:1020464,Ylioppilastalo
45720,45841,121,45720,45863,143,True,UPDATED,1631912400,HSL:1006_20210917_La_2_1218,6,HSL:1020464,Ylioppilastalo
45840,45867,27,45840,45931,91,True,UPDATED,1631912400,HSL:1003_20210917_La_2_1217,3,HSL:1020464,Ylioppilastalo
46260,46291,31,46260,46291,31,True,UPDATED,1631912400,HSL:1010_20210917_La_2_1230,10,HSL:1020464,Ylioppilastalo
45300,45325,25,45300,45382,82,True,UPDATED,1631912400,HSL:1010_20210917_La_1_1230,10,HSL:1020463,Ylioppilastalo
45480,45506,26,45480,45529,49,True,UPDATED,1631912400,HSL:1006_20210917_La_1_1228,6,HSL:1020463,Ylioppilastalo
45600,45643,43,45600,45678,78,True,UPDATED,1631912400,HSL:1003_20210917_La_1_1228,3,HSL:1020463,Ylioppilastalo
45900,45900,0,45900,45900,0,True,UPDATED,1631912400,HSL:1001_20210917_La_1_1235,1,HSL:1020463,Ylioppilastalo
45900,45900,0,45900,45900,0,False,SCHEDULED,1631912400,HSL:1010_20210917_La_1_1240,10,HSL:1020463,Ylioppilastalo
45780,45757,-23,45780,45767,-13,True,UPDATED,1631912400,HSL:9978_20210917_La_1_1233,978,HSL:9050227,Päivölä
46320,46368,48,46320,46410,90,True,UPDATED,1631912400,HSL:9985_20210917_La_1_1228,985,HSL:9050227,Päivölä
47580,47580,0,47580,47580,0,False,SCHEDULED,1631912400,HSL:9978_20210917_La_1_1303,978,HSL:9050227,Päivölä
49560,49560,0,49560,49560,0,False,SCHEDULED,1631912400,HSL:9978K_20210917_La_1_1333,978K,HSL:9050227,Päivölä
50340,50340,0,50340,50340,0,False,SCHEDULED,1631912400,HSL:9985_20210917_La_1_1335,985,HSL:9050227,Päivölä
45720,45697,-23,45720,45715,-5,True,UPDATED,1631912400,HSL:9978_20210917_La_1_1233,978,HSL:9050226,Etelä-Kaskela
46260,46328,68,46260,46368,108,True,UPDATED,1631912400,HSL:9985_20210917_La_1_1228,985,HSL:9050226,Etelä-Kaskela
47520,47520,0,47520,47520,0,False,SCHEDULED,1631912400,HSL:9978_20210917_La_1_1303,978,HSL:9050226,Etelä-Kaskela
49500,49500,0,49500,49500,0,False,SCHEDULED,1631912400,HSL:9978K_20210917_La_1_1333,978K,HSL:9050226,Etelä-Kaskela
50280,50280,0,50280,50280,0,False,SCHEDULED,1631912400,HSL:9985_20210917_La_1_1335,985,HSL:9050226,Etelä-Kaskela
45900,45900,0,45900,45900,0,False,SCHEDULED,1631912400,HSL:9978_20210917_La_2_1241,978,HSL:9050229,Päivölä
47280,47280,0,47280,47280,0,False,SCHEDULED,1631912400,HSL:9985_20210917_La_2_1303,985,HSL:9050229,Päivölä
47700,47700,0,47700,47700,0,False,SCHEDULED,1631912400,HSL:9978K_20210917_La_2_1311,978K,HSL:9050229,Päivölä
49560,49560,0,49560,49560,0,False,SCHEDULED,1631912400,HSL:9978_20210917_La_2_1341,978,HSL:9050229,Päivölä
50820,50820,0,50820,50820,0,False,SCHEDULED,1631912400,HSL:9985_20210917_La_2_1402,985,HSL:9050229,Päivölä
45960,45960,0,45960,45960,0,False,SCHEDULED,1631912400,HSL:9978_20210917_La_2_1241,978,HSL:9050225,Ahjonsilta
47760,47760,0,47760,47760,0,False,SCHEDULED,1631912400,HSL:9978K_20210917_La_2_1311,978K,HSL:9050225,Ahjonsilta
49620,49620,0,49620,49620,0,False,SCHEDULED,1631912400,HSL:9978_20210917_La_2_1341,978,HSL:9050225,Ahjonsilta
51420,51420,0,51420,51420,0,False,SCHEDULED,1631912400,HSL:9978K_20210917_La_2_1411,978K,HSL:9050225,Ahjonsilta
53220,53220,0,53220,53220,0,False,SCHEDULED,1631912400,HSL:9978_20210917_La_2_1441,978,HSL:9050225,Ahjonsilta
47340,47340,0,47340,47340,0,False,SCHEDULED,1631912400,HSL:9985_20210917_La_2_1303,985,HSL:9050224,Etelä-Kaskela
50880,50880,0,50880,50880,0,False,SCHEDULED,1631912400,HSL:9985_20210917_La_2_1402,985,HSL:9050224,Etelä-Kaskela
54420,54420,0,54420,54420,0,False,SCHEDULED,1631912400,HSL:9985_20210917_La_2_1501,985,HSL:9050224,Etelä-Kaskela
58020,58020,0,58020,58020,0,False,SCHEDULED,1631912400,HSL:9985_20210917_La_2_1601,985,HSL:9050224,Etelä-Kaskela
61740,61740,0,61740,61740,0,False,SCHEDULED,1631912400,HSL:9985_20210917_La_2_1703,985,HSL:9050224,Etelä-Kaskela
46140,46114,-26,46140,46116,-24,True,UPDATED,1631912400,HSL:2143_20210917_La_1_1231,143,HSL:2415246,Verkkosaarenkuja
47040,47040,0,47040,47040,0,False,SCHEDULED,1631912400,HSL:2143_20210917_La_1_1246,143,HSL:2415246,Verkkosaarenkuja
47940,47940,0,47940,47940,0,False,SCHEDULED,1631912400,HSL:2143_20210917_La_1_1301,143,HSL:2415246,Verkkosaarenkuja
48840,48840,0,48840,48840,0,False,SCHEDULED,1631912400,HSL:2143_20210917_La_1_1316,143,HSL:2415246,Verkkosaarenkuja
49740,49740,0,49740,49740,0,False,SCHEDULED,1631912400,HSL:2143_20210917_La_1_1331,143,HSL:2415246,Verkkosaarenkuja
46860,46860,0,46860,46860,0,False,SCHEDULED,1631912400,HSL:2145_20210917_La_2_1254,145,HSL:2415244,Soukankalliot
48660,48660,0,48660,48660,0,False,SCHEDULED,1631912400,HSL:2145_20210917_La_2_1324,145,HSL:2415244,Soukankalliot
50460,50460,0,50460,50460,0,False,SCHEDULED,1631912400,HSL:2145_20210917_La_2_1354,145,HSL:2415244,Soukankalliot
52260,52260,0,52260,52260,0,False,SCHEDULED,1631912400,HSL:2145_20210917_La_2_1424,145,HSL:2415244,Soukankalliot
54060,54060,0,54060,54060,0,False,SCHEDULED,1631912400,HSL:2145_20210917_La_2_1454,145,HSL:2415244,Soukankalliot
45600,45559,-41,45600,45579,-21,True,UPDATED,1631912400,HSL:9978_20210917_La_1_1233,978,HSL:9050232,Ahjon koulu
47400,47400,0,47400,47400,0,False,SCHEDULED,1631912400,HSL:9978_20210917_La_1_1303,978,HSL:9050232,Ahjon koulu
49380,49380,0,49380,49380,0,False,SCHEDULED,1631912400,HSL:9978K_20210917_La_1_1333,978K,HSL:9050232,Ahjon koulu
51000,51000,0,51000,51000,0,False,SCHEDULED,1631912400,HSL:9978_20210917_La_1_1403,978,HSL:9050232,Ahjon koulu
52980,52980,0,52980,52980,0,False,SCHEDULED,1631912400,HSL:9978K_20210917_La_1_1433,978K,HSL:9050232,Ahjon koulu
46920,46920,0,46920,46920,0,False,SCHEDULED,1631912400,HSL:2145_20210917_La_2_1254,145,HSL:2415242,Hanikka
48720,48720,0,48720,48720,0,False,SCHEDULED,1631912400,HSL:2145_20210917_La_2_1324,145,HSL:2415242,Hanikka
50520,50520,0,50520,50520,0,False,SCHEDULED,1631912400,HSL:2145_20210917_La_2_1354,145,HSL:2415242,Hanikka
52320,52320,0,52320,52320,0,False,SCHEDULED,1631912400,HSL:2145_20210917_La_2_1424,145,HSL:2415242,Hanikka
54120,54120,0,54120,54120,0,False,SCHEDULED,1631912400,HSL:2145_20210917_La_2_1454,145,HSL:2415242,Hanikka
45660,45750,90,45660,45758,98,True,UPDATED,1631912400,HSL:2145_20210917_La_1_1222,145,HSL:2415243,Soukankalliot
47460,47460,0,47460,47460,0,False,SCHEDULED,1631912400,HSL:2145_20210917_La_1_1252,145,HSL:2415243,Soukankalliot
49260,49260,0,49260,49260,0,False,SCHEDULED,1631912400,HSL:2145_20210917_La_1_1322,145,HSL:2415243,Soukankalliot
51060,51060,0,51060,51060,0,False,SCHEDULED,1631912400,HSL:2145_20210917_La_1_1352,145,HSL:2415243,Soukankalliot
52860,52860,0,52860,52860,0,False,SCHEDULED,1631912400,HSL:2145_20210917_La_1_1422,145,HSL:2415243,Soukankalliot
45600,45714,114,45600,45723,123,True,UPDATED,1631912400,HSL:2145_20210917_La_1_1222,145,HSL:2415241,Hanikka
47400,47400,0,47400,47400,0,False,SCHEDULED,1631912400,HSL:2145_20210917_La_1_1252,145,HSL:2415241,Hanikka
49200,49200,0,49200,49200,0,False,SCHEDULED,1631912400,HSL:2145_20210917_La_1_1322,145,HSL:2415241,Hanikka
51000,51000,0,51000,51000,0,False,SCHEDULED,1631912400,HSL:2145_20210917_La_1_1352,145,HSL:2415241,Hanikka
52800,52800,0,52800,52800,0,False,SCHEDULED,1631912400,HSL:2145_20210917_La_1_1422,145,HSL:2415241,Hanikka
45660,44746,-914,45660,45660,0,True,UPDATED,1631912400,HSL:2550_20210917_La_1_1241,550,HSL:1453287,Itäkeskus (M)
46260,46260,0,46260,46260,0,False,SCHEDULED,1631912400,HSL:2550_20210917_La_1_1251,550,HSL:1453287,Itäkeskus (M)
46860,46860,0,46860,46860,0,False,SCHEDULED,1631912400,HSL:2550_20210917_La_1_1301,550,HSL:1453287,Itäkeskus (M)
47460,47460,0,47460,47460,0,False,SCHEDULED,1631912400,HSL:2550_20210917_La_1_1311,550,HSL:1453287,Itäkeskus (M)
48060,48060,0,48060,48060,0,False,SCHEDULED,1631912400,HSL:2550_20210917_La_1_1321,550,HSL:1453287,Itäkeskus (M)
45480,45482,2,45480,45512,32,True,UPDATED,1631912400,HSL:1004_20210917_La_2_1215,4,HSL:1020450,Senaatintori
45840,45840,0,45840,45840,0,False,SCHEDULED,1631912400,HSL:1002_20210917_La_2_1217,2,HSL:1020450,Senaatintori
45900,45916,16,45900,45916,16,True,UPDATED,1631912400,HSL:1007_20210917_La_1_1230,7,HSL:1020450,Senaatintori
46080,46087,7,46080,46119,39,True,UPDATED,1631912400,HSL:1004_20210917_La_2_1225,4,HSL:1020450,Senaatintori
46560,46529,-31,46560,46569,9,True,UPDATED,1631912400,HSL:1002_20210917_La_2_1229,2,HSL:1020450,Senaatintori
45240,45285,45,45240,45340,100,True,UPDATED,1631912400,HSL:1001_20210917_La_1_1222,1,HSL:1020453,Rautatieasema
45360,45333,-27,45360,45380,20,True,UPDATED,1631912400,HSL:1009_20210917_La_1_1222,9,HSL:1020453,Rautatieasema
45600,45637,37,45600,45637,37,True,UPDATED,1631912400,HSL:1006_20210917_La_1_1228,6,HSL:1020453,Rautatieasema
45720,45736,16,45720,45736,16,True,UPDATED,1631912400,HSL:1007_20210917_La_1_1230,7,HSL:1020453,Rautatieasema
45720,45761,41,45720,45810,90,True,UPDATED,1631912400,HSL:1003_20210917_La_1_1228,3,HSL:1020453,Rautatieasema
45180,45370,190,45180,45383,203,True,UPDATED,1631912400,HSL:1007_20210917_La_2_1212,7,HSL:1020455,Senaatintori
45420,45407,-13,45420,45425,5,True,UPDATED,1631912400,HSL:1004_20210917_La_1_1231,4,HSL:1020455,Senaatintori
45540,45540,0,45540,45540,0,True,UPDATED,1631912400,HSL:1002_20210917_La_1_1235,2,HSL:1020455,Senaatintori
45900,45961,61,45900,45980,80,True,UPDATED,1631912400,HSL:1007_20210917_La_2_1224,7,HSL:1020455,Senaatintori
46020,46020,0,46020,46020,0,False,SCHEDULED,1631912400,HSL:1004_20210917_La_1_1241,4,HSL:1020455,Senaatintori
45420,45637,217,45420,45637,217,True,UPDATED,1631912400,HSL:1001_20210917_La_2_1209,1,HSL:1020454,Rautatieasema
45540,45601,61,45540,45646,106,True,UPDATED,1631912400,HSL:1006_20210917_La_2_1218,6,HSL:1020454,Rautatieasema
45480,45639,159,45480,45687,207,True,UPDATED,1631912400,HSL:1007_20210917_La_2_1212,7,HSL:1020454,Rautatieasema
45660,45672,12,45660,45729,69,True,UPDATED,1631912400,HSL:1003_20210917_La_2_1217,3,HSL:1020454,Rautatieasema
45960,45960,0,45960,46014,54,True,UPDATED,1631912400,HSL:1009_20210917_La_2_1225,9,HSL:1020454,Rautatieasema
45360,45460,100,45360,45460,100,True,UPDATED,1631912400,HSL:1001_20210917_La_1_1222,1,HSL:1020457,Kaisaniemenkatu
45480,45466,-14,45480,45488,8,True,UPDATED,1631912400,HSL:1009_20210917_La_1_1222,9,HSL:1020457,Kaisaniemenkatu
45720,45747,27,45720,45747,27,True,UPDATED,1631912400,HSL:1006_20210917_La_1_1228,6,HSL:1020457,Kaisaniemenkatu
45840,45897,57,45840,45919,79,True,UPDATED,1631912400,HSL:1003_20210917_La_1_1228,3,HSL:1020457,Kaisaniemenkatu
46140,46140,0,46140,46140,0,True,UPDATED,1631912400,HSL:1001_20210917_La_1_1235,1,HSL:1020457,Kaisaniemenkatu
45420,45520,100,45420,45520,100,True,UPDATED,1631912400,HSL:1001_20210917_La_1_1222,1,HSL:1020459,Kaisaniemenpuisto
45540,45526,-14,45540,45561,21,True,UPDATED,1631912400,HSL:1009_20210917_La_1_1222,9,HSL:1020459,Kaisaniemenpuisto
45780,45816,36,45780,45816,36,True,UPDATED,1631912400,HSL:1006_20210917_La_1_1228,6,HSL:1020459,Kaisaniemenpuisto
45900,45960,60,45900,45994,94,True,UPDATED,1631912400,HSL:1003_20210917_La_1_1228,3,HSL:1020459,Kaisaniemenpuisto
46200,46200,0,46200,46200,0,True,UPDATED,1631912400,HSL:1001_20210917_La_1_1235,1,HSL:1020459,Kaisaniemenpuisto
45420,45484,64,45420,45504,84,True,UPDATED,1631912400,HSL:1006_20210917_La_2_1218,6,HSL:1020458,Kaisaniemenkatu
45300,45517,217,45300,45517,217,True,UPDATED,1631912400,HSL:1001_20210917_La_2_1209,1,HSL:1020458,Kaisaniemenkatu
45540,45546,6,45540,45576,36,True,UPDATED,1631912400,HSL:1003_20210917_La_2_1217,3,HSL:1020458,Kaisaniemenkatu
45840,45837,-3,45840,45867,27,True,UPDATED,1631912400,HSL:1009_20210917_La_2_1225,9,HSL:1020458,Kaisaniemenkatu
46140,46140,0,46140,46140,0,False,SCHEDULED,1631912400,HSL:1006_20210917_La_2_1230,6,HSL:1020458,Kaisaniemenkatu
45600,45475,-125,45600,45497,-103,True,UPDATED,1631912400,HSL:1002_20210917_La_1_1211,2,HSL:1171406,Maistraatintori
46320,46244,-76,46320,46267,-53,True,UPDATED,1631912400,HSL:1002_20210917_La_1_1223,2,HSL:1171406,Maistraatintori
47040,47040,0,47040,47040,0,True,UPDATED,1631912400,HSL:1002_20210917_La_1_1235,2,HSL:1171406,Maistraatintori
47760,47760,0,47760,47760,0,False,SCHEDULED,1631912400,HSL:1002_20210917_La_1_1247,2,HSL:1171406,Maistraatintori
48480,48480,0,48480,48480,0,False,SCHEDULED,1631912400,HSL:1002_20210917_La_1_1259,2,HSL:1171406,Maistraatintori
46020,46020,0,46020,46020,0,False,SCHEDULED,1631912400,HSL:9978_20210917_La_2_1241,978,HSL:9050234,Moukaritie
47820,47820,0,47820,47820,0,False,SCHEDULED,1631912400,HSL:9978K_20210917_La_2_1311,978K,HSL:9050234,Moukaritie
49680,49680,0,49680,49680,0,False,SCHEDULED,1631912400,HSL:9978_20210917_La_2_1341,978,HSL:9050234,Moukaritie
51480,51480,0,51480,51480,0,False,SCHEDULED,1631912400,HSL:9978K_20210917_La_2_1411,978K,HSL:9050234,Moukaritie
53280,53280,0,53280,53280,0,False,SCHEDULED,1631912400,HSL:9978_20210917_La_2_1441,978,HSL:9050234,Moukaritie
45840,45840,0,45840,45840,0,False,SCHEDULED,1631912400,HSL:1002_20210917_La_2_1241,2,HSL:1171407,Kyllikinportti
46560,46560,0,46560,46560,0,False,SCHEDULED,1631912400,HSL:1002_20210917_La_2_1253,2,HSL:1171407,Kyllikinportti
47280,47280,0,47280,47280,0,False,SCHEDULED,1631912400,HSL:1002_20210917_La_2_1305,2,HSL:1171407,Kyllikinportti
48000,48000,0,48000,48000,0,False,SCHEDULED,1631912400,HSL:1002_20210917_La_2_1317,2,HSL:1171407,Kyllikinportti
48720,48720,0,48720,48720,0,False,SCHEDULED,1631912400,HSL:1002_20210917_La_2_1329,2,HSL:1171407,Kyllikinportti
46020,46020,0,46020,46020,0,False,SCHEDULED,1631912400,HSL:9978_20210917_La_2_1241,978,HSL:9050233,Ahjon koulu
47820,47820,0,47820,47820,0,False,SCHEDULED,1631912400,HSL:9978K_20210917_La_2_1311,978K,HSL:9050233,Ahjon koulu
49680,49680,0,49680,49680,0,False,SCHEDULED,1631912400,HSL:9978_20210917_La_2_1341,978,HSL:9050233,Ahjon koulu
51480,51480,0,51480,51480,0,False,SCHEDULED,1631912400,HSL:9978K_20210917_La_2_1411,978K,HSL:9050233,Ahjon koulu
53280,53280,0,53280,53280,0,False,SCHEDULED,1631912400,HSL:9978_20210917_La_2_1441,978,HSL:9050233,Ahjon koulu
45660,45536,-124,45660,45559,-101,True,UPDATED,1631912400,HSL:1002_20210917_La_1_1211,2,HSL:1171408,Kyllikinportti
46380,46285,-95,46380,46309,-71,True,UPDATED,1631912400,HSL:1002_20210917_La_1_1223,2,HSL:1171408,Kyllikinportti
47100,47100,0,47100,47100,0,True,UPDATED,1631912400,HSL:1002_20210917_La_1_1235,2,HSL:1171408,Kyllikinportti
47820,47820,0,47820,47820,0,False,SCHEDULED,1631912400,HSL:1002_20210917_La_1_1247,2,HSL:1171408,Kyllikinportti
48540,48540,0,48540,48540,0,False,SCHEDULED,1631912400,HSL:1002_20210917_La_1_1259,2,HSL:1171408,Kyllikinportti
45780,45780,0,45780,45780,0,False,SCHEDULED,1631912400,HSL:1002_20210917_La_2_1241,2,HSL:1171409,Esterinportti
46500,46500,0,46500,46500,0,False,SCHEDULED,1631912400,HSL:1002_20210917_La_2_1253,2,HSL:1171409,Esterinportti
47220,47220,0,47220,47220,0,False,SCHEDULED,1631912400,HSL:1002_20210917_La_2_1305,2,HSL:1171409,Esterinportti
47940,47940,0,47940,47940,0,False,SCHEDULED,1631912400,HSL:1002_20210917_La_2_1317,2,HSL:1171409,Esterinportti
48660,48660,0,48660,48660,0,False,SCHEDULED,1631912400,HSL:1002_20210917_La_2_1329,2,HSL:1171409,Esterinportti
45660,45622,-38,45660,45639,-21,True,UPDATED,1631912400,HSL:9978_20210917_La_1_1233,978,HSL:9050235,Moukaritie
47460,47460,0,47460,47460,0,False,SCHEDULED,1631912400,HSL:9978_20210917_La_1_1303,978,HSL:9050235,Moukaritie
49440,49440,0,49440,49440,0,False,SCHEDULED,1631912400,HSL:9978K_20210917_La_1_1333,978K,HSL:9050235,Moukaritie
51060,51060,0,51060,51060,0,False,SCHEDULED,1631912400,HSL:9978_20210917_La_1_1403,978,HSL:9050235,Moukaritie
53040,53040,0,53040,53040,0,False,SCHEDULED,1631912400,HSL:9978K_20210917_La_1_1433,978K,HSL:9050235,Moukaritie
45720,45617,-103,45720,45617,-103,True,UPDATED,1631912400,HSL:1002_20210917_La_1_1211,2,HSL:1171410,Esterinportti
46440,46435,-5,46440,46435,-5,True,UPDATED,1631912400,HSL:1002_20210917_La_1_1223,2,HSL:1171410,Esterinportti
47160,47160,0,47160,47160,0,True,UPDATED,1631912400,HSL:1002_20210917_La_1_1235,2,HSL:1171410,Esterinportti
47880,47880,0,47880,47880,0,False,SCHEDULED,1631912400,HSL:1002_20210917_La_1_1247,2,HSL:1171410,Esterinportti
48600,48600,0,48600,48600,0,False,SCHEDULED,1631912400,HSL:1002_20210917_La_1_1259,2,HSL:1171410,Esterinportti
45720,45793,73,45720,45806,86,True,UPDATED,1631912400,HSL:4560_20210917_La_1_1146,560,HSL:4160299,Silvola
46320,46319,-1,46320,46332,12,True,UPDATED,1631912400,HSL:4560_20210917_La_1_1156,560,HSL:4160299,Silvola
46920,46950,30,46920,46962,42,True,UPDATED,1631912400,HSL:4560_20210917_La_1_1206,560,HSL:4160299,Silvola
47520,47520,0,47520,47520,0,False,SCHEDULED,1631912400,HSL:4560_20210917_La_1_1216,560,HSL:4160299,Silvola
48120,48158,38,48120,48168,48,True,UPDATED,1631912400,HSL:4560_20210917_La_1_1226,560,HSL:4160299,Silvola
45480,45489,9,45480,45489,9,True,UPDATED,1631912400,HSL:3001I_20210917_La_1_1216,I,HSL:4600501,Hiekkaharju
45780,45803,23,45780,45803,23,True,UPDATED,1631912400,HSL:3001K_20210917_La_1_1221,K,HSL:4600501,Hiekkaharju
46080,46125,45,46080,46125,45,True,UPDATED,1631912400,HSL:3001I_20210917_La_1_1226,I,HSL:4600501,Hiekkaharju
46380,46389,9,46380,46389,9,True,UPDATED,1631912400,HSL:3001K_20210917_La_1_1231,K,HSL:4600501,Hiekkaharju
46680,46680,0,46680,46680,0,False,SCHEDULED,1631912400,HSL:3001I_20210917_La_1_1236,I,HSL:4600501,Hiekkaharju
45480,45457,-23,45480,45470,-10,True,UPDATED,1631912400,HSL:1500_20210917_La_2_1206,500,HSL:1434101,Kipparlahti
45960,46321,361,45960,46327,367,True,UPDATED,1631912400,HSL:2510_20210917_La_2_1202,510,HSL:1434101,Kipparlahti
46380,46446,66,46380,46468,88,True,UPDATED,1631912400,HSL:1500_20210917_La_2_1221,500,HSL:1434101,Kipparlahti
46860,46956,96,46860,46970,110,True,UPDATED,1631912400,HSL:2510_20210917_La_2_1217,510,HSL:1434101,Kipparlahti
47280,47280,0,47280,47280,0,False,SCHEDULED,1631912400,HSL:1500_20210917_La_2_1236,500,HSL:1434101,Kipparlahti
45900,45957,57,45900,45963,63,True,UPDATED,1631912400,HSL:1081_20210917_La_2_1223,81,HSL:1434114,Herttoniemenranta
46800,46800,0,46800,46800,0,True,UPDATED,1631912400,HSL:1081_20210917_La_2_1238,81,HSL:1434114,Herttoniemenranta
47700,47700,0,47700,47700,0,False,SCHEDULED,1631912400,HSL:1081_20210917_La_2_1253,81,HSL:1434114,Herttoniemenranta
48600,48600,0,48600,48600,0,False,SCHEDULED,1631912400,HSL:1081_20210917_La_2_1308,81,HSL:1434114,Herttoniemenranta
49500,49500,0,49500,49500,0,False,SCHEDULED,1631912400,HSL:1081_20210917_La_2_1323,81,HSL:1434114,Herttoniemenranta
45060,45423,363,45060,45425,365,True,UPDATED,1631912400,HSL:4415_20210917_La_1_1202,415,HSL:4400299,Kuninkaantie
45660,45649,-11,45660,45650,-10,True,UPDATED,1631912400,HSL:4571_20210917_La_2_1211,571,HSL:4400299,Kuninkaantie
47460,47460,0,47460,47460,0,False,SCHEDULED,1631912400,HSL:4571_20210917_La_2_1241,571,HSL:4400299,Kuninkaantie
48780,48780,0,48780,48780,0,False,SCHEDULED,1631912400,HSL:4415_20210917_La_1_1302,415,HSL:4400299,Kuninkaantie
49260,49260,0,49260,49260,0,False,SCHEDULED,1631912400,HSL:4571_20210917_La_2_1311,571,HSL:4400299,Kuninkaantie
46980,47023,43,46980,47024,44,True,UPDATED,1631912400,HSL:4571_20210917_La_1_1228,571,HSL:4400298,Kuninkaantie
47940,47940,0,47940,47940,0,False,SCHEDULED,1631912400,HSL:4415_20210917_La_2_1302,415,HSL:4400298,Kuninkaantie
48780,48780,0,48780,48780,0,False,SCHEDULED,1631912400,HSL:4571_20210917_La_1_1258,571,HSL:4400298,Kuninkaantie
50580,50580,0,50580,50580,0,False,SCHEDULED,1631912400,HSL:4571_20210917_La_1_1328,571,HSL:4400298,Kuninkaantie
51540,51540,0,51540,51540,0,False,SCHEDULED,1631912400,HSL:4415_20210917_La_2_1401,415,HSL:4400298,Kuninkaantie
46800,46800,0,46800,46800,0,False,SCHEDULED,1631912400,HSL:2145_20210917_La_2_1254,145,HSL:2415202,Suinonsalmi
48600,48600,0,48600,48600,0,False,SCHEDULED,1631912400,HSL:2145_20210917_La_2_1324,145,HSL:2415202,Suinonsalmi
50400,50400,0,50400,50400,0,False,SCHEDULED,1631912400,HSL:2145_20210917_La_2_1354,145,HSL:2415202,Suinonsalmi
52200,52200,0,52200,52200,0,False,SCHEDULED,1631912400,HSL:2145_20210917_La_2_1424,145,HSL:2415202,Suinonsalmi
54000,54000,0,54000,54000,0,False,SCHEDULED,1631912400,HSL:2145_20210917_La_2_1454,145,HSL:2415202,Suinonsalmi
45720,45836,116,45720,45839,119,True,UPDATED,1631912400,HSL:2145_20210917_La_1_1222,145,HSL:2415201,Suinonsalmi
47520,47520,0,47520,47520,0,False,SCHEDULED,1631912400,HSL:2145_20210917_La_1_1252,145,HSL:2415201,Suinonsalmi
49320,49320,0,49320,49320,0,False,SCHEDULED,1631912400,HSL:2145_20210917_La_1_1322,145,HSL:2415201,Suinonsalmi
51120,51120,0,51120,51120,0,False,SCHEDULED,1631912400,HSL:2145_20210917_La_1_1352,145,HSL:2415201,Suinonsalmi
52920,52920,0,52920,52920,0,False,SCHEDULED,1631912400,HSL:2145_20210917_La_1_1422,145,HSL:2415201,Suinonsalmi
45240,45269,29,45240,45309,69,True,UPDATED,1631912400,HSL:1088_20210917_La_1_1233,88,HSL:1434112,Laivalahdenportti
45540,45540,0,45540,45540,0,False,SCHEDULED,1631912400,HSL:1084_20210917_La_1_1238,84,HSL:1434112,Laivalahdenportti
45480,45553,73,45480,45584,104,True,UPDATED,1631912400,HSL:1081_20210917_La_2_1223,81,HSL:1434112,Laivalahdenportti
45600,45600,0,45600,45600,0,False,SCHEDULED,1631912400,HSL:1080_20210917_La_1_1238,80,HSL:1434112,Laivalahdenportti
45720,45720,0,45720,45720,0,False,SCHEDULED,1631912400,HSL:1086_20210917_La_1_1241,86,HSL:1434112,Laivalahdenportti
45300,45291,-9,45300,45321,21,True,UPDATED,1631912400,HSL:1002_20210917_La_2_1229,2,HSL:1171457,Eläintarha
46020,46020,0,46020,46020,0,False,SCHEDULED,1631912400,HSL:1002_20210917_La_2_1241,2,HSL:1171457,Eläintarha
46740,46740,0,46740,46740,0,False,SCHEDULED,1631912400,HSL:1002_20210917_La_2_1253,2,HSL:1171457,Eläintarha
47460,47460,0,47460,47460,0,False,SCHEDULED,1631912400,HSL:1002_20210917_La_2_1305,2,HSL:1171457,Eläintarha
48180,48180,0,48180,48180,0,False,SCHEDULED,1631912400,HSL:1002_20210917_La_2_1317,2,HSL:1171457,Eläintarha
45420,45327,-93,45420,45340,-80,True,UPDATED,1631912400,HSL:1002_20210917_La_1_1211,2,HSL:1171458,Eläintarha
46140,46094,-46,46140,46105,-35,True,UPDATED,1631912400,HSL:1002_20210917_La_1_1223,2,HSL:1171458,Eläintarha
46860,46860,0,46860,46860,0,True,UPDATED,1631912400,HSL:1002_20210917_La_1_1235,2,HSL:1171458,Eläintarha
47580,47580,0,47580,47580,0,False,SCHEDULED,1631912400,HSL:1002_20210917_La_1_1247,2,HSL:1171458,Eläintarha
48300,48300,0,48300,48300,0,False,SCHEDULED,1631912400,HSL:1002_20210917_La_1_1259,2,HSL:1171458,Eläintarha
45300,45347,47,45300,45367,67,True,UPDATED,1631912400,HSL:31M2_20210917_La_2_1211,M2,HSL:1201602,Ruoholahti
45540,45531,-9,45540,45551,11,True,UPDATED,1631912400,HSL:31M1_20210917_La_2_1215,M1,HSL:1201602,Ruoholahti
45780,45807,27,45780,45827,47,True,UPDATED,1631912400,HSL:31M2_20210917_La_2_1219,M2,HSL:1201602,Ruoholahti
45960,45983,23,45960,46003,43,True,UPDATED,1631912400,HSL:31M1_20210917_La_2_1222,M1,HSL:1201602,Ruoholahti
46200,46271,71,46200,46291,91,True,UPDATED,1631912400,HSL:31M2_20210917_La_2_1226,M2,HSL:1201602,Ruoholahti
45480,45501,21,45480,45521,41,True,UPDATED,1631912400,HSL:31M1_20210917_La_1_1221,M1,HSL:1201601,Ruoholahti
45720,45729,9,45720,45749,29,True,UPDATED,1631912400,HSL:31M2_20210917_La_1_1231,M2,HSL:1201601,Ruoholahti
45960,45947,-13,45960,45967,7,True,UPDATED,1631912400,HSL:31M1_20210917_La_1_1229,M1,HSL:1201601,Ruoholahti
46140,45997,-143,46140,46017,-123,True,UPDATED,1631912400,HSL:31M2_20210917_La_1_1238,M2,HSL:1201601,Ruoholahti
46380,46294,-86,46380,46314,-66,True,UPDATED,1631912400,HSL:31M1_20210917_La_1_1236,M1,HSL:1201601,Ruoholahti
45420,45610,190,45420,45610,190,True,UPDATED,1631912400,HSL:2550_20210917_La_2_1129,550,HSL:1453214,Itäkeskus (M)
45780,45776,-4,45780,45801,21,True,UPDATED,1631912400,HSL:1554_20210917_La_2_1210,554,HSL:1453214,Itäkeskus (M)
46020,46292,272,46020,46292,272,True,UPDATED,1631912400,HSL:2550_20210917_La_2_1139,550,HSL:1453214,Itäkeskus (M)
46440,46570,130,46440,46570,130,True,UPDATED,1631912400,HSL:4561_20210917_La_2_1205,561,HSL:1453214,Itäkeskus (M)
46980,47034,54,46980,47037,57,True,UPDATED,1631912400,HSL:1554_20210917_La_2_1230,554,HSL:1453214,Itäkeskus (M)
54420,54420,0,54420,54420,0,False,SCHEDULED,1631912400,HSL:9787K_20210917_La_1_1410,787K,HSL:9229203,Jokitörmä
57120,57120,0,57120,57120,0,False,SCHEDULED,1631912400,HSL:9787B_20210917_La_2_1535,787B,HSL:9229204,Jokitörmä
57120,57120,0,57120,57120,0,False,SCHEDULED,1631912400,HSL:9787B_20210917_La_2_1535,787B,HSL:9229205,Björkbacka
54420,54420,0,54420,54420,0,False,SCHEDULED,1631912400,HSL:9787K_20210917_La_1_1410,787K,HSL:9229206,Björkbacka
48420,48420,0,48420,48420,0,False,SCHEDULED,1631912400,HSL:4415_20210917_La_1_1302,415,HSL:4160220,Vetokuja
52020,52020,0,52020,52020,0,False,SCHEDULED,1631912400,HSL:4415_20210917_La_1_1402,415,HSL:4160220,Vetokuja
55680,55680,0,55680,55680,0,False,SCHEDULED,1631912400,HSL:4415_20210917_La_1_1502,415,HSL:4160220,Vetokuja
59280,59280,0,59280,59280,0,False,SCHEDULED,1631912400,HSL:4415_20210917_La_1_1602,415,HSL:4160220,Vetokuja
62820,62820,0,62820,62820,0,False,SCHEDULED,1631912400,HSL:4415_20210917_La_1_1702,415,HSL:4160220,Vetokuja
57120,57120,0,57120,57120,0,False,SCHEDULED,1631912400,HSL:9787B_20210917_La_2_1535,787B,HSL:9229207,Lindnäs
54480,54480,0,54480,54480,0,False,SCHEDULED,1631912400,HSL:9787K_20210917_La_1_1410,787K,HSL:9229208,Lindnäs
48300,48300,0,48300,48300,0,False,SCHEDULED,1631912400,HSL:4415_20210917_La_2_1302,415,HSL:4160221,Vetokuja
51900,51900,0,51900,51900,0,False,SCHEDULED,1631912400,HSL:4415_20210917_La_2_1401,415,HSL:4160221,Vetokuja
55500,55500,0,55500,55500,0,False,SCHEDULED,1631912400,HSL:4415_20210917_La_2_1501,415,HSL:4160221,Vetokuja
59100,59100,0,59100,59100,0,False,SCHEDULED,1631912400,HSL:4415_20210917_La_2_1601,415,HSL:4160221,Vetokuja
62700,62700,0,62700,62700,0,False,SCHEDULED,1631912400,HSL:4415_20210917_La_2_1702,415,HSL:4160221,Vetokuja
45840,45840,0,45840,45840,0,True,UPDATED,1631912400,HSL:1030_20210917_La_2_1236,30,HSL:4160224,Vaskipellontie
46740,46740,0,46740,46740,0,False,SCHEDULED,1631912400,HSL:1030_20210917_La_2_1251,30,HSL:4160224,Vaskipellontie
47700,47700,0,47700,47700,0,False,SCHEDULED,1631912400,HSL:1030_20210917_La_2_1307,30,HSL:4160224,Vaskipellontie
48600,48600,0,48600,48600,0,False,SCHEDULED,1631912400,HSL:1030_20210917_La_2_1322,30,HSL:4160224,Vaskipellontie
49500,49500,0,49500,49500,0,False,SCHEDULED,1631912400,HSL:1030_20210917_La_2_1337,30,HSL:4160224,Vaskipellontie
46560,46584,24,46560,46588,28,True,UPDATED,1631912400,HSL:2436_20210917_La_1_1232,436,HSL:4160226,Ojahaka
50160,50160,0,50160,50160,0,False,SCHEDULED,1631912400,HSL:2436_20210917_La_1_1332,436,HSL:4160226,Ojahaka
53880,53880,0,53880,53880,0,False,SCHEDULED,1631912400,HSL:2436_20210917_La_1_1432,436,HSL:4160226,Ojahaka
57480,57480,0,57480,57480,0,False,SCHEDULED,1631912400,HSL:2436_20210917_La_1_1532,436,HSL:4160226,Ojahaka
61020,61020,0,61020,61020,0,False,SCHEDULED,1631912400,HSL:2436_20210917_La_1_1632,436,HSL:4160226,Ojahaka
47460,45477,-1983,47460,45477,-1983,True,UPDATED,1631912400,HSL:1030_20210917_La_1_1222,30,HSL:4160225,Vaskipellontie
45600,45696,96,45600,45696,96,True,UPDATED,1631912400,HSL:1030_20210917_La_1_1152,30,HSL:4160225,Vaskipellontie
46560,46754,194,46560,46814,254,True,UPDATED,1631912400,HSL:1030_20210917_La_1_1207,30,HSL:4160225,Vaskipellontie
48360,48360,0,48360,48360,0,True,UPDATED,1631912400,HSL:1030_20210917_La_1_1237,30,HSL:4160225,Vaskipellontie
49260,49260,0,49260,49260,0,False,SCHEDULED,1631912400,HSL:1030_20210917_La_1_1252,30,HSL:4160225,Vaskipellontie
46080,46205,125,46080,46207,127,True,UPDATED,1631912400,HSL:2543_20210917_La_2_1222,543,HSL:2241280,Juhannusmäki
47280,47280,0,47280,47280,0,False,SCHEDULED,1631912400,HSL:2115_20210917_La_1_1300,115,HSL:2241280,Juhannusmäki
47880,47880,0,47880,47880,0,False,SCHEDULED,1631912400,HSL:2543_20210917_La_2_1252,543,HSL:2241280,Juhannusmäki
49680,49680,0,49680,49680,0,False,SCHEDULED,1631912400,HSL:2543_20210917_La_2_1322,543,HSL:2241280,Juhannusmäki
49920,49920,0,49920,49920,0,False,SCHEDULED,1631912400,HSL:2115_20210917_La_1_1344,115,HSL:2241280,Juhannusmäki
45960,45979,19,45960,46031,71,True,UPDATED,1631912400,HSL:9985_20210917_La_1_1228,985,HSL:9217220,Semtu
49980,49980,0,49980,49980,0,False,SCHEDULED,1631912400,HSL:9985_20210917_La_1_1335,985,HSL:9217220,Semtu
53580,53580,0,53580,53580,0,False,SCHEDULED,1631912400,HSL:9985_20210917_La_1_1435,985,HSL:9217220,Semtu
57180,57180,0,57180,57180,0,False,SCHEDULED,1631912400,HSL:9985_20210917_La_1_1535,985,HSL:9217220,Semtu
60780,60780,0,60780,60780,0,False,SCHEDULED,1631912400,HSL:9985_20210917_La_1_1635,985,HSL:9217220,Semtu
45540,45645,105,45540,45645,105,True,UPDATED,1631912400,HSL:4561_20210917_La_1_1223,561,HSL:1381120,Malmin tori
45600,45722,122,45600,45728,128,True,UPDATED,1631912400,HSL:1073_20210917_La_1_1213,73,HSL:1381120,Malmin tori
45780,45854,74,45780,45891,111,True,UPDATED,1631912400,HSL:1079_20210917_La_1_1211,79,HSL:1381120,Malmin tori
46020,46028,8,46020,46069,49,True,UPDATED,1631912400,HSL:1069_20210917_La_2_1222,69,HSL:1381120,Malmin tori
46080,46171,91,46080,46195,115,True,UPDATED,1631912400,HSL:1554_20210917_La_1_1233,554,HSL:1381120,Malmin tori
48300,48300,0,48300,48300,0,False,SCHEDULED,1631912400,HSL:4415_20210917_La_1_1302,415,HSL:4160217,Volvo
51900,51900,0,51900,51900,0,False,SCHEDULED,1631912400,HSL:4415_20210917_La_1_1402,415,HSL:4160217,Volvo
55560,55560,0,55560,55560,0,False,SCHEDULED,1631912400,HSL:4415_20210917_La_1_1502,415,HSL:4160217,Volvo
59160,59160,0,59160,59160,0,False,SCHEDULED,1631912400,HSL:4415_20210917_La_1_1602,415,HSL:4160217,Volvo
62700,62700,0,62700,62700,0,False,SCHEDULED,1631912400,HSL:4415_20210917_La_1_1702,415,HSL:4160217,Volvo
45300,45325,25,45300,45346,46,True,UPDATED,1631912400,HSL:1079_20210917_La_2_1218,79,HSL:1381121,Malmin tori
45300,45332,32,45300,45354,54,True,UPDATED,1631912400,HSL:4561_20210917_La_2_1205,561,HSL:1381121,Malmin tori
45540,45615,75,45540,45615,75,True,UPDATED,1631912400,HSL:1073_20210917_La_2_1221,73,HSL:1381121,Malmin tori
45900,45948,48,45900,45998,98,True,UPDATED,1631912400,HSL:1079_20210917_La_2_1228,79,HSL:1381121,Malmin tori
45960,45976,16,45960,45998,38,True,UPDATED,1631912400,HSL:1554_20210917_La_2_1230,554,HSL:1381121,Malmin tori
45420,45535,115,45420,45545,125,True,UPDATED,1631912400,HSL:4421_20210917_La_2_1225,421,HSL:4160216,Kaivosrinteenpolku
46800,46800,0,46800,46800,0,False,SCHEDULED,1631912400,HSL:7465_20210917_La_2_1245,465,HSL:4160216,Kaivosrinteenpolku
47160,47160,0,47160,47160,0,False,SCHEDULED,1631912400,HSL:4421_20210917_La_2_1254,421,HSL:4160216,Kaivosrinteenpolku
47760,47760,0,47760,47760,0,False,SCHEDULED,1631912400,HSL:7455A_20210917_La_2_1303,455A,HSL:4160216,Kaivosrinteenpolku
48960,48960,0,48960,48960,0,False,SCHEDULED,1631912400,HSL:4421_20210917_La_2_1324,421,HSL:4160216,Kaivosrinteenpolku
45840,45908,68,45840,45960,120,True,UPDATED,1631912400,HSL:9985_20210917_La_1_1228,985,HSL:9217222,Mårtensby skola
49860,49860,0,49860,49860,0,False,SCHEDULED,1631912400,HSL:9985_20210917_La_1_1335,985,HSL:9217222,Mårtensby skola
53460,53460,0,53460,53460,0,False,SCHEDULED,1631912400,HSL:9985_20210917_La_1_1435,985,HSL:9217222,Mårtensby skola
57060,57060,0,57060,57060,0,False,SCHEDULED,1631912400,HSL:9985_20210917_La_1_1535,985,HSL:9217222,Mårtensby skola
60660,60660,0,60660,60660,0,False,SCHEDULED,1631912400,HSL:9985_20210917_La_1_1635,985,HSL:9217222,Mårtensby skola
48360,48360,0,48360,48360,0,False,SCHEDULED,1631912400,HSL:4415_20210917_La_1_1302,415,HSL:4160219,Silvola
51960,51960,0,51960,51960,0,False,SCHEDULED,1631912400,HSL:4415_20210917_La_1_1402,415,HSL:4160219,Silvola
55620,55620,0,55620,55620,0,False,SCHEDULED,1631912400,HSL:4415_20210917_La_1_1502,415,HSL:4160219,Silvola
59220,59220,0,59220,59220,0,False,SCHEDULED,1631912400,HSL:4415_20210917_La_1_1602,415,HSL:4160219,Silvola
62760,62760,0,62760,62760,0,False,SCHEDULED,1631912400,HSL:4415_20210917_La_1_1702,415,HSL:4160219,Silvola
45480,45511,31,45480,45511,31,True,UPDATED,1631912400,HSL:1073_20210917_La_2_1221,73,HSL:1381123,Malmin sairaala
45660,45567,-93,45660,45567,-93,True,UPDATED,1631912400,HSL:4560_20210917_La_2_1215,560,HSL:1381123,Malmin sairaala
45900,45889,-11,45900,45902,2,True,UPDATED,1631912400,HSL:1079_20210917_La_2_1228,79,HSL:1381123,Malmin sairaala
45900,45906,6,45900,45919,19,True,UPDATED,1631912400,HSL:1554_20210917_La_2_1230,554,HSL:1381123,Malmin sairaala
46200,46244,44,46200,46244,44,True,UPDATED,1631912400,HSL:1069_20210917_La_1_1203,69,HSL:1381123,Malmin sairaala
48360,48360,0,48360,48360,0,False,SCHEDULED,1631912400,HSL:4415_20210917_La_2_1302,415,HSL:4160218,Volvo
51960,51960,0,51960,51960,0,False,SCHEDULED,1631912400,HSL:4415_20210917_La_2_1401,415,HSL:4160218,Volvo
55560,55560,0,55560,55560,0,False,SCHEDULED,1631912400,HSL:4415_20210917_La_2_1501,415,HSL:4160218,Volvo
59160,59160,0,59160,59160,0,False,SCHEDULED,1631912400,HSL:4415_20210917_La_2_1601,415,HSL:4160218,Volvo
62760,62760,0,62760,62760,0,False,SCHEDULED,1631912400,HSL:4415_20210917_La_2_1702,415,HSL:4160218,Volvo
47580,47580,0,47580,47580,0,False,SCHEDULED,1631912400,HSL:9985_20210917_La_2_1303,985,HSL:9217221,Semtu
51180,51180,0,51180,51180,0,False,SCHEDULED,1631912400,HSL:9985_20210917_La_2_1402,985,HSL:9217221,Semtu
54720,54720,0,54720,54720,0,False,SCHEDULED,1631912400,HSL:9985_20210917_La_2_1501,985,HSL:9217221,Semtu
58320,58320,0,58320,58320,0,False,SCHEDULED,1631912400,HSL:9985_20210917_La_2_1601,985,HSL:9217221,Semtu
62040,62040,0,62040,62040,0,False,SCHEDULED,1631912400,HSL:9985_20210917_La_2_1703,985,HSL:9217221,Semtu
47700,47700,0,47700,47700,0,False,SCHEDULED,1631912400,HSL:9985_20210917_La_2_1303,985,HSL:9217223,Mårtensby skola
51300,51300,0,51300,51300,0,False,SCHEDULED,1631912400,HSL:9985_20210917_La_2_1402,985,HSL:9217223,Mårtensby skola
54840,54840,0,54840,54840,0,False,SCHEDULED,1631912400,HSL:9985_20210917_La_2_1501,985,HSL:9217223,Mårtensby skola
58440,58440,0,58440,58440,0,False,SCHEDULED,1631912400,HSL:9985_20210917_La_2_1601,985,HSL:9217223,Mårtensby skola
62160,62160,0,62160,62160,0,False,SCHEDULED,1631912400,HSL:9985_20210917_La_2_1703,985,HSL:9217223,Mårtensby skola
45240,45351,111,45240,45355,115,True,UPDATED,1631912400,HSL:1079_20210917_La_1_1201,79,HSL:1381126,Malmin sairaala
45660,45722,62,45660,45735,75,True,UPDATED,1631912400,HSL:4561_20210917_La_1_1223,561,HSL:1381126,Malmin sairaala
45660,45790,130,45660,45803,143,True,UPDATED,1631912400,HSL:1073_20210917_La_1_1213,73,HSL:1381126,Malmin sairaala
45780,45847,67,45780,45860,80,True,UPDATED,1631912400,HSL:4560_20210917_La_1_1206,560,HSL:1381126,Malmin sairaala
45840,45923,83,45840,45933,93,True,UPDATED,1631912400,HSL:1079_20210917_La_1_1211,79,HSL:1381126,Malmin sairaala
47400,45477,-1923,47400,45477,-1923,True,UPDATED,1631912400,HSL:1030_20210917_La_1_1222,30,HSL:4160231,Kaarenmäenkuja
45540,45636,96,45540,45636,96,True,UPDATED,1631912400,HSL:1030_20210917_La_1_1152,30,HSL:4160231,Kaarenmäenkuja
46500,46694,194,46500,46754,254,True,UPDATED,1631912400,HSL:1030_20210917_La_1_1207,30,HSL:4160231,Kaarenmäenkuja
48300,48300,0,48300,48300,0,True,UPDATED,1631912400,HSL:1030_20210917_La_1_1237,30,HSL:4160231,Kaarenmäenkuja
49200,49200,0,49200,49200,0,False,SCHEDULED,1631912400,HSL:1030_20210917_La_1_1252,30,HSL:4160231,Kaarenmäenkuja
45900,45900,0,45900,45900,0,True,UPDATED,1631912400,HSL:1030_20210917_La_2_1236,30,HSL:4160230,Kaarenmäenkuja
46800,46800,0,46800,46800,0,False,SCHEDULED,1631912400,HSL:1030_20210917_La_2_1251,30,HSL:4160230,Kaarenmäenkuja
47760,47760,0,47760,47760,0,False,SCHEDULED,1631912400,HSL:1030_20210917_La_2_1307,30,HSL:4160230,Kaarenmäenkuja
48660,48660,0,48660,48660,0,False,SCHEDULED,1631912400,HSL:1030_20210917_La_2_1322,30,HSL:4160230,Kaarenmäenkuja
49560,49560,0,49560,49560,0,False,SCHEDULED,1631912400,HSL:1030_20210917_La_2_1337,30,HSL:4160230,Kaarenmäenkuja
45720,45720,0,45720,45720,0,False,SCHEDULED,1631912400,HSL:4560_20210917_La_2_1235,560,HSL:4160232,Silvola
46320,46320,0,46320,46320,0,False,SCHEDULED,1631912400,HSL:4560_20210917_La_2_1245,560,HSL:4160232,Silvola
46920,46920,0,46920,46920,0,False,SCHEDULED,1631912400,HSL:4560_20210917_La_2_1255,560,HSL:4160232,Silvola
47520,47520,0,47520,47520,0,False,SCHEDULED,1631912400,HSL:4560_20210917_La_2_1305,560,HSL:4160232,Silvola
48120,48120,0,48120,48120,0,False,SCHEDULED,1631912400,HSL:4560_20210917_La_2_1315,560,HSL:4160232,Silvola
46560,46607,47,46560,46607,47,True,UPDATED,1631912400,HSL:2436_20210917_La_2_1229,436,HSL:4160227,Ojahaka
50160,50160,0,50160,50160,0,False,SCHEDULED,1631912400,HSL:2436_20210917_La_2_1329,436,HSL:4160227,Ojahaka
53760,53760,0,53760,53760,0,False,SCHEDULED,1631912400,HSL:2436_20210917_La_2_1429,436,HSL:4160227,Ojahaka
57360,57360,0,57360,57360,0,False,SCHEDULED,1631912400,HSL:2436_20210917_La_2_1529,436,HSL:4160227,Ojahaka
60960,60960,0,60960,60960,0,False,SCHEDULED,1631912400,HSL:2436_20210917_La_2_1629,436,HSL:4160227,Ojahaka
46020,46064,44,46020,46064,44,True,UPDATED,1631912400,HSL:1069_20210917_La_1_1203,69,HSL:1381113,Leppätie
47220,47340,120,47220,47347,127,True,UPDATED,1631912400,HSL:1069_20210917_La_1_1222,69,HSL:1381113,Leppätie
48420,48420,0,48420,48420,0,False,SCHEDULED,1631912400,HSL:1069_20210917_La_1_1242,69,HSL:1381113,Leppätie
49620,49620,0,49620,49620,0,False,SCHEDULED,1631912400,HSL:1069_20210917_La_1_1302,69,HSL:1381113,Leppätie
50820,50820,0,50820,50820,0,False,SCHEDULED,1631912400,HSL:1069_20210917_La_1_1322,69,HSL:1381113,Leppätie
45240,45363,123,45240,45363,123,True,UPDATED,1631912400,HSL:2115_20210917_La_2_1234,115,HSL:2241221,Vanha-Mankkaa
45780,45769,-11,45780,45785,5,True,UPDATED,1631912400,HSL:2543_20210917_La_1_1225,543,HSL:2241221,Vanha-Mankkaa
47580,47580,0,47580,47580,0,False,SCHEDULED,1631912400,HSL:2543_20210917_La_1_1255,543,HSL:2241221,Vanha-Mankkaa
47940,47940,0,47940,47940,0,False,SCHEDULED,1631912400,HSL:2115_20210917_La_2_1319,115,HSL:2241221,Vanha-Mankkaa
49380,49380,0,49380,49380,0,False,SCHEDULED,1631912400,HSL:2543_20210917_La_1_1325,543,HSL:2241221,Vanha-Mankkaa
45300,45397,97,45300,45402,102,True,UPDATED,1631912400,HSL:2115_20210917_La_2_1234,115,HSL:2241220,Juhanintie
45840,45836,-4,45840,45836,-4,True,UPDATED,1631912400,HSL:2543_20210917_La_1_1225,543,HSL:2241220,Juhanintie
47640,47640,0,47640,47640,0,False,SCHEDULED,1631912400,HSL:2543_20210917_La_1_1255,543,HSL:2241220,Juhanintie
48000,48000,0,48000,48000,0,False,SCHEDULED,1631912400,HSL:2115_20210917_La_2_1319,115,HSL:2241220,Juhanintie
49440,49440,0,49440,49440,0,False,SCHEDULED,1631912400,HSL:2543_20210917_La_1_1325,543,HSL:2241220,Juhanintie
45420,45569,149,45540,45617,77,True,UPDATED,1631912400,HSL:1073_20210917_La_1_1213,73,HSL:1381101,Malmin asema
45960,45947,-13,45960,45977,17,True,UPDATED,1631912400,HSL:1069_20210917_La_2_1222,69,HSL:1381101,Malmin asema
46020,46005,-15,46140,46195,55,True,UPDATED,1631912400,HSL:1074_20210917_La_1_1223,74,HSL:1381101,Malmin asema
46620,46686,66,46740,46766,26,True,UPDATED,1631912400,HSL:1073_20210917_La_1_1232,73,HSL:1381101,Malmin asema
47100,47100,0,47100,47100,0,False,SCHEDULED,1631912400,HSL:1069_20210917_La_2_1241,69,HSL:1381101,Malmin asema
47400,47400,0,47400,47400,0,False,SCHEDULED,1631912400,HSL:9985_20210917_La_2_1303,985,HSL:9217202,Kuusisaarentie
50940,50940,0,50940,50940,0,False,SCHEDULED,1631912400,HSL:9985_20210917_La_2_1402,985,HSL:9217202,Kuusisaarentie
54480,54480,0,54480,54480,0,False,SCHEDULED,1631912400,HSL:9985_20210917_La_2_1501,985,HSL:9217202,Kuusisaarentie
58080,58080,0,58080,58080,0,False,SCHEDULED,1631912400,HSL:9985_20210917_La_2_1601,985,HSL:9217202,Kuusisaarentie
61800,61800,0,61800,61800,0,False,SCHEDULED,1631912400,HSL:9985_20210917_La_2_1703,985,HSL:9217202,Kuusisaarentie
46200,46270,70,46200,46272,72,True,UPDATED,1631912400,HSL:9985_20210917_La_1_1228,985,HSL:9217201,Kuusisaarentie
50220,50220,0,50220,50220,0,False,SCHEDULED,1631912400,HSL:9985_20210917_La_1_1335,985,HSL:9217201,Kuusisaarentie
53820,53820,0,53820,53820,0,False,SCHEDULED,1631912400,HSL:9985_20210917_La_1_1435,985,HSL:9217201,Kuusisaarentie
57420,57420,0,57420,57420,0,False,SCHEDULED,1631912400,HSL:9985_20210917_La_1_1535,985,HSL:9217201,Kuusisaarentie
61020,61020,0,61020,61020,0,False,SCHEDULED,1631912400,HSL:9985_20210917_La_1_1635,985,HSL:9217201,Kuusisaarentie
47400,47400,0,47400,47400,0,False,SCHEDULED,1631912400,HSL:9985_20210917_La_2_1303,985,HSL:9217204,Ruotsinojantie
51000,51000,0,51000,51000,0,False,SCHEDULED,1631912400,HSL:9985_20210917_La_2_1402,985,HSL:9217204,Ruotsinojantie
54540,54540,0,54540,54540,0,False,SCHEDULED,1631912400,HSL:9985_20210917_La_2_1501,985,HSL:9217204,Ruotsinojantie
58140,58140,0,58140,58140,0,False,SCHEDULED,1631912400,HSL:9985_20210917_La_2_1601,985,HSL:9217204,Ruotsinojantie
61860,61860,0,61860,61860,0,False,SCHEDULED,1631912400,HSL:9985_20210917_La_2_1703,985,HSL:9217204,Ruotsinojantie
46140,46243,103,46140,46263,123,True,UPDATED,1631912400,HSL:9985_20210917_La_1_1228,985,HSL:9217203,Vanikontie
50160,50160,0,50160,50160,0,False,SCHEDULED,1631912400,HSL:9985_20210917_La_1_1335,985,HSL:9217203,Vanikontie
53760,53760,0,53760,53760,0,False,SCHEDULED,1631912400,HSL:9985_20210917_La_1_1435,985,HSL:9217203,Vanikontie
57360,57360,0,57360,57360,0,False,SCHEDULED,1631912400,HSL:9985_20210917_La_1_1535,985,HSL:9217203,Vanikontie
60960,60960,0,60960,60960,0,False,SCHEDULED,1631912400,HSL:9985_20210917_La_1_1635,985,HSL:9217203,Vanikontie
46320,46364,44,46440,46465,25,True,UPDATED,1631912400,HSL:1069_20210917_La_1_1203,69,HSL:1381106,Malmin asema
47520,47645,125,47640,47720,80,True,UPDATED,1631912400,HSL:1069_20210917_La_1_1222,69,HSL:1381106,Malmin asema
48720,48720,0,48840,48840,0,False,SCHEDULED,1631912400,HSL:1069_20210917_La_1_1242,69,HSL:1381106,Malmin asema
49920,49920,0,50040,50040,0,False,SCHEDULED,1631912400,HSL:1069_20210917_La_1_1302,69,HSL:1381106,Malmin asema
51120,51120,0,51240,51240,0,False,SCHEDULED,1631912400,HSL:1069_20210917_La_1_1322,69,HSL:1381106,Malmin asema
45360,45454,94,45360,45503,143,True,UPDATED,1631912400,HSL:1073_20210917_La_2_1221,73,HSL:1381107,Syystie
45780,45822,42,45780,45834,54,True,UPDATED,1631912400,HSL:1079_20210917_La_2_1228,79,HSL:1381107,Syystie
45840,45851,11,45840,45863,23,True,UPDATED,1631912400,HSL:1554_20210917_La_2_1230,554,HSL:1381107,Syystie
46140,46184,44,46140,46184,44,True,UPDATED,1631912400,HSL:1069_20210917_La_1_1203,69,HSL:1381107,Syystie
46380,46380,0,46380,46380,0,True,UPDATED,1631912400,HSL:1079_20210917_La_2_1238,79,HSL:1381107,Syystie
46140,46205,65,46140,46243,103,True,UPDATED,1631912400,HSL:9985_20210917_La_1_1228,985,HSL:9217205,Ruotsinojantie
50160,50160,0,50160,50160,0,False,SCHEDULED,1631912400,HSL:9985_20210917_La_1_1335,985,HSL:9217205,Ruotsinojantie
53760,53760,0,53760,53760,0,False,SCHEDULED,1631912400,HSL:9985_20210917_La_1_1435,985,HSL:9217205,Ruotsinojantie
57360,57360,0,57360,57360,0,False,SCHEDULED,1631912400,HSL:9985_20210917_La_1_1535,985,HSL:9217205,Ruotsinojantie
60960,60960,0,60960,60960,0,False,SCHEDULED,1631912400,HSL:9985_20210917_La_1_1635,985,HSL:9217205,Ruotsinojantie
45360,45404,44,45480,45404,-76,True,UPDATED,1631912400,HSL:1079_20210917_La_2_1218,79,HSL:1381102,Malmin asema
45600,45652,52,45720,45652,-68,True,UPDATED,1631912400,HSL:1073_20210917_La_2_1221,73,HSL:1381102,Malmin asema
45960,46048,88,46080,46122,42,True,UPDATED,1631912400,HSL:1079_20210917_La_2_1228,79,HSL:1381102,Malmin asema
46200,46206,6,46320,46351,31,True,UPDATED,1631912400,HSL:1074_20210917_La_2_1232,74,HSL:1381102,Malmin asema
46560,46560,0,46680,46680,0,True,UPDATED,1631912400,HSL:1079_20210917_La_2_1238,79,HSL:1381102,Malmin asema
45660,45742,82,45780,45813,33,True,UPDATED,1631912400,HSL:1079_20210917_La_1_1211,79,HSL:1381103,Malmin asema
46260,46360,100,46380,46426,46,True,UPDATED,1631912400,HSL:1079_20210917_La_1_1221,79,HSL:1381103,Malmin asema
46860,46873,13,46980,46980,0,True,UPDATED,1631912400,HSL:1079_20210917_La_1_1231,79,HSL:1381103,Malmin asema
47460,47460,0,47580,47580,0,False,SCHEDULED,1631912400,HSL:1079_20210917_La_1_1241,79,HSL:1381103,Malmin asema
48060,48060,0,48180,48180,0,False,SCHEDULED,1631912400,HSL:1079_20210917_La_1_1251,79,HSL:1381103,Malmin asema
47460,47460,0,47460,47460,0,False,SCHEDULED,1631912400,HSL:9985_20210917_La_2_1303,985,HSL:9217209,Santamaantie
51060,51060,0,51060,51060,0,False,SCHEDULED,1631912400,HSL:9985_20210917_La_2_1402,985,HSL:9217209,Santamaantie
54600,54600,0,54600,54600,0,False,SCHEDULED,1631912400,HSL:9985_20210917_La_2_1501,985,HSL:9217209,Santamaantie
58200,58200,0,58200,58200,0,False,SCHEDULED,1631912400,HSL:9985_20210917_La_2_1601,985,HSL:9217209,Santamaantie
61920,61920,0,61920,61920,0,False,SCHEDULED,1631912400,HSL:9985_20210917_La_2_1703,985,HSL:9217209,Santamaantie
45360,45413,53,45480,45650,170,True,UPDATED,1631912400,HSL:4561_20210917_La_2_1205,561,HSL:1381104,Malmin asema
46020,46013,-7,46080,46134,54,True,UPDATED,1631912400,HSL:1554_20210917_La_2_1230,554,HSL:1381104,Malmin asema
46560,46560,0,46680,46680,0,False,SCHEDULED,1631912400,HSL:4561_20210917_La_2_1224,561,HSL:1381104,Malmin asema
47220,47220,0,47280,47280,0,False,SCHEDULED,1631912400,HSL:1554_20210917_La_2_1250,554,HSL:1381104,Malmin asema
47760,47760,0,47880,47880,0,False,SCHEDULED,1631912400,HSL:4561_20210917_La_2_1244,561,HSL:1381104,Malmin asema
45660,45688,28,45720,45749,29,True,UPDATED,1631912400,HSL:4560_20210917_La_1_1206,560,HSL:1381105,Malmin asema
46260,46260,0,46320,46320,0,False,SCHEDULED,1631912400,HSL:4560_20210917_La_1_1216,560,HSL:1381105,Malmin asema
46860,46860,0,46920,46954,34,True,UPDATED,1631912400,HSL:4560_20210917_La_1_1226,560,HSL:1381105,Malmin asema
47460,47460,0,47520,47520,0,False,SCHEDULED,1631912400,HSL:4560_20210917_La_1_1236,560,HSL:1381105,Malmin asema
48060,48060,0,48120,48120,0,False,SCHEDULED,1631912400,HSL:4560_20210917_La_1_1246,560,HSL:1381105,Malmin asema
45360,45436,76,45360,45436,76,True,UPDATED,1631912400,HSL:2118_20210917_La_2_1156,118,HSL:2241237,Kokinkylänsilta
45480,45580,100,45480,45581,101,True,UPDATED,1631912400,HSL:2115_20210917_La_2_1234,115,HSL:2241237,Kokinkylänsilta
46260,46260,0,46260,46260,0,False,SCHEDULED,1631912400,HSL:2118B_20210917_La_2_1247,118B,HSL:2241237,Kokinkylänsilta
47160,47242,82,47160,47244,84,True,UPDATED,1631912400,HSL:2118_20210917_La_2_1226,118,HSL:2241237,Kokinkylänsilta
48060,48060,0,48060,48060,0,False,SCHEDULED,1631912400,HSL:2118B_20210917_La_2_1317,118B,HSL:2241237,Kokinkylänsilta
45660,45660,0,45660,45660,0,False,SCHEDULED,1631912400,HSL:2118_20210917_La_1_1232,118,HSL:2241238,Kokinkylänsilta
46560,46560,0,46560,46560,0,False,SCHEDULED,1631912400,HSL:2118B_20210917_La_1_1247,118B,HSL:2241238,Kokinkylänsilta
47280,47280,0,47280,47280,0,False,SCHEDULED,1631912400,HSL:2115_20210917_La_1_1300,115,HSL:2241238,Kokinkylänsilta
47460,47460,0,47460,47460,0,False,SCHEDULED,1631912400,HSL:2118_20210917_La_1_1302,118,HSL:2241238,Kokinkylänsilta
48360,48360,0,48360,48360,0,False,SCHEDULED,1631912400,HSL:2118B_20210917_La_1_1317,118B,HSL:2241238,Kokinkylänsilta
47580,45477,-2103,47580,45477,-2103,True,UPDATED,1631912400,HSL:1030_20210917_La_1_1222,30,HSL:4160211,Vaskivuori
45720,45816,96,45720,45816,96,True,UPDATED,1631912400,HSL:1030_20210917_La_1_1152,30,HSL:4160211,Vaskivuori
45780,45890,110,45780,45904,124,True,UPDATED,1631912400,HSL:4560_20210917_La_1_1146,560,HSL:4160211,Vaskivuori
45840,46096,256,45840,46136,296,True,UPDATED,1631912400,HSL:4411_20210917_La_1_1222,411,HSL:4160211,Vaskivuori
46380,46393,13,46380,46406,26,True,UPDATED,1631912400,HSL:4560_20210917_La_1_1156,560,HSL:4160211,Vaskivuori
46860,46860,0,46860,46860,0,False,SCHEDULED,1631912400,HSL:4412_20210917_La_1_1258,412,HSL:4160210,Kaivosvoudinpuisto
50400,50400,0,50400,50400,0,False,SCHEDULED,1631912400,HSL:4412_20210917_La_1_1358,412,HSL:4160210,Kaivosvoudinpuisto
54000,54000,0,54000,54000,0,False,SCHEDULED,1631912400,HSL:4412_20210917_La_1_1458,412,HSL:4160210,Kaivosvoudinpuisto
57600,57600,0,57600,57600,0,False,SCHEDULED,1631912400,HSL:4412_20210917_La_1_1558,412,HSL:4160210,Kaivosvoudinpuisto
61200,61200,0,61200,61200,0,False,SCHEDULED,1631912400,HSL:4412_20210917_La_1_1658,412,HSL:4160210,Kaivosvoudinpuisto
45240,45339,99,45240,45339,99,True,UPDATED,1631912400,HSL:2115_20210917_La_2_1234,115,HSL:2241234,Mankkaanaukio
47460,47460,0,47460,47460,0,False,SCHEDULED,1631912400,HSL:2115_20210917_La_1_1300,115,HSL:2241234,Mankkaanaukio
47940,47940,0,47940,47940,0,False,SCHEDULED,1631912400,HSL:2115_20210917_La_2_1319,115,HSL:2241234,Mankkaanaukio
50100,50100,0,50100,50100,0,False,SCHEDULED,1631912400,HSL:2115_20210917_La_1_1344,115,HSL:2241234,Mankkaanaukio
50220,50220,0,50220,50220,0,False,SCHEDULED,1631912400,HSL:2115_20210917_La_2_1357,115,HSL:2241234,Mankkaanaukio
45240,45463,223,45240,45477,237,True,UPDATED,1631912400,HSL:4421_20210917_La_1_1212,421,HSL:4160213,Vetotie
46080,46080,0,46080,46080,0,False,SCHEDULED,1631912400,HSL:7456A_20210917_La_1_1230,456A,HSL:4160213,Vetotie
47100,47100,0,47100,47100,0,False,SCHEDULED,1631912400,HSL:4421_20210917_La_1_1242,421,HSL:4160213,Vetotie
47100,47100,0,47100,47100,0,False,SCHEDULED,1631912400,HSL:7455A_20210917_La_1_1245,455A,HSL:4160213,Vetotie
48960,48960,0,48960,48960,0,False,SCHEDULED,1631912400,HSL:4421_20210917_La_1_1312,421,HSL:4160213,Vetotie
45600,45600,0,45600,45600,0,False,SCHEDULED,1631912400,HSL:4560_20210917_La_2_1235,560,HSL:4160212,Vaskivuori
45720,45720,0,45720,45720,0,True,UPDATED,1631912400,HSL:1030_20210917_La_2_1236,30,HSL:4160212,Vaskivuori
46020,46020,0,46020,46020,0,False,SCHEDULED,1631912400,HSL:4411_20210917_La_2_1235,411,HSL:4160212,Vaskivuori
46200,46200,0,46200,46200,0,False,SCHEDULED,1631912400,HSL:4560_20210917_La_2_1245,560,HSL:4160212,Vaskivuori
46380,46380,0,46380,46380,0,False,SCHEDULED,1631912400,HSL:4412_20210917_La_2_1249,412,HSL:4160212,Vaskivuori
45240,45493,253,45240,45500,260,True,UPDATED,1631912400,HSL:4421_20210917_La_1_1212,421,HSL:4160215,Kaivosrinteenpolku
46080,46080,0,46080,46080,0,False,SCHEDULED,1631912400,HSL:7456A_20210917_La_1_1230,456A,HSL:4160215,Kaivosrinteenpolku
47100,47100,0,47100,47100,0,False,SCHEDULED,1631912400,HSL:4421_20210917_La_1_1242,421,HSL:4160215,Kaivosrinteenpolku
47100,47100,0,47100,47100,0,False,SCHEDULED,1631912400,HSL:7455A_20210917_La_1_1245,455A,HSL:4160215,Kaivosrinteenpolku
48960,48960,0,48960,48960,0,False,SCHEDULED,1631912400,HSL:4421_20210917_La_1_1312,421,HSL:4160215,Kaivosrinteenpolku
45480,45578,98,45480,45594,114,True,UPDATED,1631912400,HSL:4421_20210917_La_2_1225,421,HSL:4160214,Vetotie
46860,46860,0,46860,46860,0,False,SCHEDULED,1631912400,HSL:7465_20210917_La_2_1245,465,HSL:4160214,Vetotie
47220,47220,0,47220,47220,0,False,SCHEDULED,1631912400,HSL:4421_20210917_La_2_1254,421,HSL:4160214,Vetotie
47820,47820,0,47820,47820,0,False,SCHEDULED,1631912400,HSL:7455A_20210917_La_2_1303,455A,HSL:4160214,Vetotie
49020,49020,0,49020,49020,0,False,SCHEDULED,1631912400,HSL:4421_20210917_La_2_1324,421,HSL:4160214,Vetotie
46740,46740,0,46740,46740,0,False,SCHEDULED,1631912400,HSL:4412_20210917_La_1_1258,412,HSL:4160206,Kaivostie
50340,50340,0,50340,50340,0,False,SCHEDULED,1631912400,HSL:4412_20210917_La_1_1358,412,HSL:4160206,Kaivostie
53940,53940,0,53940,53940,0,False,SCHEDULED,1631912400,HSL:4412_20210917_La_1_1458,412,HSL:4160206,Kaivostie
57540,57540,0,57540,57540,0,False,SCHEDULED,1631912400,HSL:4412_20210917_La_1_1558,412,HSL:4160206,Kaivostie
61140,61140,0,61140,61140,0,False,SCHEDULED,1631912400,HSL:4412_20210917_La_1_1658,412,HSL:4160206,Kaivostie
46560,46560,0,46560,46560,0,False,SCHEDULED,1631912400,HSL:4412_20210917_La_2_1249,412,HSL:4160205,Kaivoksela
46680,46680,0,46680,46680,0,False,SCHEDULED,1631912400,HSL:4412_20210917_La_1_1258,412,HSL:4160205,Kaivoksela
50160,50160,0,50160,50160,0,False,SCHEDULED,1631912400,HSL:4412_20210917_La_2_1349,412,HSL:4160205,Kaivoksela
50280,50280,0,50280,50280,0,False,SCHEDULED,1631912400,HSL:4412_20210917_La_1_1358,412,HSL:4160205,Kaivoksela
53760,53760,0,53760,53760,0,False,SCHEDULED,1631912400,HSL:4412_20210917_La_2_1449,412,HSL:4160205,Kaivoksela
46800,46800,0,46800,46800,0,False,SCHEDULED,1631912400,HSL:4412_20210917_La_1_1258,412,HSL:4160208,Kaivosvoudintie
50400,50400,0,50400,50400,0,False,SCHEDULED,1631912400,HSL:4412_20210917_La_1_1358,412,HSL:4160208,Kaivosvoudintie
54000,54000,0,54000,54000,0,False,SCHEDULED,1631912400,HSL:4412_20210917_La_1_1458,412,HSL:4160208,Kaivosvoudintie
57600,57600,0,57600,57600,0,False,SCHEDULED,1631912400,HSL:4412_20210917_La_1_1558,412,HSL:4160208,Kaivosvoudintie
61200,61200,0,61200,61200,0,False,SCHEDULED,1631912400,HSL:4412_20210917_La_1_1658,412,HSL:4160208,Kaivosvoudintie
46080,46164,84,46080,46201,121,True,UPDATED,1631912400,HSL:9985_20210917_La_1_1228,985,HSL:9217210,Santamaantie
50100,50100,0,50100,50100,0,False,SCHEDULED,1631912400,HSL:9985_20210917_La_1_1335,985,HSL:9217210,Santamaantie
53700,53700,0,53700,53700,0,False,SCHEDULED,1631912400,HSL:9985_20210917_La_1_1435,985,HSL:9217210,Santamaantie
57300,57300,0,57300,57300,0,False,SCHEDULED,1631912400,HSL:9985_20210917_La_1_1535,985,HSL:9217210,Santamaantie
60900,60900,0,60900,60900,0,False,SCHEDULED,1631912400,HSL:9985_20210917_La_1_1635,985,HSL:9217210,Santamaantie
46500,46500,0,46500,46500,0,False,SCHEDULED,1631912400,HSL:4412_20210917_La_2_1249,412,HSL:4160207,Kaivostie
50100,50100,0,50100,50100,0,False,SCHEDULED,1631912400,HSL:4412_20210917_La_2_1349,412,HSL:4160207,Kaivostie
53700,53700,0,53700,53700,0,False,SCHEDULED,1631912400,HSL:4412_20210917_La_2_1449,412,HSL:4160207,Kaivostie
57300,57300,0,57300,57300,0,False,SCHEDULED,1631912400,HSL:4412_20210917_La_2_1549,412,HSL:4160207,Kaivostie
60900,60900,0,60900,60900,0,False,SCHEDULED,1631912400,HSL:4412_20210917_La_2_1649,412,HSL:4160207,Kaivostie
47460,47460,0,47460,47460,0,False,SCHEDULED,1631912400,HSL:9985_20210917_La_2_1303,985,HSL:9217213,Nygårdintie
51060,51060,0,51060,51060,0,False,SCHEDULED,1631912400,HSL:9985_20210917_La_2_1402,985,HSL:9217213,Nygårdintie
54600,54600,0,54600,54600,0,False,SCHEDULED,1631912400,HSL:9985_20210917_La_2_1501,985,HSL:9217213,Nygårdintie
58200,58200,0,58200,58200,0,False,SCHEDULED,1631912400,HSL:9985_20210917_La_2_1601,985,HSL:9217213,Nygårdintie
61920,61920,0,61920,61920,0,False,SCHEDULED,1631912400,HSL:9985_20210917_La_2_1703,985,HSL:9217213,Nygårdintie
46440,46440,0,46440,46440,0,False,SCHEDULED,1631912400,HSL:4412_20210917_La_2_1249,412,HSL:4160209,Kaivosvoudintie
50040,50040,0,50040,50040,0,False,SCHEDULED,1631912400,HSL:4412_20210917_La_2_1349,412,HSL:4160209,Kaivosvoudintie
53640,53640,0,53640,53640,0,False,SCHEDULED,1631912400,HSL:4412_20210917_La_2_1449,412,HSL:4160209,Kaivosvoudintie
57240,57240,0,57240,57240,0,False,SCHEDULED,1631912400,HSL:4412_20210917_La_2_1549,412,HSL:4160209,Kaivosvoudintie
60840,60840,0,60840,60840,0,False,SCHEDULED,1631912400,HSL:4412_20210917_La_2_1649,412,HSL:4160209,Kaivosvoudintie
46080,46154,74,46080,46155,75,True,UPDATED,1631912400,HSL:9985_20210917_La_1_1228,985,HSL:9217212,Nygårdintie
50100,50100,0,50100,50100,0,False,SCHEDULED,1631912400,HSL:9985_20210917_La_1_1335,985,HSL:9217212,Nygårdintie
53700,53700,0,53700,53700,0,False,SCHEDULED,1631912400,HSL:9985_20210917_La_1_1435,985,HSL:9217212,Nygårdintie
57300,57300,0,57300,57300,0,False,SCHEDULED,1631912400,HSL:9985_20210917_La_1_1535,985,HSL:9217212,Nygårdintie
60900,60900,0,60900,60900,0,False,SCHEDULED,1631912400,HSL:9985_20210917_La_1_1635,985,HSL:9217212,Nygårdintie
47580,47580,0,47580,47580,0,False,SCHEDULED,1631912400,HSL:9985_20210917_La_2_1303,985,HSL:9217214,Satotalma
51180,51180,0,51180,51180,0,False,SCHEDULED,1631912400,HSL:9985_20210917_La_2_1402,985,HSL:9217214,Satotalma
54720,54720,0,54720,54720,0,False,SCHEDULED,1631912400,HSL:9985_20210917_La_2_1501,985,HSL:9217214,Satotalma
58320,58320,0,58320,58320,0,False,SCHEDULED,1631912400,HSL:9985_20210917_La_2_1601,985,HSL:9217214,Satotalma
62040,62040,0,62040,62040,0,False,SCHEDULED,1631912400,HSL:9985_20210917_La_2_1703,985,HSL:9217214,Satotalma
47520,47520,0,47520,47520,0,False,SCHEDULED,1631912400,HSL:9985_20210917_La_2_1303,985,HSL:9217219,Talman koulu
51120,51120,0,51120,51120,0,False,SCHEDULED,1631912400,HSL:9985_20210917_La_2_1402,985,HSL:9217219,Talman koulu
54660,54660,0,54660,54660,0,False,SCHEDULED,1631912400,HSL:9985_20210917_La_2_1501,985,HSL:9217219,Talman koulu
58260,58260,0,58260,58260,0,False,SCHEDULED,1631912400,HSL:9985_20210917_La_2_1601,985,HSL:9217219,Talman koulu
61980,61980,0,61980,61980,0,False,SCHEDULED,1631912400,HSL:9985_20210917_La_2_1703,985,HSL:9217219,Talman koulu
46020,46054,34,46020,46103,83,True,UPDATED,1631912400,HSL:9985_20210917_La_1_1228,985,HSL:9217218,Talman koulu
50040,50040,0,50040,50040,0,False,SCHEDULED,1631912400,HSL:9985_20210917_La_1_1335,985,HSL:9217218,Talman koulu
53640,53640,0,53640,53640,0,False,SCHEDULED,1631912400,HSL:9985_20210917_La_1_1435,985,HSL:9217218,Talman koulu
57240,57240,0,57240,57240,0,False,SCHEDULED,1631912400,HSL:9985_20210917_La_1_1535,985,HSL:9217218,Talman koulu
60840,60840,0,60840,60840,0,False,SCHEDULED,1631912400,HSL:9985_20210917_La_1_1635,985,HSL:9217218,Talman koulu
45540,45612,72,45540,45612,72,True,UPDATED,1631912400,HSL:9844_20210917_La_1_1220,844,HSL:9205210,Majvik
46740,46740,0,46740,46740,0,False,SCHEDULED,1631912400,HSL:9842_20210917_La_1_1240,842,HSL:9205210,Majvik
47940,47940,0,47940,47940,0,False,SCHEDULED,1631912400,HSL:9843_20210917_La_1_1300,843,HSL:9205210,Majvik
48840,48840,0,48840,48840,0,False,SCHEDULED,1631912400,HSL:9841_20210917_La_1_1315,841,HSL:9205210,Majvik
50220,50220,0,50220,50220,0,False,SCHEDULED,1631912400,HSL:9842_20210917_La_1_1338,842,HSL:9205210,Majvik
45780,45783,3,45780,45783,3,True,UPDATED,1631912400,HSL:9842_20210917_La_2_1226,842,HSL:9205211,Katrineholm
47280,47280,0,47280,47280,0,False,SCHEDULED,1631912400,HSL:9844_20210917_La_2_1255,844,HSL:9205211,Katrineholm
48420,48420,0,48420,48420,0,False,SCHEDULED,1631912400,HSL:9841_20210917_La_2_1305,841,HSL:9205211,Katrineholm
49380,49380,0,49380,49380,0,False,SCHEDULED,1631912400,HSL:9842_20210917_La_2_1326,842,HSL:9205211,Katrineholm
50640,50640,0,50640,50640,0,False,SCHEDULED,1631912400,HSL:9843_20210917_La_2_1345,843,HSL:9205211,Katrineholm
45600,45672,72,45600,45672,72,True,UPDATED,1631912400,HSL:9844_20210917_La_1_1220,844,HSL:9205212,Katrineholm
46800,46800,0,46800,46800,0,False,SCHEDULED,1631912400,HSL:9842_20210917_La_1_1240,842,HSL:9205212,Katrineholm
48000,48000,0,48000,48000,0,False,SCHEDULED,1631912400,HSL:9843_20210917_La_1_1300,843,HSL:9205212,Katrineholm
48900,48900,0,48900,48900,0,False,SCHEDULED,1631912400,HSL:9841_20210917_La_1_1315,841,HSL:9205212,Katrineholm
50280,50280,0,50280,50280,0,False,SCHEDULED,1631912400,HSL:9842_20210917_La_1_1338,842,HSL:9205212,Katrineholm
46080,46094,14,46080,46094,14,True,UPDATED,1631912400,HSL:2143_20210917_La_1_1231,143,HSL:2415280,Salmensuu
46980,46980,0,46980,46980,0,False,SCHEDULED,1631912400,HSL:2143_20210917_La_1_1246,143,HSL:2415280,Salmensuu
47880,47880,0,47880,47880,0,False,SCHEDULED,1631912400,HSL:2143_20210917_La_1_1301,143,HSL:2415280,Salmensuu
48780,48780,0,48780,48780,0,False,SCHEDULED,1631912400,HSL:2143_20210917_La_1_1316,143,HSL:2415280,Salmensuu
49680,49680,0,49680,49680,0,False,SCHEDULED,1631912400,HSL:2143_20210917_La_1_1331,143,HSL:2415280,Salmensuu
45480,45552,72,45480,45552,72,True,UPDATED,1631912400,HSL:9844_20210917_La_1_1220,844,HSL:9205202,Storören
46680,46680,0,46680,46680,0,False,SCHEDULED,1631912400,HSL:9842_20210917_La_1_1240,842,HSL:9205202,Storören
47880,47880,0,47880,47880,0,False,SCHEDULED,1631912400,HSL:9843_20210917_La_1_1300,843,HSL:9205202,Storören
48780,48780,0,48780,48780,0,False,SCHEDULED,1631912400,HSL:9841_20210917_La_1_1315,841,HSL:9205202,Storören
50160,50160,0,50160,50160,0,False,SCHEDULED,1631912400,HSL:9842_20210917_La_1_1338,842,HSL:9205202,Storören
48720,48720,0,48720,48720,0,False,SCHEDULED,1631912400,HSL:7192V_20210917_La_2_1315,192V,HSL:6030232,Inkilänportti
60060,60060,0,60060,60060,0,False,SCHEDULED,1631912400,HSL:7192V_20210917_La_2_1623,192V,HSL:6030232,Inkilänportti
63120,63120,0,63120,63120,0,False,SCHEDULED,1631912400,HSL:7192V_20210917_La_2_1715,192V,HSL:6030232,Inkilänportti
81120,81120,0,81120,81120,0,False,SCHEDULED,1631912400,HSL:7192V_20210917_La_2_2215,192V,HSL:6030232,Inkilänportti
37860,37860,0,37860,37860,0,False,SCHEDULED,1631998800,HSL:7192_20210917_Su_2_1013,192,HSL:6030232,Inkilänportti
45480,45552,72,45480,45552,72,True,UPDATED,1631912400,HSL:9844_20210917_La_1_1220,844,HSL:9205203,Sopukka
46680,46680,0,46680,46680,0,False,SCHEDULED,1631912400,HSL:9842_20210917_La_1_1240,842,HSL:9205203,Sopukka
47880,47880,0,47880,47880,0,False,SCHEDULED,1631912400,HSL:9843_20210917_La_1_1300,843,HSL:9205203,Sopukka
48780,48780,0,48780,48780,0,False,SCHEDULED,1631912400,HSL:9841_20210917_La_1_1315,841,HSL:9205203,Sopukka
50160,50160,0,50160,50160,0,False,SCHEDULED,1631912400,HSL:9842_20210917_La_1_1338,842,HSL:9205203,Sopukka
45900,45903,3,45900,45903,3,True,UPDATED,1631912400,HSL:9842_20210917_La_2_1226,842,HSL:9205201,Storören
47400,47400,0,47400,47400,0,False,SCHEDULED,1631912400,HSL:9844_20210917_La_2_1255,844,HSL:9205201,Storören
48540,48540,0,48540,48540,0,False,SCHEDULED,1631912400,HSL:9841_20210917_La_2_1305,841,HSL:9205201,Storören
49500,49500,0,49500,49500,0,False,SCHEDULED,1631912400,HSL:9842_20210917_La_2_1326,842,HSL:9205201,Storören
50760,50760,0,50760,50760,0,False,SCHEDULED,1631912400,HSL:9843_20210917_La_2_1345,843,HSL:9205201,Storören
45840,45843,3,45840,45843,3,True,UPDATED,1631912400,HSL:9842_20210917_La_2_1226,842,HSL:9205204,Sopukka
47340,47340,0,47340,47340,0,False,SCHEDULED,1631912400,HSL:9844_20210917_La_2_1255,844,HSL:9205204,Sopukka
48480,48480,0,48480,48480,0,False,SCHEDULED,1631912400,HSL:9841_20210917_La_2_1305,841,HSL:9205204,Sopukka
49440,49440,0,49440,49440,0,False,SCHEDULED,1631912400,HSL:9842_20210917_La_2_1326,842,HSL:9205204,Sopukka
50700,50700,0,50700,50700,0,False,SCHEDULED,1631912400,HSL:9843_20210917_La_2_1345,843,HSL:9205204,Sopukka
45780,45783,3,45780,45783,3,True,UPDATED,1631912400,HSL:9842_20210917_La_2_1226,842,HSL:9205209,Majvik
47280,47280,0,47280,47280,0,False,SCHEDULED,1631912400,HSL:9844_20210917_La_2_1255,844,HSL:9205209,Majvik
48420,48420,0,48420,48420,0,False,SCHEDULED,1631912400,HSL:9841_20210917_La_2_1305,841,HSL:9205209,Majvik
49380,49380,0,49380,49380,0,False,SCHEDULED,1631912400,HSL:9842_20210917_La_2_1326,842,HSL:9205209,Majvik
50640,50640,0,50640,50640,0,False,SCHEDULED,1631912400,HSL:9843_20210917_La_2_1345,843,HSL:9205209,Majvik
45360,45350,-10,45360,45350,-10,True,UPDATED,1631912400,HSL:1071_20210917_La_2_1212,71,HSL:1230112,Kumpulan kampus
45540,45540,0,45540,45540,0,True,UPDATED,1631912400,HSL:1008X_20210917_La_2_1236,8X,HSL:1230112,Kumpulan kampus
45540,45550,10,45540,45584,44,True,UPDATED,1631912400,HSL:1055_20210917_La_2_1229,55,HSL:1230112,Kumpulan kampus
45960,45879,-81,45960,45948,-12,True,UPDATED,1631912400,HSL:1071_20210917_La_2_1222,71,HSL:1230112,Kumpulan kampus
46260,46260,0,46260,46260,0,False,SCHEDULED,1631912400,HSL:1008X_20210917_La_2_1248,8X,HSL:1230112,Kumpulan kampus
45780,45780,0,45780,45780,0,False,SCHEDULED,1631912400,HSL:1008X_20210917_La_1_1227,8X,HSL:1230113,Kokkosaarenkatu
45540,45848,308,45540,45856,316,True,UPDATED,1631912400,HSL:1055_20210917_La_1_1220,55,HSL:1230113,Kokkosaarenkatu
45780,45922,142,45780,45922,142,True,UPDATED,1631912400,HSL:1071_20210917_La_1_1228,71,HSL:1230113,Kokkosaarenkatu
45720,46001,281,45720,46006,286,True,UPDATED,1631912400,HSL:1506_20210917_La_2_1214,506,HSL:1230113,Kokkosaarenkatu
46380,46380,0,46380,46380,0,False,SCHEDULED,1631912400,HSL:1071_20210917_La_1_1238,71,HSL:1230113,Kokkosaarenkatu
46380,46779,399,46380,46779,399,True,UPDATED,1631912400,HSL:6173_20210917_La_2_1202,173,HSL:6030227,Ingvalsby
48600,48600,0,48600,48600,0,False,SCHEDULED,1631912400,HSL:6171_20210917_La_2_1306,171,HSL:6030227,Ingvalsby
50040,50040,0,50040,50040,0,False,SCHEDULED,1631912400,HSL:6173_20210917_La_2_1301,173,HSL:6030227,Ingvalsby
52260,52260,0,52260,52260,0,False,SCHEDULED,1631912400,HSL:6171_20210917_La_2_1406,171,HSL:6030227,Ingvalsby
53640,53640,0,53640,53640,0,False,SCHEDULED,1631912400,HSL:6173_20210917_La_2_1401,173,HSL:6030227,Ingvalsby
45420,45420,0,45420,45420,0,True,UPDATED,1631912400,HSL:1008X_20210917_La_2_1236,8X,HSL:1230114,Kokkosaarenkatu
45480,45481,1,45480,45491,11,True,UPDATED,1631912400,HSL:1055_20210917_La_2_1229,55,HSL:1230114,Kokkosaarenkatu
45840,45799,-41,45840,45822,-18,True,UPDATED,1631912400,HSL:1071_20210917_La_2_1222,71,HSL:1230114,Kokkosaarenkatu
46140,46140,0,46140,46140,0,False,SCHEDULED,1631912400,HSL:1008X_20210917_La_2_1248,8X,HSL:1230114,Kokkosaarenkatu
46380,46380,0,46380,46380,0,False,SCHEDULED,1631912400,HSL:1055_20210917_La_2_1244,55,HSL:1230114,Kokkosaarenkatu
45360,45370,10,45360,45370,10,True,UPDATED,1631912400,HSL:1090_20210917_La_2_1228,90,HSL:1531155,G. Pauligin katu
46260,46260,0,46260,46260,0,False,SCHEDULED,1631912400,HSL:1090_20210917_La_2_1243,90,HSL:1531155,G. Pauligin katu
47160,47160,0,47160,47160,0,False,SCHEDULED,1631912400,HSL:1090_20210917_La_2_1258,90,HSL:1531155,G. Pauligin katu
48060,48060,0,48060,48060,0,False,SCHEDULED,1631912400,HSL:1090_20210917_La_2_1313,90,HSL:1531155,G. Pauligin katu
48960,48960,0,48960,48960,0,False,SCHEDULED,1631912400,HSL:1090_20210917_La_2_1328,90,HSL:1531155,G. Pauligin katu
46140,46140,0,46140,46140,0,False,SCHEDULED,1631912400,HSL:1090_20210917_La_1_1245,90,HSL:1531154,Aurinkotuulenkatu
47040,47040,0,47040,47040,0,False,SCHEDULED,1631912400,HSL:1090_20210917_La_1_1300,90,HSL:1531154,Aurinkotuulenkatu
48000,48000,0,48000,48000,0,False,SCHEDULED,1631912400,HSL:1090_20210917_La_1_1315,90,HSL:1531154,Aurinkotuulenkatu
48900,48900,0,48900,48900,0,False,SCHEDULED,1631912400,HSL:1090_20210917_La_1_1330,90,HSL:1531154,Aurinkotuulenkatu
49800,49800,0,49800,49800,0,False,SCHEDULED,1631912400,HSL:1090_20210917_La_1_1345,90,HSL:1531154,Aurinkotuulenkatu
45300,45310,10,45300,45310,10,True,UPDATED,1631912400,HSL:1090_20210917_La_2_1228,90,HSL:1531153,Aurinkotuulenkatu
46200,46200,0,46200,46200,0,False,SCHEDULED,1631912400,HSL:1090_20210917_La_2_1243,90,HSL:1531153,Aurinkotuulenkatu
47100,47100,0,47100,47100,0,False,SCHEDULED,1631912400,HSL:1090_20210917_La_2_1258,90,HSL:1531153,Aurinkotuulenkatu
48000,48000,0,48000,48000,0,False,SCHEDULED,1631912400,HSL:1090_20210917_La_2_1313,90,HSL:1531153,Aurinkotuulenkatu
48900,48900,0,48900,48900,0,False,SCHEDULED,1631912400,HSL:1090_20210917_La_2_1328,90,HSL:1531153,Aurinkotuulenkatu
46140,46140,0,46140,46140,0,False,SCHEDULED,1631912400,HSL:1090_20210917_La_2_1243,90,HSL:1531151,Sumukuja
47040,47040,0,47040,47040,0,False,SCHEDULED,1631912400,HSL:1090_20210917_La_2_1258,90,HSL:1531151,Sumukuja
47940,47940,0,47940,47940,0,False,SCHEDULED,1631912400,HSL:1090_20210917_La_2_1313,90,HSL:1531151,Sumukuja
48840,48840,0,48840,48840,0,False,SCHEDULED,1631912400,HSL:1090_20210917_La_2_1328,90,HSL:1531151,Sumukuja
49740,49740,0,49740,49740,0,False,SCHEDULED,1631912400,HSL:1090_20210917_La_2_1343,90,HSL:1531151,Sumukuja
46860,46860,0,46860,46860,0,False,SCHEDULED,1631912400,HSL:9973_20210917_La_1_1251,973,HSL:4810245,Tavitie
48660,48660,0,48660,48660,0,False,SCHEDULED,1631912400,HSL:9973_20210917_La_1_1321,973,HSL:4810245,Tavitie
50460,50460,0,50460,50460,0,False,SCHEDULED,1631912400,HSL:9973_20210917_La_1_1351,973,HSL:4810245,Tavitie
52200,52200,0,52200,52200,0,False,SCHEDULED,1631912400,HSL:9973_20210917_La_1_1420,973,HSL:4810245,Tavitie
54060,54060,0,54060,54060,0,False,SCHEDULED,1631912400,HSL:9973_20210917_La_1_1450,973,HSL:4810245,Tavitie
47100,47100,0,47100,47100,0,False,SCHEDULED,1631912400,HSL:9973_20210917_La_2_1250,973,HSL:4810246,Tavitie
48900,48900,0,48900,48900,0,False,SCHEDULED,1631912400,HSL:9973_20210917_La_2_1320,973,HSL:4810246,Tavitie
50700,50700,0,50700,50700,0,False,SCHEDULED,1631912400,HSL:9973_20210917_La_2_1350,973,HSL:4810246,Tavitie
52500,52500,0,52500,52500,0,False,SCHEDULED,1631912400,HSL:9973_20210917_La_2_1420,973,HSL:4810246,Tavitie
54300,54300,0,54300,54300,0,False,SCHEDULED,1631912400,HSL:9973_20210917_La_2_1450,973,HSL:4810246,Tavitie
46800,46800,0,46800,46800,0,False,SCHEDULED,1631912400,HSL:9973_20210917_La_1_1251,973,HSL:4810247,Lehmustontie
48600,48600,0,48600,48600,0,False,SCHEDULED,1631912400,HSL:9973_20210917_La_1_1321,973,HSL:4810247,Lehmustontie
50400,50400,0,50400,50400,0,False,SCHEDULED,1631912400,HSL:9973_20210917_La_1_1351,973,HSL:4810247,Lehmustontie
52140,52140,0,52140,52140,0,False,SCHEDULED,1631912400,HSL:9973_20210917_La_1_1420,973,HSL:4810247,Lehmustontie
53940,53940,0,53940,53940,0,False,SCHEDULED,1631912400,HSL:9973_20210917_La_1_1450,973,HSL:4810247,Lehmustontie
45420,45327,-93,45420,45327,-93,True,UPDATED,1631912400,HSL:9973_20210917_La_2_1220,973,HSL:4810248,Lehmustontie
45420,45460,40,45420,45460,40,True,UPDATED,1631912400,HSL:4587_20210917_La_2_1234,587,HSL:4810248,Lehmustontie
47220,47220,0,47220,47220,0,False,SCHEDULED,1631912400,HSL:9973_20210917_La_2_1250,973,HSL:4810248,Lehmustontie
49020,49020,0,49020,49020,0,False,SCHEDULED,1631912400,HSL:9973_20210917_La_2_1320,973,HSL:4810248,Lehmustontie
49020,49020,0,49020,49020,0,False,SCHEDULED,1631912400,HSL:4587_20210917_La_2_1334,587,HSL:4810248,Lehmustontie
46080,46149,69,46080,46149,69,True,UPDATED,1631912400,HSL:4739_20210917_La_1_1145,739,HSL:4810242,Lumo
46260,46219,-41,46260,46219,-41,True,UPDATED,1631912400,HSL:4731_20210917_La_1_1210,731,HSL:4810242,Lumo
46560,46560,0,46560,46560,0,False,SCHEDULED,1631912400,HSL:4734_20210917_La_1_1247,734,HSL:4810242,Lumo
46740,46740,0,46740,46740,0,False,SCHEDULED,1631912400,HSL:4735_20210917_La_2_1249,735,HSL:4810242,Lumo
46980,46980,0,46980,46980,0,True,UPDATED,1631912400,HSL:4631_20210917_La_1_1234,631,HSL:4810242,Lumo
45300,45405,105,45300,45414,114,True,UPDATED,1631912400,HSL:4735_20210917_La_1_1201,735,HSL:4810243,Korson asema
45540,45540,0,45540,45540,0,False,SCHEDULED,1631912400,HSL:4734_20210917_La_2_1238,734,HSL:4810243,Korson asema
45900,45900,0,45900,45900,0,True,UPDATED,1631912400,HSL:4731_20210917_La_2_1235,731,HSL:4810243,Korson asema
46380,46380,0,46380,46380,0,False,SCHEDULED,1631912400,HSL:4631_20210917_La_2_1245,631,HSL:4810243,Korson asema
47100,47125,25,47100,47149,49,True,UPDATED,1631912400,HSL:4735_20210917_La_1_1231,735,HSL:4810243,Korson asema
45480,45490,10,45480,45490,10,True,UPDATED,1631912400,HSL:1090_20210917_La_2_1228,90,HSL:1531159,Aurinkol. puistotie
46380,46380,0,46380,46380,0,False,SCHEDULED,1631912400,HSL:1090_20210917_La_2_1243,90,HSL:1531159,Aurinkol. puistotie
47280,47280,0,47280,47280,0,False,SCHEDULED,1631912400,HSL:1090_20210917_La_2_1258,90,HSL:1531159,Aurinkol. puistotie
48180,48180,0,48180,48180,0,False,SCHEDULED,1631912400,HSL:1090_20210917_La_2_1313,90,HSL:1531159,Aurinkol. puistotie
49080,49080,0,49080,49080,0,False,SCHEDULED,1631912400,HSL:1090_20210917_La_2_1328,90,HSL:1531159,Aurinkol. puistotie
46020,46020,0,46020,46020,0,False,SCHEDULED,1631912400,HSL:1090_20210917_La_1_1245,90,HSL:1531158,Ivan Falinin kuja
46920,46920,0,46920,46920,0,False,SCHEDULED,1631912400,HSL:1090_20210917_La_1_1300,90,HSL:1531158,Ivan Falinin kuja
47880,47880,0,47880,47880,0,False,SCHEDULED,1631912400,HSL:1090_20210917_La_1_1315,90,HSL:1531158,Ivan Falinin kuja
48780,48780,0,48780,48780,0,False,SCHEDULED,1631912400,HSL:1090_20210917_La_1_1330,90,HSL:1531158,Ivan Falinin kuja
49680,49680,0,49680,49680,0,False,SCHEDULED,1631912400,HSL:1090_20210917_La_1_1345,90,HSL:1531158,Ivan Falinin kuja
45420,45430,10,45420,45430,10,True,UPDATED,1631912400,HSL:1090_20210917_La_2_1228,90,HSL:1531157,Ivan Falinin kuja
46320,46320,0,46320,46320,0,False,SCHEDULED,1631912400,HSL:1090_20210917_La_2_1243,90,HSL:1531157,Ivan Falinin kuja
47220,47220,0,47220,47220,0,False,SCHEDULED,1631912400,HSL:1090_20210917_La_2_1258,90,HSL:1531157,Ivan Falinin kuja
48120,48120,0,48120,48120,0,False,SCHEDULED,1631912400,HSL:1090_20210917_La_2_1313,90,HSL:1531157,Ivan Falinin kuja
49020,49020,0,49020,49020,0,False,SCHEDULED,1631912400,HSL:1090_20210917_La_2_1328,90,HSL:1531157,Ivan Falinin kuja
46140,46154,14,46140,46209,69,True,UPDATED,1631912400,HSL:4739_20210917_La_1_1145,739,HSL:4810240,Korson asema
46620,46620,0,46620,46620,0,False,SCHEDULED,1631912400,HSL:4734_20210917_La_1_1247,734,HSL:4810240,Korson asema
46740,46740,0,46740,46740,0,False,SCHEDULED,1631912400,HSL:4735_20210917_La_2_1249,735,HSL:4810240,Korson asema
47940,47971,31,47940,47971,31,True,UPDATED,1631912400,HSL:4736_20210917_La_1_1218,736,HSL:4810240,Korson asema
48420,48420,0,48420,48420,0,False,SCHEDULED,1631912400,HSL:4734_20210917_La_1_1317,734,HSL:4810240,Korson asema
46080,46080,0,46080,46080,0,False,SCHEDULED,1631912400,HSL:1090_20210917_La_1_1245,90,HSL:1531156,G. Pauligin katu
46980,46980,0,46980,46980,0,False,SCHEDULED,1631912400,HSL:1090_20210917_La_1_1300,90,HSL:1531156,G. Pauligin katu
47940,47940,0,47940,47940,0,False,SCHEDULED,1631912400,HSL:1090_20210917_La_1_1315,90,HSL:1531156,G. Pauligin katu
48840,48840,0,48840,48840,0,False,SCHEDULED,1631912400,HSL:1090_20210917_La_1_1330,90,HSL:1531156,G. Pauligin katu
49740,49740,0,49740,49740,0,False,SCHEDULED,1631912400,HSL:1090_20210917_La_1_1345,90,HSL:1531156,G. Pauligin katu
45480,45465,-15,45480,45465,-15,True,UPDATED,1631912400,HSL:4570_20210917_La_1_1215,570,HSL:4660202,Hakintie
45780,45916,136,45780,45916,136,True,UPDATED,1631912400,HSL:4717_20210917_La_1_1155,717,HSL:4660202,Hakintie
45600,45918,318,45600,45918,318,True,UPDATED,1631912400,HSL:4711_20210917_La_1_1215,711,HSL:4660202,Hakintie
46080,46097,17,46080,46139,59,True,UPDATED,1631912400,HSL:4570_20210917_La_1_1225,570,HSL:4660202,Hakintie
46680,46680,0,46680,46680,0,True,UPDATED,1631912400,HSL:4570_20210917_La_1_1235,570,HSL:4660202,Hakintie
45540,45676,136,45540,45676,136,True,UPDATED,1631912400,HSL:4717_20210917_La_1_1155,717,HSL:4660205,Honkakallionkuja
46440,46440,0,46440,46440,0,False,SCHEDULED,1631912400,HSL:4587_20210917_La_1_1234,587,HSL:4660205,Honkakallionkuja
46740,46793,53,46740,46793,53,True,UPDATED,1631912400,HSL:4717_20210917_La_1_1215,717,HSL:4660205,Honkakallionkuja
47940,47940,0,47940,47940,0,False,SCHEDULED,1631912400,HSL:4717_20210917_La_1_1235,717,HSL:4660205,Honkakallionkuja
49140,49140,0,49140,49140,0,False,SCHEDULED,1631912400,HSL:4717_20210917_La_1_1255,717,HSL:4660205,Honkakallionkuja
45540,45858,318,45540,45858,318,True,UPDATED,1631912400,HSL:4711_20210917_La_1_1215,711,HSL:4660204,Kesko
45780,45916,136,45780,45916,136,True,UPDATED,1631912400,HSL:4717_20210917_La_1_1155,717,HSL:4660204,Kesko
46980,47033,53,46980,47033,53,True,UPDATED,1631912400,HSL:4717_20210917_La_1_1215,717,HSL:4660204,Kesko
47340,47340,0,47340,47340,0,False,SCHEDULED,1631912400,HSL:4711_20210917_La_1_1245,711,HSL:4660204,Kesko
48180,48180,0,48180,48180,0,False,SCHEDULED,1631912400,HSL:4717_20210917_La_1_1235,717,HSL:4660204,Kesko
45420,45420,0,45420,45420,0,False,SCHEDULED,1631912400,HSL:4717_20210917_La_2_1230,717,HSL:4660207,Malmarintie
46200,46200,0,46200,46200,0,False,SCHEDULED,1631912400,HSL:4721_20210917_La_1_1227,721,HSL:4660207,Malmarintie
46620,46620,0,46620,46620,0,False,SCHEDULED,1631912400,HSL:4717_20210917_La_2_1250,717,HSL:4660207,Malmarintie
47820,47820,0,47820,47820,0,False,SCHEDULED,1631912400,HSL:4717_20210917_La_2_1310,717,HSL:4660207,Malmarintie
48000,48000,0,48000,48000,0,False,SCHEDULED,1631912400,HSL:4721_20210917_La_1_1257,721,HSL:4660207,Malmarintie
45360,45345,-15,45360,45345,-15,True,UPDATED,1631912400,HSL:4570_20210917_La_1_1215,570,HSL:4660206,Malmarintie
45720,45856,136,45720,45856,136,True,UPDATED,1631912400,HSL:4717_20210917_La_1_1155,717,HSL:4660206,Malmarintie
45960,45977,17,45960,46019,59,True,UPDATED,1631912400,HSL:4570_20210917_La_1_1225,570,HSL:4660206,Malmarintie
46560,46560,0,46560,46560,0,True,UPDATED,1631912400,HSL:4570_20210917_La_1_1235,570,HSL:4660206,Malmarintie
46920,46973,53,46920,46973,53,True,UPDATED,1631912400,HSL:4717_20210917_La_1_1215,717,HSL:4660206,Malmarintie
45480,45480,0,45480,45480,0,False,SCHEDULED,1631912400,HSL:4717_20210917_La_2_1230,717,HSL:4660209,Honkanummen hautausm
46200,46200,0,46200,46200,0,False,SCHEDULED,1631912400,HSL:4721_20210917_La_1_1227,721,HSL:4660209,Honkanummen hautausm
46680,46680,0,46680,46680,0,False,SCHEDULED,1631912400,HSL:4717_20210917_La_2_1250,717,HSL:4660209,Honkanummen hautausm
47880,47880,0,47880,47880,0,False,SCHEDULED,1631912400,HSL:4717_20210917_La_2_1310,717,HSL:4660209,Honkanummen hautausm
48000,48000,0,48000,48000,0,False,SCHEDULED,1631912400,HSL:4721_20210917_La_1_1257,721,HSL:4660209,Honkanummen hautausm
45840,46020,180,45840,46020,180,True,UPDATED,1631912400,HSL:4570_20210917_La_2_1204,570,HSL:4660208,Malmarintie
46440,46499,59,46440,46499,59,True,UPDATED,1631912400,HSL:4570_20210917_La_2_1214,570,HSL:4660208,Malmarintie
46620,46681,61,46620,46681,61,True,UPDATED,1631912400,HSL:4721_20210917_La_2_1230,721,HSL:4660208,Malmarintie
47040,47040,0,47040,47040,0,True,UPDATED,1631912400,HSL:4570_20210917_La_2_1224,570,HSL:4660208,Malmarintie
47640,47640,0,47640,47640,0,True,UPDATED,1631912400,HSL:4570_20210917_La_2_1234,570,HSL:4660208,Malmarintie
46500,46500,0,46500,46500,0,False,SCHEDULED,1631912400,HSL:9973_20210917_La_1_1251,973,HSL:4810238,Heikantie
46920,46935,15,46920,46936,16,True,UPDATED,1631912400,HSL:4735_20210917_La_1_1231,735,HSL:4810238,Heikantie
47580,47580,0,47580,47580,0,False,SCHEDULED,1631912400,HSL:4587_20210917_La_1_1234,587,HSL:4810238,Heikantie
48300,48300,0,48300,48300,0,False,SCHEDULED,1631912400,HSL:9973_20210917_La_1_1321,973,HSL:4810238,Heikantie
48720,48720,0,48720,48720,0,False,SCHEDULED,1631912400,HSL:4735_20210917_La_1_1300,735,HSL:4810238,Heikantie
45180,45342,162,45240,45368,128,True,UPDATED,1631912400,HSL:4735_20210917_La_1_1201,735,HSL:4810239,Korson asema
45540,45540,0,45540,45540,0,False,SCHEDULED,1631912400,HSL:4734_20210917_La_2_1238,734,HSL:4810239,Korson asema
45720,45720,0,45840,45840,0,True,UPDATED,1631912400,HSL:4731_20210917_La_2_1235,731,HSL:4810239,Korson asema
46320,46320,0,46380,46380,0,False,SCHEDULED,1631912400,HSL:4631_20210917_La_2_1245,631,HSL:4810239,Korson asema
46560,46560,0,46560,46560,0,False,SCHEDULED,1631912400,HSL:4736_20210917_La_2_1256,736,HSL:4810239,Korson asema
46920,46920,0,46920,46920,0,False,SCHEDULED,1631912400,HSL:4433K_20210917_La_1_1257,433K,HSL:4250215,Härkähaankuja
50520,50520,0,50520,50520,0,False,SCHEDULED,1631912400,HSL:4433K_20210917_La_1_1357,433K,HSL:4250215,Härkähaankuja
54120,54120,0,54120,54120,0,False,SCHEDULED,1631912400,HSL:4433K_20210917_La_1_1457,433K,HSL:4250215,Härkähaankuja
57720,57720,0,57720,57720,0,False,SCHEDULED,1631912400,HSL:4433K_20210917_La_1_1557,433K,HSL:4250215,Härkähaankuja
61320,61320,0,61320,61320,0,False,SCHEDULED,1631912400,HSL:4433K_20210917_La_1_1657,433K,HSL:4250215,Härkähaankuja
45660,45709,49,45660,45710,50,True,UPDATED,1631912400,HSL:4433K_20210917_La_2_1220,433K,HSL:4250214,Härkähaankuja
49260,49260,0,49260,49260,0,False,SCHEDULED,1631912400,HSL:4433K_20210917_La_2_1320,433K,HSL:4250214,Härkähaankuja
52800,52800,0,52800,52800,0,False,SCHEDULED,1631912400,HSL:4433K_20210917_La_2_1420,433K,HSL:4250214,Härkähaankuja
56400,56400,0,56400,56400,0,False,SCHEDULED,1631912400,HSL:4433K_20210917_La_2_1520,433K,HSL:4250214,Härkähaankuja
60000,60000,0,60000,60000,0,False,SCHEDULED,1631912400,HSL:4433K_20210917_La_2_1620,433K,HSL:4250214,Härkähaankuja
46020,46034,14,46020,46089,69,True,UPDATED,1631912400,HSL:4739_20210917_La_1_1145,739,HSL:4810234,Kalmuuri
47820,47851,31,47820,47851,31,True,UPDATED,1631912400,HSL:4736_20210917_La_1_1218,736,HSL:4810234,Kalmuuri
49620,49620,0,49620,49620,0,False,SCHEDULED,1631912400,HSL:4739_20210917_La_1_1245,739,HSL:4810234,Kalmuuri
51420,51420,0,51420,51420,0,False,SCHEDULED,1631912400,HSL:4736_20210917_La_1_1318,736,HSL:4810234,Kalmuuri
53220,53220,0,53220,53220,0,False,SCHEDULED,1631912400,HSL:4739_20210917_La_1_1344,739,HSL:4810234,Kalmuuri
46860,46860,0,46860,46860,0,False,SCHEDULED,1631912400,HSL:4433K_20210917_La_1_1257,433K,HSL:4250213,Vehkala
50460,50460,0,50460,50460,0,False,SCHEDULED,1631912400,HSL:4433K_20210917_La_1_1357,433K,HSL:4250213,Vehkala
54060,54060,0,54060,54060,0,False,SCHEDULED,1631912400,HSL:4433K_20210917_La_1_1457,433K,HSL:4250213,Vehkala
57660,57660,0,57660,57660,0,False,SCHEDULED,1631912400,HSL:4433K_20210917_La_1_1557,433K,HSL:4250213,Vehkala
61260,61260,0,61260,61260,0,False,SCHEDULED,1631912400,HSL:4433K_20210917_La_1_1657,433K,HSL:4250213,Vehkala
45720,45736,16,45720,45742,22,True,UPDATED,1631912400,HSL:4433K_20210917_La_2_1220,433K,HSL:4250212,Vehkala
49320,49320,0,49320,49320,0,False,SCHEDULED,1631912400,HSL:4433K_20210917_La_2_1320,433K,HSL:4250212,Vehkala
52860,52860,0,52860,52860,0,False,SCHEDULED,1631912400,HSL:4433K_20210917_La_2_1420,433K,HSL:4250212,Vehkala
56460,56460,0,56460,56460,0,False,SCHEDULED,1631912400,HSL:4433K_20210917_La_2_1520,433K,HSL:4250212,Vehkala
60060,60060,0,60060,60060,0,False,SCHEDULED,1631912400,HSL:4433K_20210917_La_2_1620,433K,HSL:4250212,Vehkala
47100,47100,0,47100,47100,0,False,SCHEDULED,1631912400,HSL:4433K_20210917_La_1_1257,433K,HSL:4250211,Vantaanjänne
48840,48840,0,48840,48840,0,False,SCHEDULED,1631912400,HSL:4433K_20210917_La_2_1320,433K,HSL:4250211,Vantaanjänne
50700,50700,0,50700,50700,0,False,SCHEDULED,1631912400,HSL:4433K_20210917_La_1_1357,433K,HSL:4250211,Vantaanjänne
52440,52440,0,52440,52440,0,False,SCHEDULED,1631912400,HSL:4433K_20210917_La_2_1420,433K,HSL:4250211,Vantaanjänne
54300,54300,0,54300,54300,0,False,SCHEDULED,1631912400,HSL:4433K_20210917_La_1_1457,433K,HSL:4250211,Vantaanjänne
45360,45360,0,45360,45360,0,False,SCHEDULED,1631912400,HSL:4717_20210917_La_2_1230,717,HSL:4660201,Hakintie
45480,45625,145,45480,45625,145,True,UPDATED,1631912400,HSL:4711_20210917_La_2_1231,711,HSL:4660201,Hakintie
45720,45900,180,45720,45900,180,True,UPDATED,1631912400,HSL:4570_20210917_La_2_1204,570,HSL:4660201,Hakintie
46320,46379,59,46320,46379,59,True,UPDATED,1631912400,HSL:4570_20210917_La_2_1214,570,HSL:4660201,Hakintie
46560,46560,0,46560,46560,0,False,SCHEDULED,1631912400,HSL:4717_20210917_La_2_1250,717,HSL:4660201,Hakintie
45960,45960,0,45960,45960,0,False,SCHEDULED,1631912400,HSL:1090_20210917_La_1_1245,90,HSL:1531160,Aurinkol. puistotie
46860,46860,0,46860,46860,0,False,SCHEDULED,1631912400,HSL:1090_20210917_La_1_1300,90,HSL:1531160,Aurinkol. puistotie
47820,47820,0,47820,47820,0,False,SCHEDULED,1631912400,HSL:1090_20210917_La_1_1315,90,HSL:1531160,Aurinkol. puistotie
48720,48720,0,48720,48720,0,False,SCHEDULED,1631912400,HSL:1090_20210917_La_1_1330,90,HSL:1531160,Aurinkol. puistotie
49620,49620,0,49620,49620,0,False,SCHEDULED,1631912400,HSL:1090_20210917_La_1_1345,90,HSL:1531160,Aurinkol. puistotie
45960,46029,69,45960,46029,69,True,UPDATED,1631912400,HSL:4739_20210917_La_1_1145,739,HSL:4810236,Urpiaisentie
47760,47791,31,47760,47791,31,True,UPDATED,1631912400,HSL:4736_20210917_La_1_1218,736,HSL:4810236,Urpiaisentie
49560,49560,0,49560,49560,0,False,SCHEDULED,1631912400,HSL:4739_20210917_La_1_1245,739,HSL:4810236,Urpiaisentie
51360,51360,0,51360,51360,0,False,SCHEDULED,1631912400,HSL:4736_20210917_La_1_1318,736,HSL:4810236,Urpiaisentie
53160,53160,0,53160,53160,0,False,SCHEDULED,1631912400,HSL:4739_20210917_La_1_1344,739,HSL:4810236,Urpiaisentie
46680,46680,0,46680,46680,0,False,SCHEDULED,1631912400,HSL:4736_20210917_La_2_1256,736,HSL:4810237,Urpiaisentie
48480,48480,0,48480,48480,0,False,SCHEDULED,1631912400,HSL:4739_20210917_La_2_1326,739,HSL:4810237,Urpiaisentie
50280,50280,0,50280,50280,0,False,SCHEDULED,1631912400,HSL:4736_20210917_La_2_1356,736,HSL:4810237,Urpiaisentie
52080,52080,0,52080,52080,0,False,SCHEDULED,1631912400,HSL:4739_20210917_La_2_1426,739,HSL:4810237,Urpiaisentie
53880,53880,0,53880,53880,0,False,SCHEDULED,1631912400,HSL:4736_20210917_La_2_1456,736,HSL:4810237,Urpiaisentie
45480,45529,49,45480,45529,49,True,UPDATED,1631912400,HSL:4433K_20210917_La_2_1220,433K,HSL:4250210,Vantaanjänne
47340,47340,0,47340,47340,0,False,SCHEDULED,1631912400,HSL:4433K_20210917_La_1_1257,433K,HSL:4250210,Vantaanjänne
49080,49080,0,49080,49080,0,False,SCHEDULED,1631912400,HSL:4433K_20210917_La_2_1320,433K,HSL:4250210,Vantaanjänne
50940,50940,0,50940,50940,0,False,SCHEDULED,1631912400,HSL:4433K_20210917_La_1_1357,433K,HSL:4250210,Vantaanjänne
52620,52620,0,52620,52620,0,False,SCHEDULED,1631912400,HSL:4433K_20210917_La_2_1420,433K,HSL:4250210,Vantaanjänne
45720,45720,0,45720,45720,0,True,UPDATED,1631912400,HSL:4731_20210917_La_2_1235,731,HSL:4810230,Korson asema
46320,46320,0,46320,46320,0,False,SCHEDULED,1631912400,HSL:4631_20210917_La_2_1245,631,HSL:4810230,Korson asema
47520,47520,0,47520,47520,0,False,SCHEDULED,1631912400,HSL:4731_20210917_La_2_1305,731,HSL:4810230,Korson asema
48120,48120,0,48120,48120,0,False,SCHEDULED,1631912400,HSL:4631_20210917_La_2_1315,631,HSL:4810230,Korson asema
49320,49320,0,49320,49320,0,False,SCHEDULED,1631912400,HSL:4731_20210917_La_2_1335,731,HSL:4810230,Korson asema
45720,45760,40,45720,45760,40,True,UPDATED,1631912400,HSL:4587_20210917_La_2_1234,587,HSL:4810231,Heikantie
45720,45772,52,45720,45773,53,True,UPDATED,1631912400,HSL:9973_20210917_La_2_1220,973,HSL:4810231,Heikantie
46860,46860,0,46860,46860,0,False,SCHEDULED,1631912400,HSL:4735_20210917_La_2_1249,735,HSL:4810231,Heikantie
47520,47520,0,47520,47520,0,False,SCHEDULED,1631912400,HSL:9973_20210917_La_2_1250,973,HSL:4810231,Heikantie
48660,48660,0,48660,48660,0,False,SCHEDULED,1631912400,HSL:4735_20210917_La_2_1319,735,HSL:4810231,Heikantie
46680,46680,0,46680,46680,0,False,SCHEDULED,1631912400,HSL:4736_20210917_La_2_1256,736,HSL:4810233,Kalmuuri
48480,48480,0,48480,48480,0,False,SCHEDULED,1631912400,HSL:4739_20210917_La_2_1326,739,HSL:4810233,Kalmuuri
50280,50280,0,50280,50280,0,False,SCHEDULED,1631912400,HSL:4736_20210917_La_2_1356,736,HSL:4810233,Kalmuuri
52080,52080,0,52080,52080,0,False,SCHEDULED,1631912400,HSL:4739_20210917_La_2_1426,739,HSL:4810233,Kalmuuri
53880,53880,0,53880,53880,0,False,SCHEDULED,1631912400,HSL:4736_20210917_La_2_1456,736,HSL:4810233,Kalmuuri
45300,45329,29,45300,45330,30,True,UPDATED,1631912400,HSL:4433K_20210917_La_2_1220,433K,HSL:4250208,Rahkatie
47160,47160,0,47160,47160,0,False,SCHEDULED,1631912400,HSL:4433K_20210917_La_1_1257,433K,HSL:4250208,Rahkatie
48900,48900,0,48900,48900,0,False,SCHEDULED,1631912400,HSL:4433K_20210917_La_2_1320,433K,HSL:4250208,Rahkatie
50760,50760,0,50760,50760,0,False,SCHEDULED,1631912400,HSL:4433K_20210917_La_1_1357,433K,HSL:4250208,Rahkatie
52440,52440,0,52440,52440,0,False,SCHEDULED,1631912400,HSL:4433K_20210917_La_2_1420,433K,HSL:4250208,Rahkatie
45420,45464,44,45420,45464,44,True,UPDATED,1631912400,HSL:4433K_20210917_La_2_1220,433K,HSL:4250207,Rahkatie
47280,47280,0,47280,47280,0,False,SCHEDULED,1631912400,HSL:4433K_20210917_La_1_1257,433K,HSL:4250207,Rahkatie
49020,49020,0,49020,49020,0,False,SCHEDULED,1631912400,HSL:4433K_20210917_La_2_1320,433K,HSL:4250207,Rahkatie
50880,50880,0,50880,50880,0,False,SCHEDULED,1631912400,HSL:4433K_20210917_La_1_1357,433K,HSL:4250207,Rahkatie
52560,52560,0,52560,52560,0,False,SCHEDULED,1631912400,HSL:4433K_20210917_La_2_1420,433K,HSL:4250207,Rahkatie
45240,45279,39,45240,45323,83,True,UPDATED,1631912400,HSL:1041_20210917_La_1_1211,41,HSL:1291116,Riistavuori
45720,45799,79,45720,45799,79,True,UPDATED,1631912400,HSL:1052_20210917_La_2_1220,52,HSL:1291116,Riistavuori
46320,46360,40,46320,46360,40,True,UPDATED,1631912400,HSL:1052_20210917_La_2_1230,52,HSL:1291116,Riistavuori
46440,46470,30,46440,46496,56,True,UPDATED,1631912400,HSL:1041_20210917_La_1_1231,41,HSL:1291116,Riistavuori
46920,46920,0,46920,46920,0,False,SCHEDULED,1631912400,HSL:1052_20210917_La_2_1240,52,HSL:1291116,Riistavuori
45780,45675,-105,45780,45675,-105,True,UPDATED,1631912400,HSL:1052_20210917_La_1_1216,52,HSL:1291115,Riistavuori
45840,45847,7,45840,45847,7,True,UPDATED,1631912400,HSL:1041_20210917_La_2_1231,41,HSL:1291115,Riistavuori
46380,46265,-115,46380,46265,-115,True,UPDATED,1631912400,HSL:1052_20210917_La_1_1226,52,HSL:1291115,Riistavuori
46980,46980,0,46980,46980,0,False,SCHEDULED,1631912400,HSL:1052_20210917_La_1_1236,52,HSL:1291115,Riistavuori
47040,47040,0,47040,47040,0,False,SCHEDULED,1631912400,HSL:1041_20210917_La_2_1251,41,HSL:1291115,Riistavuori
45660,45739,79,45660,45739,79,True,UPDATED,1631912400,HSL:1052_20210917_La_2_1220,52,HSL:1291118,Vihdintie
46260,46300,40,46260,46300,40,True,UPDATED,1631912400,HSL:1052_20210917_La_2_1230,52,HSL:1291118,Vihdintie
46380,46410,30,46380,46410,30,True,UPDATED,1631912400,HSL:1041_20210917_La_1_1231,41,HSL:1291118,Vihdintie
46860,46860,0,46860,46860,0,False,SCHEDULED,1631912400,HSL:1052_20210917_La_2_1240,52,HSL:1291118,Vihdintie
47460,47460,0,47460,47460,0,False,SCHEDULED,1631912400,HSL:1052_20210917_La_2_1250,52,HSL:1291118,Vihdintie
45840,45675,-165,45840,45675,-165,True,UPDATED,1631912400,HSL:1052_20210917_La_1_1216,52,HSL:1291117,Vihdintie
45900,45907,7,45900,45907,7,True,UPDATED,1631912400,HSL:1041_20210917_La_2_1231,41,HSL:1291117,Vihdintie
46440,46265,-175,46440,46265,-175,True,UPDATED,1631912400,HSL:1052_20210917_La_1_1226,52,HSL:1291117,Vihdintie
47040,47040,0,47040,47040,0,False,SCHEDULED,1631912400,HSL:1052_20210917_La_1_1236,52,HSL:1291117,Vihdintie
47100,47100,0,47100,47100,0,False,SCHEDULED,1631912400,HSL:1041_20210917_La_2_1251,41,HSL:1291117,Vihdintie
45720,45675,-45,45720,45675,-45,True,UPDATED,1631912400,HSL:1052_20210917_La_1_1216,52,HSL:1291112,Angervotie
45780,45787,7,45780,45787,7,True,UPDATED,1631912400,HSL:1041_20210917_La_2_1231,41,HSL:1291112,Angervotie
46320,46265,-55,46320,46265,-55,True,UPDATED,1631912400,HSL:1052_20210917_La_1_1226,52,HSL:1291112,Angervotie
46920,46920,0,46920,46920,0,False,SCHEDULED,1631912400,HSL:1052_20210917_La_1_1236,52,HSL:1291112,Angervotie
46980,46980,0,46980,46980,0,False,SCHEDULED,1631912400,HSL:1041_20210917_La_2_1251,41,HSL:1291112,Angervotie
45300,45361,61,45300,45361,61,True,UPDATED,1631912400,HSL:1041_20210917_La_1_1211,41,HSL:1291111,Haagan urheilukenttä
45780,45859,79,45780,45859,79,True,UPDATED,1631912400,HSL:1052_20210917_La_2_1220,52,HSL:1291111,Haagan urheilukenttä
46380,46420,40,46380,46420,40,True,UPDATED,1631912400,HSL:1052_20210917_La_2_1230,52,HSL:1291111,Haagan urheilukenttä
46500,46504,4,46500,46510,10,True,UPDATED,1631912400,HSL:1041_20210917_La_1_1231,41,HSL:1291111,Haagan urheilukenttä
46980,46980,0,46980,46980,0,False,SCHEDULED,1631912400,HSL:1052_20210917_La_2_1240,52,HSL:1291111,Haagan urheilukenttä
45240,45323,83,45240,45323,83,True,UPDATED,1631912400,HSL:1041_20210917_La_1_1211,41,HSL:1291113,Angervotie
45780,45859,79,45780,45859,79,True,UPDATED,1631912400,HSL:1052_20210917_La_2_1220,52,HSL:1291113,Angervotie
46380,46420,40,46380,46420,40,True,UPDATED,1631912400,HSL:1052_20210917_La_2_1230,52,HSL:1291113,Angervotie
46440,46496,56,46440,46504,64,True,UPDATED,1631912400,HSL:1041_20210917_La_1_1231,41,HSL:1291113,Angervotie
46980,46980,0,46980,46980,0,False,SCHEDULED,1631912400,HSL:1052_20210917_La_2_1240,52,HSL:1291113,Angervotie
46920,46920,0,46920,46920,0,True,UPDATED,1631912400,HSL:2136_20210917_La_1_1239,136,HSL:2613004,Saarnimäki
48720,48720,0,48720,48720,0,False,SCHEDULED,1631912400,HSL:2136_20210917_La_1_1309,136,HSL:2613004,Saarnimäki
50520,50520,0,50520,50520,0,False,SCHEDULED,1631912400,HSL:2136_20210917_La_1_1339,136,HSL:2613004,Saarnimäki
52380,52380,0,52380,52380,0,False,SCHEDULED,1631912400,HSL:2136_20210917_La_1_1409,136,HSL:2613004,Saarnimäki
54240,54240,0,54240,54240,0,False,SCHEDULED,1631912400,HSL:2136_20210917_La_1_1439,136,HSL:2613004,Saarnimäki
45720,45675,-45,45720,45675,-45,True,UPDATED,1631912400,HSL:1052_20210917_La_1_1216,52,HSL:1291110,Haagan urheilukenttä
45720,45729,9,45720,45729,9,True,UPDATED,1631912400,HSL:1041_20210917_La_2_1231,41,HSL:1291110,Haagan urheilukenttä
46320,46265,-55,46320,46265,-55,True,UPDATED,1631912400,HSL:1052_20210917_La_1_1226,52,HSL:1291110,Haagan urheilukenttä
46920,46920,0,46920,46920,0,False,SCHEDULED,1631912400,HSL:1052_20210917_La_1_1236,52,HSL:1291110,Haagan urheilukenttä
46920,46920,0,46920,46920,0,False,SCHEDULED,1631912400,HSL:1041_20210917_La_2_1251,41,HSL:1291110,Haagan urheilukenttä
46380,46380,0,46380,46380,0,False,SCHEDULED,1631912400,HSL:2136_20210917_La_2_1247,136,HSL:2613003,Saarnimäki
48180,48180,0,48180,48180,0,False,SCHEDULED,1631912400,HSL:2136_20210917_La_2_1317,136,HSL:2613003,Saarnimäki
49980,49980,0,49980,49980,0,False,SCHEDULED,1631912400,HSL:2136_20210917_La_2_1347,136,HSL:2613003,Saarnimäki
51780,51780,0,51780,51780,0,False,SCHEDULED,1631912400,HSL:2136_20210917_La_2_1417,136,HSL:2613003,Saarnimäki
53580,53580,0,53580,53580,0,False,SCHEDULED,1631912400,HSL:2136_20210917_La_2_1447,136,HSL:2613003,Saarnimäki
45240,45477,237,45240,45495,255,True,UPDATED,1631912400,HSL:2224_20210917_La_2_1223,224,HSL:2613001,Kirstinmäki
46140,46174,34,46140,46186,46,True,UPDATED,1631912400,HSL:2118_20210917_La_2_1226,118,HSL:2613001,Kirstinmäki
46020,46188,168,46020,46188,168,True,UPDATED,1631912400,HSL:2134_20210917_La_1_1224,134,HSL:2613001,Kirstinmäki
46980,46980,0,46980,46980,0,False,SCHEDULED,1631912400,HSL:2224_20210917_La_2_1252,224,HSL:2613001,Kirstinmäki
47820,47820,0,47820,47820,0,False,SCHEDULED,1631912400,HSL:2134_20210917_La_1_1254,134,HSL:2613001,Kirstinmäki
45540,45540,0,45540,45555,15,True,UPDATED,1631912400,HSL:2134_20210917_La_2_1232,134,HSL:2613000,Kirstinmäki
46440,46442,2,46440,46454,14,True,UPDATED,1631912400,HSL:2224_20210917_La_1_1220,224,HSL:2613000,Kirstinmäki
46740,46740,0,46740,46740,0,False,SCHEDULED,1631912400,HSL:2118_20210917_La_1_1232,118,HSL:2613000,Kirstinmäki
47340,47340,0,47340,47340,0,False,SCHEDULED,1631912400,HSL:2134_20210917_La_2_1302,134,HSL:2613000,Kirstinmäki
48300,48300,0,48300,48300,0,False,SCHEDULED,1631912400,HSL:2224_20210917_La_1_1250,224,HSL:2613000,Kirstinmäki
45180,45696,516,45180,45711,531,True,UPDATED,1631912400,HSL:1042_20210917_La_2_1226,42,HSL:1332162,Maununnevantie
46140,45983,-157,46140,45987,-153,True,UPDATED,1631912400,HSL:1036_20210917_La_1_1200,36,HSL:1332162,Maununnevantie
46380,46380,0,46380,46380,0,False,SCHEDULED,1631912400,HSL:1042_20210917_La_2_1246,42,HSL:1332162,Maununnevantie
47580,47580,0,47580,47580,0,False,SCHEDULED,1631912400,HSL:1042_20210917_La_2_1306,42,HSL:1332162,Maununnevantie
48780,48780,0,48780,48780,0,False,SCHEDULED,1631912400,HSL:1042_20210917_La_2_1326,42,HSL:1332162,Maununnevantie
45120,45645,525,45120,45648,528,True,UPDATED,1631912400,HSL:1042_20210917_La_2_1226,42,HSL:1332163,Kaarelantie
46320,46320,0,46320,46320,0,False,SCHEDULED,1631912400,HSL:1042_20210917_La_2_1246,42,HSL:1332163,Kaarelantie
47520,47520,0,47520,47520,0,False,SCHEDULED,1631912400,HSL:1042_20210917_La_2_1306,42,HSL:1332163,Kaarelantie
48720,48720,0,48720,48720,0,False,SCHEDULED,1631912400,HSL:1042_20210917_La_2_1326,42,HSL:1332163,Kaarelantie
49920,49920,0,49920,49920,0,False,SCHEDULED,1631912400,HSL:1042_20210917_La_2_1346,42,HSL:1332163,Kaarelantie
45300,45736,436,45300,45738,438,True,UPDATED,1631912400,HSL:1042_20210917_La_2_1226,42,HSL:1332160,Kaarelankuja
46200,46162,-38,46200,46162,-38,True,UPDATED,1631912400,HSL:1036_20210917_La_1_1200,36,HSL:1332160,Kaarelankuja
46500,46500,0,46500,46500,0,False,SCHEDULED,1631912400,HSL:1042_20210917_La_2_1246,42,HSL:1332160,Kaarelankuja
47700,47700,0,47700,47700,0,False,SCHEDULED,1631912400,HSL:1042_20210917_La_2_1306,42,HSL:1332160,Kaarelankuja
48900,48900,0,48900,48900,0,False,SCHEDULED,1631912400,HSL:1042_20210917_La_2_1326,42,HSL:1332160,Kaarelankuja
45600,45633,33,45600,45640,40,True,UPDATED,1631912400,HSL:2134_20210917_La_2_1232,134,HSL:2613009,Valapuisto
46500,46500,0,46500,46500,0,False,SCHEDULED,1631912400,HSL:2136_20210917_La_2_1247,136,HSL:2613009,Valapuisto
46500,46552,52,46500,46557,57,True,UPDATED,1631912400,HSL:2224_20210917_La_1_1220,224,HSL:2613009,Valapuisto
46800,46800,0,46800,46800,0,False,SCHEDULED,1631912400,HSL:2118_20210917_La_1_1232,118,HSL:2613009,Valapuisto
47400,47400,0,47400,47400,0,False,SCHEDULED,1631912400,HSL:2134_20210917_La_2_1302,134,HSL:2613009,Valapuisto
45720,45525,-195,45720,45564,-156,True,UPDATED,1631912400,HSL:1042_20210917_La_1_1217,42,HSL:1332161,Maununnevantie
46920,46920,0,46920,46920,0,False,SCHEDULED,1631912400,HSL:1042_20210917_La_1_1237,42,HSL:1332161,Maununnevantie
48120,48120,0,48120,48120,0,False,SCHEDULED,1631912400,HSL:1042_20210917_La_1_1257,42,HSL:1332161,Maununnevantie
49320,49320,0,49320,49320,0,False,SCHEDULED,1631912400,HSL:1042_20210917_La_1_1317,42,HSL:1332161,Maununnevantie
50520,50520,0,50520,50520,0,False,SCHEDULED,1631912400,HSL:1042_20210917_La_1_1337,42,HSL:1332161,Maununnevantie
45120,45370,250,45120,45376,256,True,UPDATED,1631912400,HSL:2224_20210917_La_2_1223,224,HSL:2613008,Valapuisto
45900,46068,168,45900,46068,168,True,UPDATED,1631912400,HSL:2134_20210917_La_1_1224,134,HSL:2613008,Valapuisto
46080,46168,88,46080,46174,94,True,UPDATED,1631912400,HSL:2118_20210917_La_2_1226,118,HSL:2613008,Valapuisto
46800,46800,0,46800,46800,0,True,UPDATED,1631912400,HSL:2136_20210917_La_1_1239,136,HSL:2613008,Valapuisto
46920,46920,0,46920,46920,0,False,SCHEDULED,1631912400,HSL:2224_20210917_La_2_1252,224,HSL:2613008,Valapuisto
46860,46860,0,46860,46860,0,True,UPDATED,1631912400,HSL:2136_20210917_La_1_1239,136,HSL:2613007,Saarniraiviontie
48660,48660,0,48660,48660,0,False,SCHEDULED,1631912400,HSL:2136_20210917_La_1_1309,136,HSL:2613007,Saarniraiviontie
50460,50460,0,50460,50460,0,False,SCHEDULED,1631912400,HSL:2136_20210917_La_1_1339,136,HSL:2613007,Saarniraiviontie
52320,52320,0,52320,52320,0,False,SCHEDULED,1631912400,HSL:2136_20210917_La_1_1409,136,HSL:2613007,Saarniraiviontie
54180,54180,0,54180,54180,0,False,SCHEDULED,1631912400,HSL:2136_20210917_La_1_1439,136,HSL:2613007,Saarniraiviontie
45660,45675,15,45660,45675,15,True,UPDATED,1631912400,HSL:1052_20210917_La_1_1216,52,HSL:1291108,Palokaivon aukio
45720,45712,-8,45720,45729,9,True,UPDATED,1631912400,HSL:1041_20210917_La_2_1231,41,HSL:1291108,Palokaivon aukio
46260,46265,5,46260,46265,5,True,UPDATED,1631912400,HSL:1052_20210917_La_1_1226,52,HSL:1291108,Palokaivon aukio
46860,46860,0,46860,46860,0,False,SCHEDULED,1631912400,HSL:1052_20210917_La_1_1236,52,HSL:1291108,Palokaivon aukio
46920,46920,0,46920,46920,0,False,SCHEDULED,1631912400,HSL:1041_20210917_La_2_1251,41,HSL:1291108,Palokaivon aukio
45300,45362,62,45300,45376,76,True,UPDATED,1631912400,HSL:1040_20210917_La_2_1216,40,HSL:1291105,Haagan tori
45900,45585,-315,45900,45585,-315,True,UPDATED,1631912400,HSL:1040_20210917_La_2_1226,40,HSL:1291105,Haagan tori
46500,46500,0,46500,46500,0,True,UPDATED,1631912400,HSL:1040_20210917_La_2_1236,40,HSL:1291105,Haagan tori
47100,47100,0,47100,47100,0,False,SCHEDULED,1631912400,HSL:1040_20210917_La_2_1246,40,HSL:1291105,Haagan tori
47700,47700,0,47700,47700,0,False,SCHEDULED,1631912400,HSL:1040_20210917_La_2_1256,40,HSL:1291105,Haagan tori
45720,45772,52,45720,45792,72,True,UPDATED,1631912400,HSL:1040_20210917_La_1_1225,40,HSL:1291104,Haagan tori
46320,46320,0,46320,46320,0,True,UPDATED,1631912400,HSL:1040_20210917_La_1_1235,40,HSL:1291104,Haagan tori
46920,46920,0,46920,46920,0,False,SCHEDULED,1631912400,HSL:1040_20210917_La_1_1245,40,HSL:1291104,Haagan tori
47580,47580,0,47580,47580,0,False,SCHEDULED,1631912400,HSL:1040_20210917_La_1_1255,40,HSL:1291104,Haagan tori
48120,48120,0,48120,48120,0,False,SCHEDULED,1631912400,HSL:1040_20210917_La_1_1304,40,HSL:1291104,Haagan tori
45180,45297,117,45180,45310,130,True,UPDATED,1631912400,HSL:1040_20210917_La_2_1216,40,HSL:1291107,Palokaivon aukio
45780,45585,-195,45780,45585,-195,True,UPDATED,1631912400,HSL:1040_20210917_La_2_1226,40,HSL:1291107,Palokaivon aukio
46380,46380,0,46380,46380,0,True,UPDATED,1631912400,HSL:1040_20210917_La_2_1236,40,HSL:1291107,Palokaivon aukio
46980,46980,0,46980,46980,0,False,SCHEDULED,1631912400,HSL:1040_20210917_La_2_1246,40,HSL:1291107,Palokaivon aukio
47580,47580,0,47580,47580,0,False,SCHEDULED,1631912400,HSL:1040_20210917_La_2_1256,40,HSL:1291107,Palokaivon aukio
45360,45489,129,45360,45489,129,True,UPDATED,1631912400,HSL:1041_20210917_La_1_1211,41,HSL:1291106,Palokaivon aukio
45780,45841,61,45780,45861,81,True,UPDATED,1631912400,HSL:1040_20210917_La_1_1225,40,HSL:1291106,Palokaivon aukio
45840,45919,79,45840,45919,79,True,UPDATED,1631912400,HSL:1052_20210917_La_2_1220,52,HSL:1291106,Palokaivon aukio
46380,46380,0,46380,46380,0,True,UPDATED,1631912400,HSL:1040_20210917_La_1_1235,40,HSL:1291106,Palokaivon aukio
46440,46480,40,46440,46480,40,True,UPDATED,1631912400,HSL:1052_20210917_La_2_1230,52,HSL:1291106,Palokaivon aukio
49620,49620,0,49620,49620,0,False,SCHEDULED,1631912400,HSL:1036_20210917_La_2_1300,36,HSL:1320191,Riukukuja
50580,50580,0,50580,50580,0,False,SCHEDULED,1631912400,HSL:1036_20210917_La_1_1400,36,HSL:1320191,Riukukuja
56820,56820,0,56820,56820,0,False,SCHEDULED,1631912400,HSL:1036_20210917_La_2_1500,36,HSL:1320191,Riukukuja
57720,57720,0,57720,57720,0,False,SCHEDULED,1631912400,HSL:1036_20210917_La_1_1600,36,HSL:1320191,Riukukuja
45660,45660,0,45660,45660,0,False,SCHEDULED,1631912400,HSL:1052_20210917_La_1_1236,52,HSL:1332173,Esikoisentie
46260,46260,0,46260,46260,0,False,SCHEDULED,1631912400,HSL:1052_20210917_La_1_1246,52,HSL:1332173,Esikoisentie
46860,46860,0,46860,46860,0,False,SCHEDULED,1631912400,HSL:1052_20210917_La_1_1256,52,HSL:1332173,Esikoisentie
47460,47460,0,47460,47460,0,False,SCHEDULED,1631912400,HSL:1052_20210917_La_1_1306,52,HSL:1332173,Esikoisentie
48060,48060,0,48060,48060,0,False,SCHEDULED,1631912400,HSL:1052_20210917_La_1_1316,52,HSL:1332173,Esikoisentie
45780,45780,0,45780,45780,0,False,SCHEDULED,1631912400,HSL:1052_20210917_La_1_1236,52,HSL:1332171,Kaarelantie
46380,46380,0,46380,46380,0,False,SCHEDULED,1631912400,HSL:1052_20210917_La_1_1246,52,HSL:1332171,Kaarelantie
46980,46980,0,46980,46980,0,False,SCHEDULED,1631912400,HSL:1052_20210917_La_1_1256,52,HSL:1332171,Kaarelantie
47580,47580,0,47580,47580,0,False,SCHEDULED,1631912400,HSL:1052_20210917_La_1_1306,52,HSL:1332171,Kaarelantie
48180,48180,0,48180,48180,0,False,SCHEDULED,1631912400,HSL:1052_20210917_La_1_1316,52,HSL:1332171,Kaarelantie
45780,46276,496,45780,46276,496,True,UPDATED,1631912400,HSL:1052_20210917_La_2_1200,52,HSL:1332172,Esikoisentie
46380,46408,28,46380,46408,28,True,UPDATED,1631912400,HSL:1052_20210917_La_2_1210,52,HSL:1332172,Esikoisentie
46980,47059,79,46980,47059,79,True,UPDATED,1631912400,HSL:1052_20210917_La_2_1220,52,HSL:1332172,Esikoisentie
47580,47620,40,47580,47620,40,True,UPDATED,1631912400,HSL:1052_20210917_La_2_1230,52,HSL:1332172,Esikoisentie
48180,48180,0,48180,48180,0,False,SCHEDULED,1631912400,HSL:1052_20210917_La_2_1240,52,HSL:1332172,Esikoisentie
45900,45794,-106,45900,45796,-104,True,UPDATED,1631912400,HSL:1036_20210917_La_1_1200,36,HSL:1332170,Perhekunnantie
45780,46276,496,45780,46276,496,True,UPDATED,1631912400,HSL:1052_20210917_La_2_1200,52,HSL:1332170,Perhekunnantie
46380,46408,28,46380,46408,28,True,UPDATED,1631912400,HSL:1052_20210917_La_2_1210,52,HSL:1332170,Perhekunnantie
46980,47059,79,46980,47059,79,True,UPDATED,1631912400,HSL:1052_20210917_La_2_1220,52,HSL:1332170,Perhekunnantie
47580,47620,40,47580,47620,40,True,UPDATED,1631912400,HSL:1052_20210917_La_2_1230,52,HSL:1332170,Perhekunnantie
45600,45648,48,45600,45670,70,True,UPDATED,1631912400,HSL:1021_20210917_La_1_1230,21,HSL:1320199,Vattuniemenkuja
46200,46200,0,46200,46200,0,False,SCHEDULED,1631912400,HSL:1021_20210917_La_1_1240,21,HSL:1320199,Vattuniemenkuja
46800,46800,0,46800,46800,0,False,SCHEDULED,1631912400,HSL:1021_20210917_La_1_1250,21,HSL:1320199,Vattuniemenkuja
47400,47400,0,47400,47400,0,False,SCHEDULED,1631912400,HSL:1021_20210917_La_1_1300,21,HSL:1320199,Vattuniemenkuja
48000,48000,0,48000,48000,0,False,SCHEDULED,1631912400,HSL:1021_20210917_La_1_1310,21,HSL:1320199,Vattuniemenkuja
46320,45477,-843,46320,45477,-843,True,UPDATED,1631912400,HSL:1030_20210917_La_1_1222,30,HSL:1291138,Kultareuna
45420,45580,160,45420,45580,160,True,UPDATED,1631912400,HSL:1030_20210917_La_1_1207,30,HSL:1291138,Kultareuna
45960,46026,66,45960,46026,66,True,UPDATED,1631912400,HSL:1025_20210917_La_1_1228,25,HSL:1291138,Kultareuna
47160,47160,0,47160,47160,0,False,SCHEDULED,1631912400,HSL:1025_20210917_La_1_1248,25,HSL:1291138,Kultareuna
47220,47220,0,47220,47220,0,True,UPDATED,1631912400,HSL:1030_20210917_La_1_1237,30,HSL:1291138,Kultareuna
45780,45828,48,45780,45840,60,True,UPDATED,1631912400,HSL:1057_20210917_La_1_1208,57,HSL:1291137,Korppaantie
46380,46449,69,46380,46462,82,True,UPDATED,1631912400,HSL:1057_20210917_La_1_1218,57,HSL:1291137,Korppaantie
46980,46980,0,46980,46980,0,False,SCHEDULED,1631912400,HSL:1057_20210917_La_1_1228,57,HSL:1291137,Korppaantie
47580,47580,0,47580,47580,0,False,SCHEDULED,1631912400,HSL:1057_20210917_La_1_1238,57,HSL:1291137,Korppaantie
48180,48180,0,48180,48180,0,False,SCHEDULED,1631912400,HSL:1057_20210917_La_1_1248,57,HSL:1291137,Korppaantie
45180,45468,288,45180,45468,288,True,UPDATED,1631912400,HSL:1030_20210917_La_2_1206,30,HSL:1291139,Kultareuna
46140,46140,0,46140,46140,0,False,SCHEDULED,1631912400,HSL:1025_20210917_La_2_1244,25,HSL:1291139,Kultareuna
46080,46287,207,46080,46287,207,True,UPDATED,1631912400,HSL:1030_20210917_La_2_1221,30,HSL:1291139,Kultareuna
46980,46980,0,46980,46980,0,True,UPDATED,1631912400,HSL:1030_20210917_La_2_1236,30,HSL:1291139,Kultareuna
47340,47340,0,47340,47340,0,False,SCHEDULED,1631912400,HSL:1025_20210917_La_2_1304,25,HSL:1291139,Kultareuna
45420,45397,-23,45420,45401,-19,True,UPDATED,1631912400,HSL:9973_20210917_La_2_1220,973,HSL:4810209,Viklotie
45480,45520,40,45480,45520,40,True,UPDATED,1631912400,HSL:4587_20210917_La_2_1234,587,HSL:4810209,Viklotie
47220,47220,0,47220,47220,0,False,SCHEDULED,1631912400,HSL:9973_20210917_La_2_1250,973,HSL:4810209,Viklotie
49020,49020,0,49020,49020,0,False,SCHEDULED,1631912400,HSL:9973_20210917_La_2_1320,973,HSL:4810209,Viklotie
49080,49080,0,49080,49080,0,False,SCHEDULED,1631912400,HSL:4587_20210917_La_2_1334,587,HSL:4810209,Viklotie
45540,45441,-99,45540,45441,-99,True,UPDATED,1631912400,HSL:9973_20210917_La_2_1220,973,HSL:4810205,Teeritie
45540,45580,40,45540,45580,40,True,UPDATED,1631912400,HSL:4587_20210917_La_2_1234,587,HSL:4810205,Teeritie
47340,47340,0,47340,47340,0,False,SCHEDULED,1631912400,HSL:9973_20210917_La_2_1250,973,HSL:4810205,Teeritie
49140,49140,0,49140,49140,0,False,SCHEDULED,1631912400,HSL:9973_20210917_La_2_1320,973,HSL:4810205,Teeritie
49140,49140,0,49140,49140,0,False,SCHEDULED,1631912400,HSL:4587_20210917_La_2_1334,587,HSL:4810205,Teeritie
46740,46740,0,46740,46740,0,False,SCHEDULED,1631912400,HSL:9973_20210917_La_1_1251,973,HSL:4810206,Joutsentie
47760,47760,0,47760,47760,0,False,SCHEDULED,1631912400,HSL:4587_20210917_La_1_1234,587,HSL:4810206,Joutsentie
48540,48540,0,48540,48540,0,False,SCHEDULED,1631912400,HSL:9973_20210917_La_1_1321,973,HSL:4810206,Joutsentie
50340,50340,0,50340,50340,0,False,SCHEDULED,1631912400,HSL:9973_20210917_La_1_1351,973,HSL:4810206,Joutsentie
51480,51480,0,51480,51480,0,False,SCHEDULED,1631912400,HSL:4587_20210917_La_1_1334,587,HSL:4810206,Joutsentie
45480,45422,-58,45480,45424,-56,True,UPDATED,1631912400,HSL:9973_20210917_La_2_1220,973,HSL:4810207,Joutsentie
45480,45520,40,45480,45520,40,True,UPDATED,1631912400,HSL:4587_20210917_La_2_1234,587,HSL:4810207,Joutsentie
47280,47280,0,47280,47280,0,False,SCHEDULED,1631912400,HSL:9973_20210917_La_2_1250,973,HSL:4810207,Joutsentie
49080,49080,0,49080,49080,0,False,SCHEDULED,1631912400,HSL:9973_20210917_La_2_1320,973,HSL:4810207,Joutsentie
49080,49080,0,49080,49080,0,False,SCHEDULED,1631912400,HSL:4587_20210917_La_2_1334,587,HSL:4810207,Joutsentie
45420,45420,0,45420,45420,0,False,SCHEDULED,1631912400,HSL:4717_20210917_La_2_1230,717,HSL:4660230,Kanervantie
46620,46620,0,46620,46620,0,False,SCHEDULED,1631912400,HSL:4717_20210917_La_2_1250,717,HSL:4660230,Kanervantie
47820,47820,0,47820,47820,0,False,SCHEDULED,1631912400,HSL:4717_20210917_La_2_1310,717,HSL:4660230,Kanervantie
49020,49020,0,49020,49020,0,False,SCHEDULED,1631912400,HSL:4717_20210917_La_2_1330,717,HSL:4660230,Kanervantie
50220,50220,0,50220,50220,0,False,SCHEDULED,1631912400,HSL:4717_20210917_La_2_1350,717,HSL:4660230,Kanervantie
46740,46740,0,46740,46740,0,False,SCHEDULED,1631912400,HSL:9973_20210917_La_1_1251,973,HSL:4810208,Viklotie
47760,47760,0,47760,47760,0,False,SCHEDULED,1631912400,HSL:4587_20210917_La_1_1234,587,HSL:4810208,Viklotie
48540,48540,0,48540,48540,0,False,SCHEDULED,1631912400,HSL:9973_20210917_La_1_1321,973,HSL:4810208,Viklotie
50340,50340,0,50340,50340,0,False,SCHEDULED,1631912400,HSL:9973_20210917_La_1_1351,973,HSL:4810208,Viklotie
51480,51480,0,51480,51480,0,False,SCHEDULED,1631912400,HSL:4587_20210917_La_1_1334,587,HSL:4810208,Viklotie
45180,45300,120,45180,45314,134,True,UPDATED,1631912400,HSL:4735_20210917_La_1_1201,735,HSL:4810201,Maakotkanpolku
45480,45480,0,45480,45480,0,False,SCHEDULED,1631912400,HSL:4734_20210917_La_2_1238,734,HSL:4810201,Maakotkanpolku
46560,46560,0,46560,46560,0,False,SCHEDULED,1631912400,HSL:9973_20210917_La_1_1251,973,HSL:4810201,Maakotkanpolku
46560,46560,0,46560,46560,0,False,SCHEDULED,1631912400,HSL:4736_20210917_La_2_1256,736,HSL:4810201,Maakotkanpolku
46980,46979,-1,46980,46994,14,True,UPDATED,1631912400,HSL:4735_20210917_La_1_1231,735,HSL:4810201,Maakotkanpolku
45600,45640,40,45660,45700,40,True,UPDATED,1631912400,HSL:4587_20210917_La_2_1234,587,HSL:4810202,Korson asema
45600,45535,-65,45660,45705,45,True,UPDATED,1631912400,HSL:9973_20210917_La_2_1220,973,HSL:4810202,Korson asema
46140,46209,69,46140,46209,69,True,UPDATED,1631912400,HSL:4739_20210917_La_1_1145,739,HSL:4810202,Korson asema
46620,46620,0,46620,46620,0,False,SCHEDULED,1631912400,HSL:4734_20210917_La_1_1247,734,HSL:4810202,Korson asema
46800,46800,0,46800,46800,0,False,SCHEDULED,1631912400,HSL:4735_20210917_La_2_1249,735,HSL:4810202,Korson asema
45240,45286,46,45300,45363,63,True,UPDATED,1631912400,HSL:4631_20210917_La_1_1204,631,HSL:4810203,Korson asema
46320,46414,94,46440,46440,0,True,UPDATED,1631912400,HSL:4731_20210917_La_1_1210,731,HSL:4810203,Korson asema
47040,47040,0,47100,47100,0,True,UPDATED,1631912400,HSL:4631_20210917_La_1_1234,631,HSL:4810203,Korson asema
48120,48120,0,48240,48240,0,False,SCHEDULED,1631912400,HSL:4731_20210917_La_1_1239,731,HSL:4810203,Korson asema
48840,48840,0,48900,48900,0,False,SCHEDULED,1631912400,HSL:4631_20210917_La_1_1304,631,HSL:4810203,Korson asema
46680,46680,0,46680,46680,0,False,SCHEDULED,1631912400,HSL:9973_20210917_La_1_1251,973,HSL:4810204,Teeritie
47700,47700,0,47700,47700,0,False,SCHEDULED,1631912400,HSL:4587_20210917_La_1_1234,587,HSL:4810204,Teeritie
48480,48480,0,48480,48480,0,False,SCHEDULED,1631912400,HSL:9973_20210917_La_1_1321,973,HSL:4810204,Teeritie
50280,50280,0,50280,50280,0,False,SCHEDULED,1631912400,HSL:9973_20210917_La_1_1351,973,HSL:4810204,Teeritie
51420,51420,0,51420,51420,0,False,SCHEDULED,1631912400,HSL:4587_20210917_La_1_1334,587,HSL:4810204,Teeritie
45900,45900,0,45900,45900,0,False,SCHEDULED,1631912400,HSL:1090_20210917_La_1_1245,90,HSL:1531116,Vuosaari (M)
46800,46800,0,46800,46800,0,False,SCHEDULED,1631912400,HSL:1090_20210917_La_1_1300,90,HSL:1531116,Vuosaari (M)
47700,47700,0,47700,47700,0,False,SCHEDULED,1631912400,HSL:1090_20210917_La_1_1315,90,HSL:1531116,Vuosaari (M)
48600,48600,0,48600,48600,0,False,SCHEDULED,1631912400,HSL:1090_20210917_La_1_1330,90,HSL:1531116,Vuosaari (M)
49500,49500,0,49500,49500,0,False,SCHEDULED,1631912400,HSL:1090_20210917_La_1_1345,90,HSL:1531116,Vuosaari (M)
45840,45840,0,45900,45900,0,False,SCHEDULED,1631912400,HSL:4560_20210917_La_1_1236,560,HSL:1531115,Vuosaari (M)
46440,46440,0,46500,46500,0,False,SCHEDULED,1631912400,HSL:4560_20210917_La_1_1246,560,HSL:1531115,Vuosaari (M)
47040,47040,0,47100,47100,0,False,SCHEDULED,1631912400,HSL:4560_20210917_La_1_1256,560,HSL:1531115,Vuosaari (M)
47640,47640,0,47700,47700,0,False,SCHEDULED,1631912400,HSL:4560_20210917_La_1_1306,560,HSL:1531115,Vuosaari (M)
48240,48240,0,48300,48300,0,False,SCHEDULED,1631912400,HSL:4560_20210917_La_1_1316,560,HSL:1531115,Vuosaari (M)
45840,45840,0,45840,45840,0,False,SCHEDULED,1631912400,HSL:1057_20210917_La_2_1237,57,HSL:1291126,Korppaantie
46440,46440,0,46440,46440,0,False,SCHEDULED,1631912400,HSL:1057_20210917_La_2_1247,57,HSL:1291126,Korppaantie
47040,47040,0,47040,47040,0,False,SCHEDULED,1631912400,HSL:1057_20210917_La_2_1257,57,HSL:1291126,Korppaantie
47640,47640,0,47640,47640,0,False,SCHEDULED,1631912400,HSL:1057_20210917_La_2_1307,57,HSL:1291126,Korppaantie
48240,48240,0,48240,48240,0,False,SCHEDULED,1631912400,HSL:1057_20210917_La_2_1317,57,HSL:1291126,Korppaantie
45240,45307,67,45240,45317,77,True,UPDATED,1631912400,HSL:1040_20210917_La_1_1215,40,HSL:1291123,Tunnelitie
45300,45344,44,45300,45350,50,True,UPDATED,1631912400,HSL:1052_20210917_La_2_1210,52,HSL:1291123,Tunnelitie
45420,45549,129,45420,45549,129,True,UPDATED,1631912400,HSL:1041_20210917_La_1_1211,41,HSL:1291123,Tunnelitie
45840,45904,64,45840,45915,75,True,UPDATED,1631912400,HSL:1040_20210917_La_1_1225,40,HSL:1291123,Tunnelitie
45900,45979,79,45900,45979,79,True,UPDATED,1631912400,HSL:1052_20210917_La_2_1220,52,HSL:1291123,Tunnelitie
45420,45499,79,45420,45499,79,True,UPDATED,1631912400,HSL:1052_20210917_La_2_1220,52,HSL:1291122,Ansaritie
45780,45780,0,45780,45780,0,False,SCHEDULED,1631912400,HSL:1057_20210917_La_2_1237,57,HSL:1291122,Ansaritie
46020,46060,40,46020,46060,40,True,UPDATED,1631912400,HSL:1052_20210917_La_2_1230,52,HSL:1291122,Ansaritie
46380,46380,0,46380,46380,0,False,SCHEDULED,1631912400,HSL:1057_20210917_La_2_1247,57,HSL:1291122,Ansaritie
46620,46620,0,46620,46620,0,False,SCHEDULED,1631912400,HSL:1052_20210917_La_2_1240,52,HSL:1291122,Ansaritie
45300,45387,87,45300,45398,98,True,UPDATED,1631912400,HSL:1052_20210917_La_2_1210,52,HSL:1291125,Mäkipellon aukio
45420,45549,129,45420,45549,129,True,UPDATED,1631912400,HSL:1041_20210917_La_1_1211,41,HSL:1291125,Mäkipellon aukio
45900,45979,79,45900,45979,79,True,UPDATED,1631912400,HSL:1052_20210917_La_2_1220,52,HSL:1291125,Mäkipellon aukio
46500,46540,40,46500,46540,40,True,UPDATED,1631912400,HSL:1052_20210917_La_2_1230,52,HSL:1291125,Mäkipellon aukio
46620,46568,-52,46620,46585,-35,True,UPDATED,1631912400,HSL:1041_20210917_La_1_1231,41,HSL:1291125,Mäkipellon aukio
85440,85440,0,85440,85440,0,False,SCHEDULED,1631912400,HSL:1090A_20210917_La_2_2338,90A,HSL:1543102,Mustankivenkatu
87240,87240,0,87240,87240,0,False,SCHEDULED,1631912400,HSL:1090A_20210917_La_2_2408,90A,HSL:1543102,Mustankivenkatu
21600,21600,0,21600,21600,0,False,SCHEDULED,1631998800,HSL:1090A_20210917_Su_2_0554,90A,HSL:1543102,Mustankivenkatu
45720,45573,-147,45720,45585,-135,True,UPDATED,1631912400,HSL:1040_20210917_La_2_1226,40,HSL:1291124,Tunnelitie
45600,45620,20,45600,45631,31,True,UPDATED,1631912400,HSL:1041_20210917_La_2_1231,41,HSL:1291124,Tunnelitie
45600,45658,58,45600,45658,58,True,UPDATED,1631912400,HSL:1052_20210917_La_1_1216,52,HSL:1291124,Tunnelitie
46200,46248,48,46200,46248,48,True,UPDATED,1631912400,HSL:1052_20210917_La_1_1226,52,HSL:1291124,Tunnelitie
46320,46320,0,46320,46320,0,True,UPDATED,1631912400,HSL:1040_20210917_La_2_1236,40,HSL:1291124,Tunnelitie
45480,45491,11,45480,45496,16,True,UPDATED,1631912400,HSL:1052_20210917_La_1_1206,52,HSL:1291121,Ansaritie
46080,45675,-405,46080,45675,-405,True,UPDATED,1631912400,HSL:1052_20210917_La_1_1216,52,HSL:1291121,Ansaritie
45840,45888,48,45840,45902,62,True,UPDATED,1631912400,HSL:1057_20210917_La_1_1208,57,HSL:1291121,Ansaritie
46680,46265,-415,46680,46265,-415,True,UPDATED,1631912400,HSL:1052_20210917_La_1_1226,52,HSL:1291121,Ansaritie
46440,46509,69,46440,46520,80,True,UPDATED,1631912400,HSL:1057_20210917_La_1_1218,57,HSL:1291121,Ansaritie
45780,45812,32,45780,45862,82,True,UPDATED,1631912400,HSL:1037_20210917_La_1_1224,37,HSL:1291120,Talontie
45840,45867,27,45840,45900,60,True,UPDATED,1631912400,HSL:2321_20210917_La_1_1229,321,HSL:1291120,Talontie
46620,46620,0,46620,46620,0,False,SCHEDULED,1631912400,HSL:4322_20210917_La_1_1241,322,HSL:1291120,Talontie
46980,46980,0,46980,46980,0,False,SCHEDULED,1631912400,HSL:1037_20210917_La_1_1244,37,HSL:1291120,Talontie
47280,47280,0,47280,47280,0,False,SCHEDULED,1631912400,HSL:2321_20210917_La_1_1253,321,HSL:1291120,Talontie
46440,46440,0,46440,46440,0,False,SCHEDULED,1631912400,HSL:2133_20210917_La_2_1254,133,HSL:2331201,Lillhemt
48240,48240,0,48240,48240,0,False,SCHEDULED,1631912400,HSL:2133_20210917_La_2_1324,133,HSL:2331201,Lillhemt
50040,50040,0,50040,50040,0,False,SCHEDULED,1631912400,HSL:2133_20210917_La_2_1354,133,HSL:2331201,Lillhemt
51840,51840,0,51840,51840,0,False,SCHEDULED,1631912400,HSL:2133_20210917_La_2_1424,133,HSL:2331201,Lillhemt
53640,53640,0,53640,53640,0,False,SCHEDULED,1631912400,HSL:2133_20210917_La_2_1454,133,HSL:2331201,Lillhemt
45420,45490,70,45420,45490,70,True,UPDATED,1631912400,HSL:2532_20210917_La_1_1224,532,HSL:2331204,Olarinniityntie
45540,45615,75,45540,45615,75,True,UPDATED,1631912400,HSL:2133_20210917_La_1_1224,133,HSL:2331204,Olarinniityntie
45960,45955,-5,45960,45956,-4,True,UPDATED,1631912400,HSL:2533_20210917_La_1_1233,533,HSL:2331204,Olarinniityntie
46020,46127,107,46020,46132,112,True,UPDATED,1631912400,HSL:2543_20210917_La_2_1222,543,HSL:2331204,Olarinniityntie
46320,46320,0,46320,46320,0,False,SCHEDULED,1631912400,HSL:2532_20210917_La_1_1239,532,HSL:2331204,Olarinniityntie
45960,45938,-22,45960,45938,-22,True,UPDATED,1631912400,HSL:2133_20210917_La_1_1224,133,HSL:2331200,Lillhemt
47760,47760,0,47760,47760,0,False,SCHEDULED,1631912400,HSL:2133_20210917_La_1_1254,133,HSL:2331200,Lillhemt
49560,49560,0,49560,49560,0,False,SCHEDULED,1631912400,HSL:2133_20210917_La_1_1324,133,HSL:2331200,Lillhemt
51360,51360,0,51360,51360,0,False,SCHEDULED,1631912400,HSL:2133_20210917_La_1_1354,133,HSL:2331200,Lillhemt
53160,53160,0,53160,53160,0,False,SCHEDULED,1631912400,HSL:2133_20210917_La_1_1424,133,HSL:2331200,Lillhemt
45240,45319,79,45240,45319,79,True,UPDATED,1631912400,HSL:2118_20210917_La_2_1156,118,HSL:2331209,Klaris
45300,45425,125,45300,45429,129,True,UPDATED,1631912400,HSL:2533_20210917_La_2_1209,533,HSL:2331209,Klaris
45660,45729,69,45660,45733,73,True,UPDATED,1631912400,HSL:2532_20210917_La_2_1219,532,HSL:2331209,Klaris
46140,46140,0,46140,46140,0,False,SCHEDULED,1631912400,HSL:2118B_20210917_La_2_1247,118B,HSL:2331209,Klaris
46200,46247,47,46200,46247,47,True,UPDATED,1631912400,HSL:2533_20210917_La_2_1223,533,HSL:2331209,Klaris
20460,20460,0,20460,20460,0,False,SCHEDULED,1631998800,HSL:1090A_20210917_Su_1_0516,90A,HSL:1543101,Mustankivenkatu
24600,24600,0,24600,24600,0,False,SCHEDULED,1631998800,HSL:1090A_20210917_Su_1_0630,90A,HSL:1543101,Mustankivenkatu
45360,45517,157,45360,45517,157,True,UPDATED,1631912400,HSL:2533_20210917_La_2_1209,533,HSL:2331205,Olarinniityntie
45720,45795,75,45720,45795,75,True,UPDATED,1631912400,HSL:2532_20210917_La_2_1219,532,HSL:2331205,Olarinniityntie
46080,46104,24,46080,46105,25,True,UPDATED,1631912400,HSL:2543_20210917_La_1_1225,543,HSL:2331205,Olarinniityntie
46260,46295,35,46260,46295,35,True,UPDATED,1631912400,HSL:2533_20210917_La_2_1223,533,HSL:2331205,Olarinniityntie
46620,46620,0,46620,46620,0,True,UPDATED,1631912400,HSL:2532_20210917_La_2_1234,532,HSL:2331205,Olarinniityntie
45240,45306,66,45240,45325,85,True,UPDATED,1631912400,HSL:1037_20210917_La_2_1213,37,HSL:1291119,Talontie
45720,45492,-228,45720,45509,-211,True,UPDATED,1631912400,HSL:1059_20210917_La_2_1224,59,HSL:1291119,Talontie
45540,45601,61,45540,45618,78,True,UPDATED,1631912400,HSL:2550_20210917_La_2_1209,550,HSL:1291119,Talontie
46020,46027,7,46020,46027,7,True,UPDATED,1631912400,HSL:1041_20210917_La_2_1231,41,HSL:1291119,Talontie
46140,46229,89,46140,46244,104,True,UPDATED,1631912400,HSL:2550_20210917_La_2_1219,550,HSL:1291119,Talontie
45420,45543,123,45420,45543,123,True,UPDATED,1631912400,HSL:2532_20210917_La_1_1224,532,HSL:2331206,Klaris
45600,45675,75,45600,45675,75,True,UPDATED,1631912400,HSL:2133_20210917_La_1_1224,133,HSL:2331206,Klaris
45780,45780,0,45780,45780,0,False,SCHEDULED,1631912400,HSL:2118_20210917_La_1_1232,118,HSL:2331206,Klaris
45960,46002,42,45960,46003,43,True,UPDATED,1631912400,HSL:2533_20210917_La_1_1233,533,HSL:2331206,Klaris
46320,46320,0,46320,46320,0,False,SCHEDULED,1631912400,HSL:2532_20210917_La_1_1239,532,HSL:2331206,Klaris
45480,45610,130,45540,45610,70,True,UPDATED,1631912400,HSL:2532_20210917_La_2_1219,532,HSL:2331207,Henttaanaukio
46020,46020,0,46020,46020,0,False,SCHEDULED,1631912400,HSL:2118B_20210917_La_2_1247,118B,HSL:2331207,Henttaanaukio
46020,46020,0,46080,46080,0,True,UPDATED,1631912400,HSL:2533_20210917_La_2_1223,533,HSL:2331207,Henttaanaukio
46380,46380,0,46440,46440,0,True,UPDATED,1631912400,HSL:2532_20210917_La_2_1234,532,HSL:2331207,Henttaanaukio
46620,46620,0,46620,46620,0,False,SCHEDULED,1631912400,HSL:2133_20210917_La_2_1254,133,HSL:2331207,Henttaanaukio
45480,45579,99,45480,45579,99,True,UPDATED,1631912400,HSL:2532_20210917_La_1_1224,532,HSL:2331208,Suurpellonaukio
45660,45705,45,45660,45705,45,True,UPDATED,1631912400,HSL:2133_20210917_La_1_1224,133,HSL:2331208,Suurpellonaukio
45780,45780,0,45780,45780,0,False,SCHEDULED,1631912400,HSL:2118_20210917_La_1_1232,118,HSL:2331208,Suurpellonaukio
46020,46039,19,46020,46054,34,True,UPDATED,1631912400,HSL:2533_20210917_La_1_1233,533,HSL:2331208,Suurpellonaukio
46380,46380,0,46380,46380,0,False,SCHEDULED,1631912400,HSL:2532_20210917_La_1_1239,532,HSL:2331208,Suurpellonaukio
46440,46501,61,46440,46501,61,True,UPDATED,1631912400,HSL:4721_20210917_La_2_1230,721,HSL:4660214,Hakkila
46680,46720,40,46680,46720,40,True,UPDATED,1631912400,HSL:4587_20210917_La_2_1234,587,HSL:4660214,Hakkila
48240,48240,0,48240,48240,0,False,SCHEDULED,1631912400,HSL:4721_20210917_La_2_1300,721,HSL:4660214,Hakkila
50040,50040,0,50040,50040,0,False,SCHEDULED,1631912400,HSL:4721_20210917_La_2_1330,721,HSL:4660214,Hakkila
50340,50340,0,50340,50340,0,False,SCHEDULED,1631912400,HSL:4587_20210917_La_2_1334,587,HSL:4660214,Hakkila
46320,46320,0,46320,46320,0,False,SCHEDULED,1631912400,HSL:4721_20210917_La_1_1227,721,HSL:4660213,Hakkila
46560,46560,0,46560,46560,0,False,SCHEDULED,1631912400,HSL:4587_20210917_La_1_1234,587,HSL:4660213,Hakkila
48120,48120,0,48120,48120,0,False,SCHEDULED,1631912400,HSL:4721_20210917_La_1_1257,721,HSL:4660213,Hakkila
49920,49920,0,49920,49920,0,False,SCHEDULED,1631912400,HSL:4721_20210917_La_1_1327,721,HSL:4660213,Hakkila
50220,50220,0,50220,50220,0,False,SCHEDULED,1631912400,HSL:4587_20210917_La_1_1334,587,HSL:4660213,Hakkila
46380,46441,61,46380,46441,61,True,UPDATED,1631912400,HSL:4721_20210917_La_2_1230,721,HSL:4660216,Hakkilankaari
46620,46660,40,46620,46660,40,True,UPDATED,1631912400,HSL:4587_20210917_La_2_1234,587,HSL:4660216,Hakkilankaari
48180,48180,0,48180,48180,0,False,SCHEDULED,1631912400,HSL:4721_20210917_La_2_1300,721,HSL:4660216,Hakkilankaari
49980,49980,0,49980,49980,0,False,SCHEDULED,1631912400,HSL:4721_20210917_La_2_1330,721,HSL:4660216,Hakkilankaari
50280,50280,0,50280,50280,0,False,SCHEDULED,1631912400,HSL:4587_20210917_La_2_1334,587,HSL:4660216,Hakkilankaari
46380,46380,0,46380,46380,0,False,SCHEDULED,1631912400,HSL:4721_20210917_La_1_1227,721,HSL:4660215,Hakkilankaari
46620,46620,0,46620,46620,0,False,SCHEDULED,1631912400,HSL:4587_20210917_La_1_1234,587,HSL:4660215,Hakkilankaari
48180,48180,0,48180,48180,0,False,SCHEDULED,1631912400,HSL:4721_20210917_La_1_1257,721,HSL:4660215,Hakkilankaari
49980,49980,0,49980,49980,0,False,SCHEDULED,1631912400,HSL:4721_20210917_La_1_1327,721,HSL:4660215,Hakkilankaari
50280,50280,0,50280,50280,0,False,SCHEDULED,1631912400,HSL:4587_20210917_La_1_1334,587,HSL:4660215,Hakkilankaari
46260,46321,61,46260,46321,61,True,UPDATED,1631912400,HSL:4721_20210917_La_2_1230,721,HSL:4660218,Kankikuja
46560,46600,40,46560,46600,40,True,UPDATED,1631912400,HSL:4587_20210917_La_2_1234,587,HSL:4660218,Kankikuja
48060,48060,0,48060,48060,0,False,SCHEDULED,1631912400,HSL:4721_20210917_La_2_1300,721,HSL:4660218,Kankikuja
49860,49860,0,49860,49860,0,False,SCHEDULED,1631912400,HSL:4721_20210917_La_2_1330,721,HSL:4660218,Kankikuja
50220,50220,0,50220,50220,0,False,SCHEDULED,1631912400,HSL:4587_20210917_La_2_1334,587,HSL:4660218,Kankikuja
46500,46500,0,46500,46500,0,False,SCHEDULED,1631912400,HSL:4721_20210917_La_1_1227,721,HSL:4660217,Vanha Porvoontie
46740,46740,0,46740,46740,0,False,SCHEDULED,1631912400,HSL:4587_20210917_La_1_1234,587,HSL:4660217,Vanha Porvoontie
48300,48300,0,48300,48300,0,False,SCHEDULED,1631912400,HSL:4721_20210917_La_1_1257,721,HSL:4660217,Vanha Porvoontie
50100,50100,0,50100,50100,0,False,SCHEDULED,1631912400,HSL:4721_20210917_La_1_1327,721,HSL:4660217,Vanha Porvoontie
50340,50340,0,50340,50340,0,False,SCHEDULED,1631912400,HSL:4587_20210917_La_1_1334,587,HSL:4660217,Vanha Porvoontie
46560,46560,0,46620,46620,0,False,SCHEDULED,1631912400,HSL:9973_20210917_La_1_1251,973,HSL:4810228,Korson asema
47640,47640,0,47640,47640,0,False,SCHEDULED,1631912400,HSL:4587_20210917_La_1_1234,587,HSL:4810228,Korson asema
48360,48360,0,48420,48420,0,False,SCHEDULED,1631912400,HSL:9973_20210917_La_1_1321,973,HSL:4810228,Korson asema
50160,50160,0,50220,50220,0,False,SCHEDULED,1631912400,HSL:9973_20210917_La_1_1351,973,HSL:4810228,Korson asema
51360,51360,0,51360,51360,0,False,SCHEDULED,1631912400,HSL:4587_20210917_La_1_1334,587,HSL:4810228,Korson asema
45360,45388,28,45360,45397,37,True,UPDATED,1631912400,HSL:4433K_20210917_La_2_1220,433K,HSL:4250205,Petas
47220,47220,0,47220,47220,0,False,SCHEDULED,1631912400,HSL:4433K_20210917_La_1_1257,433K,HSL:4250205,Petas
48960,48960,0,48960,48960,0,False,SCHEDULED,1631912400,HSL:4433K_20210917_La_2_1320,433K,HSL:4250205,Petas
50820,50820,0,50820,50820,0,False,SCHEDULED,1631912400,HSL:4433K_20210917_La_1_1357,433K,HSL:4250205,Petas
52500,52500,0,52500,52500,0,False,SCHEDULED,1631912400,HSL:4433K_20210917_La_2_1420,433K,HSL:4250205,Petas
45480,45480,0,45480,45480,0,True,UPDATED,1631912400,HSL:4731_20210917_La_2_1235,731,HSL:4810223,Haikaratie
46080,46080,0,46080,46080,0,False,SCHEDULED,1631912400,HSL:4631_20210917_La_2_1245,631,HSL:4810223,Haikaratie
47280,47280,0,47280,47280,0,False,SCHEDULED,1631912400,HSL:4731_20210917_La_2_1305,731,HSL:4810223,Haikaratie
47880,47880,0,47880,47880,0,False,SCHEDULED,1631912400,HSL:4631_20210917_La_2_1315,631,HSL:4810223,Haikaratie
49080,49080,0,49080,49080,0,False,SCHEDULED,1631912400,HSL:4731_20210917_La_2_1335,731,HSL:4810223,Haikaratie
45660,45796,136,45660,45796,136,True,UPDATED,1631912400,HSL:4717_20210917_La_1_1155,717,HSL:4660210,Honkanummen hautausm
46560,46621,61,46560,46621,61,True,UPDATED,1631912400,HSL:4721_20210917_La_2_1230,721,HSL:4660210,Honkanummen hautausm
46860,46913,53,46860,46913,53,True,UPDATED,1631912400,HSL:4717_20210917_La_1_1215,717,HSL:4660210,Honkanummen hautausm
48060,48060,0,48060,48060,0,False,SCHEDULED,1631912400,HSL:4717_20210917_La_1_1235,717,HSL:4660210,Honkanummen hautausm
48360,48360,0,48360,48360,0,False,SCHEDULED,1631912400,HSL:4721_20210917_La_2_1300,721,HSL:4660210,Honkanummen hautausm
45480,45543,63,45480,45543,63,True,UPDATED,1631912400,HSL:4631_20210917_La_1_1204,631,HSL:4810224,Haikaratie
46620,46598,-22,46620,46643,23,True,UPDATED,1631912400,HSL:4731_20210917_La_1_1210,731,HSL:4810224,Haikaratie
47280,47280,0,47280,47280,0,True,UPDATED,1631912400,HSL:4631_20210917_La_1_1234,631,HSL:4810224,Haikaratie
48420,48420,0,48420,48420,0,False,SCHEDULED,1631912400,HSL:4731_20210917_La_1_1239,731,HSL:4810224,Haikaratie
49080,49080,0,49080,49080,0,False,SCHEDULED,1631912400,HSL:4631_20210917_La_1_1304,631,HSL:4810224,Haikaratie
45600,45736,136,45600,45736,136,True,UPDATED,1631912400,HSL:4717_20210917_La_1_1155,717,HSL:4660212,Pavinpolku
46500,46561,61,46500,46561,61,True,UPDATED,1631912400,HSL:4721_20210917_La_2_1230,721,HSL:4660212,Pavinpolku
46800,46853,53,46800,46853,53,True,UPDATED,1631912400,HSL:4717_20210917_La_1_1215,717,HSL:4660212,Pavinpolku
48000,48000,0,48000,48000,0,False,SCHEDULED,1631912400,HSL:4717_20210917_La_1_1235,717,HSL:4660212,Pavinpolku
48300,48300,0,48300,48300,0,False,SCHEDULED,1631912400,HSL:4721_20210917_La_2_1300,721,HSL:4660212,Pavinpolku
46260,46260,0,46260,46260,0,False,SCHEDULED,1631912400,HSL:4721_20210917_La_1_1227,721,HSL:4660211,Pavinpolku
46500,46500,0,46500,46500,0,False,SCHEDULED,1631912400,HSL:4587_20210917_La_1_1234,587,HSL:4660211,Pavinpolku
48060,48060,0,48060,48060,0,False,SCHEDULED,1631912400,HSL:4721_20210917_La_1_1257,721,HSL:4660211,Pavinpolku
49860,49860,0,49860,49860,0,False,SCHEDULED,1631912400,HSL:4721_20210917_La_1_1327,721,HSL:4660211,Pavinpolku
50160,50160,0,50160,50160,0,False,SCHEDULED,1631912400,HSL:4587_20210917_La_1_1334,587,HSL:4660211,Pavinpolku
45180,45304,124,45180,45329,149,True,UPDATED,1631912400,HSL:1003_20210917_La_1_1204,3,HSL:1122413,Linnanmäki (pohj.)
45900,45899,-1,45900,45924,24,True,UPDATED,1631912400,HSL:1003_20210917_La_1_1216,3,HSL:1122413,Linnanmäki (pohj.)
46620,46627,7,46620,46651,31,True,UPDATED,1631912400,HSL:1003_20210917_La_1_1228,3,HSL:1122413,Linnanmäki (pohj.)
47340,47340,0,47340,47340,0,False,SCHEDULED,1631912400,HSL:1003_20210917_La_1_1240,3,HSL:1122413,Linnanmäki (pohj.)
48060,48060,0,48060,48060,0,False,SCHEDULED,1631912400,HSL:1003_20210917_La_1_1252,3,HSL:1122413,Linnanmäki (pohj.)
45360,45327,-33,45360,45327,-33,True,UPDATED,1631912400,HSL:9973_20210917_La_2_1220,973,HSL:4810220,Vierumäen koulu
47160,47160,0,47160,47160,0,False,SCHEDULED,1631912400,HSL:9973_20210917_La_2_1250,973,HSL:4810220,Vierumäen koulu
48960,48960,0,48960,48960,0,False,SCHEDULED,1631912400,HSL:9973_20210917_La_2_1320,973,HSL:4810220,Vierumäen koulu
50760,50760,0,50760,50760,0,False,SCHEDULED,1631912400,HSL:9973_20210917_La_2_1350,973,HSL:4810220,Vierumäen koulu
52560,52560,0,52560,52560,0,False,SCHEDULED,1631912400,HSL:9973_20210917_La_2_1420,973,HSL:4810220,Vierumäen koulu
45480,45465,-15,45480,45489,9,True,UPDATED,1631912400,HSL:1003_20210917_La_2_1229,3,HSL:1122414,Linnanmäki (pohj.)
46200,46200,0,46200,46200,0,True,UPDATED,1631912400,HSL:1003_20210917_La_2_1241,3,HSL:1122414,Linnanmäki (pohj.)
46920,46920,0,46920,46920,0,False,SCHEDULED,1631912400,HSL:1003_20210917_La_2_1253,3,HSL:1122414,Linnanmäki (pohj.)
47640,47640,0,47640,47640,0,False,SCHEDULED,1631912400,HSL:1003_20210917_La_2_1305,3,HSL:1122414,Linnanmäki (pohj.)
48360,48360,0,48360,48360,0,False,SCHEDULED,1631912400,HSL:1003_20210917_La_2_1317,3,HSL:1122414,Linnanmäki (pohj.)
46860,46860,0,46860,46860,0,False,SCHEDULED,1631912400,HSL:9973_20210917_La_1_1251,973,HSL:4810221,Sotkatie
48660,48660,0,48660,48660,0,False,SCHEDULED,1631912400,HSL:9973_20210917_La_1_1321,973,HSL:4810221,Sotkatie
50460,50460,0,50460,50460,0,False,SCHEDULED,1631912400,HSL:9973_20210917_La_1_1351,973,HSL:4810221,Sotkatie
52200,52200,0,52200,52200,0,False,SCHEDULED,1631912400,HSL:9973_20210917_La_1_1420,973,HSL:4810221,Sotkatie
54060,54060,0,54060,54060,0,False,SCHEDULED,1631912400,HSL:9973_20210917_La_1_1450,973,HSL:4810221,Sotkatie
47100,47100,0,47100,47100,0,False,SCHEDULED,1631912400,HSL:9973_20210917_La_2_1250,973,HSL:4810222,Kotkakuja
48900,48900,0,48900,48900,0,False,SCHEDULED,1631912400,HSL:9973_20210917_La_2_1320,973,HSL:4810222,Kotkakuja
50700,50700,0,50700,50700,0,False,SCHEDULED,1631912400,HSL:9973_20210917_La_2_1350,973,HSL:4810222,Kotkakuja
52500,52500,0,52500,52500,0,False,SCHEDULED,1631912400,HSL:9973_20210917_La_2_1420,973,HSL:4810222,Kotkakuja
54300,54300,0,54300,54300,0,False,SCHEDULED,1631912400,HSL:9973_20210917_La_2_1450,973,HSL:4810222,Kotkakuja
45240,45361,121,45240,45379,139,True,UPDATED,1631912400,HSL:1003_20210917_La_1_1204,3,HSL:1122415,Karjalankatu
45960,45956,-4,45960,45972,12,True,UPDATED,1631912400,HSL:1003_20210917_La_1_1216,3,HSL:1122415,Karjalankatu
46680,46683,3,46680,46700,20,True,UPDATED,1631912400,HSL:1003_20210917_La_1_1228,3,HSL:1122415,Karjalankatu
47400,47400,0,47400,47400,0,False,SCHEDULED,1631912400,HSL:1003_20210917_La_1_1240,3,HSL:1122415,Karjalankatu
48120,48120,0,48120,48120,0,False,SCHEDULED,1631912400,HSL:1003_20210917_La_1_1252,3,HSL:1122415,Karjalankatu
45360,45401,41,45360,45414,54,True,UPDATED,1631912400,HSL:1003_20210917_La_2_1229,3,HSL:1122416,Karjalankatu
46080,46080,0,46080,46080,0,True,UPDATED,1631912400,HSL:1003_20210917_La_2_1241,3,HSL:1122416,Karjalankatu
46800,46800,0,46800,46800,0,False,SCHEDULED,1631912400,HSL:1003_20210917_La_2_1253,3,HSL:1122416,Karjalankatu
47520,47520,0,47520,47520,0,False,SCHEDULED,1631912400,HSL:1003_20210917_La_2_1305,3,HSL:1122416,Karjalankatu
48240,48240,0,48240,48240,0,False,SCHEDULED,1631912400,HSL:1003_20210917_La_2_1317,3,HSL:1122416,Karjalankatu
45600,45600,0,45600,45600,0,False,SCHEDULED,1631912400,HSL:4717_20210917_La_2_1230,717,HSL:4660229,Honkakallionkuja
46800,46800,0,46800,46800,0,False,SCHEDULED,1631912400,HSL:4717_20210917_La_2_1250,717,HSL:4660229,Honkakallionkuja
46800,46840,40,46800,46840,40,True,UPDATED,1631912400,HSL:4587_20210917_La_2_1234,587,HSL:4660229,Honkakallionkuja
48000,48000,0,48000,48000,0,False,SCHEDULED,1631912400,HSL:4717_20210917_La_2_1310,717,HSL:4660229,Honkakallionkuja
49200,49200,0,49200,49200,0,False,SCHEDULED,1631912400,HSL:4717_20210917_La_2_1330,717,HSL:4660229,Honkakallionkuja
45300,45591,291,45300,45635,335,True,UPDATED,1631912400,HSL:4411_20210917_La_1_1222,411,HSL:1291144,Ruskeasuon varikko
45660,45660,0,45660,45660,0,False,SCHEDULED,1631912400,HSL:7456A_20210917_La_1_1230,456A,HSL:1291144,Ruskeasuon varikko
45960,45996,36,45960,46024,64,True,UPDATED,1631912400,HSL:2436_20210917_La_1_1232,436,HSL:1291144,Ruskeasuon varikko
46500,46500,0,46500,46500,0,False,SCHEDULED,1631912400,HSL:1042_20210917_La_1_1237,42,HSL:1291144,Ruskeasuon varikko
46560,46560,0,46560,46560,0,False,SCHEDULED,1631912400,HSL:4421_20210917_La_1_1242,421,HSL:1291144,Ruskeasuon varikko
45660,45723,63,45660,45723,63,True,UPDATED,1631912400,HSL:4631_20210917_La_1_1204,631,HSL:4810216,Laulurastaantie
45900,45900,0,45900,45900,0,False,SCHEDULED,1631912400,HSL:4631_20210917_La_2_1245,631,HSL:4810216,Laulurastaantie
46740,46714,-26,46740,46762,22,True,UPDATED,1631912400,HSL:4731_20210917_La_1_1210,731,HSL:4810216,Laulurastaantie
47100,47100,0,47100,47100,0,False,SCHEDULED,1631912400,HSL:4731_20210917_La_2_1305,731,HSL:4810216,Laulurastaantie
47460,47460,0,47460,47460,0,True,UPDATED,1631912400,HSL:4631_20210917_La_1_1234,631,HSL:4810216,Laulurastaantie
45900,45900,0,45900,45900,0,False,SCHEDULED,1631912400,HSL:4631_20210917_La_2_1245,631,HSL:4810217,Laulurastaanpolku
47100,47100,0,47100,47100,0,False,SCHEDULED,1631912400,HSL:4731_20210917_La_2_1305,731,HSL:4810217,Laulurastaanpolku
47700,47700,0,47700,47700,0,False,SCHEDULED,1631912400,HSL:4631_20210917_La_2_1315,631,HSL:4810217,Laulurastaanpolku
48900,48900,0,48900,48900,0,False,SCHEDULED,1631912400,HSL:4731_20210917_La_2_1335,731,HSL:4810217,Laulurastaanpolku
49500,49500,0,49500,49500,0,False,SCHEDULED,1631912400,HSL:4631_20210917_La_2_1345,631,HSL:4810217,Laulurastaanpolku
46800,46800,0,46800,46800,0,False,SCHEDULED,1631912400,HSL:9973_20210917_La_1_1251,973,HSL:4810219,Vierumäen koulu
48600,48600,0,48600,48600,0,False,SCHEDULED,1631912400,HSL:9973_20210917_La_1_1321,973,HSL:4810219,Vierumäen koulu
50400,50400,0,50400,50400,0,False,SCHEDULED,1631912400,HSL:9973_20210917_La_1_1351,973,HSL:4810219,Vierumäen koulu
52140,52140,0,52140,52140,0,False,SCHEDULED,1631912400,HSL:9973_20210917_La_1_1420,973,HSL:4810219,Vierumäen koulu
54000,54000,0,54000,54000,0,False,SCHEDULED,1631912400,HSL:9973_20210917_La_1_1450,973,HSL:4810219,Vierumäen koulu
45540,45603,63,45540,45603,63,True,UPDATED,1631912400,HSL:4631_20210917_La_1_1204,631,HSL:4810212,Kulomäen koulu
46620,46643,23,46620,46666,46,True,UPDATED,1631912400,HSL:4731_20210917_La_1_1210,731,HSL:4810212,Kulomäen koulu
47340,47340,0,47340,47340,0,True,UPDATED,1631912400,HSL:4631_20210917_La_1_1234,631,HSL:4810212,Kulomäen koulu
48420,48420,0,48420,48420,0,False,SCHEDULED,1631912400,HSL:4731_20210917_La_1_1239,731,HSL:4810212,Kulomäen koulu
49140,49140,0,49140,49140,0,False,SCHEDULED,1631912400,HSL:4631_20210917_La_1_1304,631,HSL:4810212,Kulomäen koulu
45540,45540,0,45540,45540,0,False,SCHEDULED,1631912400,HSL:4717_20210917_La_2_1230,717,HSL:4660221,Pavinpolku
46740,46740,0,46740,46740,0,False,SCHEDULED,1631912400,HSL:4717_20210917_La_2_1250,717,HSL:4660221,Pavinpolku
46800,46840,40,46800,46840,40,True,UPDATED,1631912400,HSL:4587_20210917_La_2_1234,587,HSL:4660221,Pavinpolku
47940,47940,0,47940,47940,0,False,SCHEDULED,1631912400,HSL:4717_20210917_La_2_1310,717,HSL:4660221,Pavinpolku
49140,49140,0,49140,49140,0,False,SCHEDULED,1631912400,HSL:4717_20210917_La_2_1330,717,HSL:4660221,Pavinpolku
46440,46440,0,46440,46440,0,False,SCHEDULED,1631912400,HSL:4721_20210917_La_1_1227,721,HSL:4660220,Kankikuja
46680,46680,0,46680,46680,0,False,SCHEDULED,1631912400,HSL:4587_20210917_La_1_1234,587,HSL:4660220,Kankikuja
48240,48240,0,48240,48240,0,False,SCHEDULED,1631912400,HSL:4721_20210917_La_1_1257,721,HSL:4660220,Kankikuja
50040,50040,0,50040,50040,0,False,SCHEDULED,1631912400,HSL:4721_20210917_La_1_1327,721,HSL:4660220,Kankikuja
50340,50340,0,50340,50340,0,False,SCHEDULED,1631912400,HSL:4587_20210917_La_1_1334,587,HSL:4660220,Kankikuja
45480,45480,0,45480,45480,0,True,UPDATED,1631912400,HSL:4731_20210917_La_2_1235,731,HSL:4810213,Kulomäen koulu
46080,46080,0,46080,46080,0,False,SCHEDULED,1631912400,HSL:4631_20210917_La_2_1245,631,HSL:4810213,Kulomäen koulu
47280,47280,0,47280,47280,0,False,SCHEDULED,1631912400,HSL:4731_20210917_La_2_1305,731,HSL:4810213,Kulomäen koulu
47880,47880,0,47880,47880,0,False,SCHEDULED,1631912400,HSL:4631_20210917_La_2_1315,631,HSL:4810213,Kulomäen koulu
49080,49080,0,49080,49080,0,False,SCHEDULED,1631912400,HSL:4731_20210917_La_2_1335,731,HSL:4810213,Kulomäen koulu
45600,45663,63,45600,45663,63,True,UPDATED,1631912400,HSL:4631_20210917_La_1_1204,631,HSL:4810214,Maauuninkuja
46680,46666,-14,46680,46714,34,True,UPDATED,1631912400,HSL:4731_20210917_La_1_1210,731,HSL:4810214,Maauuninkuja
47400,47400,0,47400,47400,0,True,UPDATED,1631912400,HSL:4631_20210917_La_1_1234,631,HSL:4810214,Maauuninkuja
48480,48480,0,48480,48480,0,False,SCHEDULED,1631912400,HSL:4731_20210917_La_1_1239,731,HSL:4810214,Maauuninkuja
49200,49200,0,49200,49200,0,False,SCHEDULED,1631912400,HSL:4631_20210917_La_1_1304,631,HSL:4810214,Maauuninkuja
46320,46320,0,46320,46320,0,False,SCHEDULED,1631912400,HSL:4721_20210917_La_1_1227,721,HSL:4660223,Sähkömetsä
46500,46500,0,46500,46500,0,False,SCHEDULED,1631912400,HSL:4587_20210917_La_1_1234,587,HSL:4660223,Sähkömetsä
48120,48120,0,48120,48120,0,False,SCHEDULED,1631912400,HSL:4721_20210917_La_1_1257,721,HSL:4660223,Sähkömetsä
49920,49920,0,49920,49920,0,False,SCHEDULED,1631912400,HSL:4721_20210917_La_1_1327,721,HSL:4660223,Sähkömetsä
50160,50160,0,50160,50160,0,False,SCHEDULED,1631912400,HSL:4587_20210917_La_1_1334,587,HSL:4660223,Sähkömetsä
45420,45420,0,45420,45420,0,True,UPDATED,1631912400,HSL:4731_20210917_La_2_1235,731,HSL:4810215,Maauuninkuja
46020,46020,0,46020,46020,0,False,SCHEDULED,1631912400,HSL:4631_20210917_La_2_1245,631,HSL:4810215,Maauuninkuja
47220,47220,0,47220,47220,0,False,SCHEDULED,1631912400,HSL:4731_20210917_La_2_1305,731,HSL:4810215,Maauuninkuja
47820,47820,0,47820,47820,0,False,SCHEDULED,1631912400,HSL:4631_20210917_La_2_1315,631,HSL:4810215,Maauuninkuja
49020,49020,0,49020,49020,0,False,SCHEDULED,1631912400,HSL:4731_20210917_La_2_1335,731,HSL:4810215,Maauuninkuja
46500,46561,61,46500,46561,61,True,UPDATED,1631912400,HSL:4721_20210917_La_2_1230,721,HSL:4660222,Sähkömetsä
46740,46780,40,46740,46780,40,True,UPDATED,1631912400,HSL:4587_20210917_La_2_1234,587,HSL:4660222,Sähkömetsä
48300,48300,0,48300,48300,0,False,SCHEDULED,1631912400,HSL:4721_20210917_La_2_1300,721,HSL:4660222,Sähkömetsä
50100,50100,0,50100,50100,0,False,SCHEDULED,1631912400,HSL:4721_20210917_La_2_1330,721,HSL:4660222,Sähkömetsä
50400,50400,0,50400,50400,0,False,SCHEDULED,1631912400,HSL:4587_20210917_La_2_1334,587,HSL:4660222,Sähkömetsä
45420,45483,63,45420,45483,63,True,UPDATED,1631912400,HSL:4631_20210917_La_1_1204,631,HSL:4810210,Riekkotie
46560,46496,-64,46560,46598,38,True,UPDATED,1631912400,HSL:4731_20210917_La_1_1210,731,HSL:4810210,Riekkotie
47220,47220,0,47220,47220,0,True,UPDATED,1631912400,HSL:4631_20210917_La_1_1234,631,HSL:4810210,Riekkotie
48360,48360,0,48360,48360,0,False,SCHEDULED,1631912400,HSL:4731_20210917_La_1_1239,731,HSL:4810210,Riekkotie
49020,49020,0,49020,49020,0,False,SCHEDULED,1631912400,HSL:4631_20210917_La_1_1304,631,HSL:4810210,Riekkotie
45840,45840,0,45840,45840,0,False,SCHEDULED,1631912400,HSL:1009_20210917_La_2_1237,9,HSL:1122400,Sturenkatu
46560,46560,0,46560,46560,0,False,SCHEDULED,1631912400,HSL:1009_20210917_La_2_1249,9,HSL:1122400,Sturenkatu
47280,47280,0,47280,47280,0,False,SCHEDULED,1631912400,HSL:1009_20210917_La_2_1301,9,HSL:1122400,Sturenkatu
48000,48000,0,48000,48000,0,False,SCHEDULED,1631912400,HSL:1009_20210917_La_2_1313,9,HSL:1122400,Sturenkatu
48720,48720,0,48720,48720,0,False,SCHEDULED,1631912400,HSL:1009_20210917_La_2_1325,9,HSL:1122400,Sturenkatu
45540,45540,0,45540,45540,0,True,UPDATED,1631912400,HSL:4731_20210917_La_2_1235,731,HSL:4810211,Riekkotie
46140,46140,0,46140,46140,0,False,SCHEDULED,1631912400,HSL:4631_20210917_La_2_1245,631,HSL:4810211,Riekkotie
47340,47340,0,47340,47340,0,False,SCHEDULED,1631912400,HSL:4731_20210917_La_2_1305,731,HSL:4810211,Riekkotie
47940,47940,0,47940,47940,0,False,SCHEDULED,1631912400,HSL:4631_20210917_La_2_1315,631,HSL:4810211,Riekkotie
49140,49140,0,49140,49140,0,False,SCHEDULED,1631912400,HSL:4731_20210917_La_2_1335,731,HSL:4810211,Riekkotie
45720,45881,161,45720,45881,161,True,UPDATED,1631912400,HSL:2345N_20210917_La_2_1208,345N,HSL:1320120,Ruosilanpolku
45960,45960,0,45960,45960,0,False,SCHEDULED,1631912400,HSL:1037_20210917_La_2_1233,37,HSL:1320120,Ruosilanpolku
46440,46509,69,46440,46509,69,True,UPDATED,1631912400,HSL:2321_20210917_La_2_1229,321,HSL:1320120,Ruosilanpolku
47160,47160,0,47160,47160,0,False,SCHEDULED,1631912400,HSL:1037_20210917_La_2_1253,37,HSL:1320120,Ruosilanpolku
47160,47160,0,47160,47160,0,False,SCHEDULED,1631912400,HSL:4322_20210917_La_2_1242,322,HSL:1320120,Ruosilanpolku
47880,47880,0,47880,47880,0,False,SCHEDULED,1631912400,HSL:4719K_20210917_La_1_1310,719K,HSL:4980220,Nurmimäentie
50580,50580,0,50580,50580,0,False,SCHEDULED,1631912400,HSL:4719K_20210917_La_1_1355,719K,HSL:4980220,Nurmimäentie
53280,53280,0,53280,53280,0,False,SCHEDULED,1631912400,HSL:4719K_20210917_La_1_1440,719K,HSL:4980220,Nurmimäentie
45720,45729,9,45720,45729,9,True,UPDATED,1631912400,HSL:2553K_20210917_La_2_1223,553K,HSL:1332108,Niittyluhdantie
46920,46920,0,46920,46920,0,False,SCHEDULED,1631912400,HSL:2553K_20210917_La_2_1242,553K,HSL:1332108,Niittyluhdantie
48120,48120,0,48120,48120,0,False,SCHEDULED,1631912400,HSL:2553K_20210917_La_2_1302,553K,HSL:1332108,Niittyluhdantie
49320,49320,0,49320,49320,0,False,SCHEDULED,1631912400,HSL:2553K_20210917_La_2_1322,553K,HSL:1332108,Niittyluhdantie
50520,50520,0,50520,50520,0,False,SCHEDULED,1631912400,HSL:2553K_20210917_La_2_1342,553K,HSL:1332108,Niittyluhdantie
45540,45823,283,45540,45861,321,True,UPDATED,1631912400,HSL:4411_20210917_La_1_1222,411,HSL:1332109,Venäläinen koulu
45900,45900,0,45900,45900,0,False,SCHEDULED,1631912400,HSL:7456A_20210917_La_1_1230,456A,HSL:1332109,Venäläinen koulu
46200,46241,41,46200,46248,48,True,UPDATED,1631912400,HSL:2436_20210917_La_1_1232,436,HSL:1332109,Venäläinen koulu
46860,46860,0,46860,46860,0,False,SCHEDULED,1631912400,HSL:4421_20210917_La_1_1242,421,HSL:1332109,Venäläinen koulu
46920,46920,0,46920,46920,0,False,SCHEDULED,1631912400,HSL:7455A_20210917_La_1_1245,455A,HSL:1332109,Venäläinen koulu
45360,45354,-6,45360,45354,-6,True,UPDATED,1631912400,HSL:4614_20210917_La_2_1234,614,HSL:4400234,Kerkkäkuja
46860,46877,17,46860,46887,27,True,UPDATED,1631912400,HSL:4571_20210917_La_1_1228,571,HSL:4400234,Kerkkäkuja
47160,47160,0,47160,47160,0,False,SCHEDULED,1631912400,HSL:4614_20210917_La_2_1304,614,HSL:4400234,Kerkkäkuja
48660,48660,0,48660,48660,0,False,SCHEDULED,1631912400,HSL:4571_20210917_La_1_1258,571,HSL:4400234,Kerkkäkuja
48960,48960,0,48960,48960,0,False,SCHEDULED,1631912400,HSL:4614_20210917_La_2_1334,614,HSL:4400234,Kerkkäkuja
45600,45663,63,45600,45663,63,True,UPDATED,1631912400,HSL:2553K_20210917_La_2_1223,553K,HSL:1332106,Kaarelanvierto
46800,46800,0,46800,46800,0,False,SCHEDULED,1631912400,HSL:2553K_20210917_La_2_1242,553K,HSL:1332106,Kaarelanvierto
48000,48000,0,48000,48000,0,False,SCHEDULED,1631912400,HSL:2553K_20210917_La_2_1302,553K,HSL:1332106,Kaarelanvierto
49200,49200,0,49200,49200,0,False,SCHEDULED,1631912400,HSL:2553K_20210917_La_2_1322,553K,HSL:1332106,Kaarelanvierto
50400,50400,0,50400,50400,0,False,SCHEDULED,1631912400,HSL:2553K_20210917_La_2_1342,553K,HSL:1332106,Kaarelanvierto
46320,46605,285,46320,46605,285,True,UPDATED,1631912400,HSL:2553K_20210917_La_1_1209,553K,HSL:1332107,Niittyluhdantie
47520,47618,98,47520,47633,113,True,UPDATED,1631912400,HSL:2553K_20210917_La_1_1229,553K,HSL:1332107,Niittyluhdantie
48720,48720,0,48720,48720,0,False,SCHEDULED,1631912400,HSL:2553K_20210917_La_1_1249,553K,HSL:1332107,Niittyluhdantie
49920,49920,0,49920,49920,0,False,SCHEDULED,1631912400,HSL:2553K_20210917_La_1_1308,553K,HSL:1332107,Niittyluhdantie
51120,51120,0,51120,51120,0,False,SCHEDULED,1631912400,HSL:2553K_20210917_La_1_1328,553K,HSL:1332107,Niittyluhdantie
45360,45382,22,45360,45382,22,True,UPDATED,1631912400,HSL:4614_20210917_La_2_1234,614,HSL:4400233,Ollaksentie
45180,45535,355,45180,45545,365,True,UPDATED,1631912400,HSL:4415_20210917_La_1_1202,415,HSL:4400233,Ollaksentie
47160,47160,0,47160,47160,0,False,SCHEDULED,1631912400,HSL:4614_20210917_La_2_1304,614,HSL:4400233,Ollaksentie
48900,48900,0,48900,48900,0,False,SCHEDULED,1631912400,HSL:4415_20210917_La_1_1302,415,HSL:4400233,Ollaksentie
48960,48960,0,48960,48960,0,False,SCHEDULED,1631912400,HSL:4614_20210917_La_2_1334,614,HSL:4400233,Ollaksentie
46860,46942,82,46860,46947,87,True,UPDATED,1631912400,HSL:4571_20210917_La_1_1228,571,HSL:4400232,Ollaksentie
47820,47820,0,47820,47820,0,False,SCHEDULED,1631912400,HSL:4415_20210917_La_2_1302,415,HSL:4400232,Ollaksentie
48660,48660,0,48660,48660,0,False,SCHEDULED,1631912400,HSL:4571_20210917_La_1_1258,571,HSL:4400232,Ollaksentie
50460,50460,0,50460,50460,0,False,SCHEDULED,1631912400,HSL:4571_20210917_La_1_1328,571,HSL:4400232,Ollaksentie
51420,51420,0,51420,51420,0,False,SCHEDULED,1631912400,HSL:4415_20210917_La_2_1401,415,HSL:4400232,Ollaksentie
45780,45856,76,45780,45865,85,True,UPDATED,1631912400,HSL:1056_20210917_La_2_1231,56,HSL:1291176,Metsäläntie
46380,46380,0,46380,46380,0,False,SCHEDULED,1631912400,HSL:1056_20210917_La_2_1241,56,HSL:1291176,Metsäläntie
46980,46980,0,46980,46980,0,False,SCHEDULED,1631912400,HSL:1056_20210917_La_2_1251,56,HSL:1291176,Metsäläntie
47580,47580,0,47580,47580,0,False,SCHEDULED,1631912400,HSL:1056_20210917_La_2_1301,56,HSL:1291176,Metsäläntie
48180,48180,0,48180,48180,0,False,SCHEDULED,1631912400,HSL:1056_20210917_La_2_1311,56,HSL:1291176,Metsäläntie
45840,45883,43,45840,45885,45,True,UPDATED,1631912400,HSL:4571_20210917_La_2_1211,571,HSL:4400231,Kuulakamari
46500,46436,-64,46500,46442,-58,True,UPDATED,1631912400,HSL:4614_20210917_La_1_1210,614,HSL:4400231,Kuulakamari
47640,47640,0,47640,47640,0,False,SCHEDULED,1631912400,HSL:4571_20210917_La_2_1241,571,HSL:4400231,Kuulakamari
48300,48300,0,48300,48300,0,False,SCHEDULED,1631912400,HSL:4614_20210917_La_1_1240,614,HSL:4400231,Kuulakamari
49440,49440,0,49440,49440,0,False,SCHEDULED,1631912400,HSL:4571_20210917_La_2_1311,571,HSL:4400231,Kuulakamari
45780,45781,1,45780,45810,30,True,UPDATED,1631912400,HSL:4571_20210917_La_2_1211,571,HSL:4400237,Kääpäkuja
46380,46332,-48,46380,46338,-42,True,UPDATED,1631912400,HSL:4614_20210917_La_1_1210,614,HSL:4400237,Kääpäkuja
47580,47580,0,47580,47580,0,False,SCHEDULED,1631912400,HSL:4571_20210917_La_2_1241,571,HSL:4400237,Kääpäkuja
48180,48180,0,48180,48180,0,False,SCHEDULED,1631912400,HSL:4614_20210917_La_1_1240,614,HSL:4400237,Kääpäkuja
49380,49380,0,49380,49380,0,False,SCHEDULED,1631912400,HSL:4571_20210917_La_2_1311,571,HSL:4400237,Kääpäkuja
45780,45838,58,45780,45838,58,True,UPDATED,1631912400,HSL:4571_20210917_La_2_1211,571,HSL:4400236,Kerkkätie
46440,46395,-45,46440,46400,-40,True,UPDATED,1631912400,HSL:4614_20210917_La_1_1210,614,HSL:4400236,Kerkkätie
47580,47580,0,47580,47580,0,False,SCHEDULED,1631912400,HSL:4571_20210917_La_2_1241,571,HSL:4400236,Kerkkätie
48240,48240,0,48240,48240,0,False,SCHEDULED,1631912400,HSL:4614_20210917_La_1_1240,614,HSL:4400236,Kerkkätie
49380,49380,0,49380,49380,0,False,SCHEDULED,1631912400,HSL:4571_20210917_La_2_1311,571,HSL:4400236,Kerkkätie
94920,94920,0,94920,94920,0,False,SCHEDULED,1631912400,HSL:1023N_20210917_La_1_2605,23N,HSL:1121105,Helsinginkatu
96120,96120,0,96120,96120,0,False,SCHEDULED,1631912400,HSL:1023N_20210917_La_1_2625,23N,HSL:1121105,Helsinginkatu
97320,97320,0,97320,97320,0,False,SCHEDULED,1631912400,HSL:1023N_20210917_La_1_2645,23N,HSL:1121105,Helsinginkatu
98460,98460,0,98460,98460,0,False,SCHEDULED,1631912400,HSL:1023N_20210917_La_1_2705,23N,HSL:1121105,Helsinginkatu
99660,99660,0,99660,99660,0,False,SCHEDULED,1631912400,HSL:1023N_20210917_La_1_2725,23N,HSL:1121105,Helsinginkatu
46020,46020,0,46020,46020,0,True,UPDATED,1631912400,HSL:1008X_20210917_La_2_1236,8X,HSL:1121103,Harjutori
46740,46740,0,46740,46740,0,False,SCHEDULED,1631912400,HSL:1008X_20210917_La_2_1248,8X,HSL:1121103,Harjutori
47460,47460,0,47460,47460,0,False,SCHEDULED,1631912400,HSL:1008X_20210917_La_2_1300,8X,HSL:1121103,Harjutori
48180,48180,0,48180,48180,0,False,SCHEDULED,1631912400,HSL:1008X_20210917_La_2_1312,8X,HSL:1121103,Harjutori
48900,48900,0,48900,48900,0,False,SCHEDULED,1631912400,HSL:1008X_20210917_La_2_1324,8X,HSL:1121103,Harjutori
45300,45296,-4,45300,45310,10,True,UPDATED,1631912400,HSL:4614_20210917_La_2_1234,614,HSL:4400230,Kuulakamari
46800,46848,48,46800,46855,55,True,UPDATED,1631912400,HSL:4571_20210917_La_1_1228,571,HSL:4400230,Kuulakamari
47100,47100,0,47100,47100,0,False,SCHEDULED,1631912400,HSL:4614_20210917_La_2_1304,614,HSL:4400230,Kuulakamari
48600,48600,0,48600,48600,0,False,SCHEDULED,1631912400,HSL:4571_20210917_La_1_1258,571,HSL:4400230,Kuulakamari
48900,48900,0,48900,48900,0,False,SCHEDULED,1631912400,HSL:4614_20210917_La_2_1334,614,HSL:4400230,Kuulakamari
49320,49320,0,49320,49320,0,False,SCHEDULED,1631912400,HSL:1036_20210917_La_2_1300,36,HSL:1320129,Riihipellontie
50880,50880,0,50880,50880,0,False,SCHEDULED,1631912400,HSL:1036_20210917_La_1_1400,36,HSL:1320129,Riihipellontie
56520,56520,0,56520,56520,0,False,SCHEDULED,1631912400,HSL:1036_20210917_La_2_1500,36,HSL:1320129,Riihipellontie
58080,58080,0,58080,58080,0,False,SCHEDULED,1631912400,HSL:1036_20210917_La_1_1600,36,HSL:1320129,Riihipellontie
49200,49200,0,49200,49200,0,False,SCHEDULED,1631912400,HSL:1036_20210917_La_2_1300,36,HSL:1320128,Konalantie
50820,50820,0,50820,50820,0,False,SCHEDULED,1631912400,HSL:1036_20210917_La_1_1400,36,HSL:1320128,Konalantie
56400,56400,0,56400,56400,0,False,SCHEDULED,1631912400,HSL:1036_20210917_La_2_1500,36,HSL:1320128,Konalantie
57960,57960,0,57960,57960,0,False,SCHEDULED,1631912400,HSL:1036_20210917_La_1_1600,36,HSL:1320128,Konalantie
51060,51060,0,51060,51060,0,False,SCHEDULED,1631912400,HSL:1036_20210917_La_1_1400,36,HSL:1320127,Tähkätie
58200,58200,0,58200,58200,0,False,SCHEDULED,1631912400,HSL:1036_20210917_La_1_1600,36,HSL:1320127,Tähkätie
49140,49140,0,49140,49140,0,False,SCHEDULED,1631912400,HSL:1036_20210917_La_2_1300,36,HSL:1320126,Tähkätie
56340,56340,0,56340,56340,0,False,SCHEDULED,1631912400,HSL:1036_20210917_La_2_1500,36,HSL:1320126,Tähkätie
49080,49080,0,49080,49080,0,False,SCHEDULED,1631912400,HSL:1036_20210917_La_2_1300,36,HSL:1320125,Konalan puisto
56280,56280,0,56280,56280,0,False,SCHEDULED,1631912400,HSL:1036_20210917_La_2_1500,36,HSL:1320125,Konalan puisto
51060,51060,0,51060,51060,0,False,SCHEDULED,1631912400,HSL:1036_20210917_La_1_1400,36,HSL:1320124,Konalan puisto
58260,58260,0,58260,58260,0,False,SCHEDULED,1631912400,HSL:1036_20210917_La_1_1600,36,HSL:1320124,Konalan puisto
94440,94440,0,94440,94440,0,False,SCHEDULED,1631912400,HSL:1023N_20210917_La_2_2603,23N,HSL:1121108,Fleminginkatu
95640,95640,0,95640,95640,0,False,SCHEDULED,1631912400,HSL:1023N_20210917_La_2_2623,23N,HSL:1121108,Fleminginkatu
96840,96840,0,96840,96840,0,False,SCHEDULED,1631912400,HSL:1023N_20210917_La_2_2643,23N,HSL:1121108,Fleminginkatu
98040,98040,0,98040,98040,0,False,SCHEDULED,1631912400,HSL:1023N_20210917_La_2_2703,23N,HSL:1121108,Fleminginkatu
99240,99240,0,99240,99240,0,False,SCHEDULED,1631912400,HSL:1023N_20210917_La_2_2723,23N,HSL:1121108,Fleminginkatu
45120,45296,176,45120,45307,187,True,UPDATED,1631912400,HSL:1037_20210917_La_1_1204,37,HSL:1320123,Hankasuontie
45300,45396,96,45300,45396,96,True,UPDATED,1631912400,HSL:1030_20210917_La_1_1152,30,HSL:1320123,Hankasuontie
47160,45477,-1683,47160,45477,-1683,True,UPDATED,1631912400,HSL:1030_20210917_La_1_1222,30,HSL:1320123,Hankasuontie
45780,46013,233,45780,46013,233,True,UPDATED,1631912400,HSL:1059_20210917_La_1_1201,59,HSL:1320123,Hankasuontie
46320,46356,36,46320,46381,61,True,UPDATED,1631912400,HSL:1037_20210917_La_1_1224,37,HSL:1320123,Hankasuontie
49680,49680,0,49680,49680,0,False,SCHEDULED,1631912400,HSL:1036_20210917_La_2_1300,36,HSL:1320131,Vitsastie
50580,50580,0,50580,50580,0,False,SCHEDULED,1631912400,HSL:1036_20210917_La_1_1400,36,HSL:1320131,Vitsastie
56880,56880,0,56880,56880,0,False,SCHEDULED,1631912400,HSL:1036_20210917_La_2_1500,36,HSL:1320131,Vitsastie
57780,57780,0,57780,57780,0,False,SCHEDULED,1631912400,HSL:1036_20210917_La_1_1600,36,HSL:1320131,Vitsastie
49320,49320,0,49320,49320,0,False,SCHEDULED,1631912400,HSL:1036_20210917_La_2_1300,36,HSL:1320130,Käärtipolku
50940,50940,0,50940,50940,0,False,SCHEDULED,1631912400,HSL:1036_20210917_La_1_1400,36,HSL:1320130,Käärtipolku
56520,56520,0,56520,56520,0,False,SCHEDULED,1631912400,HSL:1036_20210917_La_2_1500,36,HSL:1320130,Käärtipolku
58080,58080,0,58080,58080,0,False,SCHEDULED,1631912400,HSL:1036_20210917_La_1_1600,36,HSL:1320130,Käärtipolku
45480,45525,45,45480,45533,53,True,UPDATED,1631912400,HSL:2200_20210917_La_1_1224,200,HSL:1291167,Ruskeasuon varikko
45600,45662,62,45600,45667,67,True,UPDATED,1631912400,HSL:1040_20210917_La_1_1225,40,HSL:1291167,Ruskeasuon varikko
45660,45715,55,45660,45728,68,True,UPDATED,1631912400,HSL:1057_20210917_La_1_1208,57,HSL:1291167,Ruskeasuon varikko
45720,45751,31,45720,45758,38,True,UPDATED,1631912400,HSL:1037_20210917_La_1_1224,37,HSL:1291167,Ruskeasuon varikko
45780,45828,48,45780,45835,55,True,UPDATED,1631912400,HSL:2321_20210917_La_1_1229,321,HSL:1291167,Ruskeasuon varikko
46020,45897,-123,46020,45903,-117,True,UPDATED,1631912400,HSL:1036_20210917_La_1_1200,36,HSL:1332119,Ladonlukonpolku
53220,53220,0,53220,53220,0,False,SCHEDULED,1631912400,HSL:1036_20210917_La_1_1400,36,HSL:1332119,Ladonlukonpolku
60360,60360,0,60360,60360,0,False,SCHEDULED,1631912400,HSL:1036_20210917_La_1_1600,36,HSL:1332119,Ladonlukonpolku
45960,45828,-132,45960,45842,-118,True,UPDATED,1631912400,HSL:1036_20210917_La_1_1200,36,HSL:1332117,Vannetie
53160,53160,0,53160,53160,0,False,SCHEDULED,1631912400,HSL:1036_20210917_La_1_1400,36,HSL:1332117,Vannetie
60300,60300,0,60300,60300,0,False,SCHEDULED,1631912400,HSL:1036_20210917_La_1_1600,36,HSL:1332117,Vannetie
47220,47220,0,47220,47220,0,False,SCHEDULED,1631912400,HSL:1036_20210917_La_2_1300,36,HSL:1332118,Vannetie
54420,54420,0,54420,54420,0,False,SCHEDULED,1631912400,HSL:1036_20210917_La_2_1500,36,HSL:1332118,Vannetie
45900,45796,-104,45900,45796,-104,True,UPDATED,1631912400,HSL:1036_20210917_La_1_1200,36,HSL:1332115,Juoksuhaudantie
53100,53100,0,53100,53100,0,False,SCHEDULED,1631912400,HSL:1036_20210917_La_1_1400,36,HSL:1332115,Juoksuhaudantie
60240,60240,0,60240,60240,0,False,SCHEDULED,1631912400,HSL:1036_20210917_La_1_1600,36,HSL:1332115,Juoksuhaudantie
47280,47280,0,47280,47280,0,False,SCHEDULED,1631912400,HSL:1036_20210917_La_2_1300,36,HSL:1332116,Juoksuhaudantie
54480,54480,0,54480,54480,0,False,SCHEDULED,1631912400,HSL:1036_20210917_La_2_1500,36,HSL:1332116,Juoksuhaudantie
45060,45267,207,45060,45308,248,True,UPDATED,1631912400,HSL:4421_20210917_La_1_1212,421,HSL:1332113,Kaarelantie
45600,45895,295,45600,45920,320,True,UPDATED,1631912400,HSL:4411_20210917_La_1_1222,411,HSL:1332113,Kaarelantie
45960,45960,0,45960,45960,0,False,SCHEDULED,1631912400,HSL:7456A_20210917_La_1_1230,456A,HSL:1332113,Kaarelantie
46260,46313,53,46260,46317,57,True,UPDATED,1631912400,HSL:2436_20210917_La_1_1232,436,HSL:1332113,Kaarelantie
46920,46920,0,46920,46920,0,False,SCHEDULED,1631912400,HSL:4421_20210917_La_1_1242,421,HSL:1332113,Kaarelantie
45720,45791,71,45720,45801,81,True,UPDATED,1631912400,HSL:4421_20210917_La_2_1225,421,HSL:1332114,Kaarelantie
46320,46320,0,46320,46320,0,False,SCHEDULED,1631912400,HSL:4411_20210917_La_2_1235,411,HSL:1332114,Kaarelantie
46920,46948,28,46920,46948,28,True,UPDATED,1631912400,HSL:2436_20210917_La_2_1229,436,HSL:1332114,Kaarelantie
47160,47160,0,47160,47160,0,False,SCHEDULED,1631912400,HSL:7465_20210917_La_2_1245,465,HSL:1332114,Kaarelantie
47460,47460,0,47460,47460,0,False,SCHEDULED,1631912400,HSL:4421_20210917_La_2_1254,421,HSL:1332114,Kaarelantie
45540,45861,321,45540,45874,334,True,UPDATED,1631912400,HSL:4411_20210917_La_1_1222,411,HSL:1332111,Raitamaantie
45900,45900,0,45900,45900,0,False,SCHEDULED,1631912400,HSL:7456A_20210917_La_1_1230,456A,HSL:1332111,Raitamaantie
46200,46273,73,46200,46279,79,True,UPDATED,1631912400,HSL:2436_20210917_La_1_1232,436,HSL:1332111,Raitamaantie
46860,46860,0,46860,46860,0,False,SCHEDULED,1631912400,HSL:4421_20210917_La_1_1242,421,HSL:1332111,Raitamaantie
46920,46920,0,46920,46920,0,False,SCHEDULED,1631912400,HSL:7455A_20210917_La_1_1245,455A,HSL:1332111,Raitamaantie
45120,45318,198,45120,45354,234,True,UPDATED,1631912400,HSL:4415_20210917_La_2_1203,415,HSL:1332112,Raitamaantie
45720,45801,81,45720,45806,86,True,UPDATED,1631912400,HSL:4421_20210917_La_2_1225,421,HSL:1332112,Raitamaantie
46320,46320,0,46320,46320,0,False,SCHEDULED,1631912400,HSL:4411_20210917_La_2_1235,411,HSL:1332112,Raitamaantie
46920,46968,48,46920,46968,48,True,UPDATED,1631912400,HSL:2436_20210917_La_2_1229,436,HSL:1332112,Raitamaantie
47220,47220,0,47220,47220,0,False,SCHEDULED,1631912400,HSL:7465_20210917_La_2_1245,465,HSL:1332112,Raitamaantie
45180,45362,182,45180,45373,193,True,UPDATED,1631912400,HSL:4415_20210917_La_2_1203,415,HSL:1332110,Venäläinen koulu
45780,45869,89,45780,45881,101,True,UPDATED,1631912400,HSL:4421_20210917_La_2_1225,421,HSL:1332110,Venäläinen koulu
46380,46380,0,46380,46380,0,False,SCHEDULED,1631912400,HSL:4411_20210917_La_2_1235,411,HSL:1332110,Venäläinen koulu
46980,46992,12,46980,46992,12,True,UPDATED,1631912400,HSL:2436_20210917_La_2_1229,436,HSL:1332110,Venäläinen koulu
47280,47280,0,47280,47280,0,False,SCHEDULED,1631912400,HSL:7465_20210917_La_2_1245,465,HSL:1332110,Venäläinen koulu
50760,50760,0,50760,50760,0,False,SCHEDULED,1631912400,HSL:1036_20210917_La_1_1400,36,HSL:1320135,Soodakuja
57960,57960,0,57960,57960,0,False,SCHEDULED,1631912400,HSL:1036_20210917_La_1_1600,36,HSL:1320135,Soodakuja
49440,49440,0,49440,49440,0,False,SCHEDULED,1631912400,HSL:1036_20210917_La_2_1300,36,HSL:1320134,Soodakuja
56640,56640,0,56640,56640,0,False,SCHEDULED,1631912400,HSL:1036_20210917_La_2_1500,36,HSL:1320134,Soodakuja
49800,49800,0,49800,49800,0,False,SCHEDULED,1631912400,HSL:1036_20210917_La_2_1300,36,HSL:1320133,S-Market Konala
50400,50400,0,50400,50400,0,False,SCHEDULED,1631912400,HSL:1036_20210917_La_1_1400,36,HSL:1320133,S-Market Konala
57000,57000,0,57000,57000,0,False,SCHEDULED,1631912400,HSL:1036_20210917_La_2_1500,36,HSL:1320133,S-Market Konala
57600,57600,0,57600,57600,0,False,SCHEDULED,1631912400,HSL:1036_20210917_La_1_1600,36,HSL:1320133,S-Market Konala
49620,49620,0,49620,49620,0,False,SCHEDULED,1631912400,HSL:1036_20210917_La_2_1300,36,HSL:1320132,Vitsastie
50520,50520,0,50520,50520,0,False,SCHEDULED,1631912400,HSL:1036_20210917_La_1_1400,36,HSL:1320132,Vitsastie
56820,56820,0,56820,56820,0,False,SCHEDULED,1631912400,HSL:1036_20210917_La_2_1500,36,HSL:1320132,Vitsastie
57720,57720,0,57720,57720,0,False,SCHEDULED,1631912400,HSL:1036_20210917_La_1_1600,36,HSL:1320132,Vitsastie
46440,46440,0,46440,46440,0,False,SCHEDULED,1631912400,HSL:6243_20210917_La_2_1246,243,HSL:6120207,Haapapurontie
50040,50040,0,50040,50040,0,False,SCHEDULED,1631912400,HSL:6243_20210917_La_2_1346,243,HSL:6120207,Haapapurontie
53640,53640,0,53640,53640,0,False,SCHEDULED,1631912400,HSL:6243_20210917_La_2_1446,243,HSL:6120207,Haapapurontie
57240,57240,0,57240,57240,0,False,SCHEDULED,1631912400,HSL:6243_20210917_La_2_1546,243,HSL:6120207,Haapapurontie
60840,60840,0,60840,60840,0,False,SCHEDULED,1631912400,HSL:6243_20210917_La_2_1646,243,HSL:6120207,Haapapurontie
45600,45600,0,45600,45600,0,False,SCHEDULED,1631912400,HSL:3001R_20210917_La_1_1240,R,HSL:1020501,Helsinki
47400,47400,0,47400,47400,0,False,SCHEDULED,1631912400,HSL:3001R_20210917_La_1_1310,R,HSL:1020501,Helsinki
48900,48900,0,48900,48900,0,False,SCHEDULED,1631912400,HSL:3001Z_20210917_La_1_1335,Z,HSL:1020501,Helsinki
49200,49200,0,49200,49200,0,False,SCHEDULED,1631912400,HSL:3001R_20210917_La_1_1340,R,HSL:1020501,Helsinki
51000,51000,0,51000,51000,0,False,SCHEDULED,1631912400,HSL:3001R_20210917_La_1_1410,R,HSL:1020501,Helsinki
45840,45829,-11,45840,45843,3,True,UPDATED,1631912400,HSL:2114_20210917_La_1_1223,114,HSL:2132243,Kilon asema
46740,46740,0,46740,46740,0,False,SCHEDULED,1631912400,HSL:2114_20210917_La_1_1238,114,HSL:2132243,Kilon asema
47640,47640,0,47640,47640,0,False,SCHEDULED,1631912400,HSL:2114_20210917_La_1_1253,114,HSL:2132243,Kilon asema
48540,48540,0,48540,48540,0,False,SCHEDULED,1631912400,HSL:2114_20210917_La_1_1308,114,HSL:2132243,Kilon asema
49440,49440,0,49440,49440,0,False,SCHEDULED,1631912400,HSL:2114_20210917_La_1_1323,114,HSL:2132243,Kilon asema
46020,46020,0,46020,46020,0,False,SCHEDULED,1631912400,HSL:2114_20210917_La_2_1240,114,HSL:2132242,Kilon asema
46920,46920,0,46920,46920,0,False,SCHEDULED,1631912400,HSL:2114_20210917_La_2_1255,114,HSL:2132242,Kilon asema
47820,47820,0,47820,47820,0,False,SCHEDULED,1631912400,HSL:2114_20210917_La_2_1310,114,HSL:2132242,Kilon asema
48720,48720,0,48720,48720,0,False,SCHEDULED,1631912400,HSL:2114_20210917_La_2_1325,114,HSL:2132242,Kilon asema
49620,49620,0,49620,49620,0,False,SCHEDULED,1631912400,HSL:2114_20210917_La_2_1340,114,HSL:2132242,Kilon asema
45360,45360,0,45360,45360,0,False,SCHEDULED,1631912400,HSL:3001I_20210917_La_1_1236,I,HSL:1020503,Helsinki
45660,45660,0,45660,45660,0,False,SCHEDULED,1631912400,HSL:3001K_20210917_La_1_1241,K,HSL:1020503,Helsinki
45960,45960,0,45960,45960,0,False,SCHEDULED,1631912400,HSL:3001I_20210917_La_1_1246,I,HSL:1020503,Helsinki
46260,46260,0,46260,46260,0,False,SCHEDULED,1631912400,HSL:3001K_20210917_La_1_1251,K,HSL:1020503,Helsinki
46560,46560,0,46560,46560,0,False,SCHEDULED,1631912400,HSL:3001I_20210917_La_1_1256,I,HSL:1020503,Helsinki
45780,45792,12,45780,45797,17,True,UPDATED,1631912400,HSL:2114_20210917_La_1_1223,114,HSL:2132241,Lansanpuro
46680,46680,0,46680,46680,0,False,SCHEDULED,1631912400,HSL:2114_20210917_La_1_1238,114,HSL:2132241,Lansanpuro
47580,47580,0,47580,47580,0,False,SCHEDULED,1631912400,HSL:2114_20210917_La_1_1253,114,HSL:2132241,Lansanpuro
48480,48480,0,48480,48480,0,False,SCHEDULED,1631912400,HSL:2114_20210917_La_1_1308,114,HSL:2132241,Lansanpuro
49380,49380,0,49380,49380,0,False,SCHEDULED,1631912400,HSL:2114_20210917_La_1_1323,114,HSL:2132241,Lansanpuro
45480,45480,0,45480,45480,0,False,SCHEDULED,1631912400,HSL:3002P_20210917_La_1_1238,P,HSL:1020502,Helsinki
45720,45720,0,45720,45720,0,False,SCHEDULED,1631912400,HSL:3002U_20210917_La_1_1242,U,HSL:1020502,Helsinki
46080,46080,0,46080,46080,0,False,SCHEDULED,1631912400,HSL:3002P_20210917_La_1_1248,P,HSL:1020502,Helsinki
46620,46620,0,46620,46620,0,False,SCHEDULED,1631912400,HSL:3002E_20210917_La_1_1257,E,HSL:1020502,Helsinki
46680,46680,0,46680,46680,0,False,SCHEDULED,1631912400,HSL:3002P_20210917_La_1_1258,P,HSL:1020502,Helsinki
46080,46080,0,46080,46080,0,False,SCHEDULED,1631912400,HSL:2114_20210917_La_2_1240,114,HSL:2132240,Lansanpuro
46980,46980,0,46980,46980,0,False,SCHEDULED,1631912400,HSL:2114_20210917_La_2_1255,114,HSL:2132240,Lansanpuro
47880,47880,0,47880,47880,0,False,SCHEDULED,1631912400,HSL:2114_20210917_La_2_1310,114,HSL:2132240,Lansanpuro
48780,48780,0,48780,48780,0,False,SCHEDULED,1631912400,HSL:2114_20210917_La_2_1325,114,HSL:2132240,Lansanpuro
49680,49680,0,49680,49680,0,False,SCHEDULED,1631912400,HSL:2114_20210917_La_2_1340,114,HSL:2132240,Lansanpuro
45480,45517,37,45480,45547,67,True,UPDATED,1631912400,HSL:3002P_20210917_La_1_1158,P,HSL:4600551,Hiekkaharju
45780,45865,85,45780,45865,85,True,UPDATED,1631912400,HSL:3001K_20210917_La_2_1231,K,HSL:4600551,Hiekkaharju
46080,46117,37,46080,46147,67,True,UPDATED,1631912400,HSL:3002P_20210917_La_1_1208,P,HSL:4600551,Hiekkaharju
46380,46380,0,46380,46380,0,False,SCHEDULED,1631912400,HSL:3001K_20210917_La_2_1241,K,HSL:4600551,Hiekkaharju
46680,46756,76,46680,46786,106,True,UPDATED,1631912400,HSL:3002P_20210917_La_1_1218,P,HSL:4600551,Hiekkaharju
45960,45953,-7,45960,45989,29,True,UPDATED,1631912400,HSL:2114_20210917_La_1_1223,114,HSL:2132247,Kilontie
46860,46860,0,46860,46860,0,False,SCHEDULED,1631912400,HSL:2114_20210917_La_1_1238,114,HSL:2132247,Kilontie
47760,47760,0,47760,47760,0,False,SCHEDULED,1631912400,HSL:2114_20210917_La_1_1253,114,HSL:2132247,Kilontie
48660,48660,0,48660,48660,0,False,SCHEDULED,1631912400,HSL:2114_20210917_La_1_1308,114,HSL:2132247,Kilontie
49560,49560,0,49560,49560,0,False,SCHEDULED,1631912400,HSL:2114_20210917_La_1_1323,114,HSL:2132247,Kilontie
45900,45900,0,45900,45900,0,False,SCHEDULED,1631912400,HSL:2114_20210917_La_2_1240,114,HSL:2132246,Kilontie
46800,46800,0,46800,46800,0,False,SCHEDULED,1631912400,HSL:2114_20210917_La_2_1255,114,HSL:2132246,Kilontie
47700,47700,0,47700,47700,0,False,SCHEDULED,1631912400,HSL:2114_20210917_La_2_1310,114,HSL:2132246,Kilontie
48600,48600,0,48600,48600,0,False,SCHEDULED,1631912400,HSL:2114_20210917_La_2_1325,114,HSL:2132246,Kilontie
49500,49500,0,49500,49500,0,False,SCHEDULED,1631912400,HSL:2114_20210917_La_2_1340,114,HSL:2132246,Kilontie
45900,45886,-14,45900,45902,2,True,UPDATED,1631912400,HSL:2114_20210917_La_1_1223,114,HSL:2132245,Trillakatu
46800,46800,0,46800,46800,0,False,SCHEDULED,1631912400,HSL:2114_20210917_La_1_1238,114,HSL:2132245,Trillakatu
47700,47700,0,47700,47700,0,False,SCHEDULED,1631912400,HSL:2114_20210917_La_1_1253,114,HSL:2132245,Trillakatu
48600,48600,0,48600,48600,0,False,SCHEDULED,1631912400,HSL:2114_20210917_La_1_1308,114,HSL:2132245,Trillakatu
49500,49500,0,49500,49500,0,False,SCHEDULED,1631912400,HSL:2114_20210917_La_1_1323,114,HSL:2132245,Trillakatu
45960,45960,0,45960,45960,0,False,SCHEDULED,1631912400,HSL:2114_20210917_La_2_1240,114,HSL:2132244,Trillakatu
46860,46860,0,46860,46860,0,False,SCHEDULED,1631912400,HSL:2114_20210917_La_2_1255,114,HSL:2132244,Trillakatu
47760,47760,0,47760,47760,0,False,SCHEDULED,1631912400,HSL:2114_20210917_La_2_1310,114,HSL:2132244,Trillakatu
48660,48660,0,48660,48660,0,False,SCHEDULED,1631912400,HSL:2114_20210917_La_2_1325,114,HSL:2132244,Trillakatu
49560,49560,0,49560,49560,0,False,SCHEDULED,1631912400,HSL:2114_20210917_La_2_1340,114,HSL:2132244,Trillakatu
45240,45362,122,45240,45396,156,True,UPDATED,1631912400,HSL:1066_20210917_La_1_1226,66,HSL:1121124,Sörnäinen (M)
45420,45450,30,45420,45477,57,True,UPDATED,1631912400,HSL:4611_20210917_La_1_1229,611,HSL:1121124,Sörnäinen (M)
45600,45721,121,45600,45750,150,True,UPDATED,1631912400,HSL:1064_20210917_La_1_1232,64,HSL:1121124,Sörnäinen (M)
45840,45840,0,45840,45840,0,False,SCHEDULED,1631912400,HSL:1067_20210917_La_1_1236,67,HSL:1121124,Sörnäinen (M)
46080,46080,0,46080,46080,0,False,SCHEDULED,1631912400,HSL:1065_20210917_La_1_1240,65,HSL:1121124,Sörnäinen (M)
45600,45596,-4,45600,45596,-4,True,UPDATED,1631912400,HSL:1008X_20210917_La_2_1224,8X,HSL:1121122,Linnanmäki (etelä)
46320,46320,0,46320,46320,0,True,UPDATED,1631912400,HSL:1008X_20210917_La_2_1236,8X,HSL:1121122,Linnanmäki (etelä)
47040,47040,0,47040,47040,0,False,SCHEDULED,1631912400,HSL:1008X_20210917_La_2_1248,8X,HSL:1121122,Linnanmäki (etelä)
47760,47760,0,47760,47760,0,False,SCHEDULED,1631912400,HSL:1008X_20210917_La_2_1300,8X,HSL:1121122,Linnanmäki (etelä)
48480,48480,0,48480,48480,0,False,SCHEDULED,1631912400,HSL:1008X_20210917_La_2_1312,8X,HSL:1121122,Linnanmäki (etelä)
45240,45304,64,45240,45346,106,True,UPDATED,1631912400,HSL:31M2_20210917_La_1_1201,M2,HSL:1473601,Kontula
45660,45715,55,45660,45735,75,True,UPDATED,1631912400,HSL:31M2_20210917_La_1_1208,M2,HSL:1473601,Kontula
46140,46155,15,46140,46175,35,True,UPDATED,1631912400,HSL:31M2_20210917_La_1_1216,M2,HSL:1473601,Kontula
46560,46612,52,46560,46632,72,True,UPDATED,1631912400,HSL:31M2_20210917_La_1_1223,M2,HSL:1473601,Kontula
47040,47054,14,47040,47074,34,True,UPDATED,1631912400,HSL:31M2_20210917_La_1_1231,M2,HSL:1473601,Kontula
45360,45353,-7,45360,45373,13,True,UPDATED,1631912400,HSL:31M2_20210917_La_2_1234,M2,HSL:1473602,Kontula
45780,45790,10,45780,45810,30,True,UPDATED,1631912400,HSL:31M2_20210917_La_2_1241,M2,HSL:1473602,Kontula
46260,46240,-20,46260,46260,0,True,UPDATED,1631912400,HSL:31M2_20210917_La_2_1249,M2,HSL:1473602,Kontula
46680,46690,10,46680,46710,30,True,UPDATED,1631912400,HSL:31M2_20210917_La_2_1256,M2,HSL:1473602,Kontula
47160,47140,-20,47160,47160,0,True,UPDATED,1631912400,HSL:31M2_20210917_La_2_1304,M2,HSL:1473602,Kontula
45300,45560,260,45300,45560,260,True,UPDATED,1631912400,HSL:1030_20210917_La_2_1221,30,HSL:1320109,Ristipellontie
45840,45840,0,45840,45840,0,False,SCHEDULED,1631912400,HSL:1059_20210917_La_2_1239,59,HSL:1320109,Ristipellontie
46200,46200,0,46200,46200,0,True,UPDATED,1631912400,HSL:1030_20210917_La_2_1236,30,HSL:1320109,Ristipellontie
46740,46740,0,46740,46740,0,False,SCHEDULED,1631912400,HSL:1059_20210917_La_2_1254,59,HSL:1320109,Ristipellontie
47100,47100,0,47100,47100,0,False,SCHEDULED,1631912400,HSL:1030_20210917_La_2_1251,30,HSL:1320109,Ristipellontie
45840,45840,0,45840,45840,0,False,SCHEDULED,1631912400,HSL:1008X_20210917_La_1_1239,8X,HSL:1121120,Helsinginkatu
46560,46560,0,46560,46560,0,False,SCHEDULED,1631912400,HSL:1008X_20210917_La_1_1251,8X,HSL:1121120,Helsinginkatu
47280,47280,0,47280,47280,0,False,SCHEDULED,1631912400,HSL:1008X_20210917_La_1_1303,8X,HSL:1121120,Helsinginkatu
48000,48000,0,48000,48000,0,False,SCHEDULED,1631912400,HSL:1008X_20210917_La_1_1315,8X,HSL:1121120,Helsinginkatu
48720,48720,0,48720,48720,0,False,SCHEDULED,1631912400,HSL:1008X_20210917_La_1_1327,8X,HSL:1121120,Helsinginkatu
45360,45360,0,45360,45360,0,True,UPDATED,1631912400,HSL:31M2_20210917_La_1_1201,M2,HSL:1473603,Mellunmäki
45780,45780,0,45780,45780,0,True,UPDATED,1631912400,HSL:31M2_20210917_La_1_1208,M2,HSL:1473603,Mellunmäki
46260,46260,0,46260,46260,0,True,UPDATED,1631912400,HSL:31M2_20210917_La_1_1216,M2,HSL:1473603,Mellunmäki
46680,46680,0,46680,46680,0,True,UPDATED,1631912400,HSL:31M2_20210917_La_1_1223,M2,HSL:1473603,Mellunmäki
47160,47160,0,47160,47160,0,True,UPDATED,1631912400,HSL:31M2_20210917_La_1_1231,M2,HSL:1473603,Mellunmäki
45240,45336,96,45240,45336,96,True,UPDATED,1631912400,HSL:1030_20210917_La_1_1152,30,HSL:1320108,Ristipellontie
47100,45477,-1623,47100,45477,-1623,True,UPDATED,1631912400,HSL:1030_20210917_La_1_1222,30,HSL:1320108,Ristipellontie
45720,45953,233,45720,45953,233,True,UPDATED,1631912400,HSL:1059_20210917_La_1_1201,59,HSL:1320108,Ristipellontie
46200,46394,194,46200,46454,254,True,UPDATED,1631912400,HSL:1030_20210917_La_1_1207,30,HSL:1320108,Ristipellontie
46620,46800,180,46620,46800,180,True,UPDATED,1631912400,HSL:1059_20210917_La_1_1216,59,HSL:1320108,Ristipellontie
45240,45350,110,45240,45350,110,True,UPDATED,1631912400,HSL:2533_20210917_La_2_1209,533,HSL:2331211,Lukutori
45600,45643,43,45600,45658,58,True,UPDATED,1631912400,HSL:2532_20210917_La_2_1219,532,HSL:2331211,Lukutori
46080,46080,0,46080,46080,0,False,SCHEDULED,1631912400,HSL:2118B_20210917_La_2_1247,118B,HSL:2331211,Lukutori
46140,46163,23,46140,46163,23,True,UPDATED,1631912400,HSL:2533_20210917_La_2_1223,533,HSL:2331211,Lukutori
46500,46500,0,46500,46500,0,True,UPDATED,1631912400,HSL:2532_20210917_La_2_1234,532,HSL:2331211,Lukutori
45660,45670,10,45660,45690,30,True,UPDATED,1631912400,HSL:31M2_20210917_La_2_1241,M2,HSL:1473604,Mellunmäki
46140,46120,-20,46140,46140,0,True,UPDATED,1631912400,HSL:31M2_20210917_La_2_1249,M2,HSL:1473604,Mellunmäki
46560,46570,10,46560,46590,30,True,UPDATED,1631912400,HSL:31M2_20210917_La_2_1256,M2,HSL:1473604,Mellunmäki
47040,47020,-20,47040,47040,0,True,UPDATED,1631912400,HSL:31M2_20210917_La_2_1304,M2,HSL:1473604,Mellunmäki
47460,47470,10,47460,47490,30,True,UPDATED,1631912400,HSL:31M2_20210917_La_2_1311,M2,HSL:1473604,Mellunmäki
45720,45720,0,45720,45720,0,False,SCHEDULED,1631912400,HSL:1008X_20210917_La_1_1239,8X,HSL:1121121,Linnanmäki (etelä)
46440,46440,0,46440,46440,0,False,SCHEDULED,1631912400,HSL:1008X_20210917_La_1_1251,8X,HSL:1121121,Linnanmäki (etelä)
47160,47160,0,47160,47160,0,False,SCHEDULED,1631912400,HSL:1008X_20210917_La_1_1303,8X,HSL:1121121,Linnanmäki (etelä)
47880,47880,0,47880,47880,0,False,SCHEDULED,1631912400,HSL:1008X_20210917_La_1_1315,8X,HSL:1121121,Linnanmäki (etelä)
48600,48600,0,48600,48600,0,False,SCHEDULED,1631912400,HSL:1008X_20210917_La_1_1327,8X,HSL:1121121,Linnanmäki (etelä)
47040,45477,-1563,47040,45477,-1563,True,UPDATED,1631912400,HSL:1030_20210917_La_1_1222,30,HSL:1320107,Riihipellontie
45660,45893,233,45660,45893,233,True,UPDATED,1631912400,HSL:1059_20210917_La_1_1201,59,HSL:1320107,Riihipellontie
46140,46334,194,46140,46394,254,True,UPDATED,1631912400,HSL:1030_20210917_La_1_1207,30,HSL:1320107,Riihipellontie
46560,46740,180,46560,46740,180,True,UPDATED,1631912400,HSL:1059_20210917_La_1_1216,59,HSL:1320107,Riihipellontie
47460,47509,49,47460,47509,49,True,UPDATED,1631912400,HSL:1059_20210917_La_1_1231,59,HSL:1320107,Riihipellontie
45420,45680,260,45420,45680,260,True,UPDATED,1631912400,HSL:1030_20210917_La_2_1221,30,HSL:1320105,Riihipellontie
45900,45900,0,45900,45900,0,False,SCHEDULED,1631912400,HSL:1059_20210917_La_2_1239,59,HSL:1320105,Riihipellontie
46320,46320,0,46320,46320,0,True,UPDATED,1631912400,HSL:1030_20210917_La_2_1236,30,HSL:1320105,Riihipellontie
46800,46800,0,46800,46800,0,False,SCHEDULED,1631912400,HSL:1059_20210917_La_2_1254,59,HSL:1320105,Riihipellontie
47220,47220,0,47220,47220,0,False,SCHEDULED,1631912400,HSL:1030_20210917_La_2_1251,30,HSL:1320105,Riihipellontie
45420,45680,260,45420,45680,260,True,UPDATED,1631912400,HSL:1030_20210917_La_2_1221,30,HSL:1320104,Tähkätie
45960,45960,0,45960,45960,0,False,SCHEDULED,1631912400,HSL:1059_20210917_La_2_1239,59,HSL:1320104,Tähkätie
46320,46320,0,46320,46320,0,True,UPDATED,1631912400,HSL:1030_20210917_La_2_1236,30,HSL:1320104,Tähkätie
46860,46860,0,46860,46860,0,False,SCHEDULED,1631912400,HSL:1059_20210917_La_2_1254,59,HSL:1320104,Tähkätie
47220,47220,0,47220,47220,0,False,SCHEDULED,1631912400,HSL:1030_20210917_La_2_1251,30,HSL:1320104,Tähkätie
46980,45477,-1503,46980,45477,-1503,True,UPDATED,1631912400,HSL:1030_20210917_La_1_1222,30,HSL:1320103,Tähkätie
45600,45833,233,45600,45833,233,True,UPDATED,1631912400,HSL:1059_20210917_La_1_1201,59,HSL:1320103,Tähkätie
46080,46274,194,46080,46334,254,True,UPDATED,1631912400,HSL:1030_20210917_La_1_1207,30,HSL:1320103,Tähkätie
46500,46680,180,46500,46680,180,True,UPDATED,1631912400,HSL:1059_20210917_La_1_1216,59,HSL:1320103,Tähkätie
47400,47449,49,47400,47449,49,True,UPDATED,1631912400,HSL:1059_20210917_La_1_1231,59,HSL:1320103,Tähkätie
45480,45740,260,45480,45740,260,True,UPDATED,1631912400,HSL:1030_20210917_La_2_1221,30,HSL:1320102,Vähäntuvantie
46020,46020,0,46020,46020,0,False,SCHEDULED,1631912400,HSL:1059_20210917_La_2_1239,59,HSL:1320102,Vähäntuvantie
46380,46380,0,46380,46380,0,True,UPDATED,1631912400,HSL:1030_20210917_La_2_1236,30,HSL:1320102,Vähäntuvantie
46920,46920,0,46920,46920,0,False,SCHEDULED,1631912400,HSL:1059_20210917_La_2_1254,59,HSL:1320102,Vähäntuvantie
47280,47280,0,47280,47280,0,False,SCHEDULED,1631912400,HSL:1030_20210917_La_2_1251,30,HSL:1320102,Vähäntuvantie
46920,45477,-1443,46920,45477,-1443,True,UPDATED,1631912400,HSL:1030_20210917_La_1_1222,30,HSL:1320101,Vähäntuvantie
45600,45833,233,45600,45833,233,True,UPDATED,1631912400,HSL:1059_20210917_La_1_1201,59,HSL:1320101,Vähäntuvantie
46020,46214,194,46020,46274,254,True,UPDATED,1631912400,HSL:1030_20210917_La_1_1207,30,HSL:1320101,Vähäntuvantie
46500,46680,180,46500,46680,180,True,UPDATED,1631912400,HSL:1059_20210917_La_1_1216,59,HSL:1320101,Vähäntuvantie
47400,47449,49,47400,47449,49,True,UPDATED,1631912400,HSL:1059_20210917_La_1_1231,59,HSL:1320101,Vähäntuvantie
45420,45731,311,45420,45740,320,True,UPDATED,1631912400,HSL:4332_20210917_La_2_1206,332,HSL:1291181,Karvaamokuja
46140,46159,19,46140,46159,19,True,UPDATED,1631912400,HSL:2345N_20210917_La_2_1208,345N,HSL:1291181,Karvaamokuja
46320,46320,0,46320,46320,0,False,SCHEDULED,1631912400,HSL:1037_20210917_La_2_1233,37,HSL:1291181,Karvaamokuja
46800,46849,49,46800,46849,49,True,UPDATED,1631912400,HSL:2321_20210917_La_2_1229,321,HSL:1291181,Karvaamokuja
47520,47520,0,47520,47520,0,False,SCHEDULED,1631912400,HSL:1037_20210917_La_2_1253,37,HSL:1291181,Karvaamokuja
45840,45953,113,45840,45957,117,True,UPDATED,1631912400,HSL:1037_20210917_La_1_1224,37,HSL:1291180,Karvaamokuja
45900,45987,87,45900,45992,92,True,UPDATED,1631912400,HSL:2321_20210917_La_1_1229,321,HSL:1291180,Karvaamokuja
46680,46680,0,46680,46680,0,False,SCHEDULED,1631912400,HSL:4322_20210917_La_1_1241,322,HSL:1291180,Karvaamokuja
47040,47040,0,47040,47040,0,False,SCHEDULED,1631912400,HSL:1037_20210917_La_1_1244,37,HSL:1291180,Karvaamokuja
47340,47340,0,47340,47340,0,False,SCHEDULED,1631912400,HSL:2321_20210917_La_1_1253,321,HSL:1291180,Karvaamokuja
45360,45670,310,45360,45700,340,True,UPDATED,1631912400,HSL:4332_20210917_La_2_1206,332,HSL:1291183,Valimokuja
46080,46151,71,46080,46159,79,True,UPDATED,1631912400,HSL:2345N_20210917_La_2_1208,345N,HSL:1291183,Valimokuja
46320,46320,0,46320,46320,0,False,SCHEDULED,1631912400,HSL:1037_20210917_La_2_1233,37,HSL:1291183,Valimokuja
46800,46815,15,46800,46815,15,True,UPDATED,1631912400,HSL:2321_20210917_La_2_1229,321,HSL:1291183,Valimokuja
47520,47520,0,47520,47520,0,False,SCHEDULED,1631912400,HSL:1037_20210917_La_2_1253,37,HSL:1291183,Valimokuja
45300,45326,26,45300,45329,29,True,UPDATED,1631912400,HSL:4332_20210917_La_1_1217,332,HSL:1291182,Valimokuja
45900,46016,116,45900,46021,121,True,UPDATED,1631912400,HSL:1037_20210917_La_1_1224,37,HSL:1291182,Valimokuja
45960,46042,82,45960,46046,86,True,UPDATED,1631912400,HSL:2321_20210917_La_1_1229,321,HSL:1291182,Valimokuja
46740,46740,0,46740,46740,0,False,SCHEDULED,1631912400,HSL:4322_20210917_La_1_1241,322,HSL:1291182,Valimokuja
47100,47100,0,47100,47100,0,False,SCHEDULED,1631912400,HSL:1037_20210917_La_1_1244,37,HSL:1291182,Valimokuja
45780,45780,0,45780,45780,0,False,SCHEDULED,1631912400,HSL:1008X_20210917_La_1_1239,8X,HSL:1121115,Urheilutalo
46500,46500,0,46500,46500,0,False,SCHEDULED,1631912400,HSL:1008X_20210917_La_1_1251,8X,HSL:1121115,Urheilutalo
47220,47220,0,47220,47220,0,False,SCHEDULED,1631912400,HSL:1008X_20210917_La_1_1303,8X,HSL:1121115,Urheilutalo
47940,47940,0,47940,47940,0,False,SCHEDULED,1631912400,HSL:1008X_20210917_La_1_1315,8X,HSL:1121115,Urheilutalo
48660,48660,0,48660,48660,0,False,SCHEDULED,1631912400,HSL:1008X_20210917_La_1_1327,8X,HSL:1121115,Urheilutalo
45540,45536,-4,45540,45536,-4,True,UPDATED,1631912400,HSL:1008X_20210917_La_2_1224,8X,HSL:1121116,Urheilutalo
46260,46260,0,46260,46260,0,True,UPDATED,1631912400,HSL:1008X_20210917_La_2_1236,8X,HSL:1121116,Urheilutalo
46980,46980,0,46980,46980,0,False,SCHEDULED,1631912400,HSL:1008X_20210917_La_2_1248,8X,HSL:1121116,Urheilutalo
47700,47700,0,47700,47700,0,False,SCHEDULED,1631912400,HSL:1008X_20210917_La_2_1300,8X,HSL:1121116,Urheilutalo
48420,48420,0,48420,48420,0,False,SCHEDULED,1631912400,HSL:1008X_20210917_La_2_1312,8X,HSL:1121116,Urheilutalo
45840,45838,-2,45840,45864,24,True,UPDATED,1631912400,HSL:1003_20210917_La_1_1216,3,HSL:1122440,Alppila
46560,46566,6,46560,46591,31,True,UPDATED,1631912400,HSL:1003_20210917_La_1_1228,3,HSL:1122440,Alppila
47280,47280,0,47280,47280,0,False,SCHEDULED,1631912400,HSL:1003_20210917_La_1_1240,3,HSL:1122440,Alppila
48000,48000,0,48000,48000,0,False,SCHEDULED,1631912400,HSL:1003_20210917_La_1_1252,3,HSL:1122440,Alppila
48720,48720,0,48720,48720,0,False,SCHEDULED,1631912400,HSL:1003_20210917_La_1_1304,3,HSL:1122440,Alppila
45600,45581,-19,45600,45594,-6,True,UPDATED,1631912400,HSL:4332_20210917_La_1_1217,332,HSL:1320119,Ruosilanpolku
46200,46258,58,46200,46274,74,True,UPDATED,1631912400,HSL:1037_20210917_La_1_1224,37,HSL:1320119,Ruosilanpolku
46260,46293,33,46260,46307,47,True,UPDATED,1631912400,HSL:2321_20210917_La_1_1229,321,HSL:1320119,Ruosilanpolku
47040,47040,0,47040,47040,0,False,SCHEDULED,1631912400,HSL:4322_20210917_La_1_1241,322,HSL:1320119,Ruosilanpolku
47400,47400,0,47400,47400,0,False,SCHEDULED,1631912400,HSL:1037_20210917_La_1_1244,37,HSL:1320119,Ruosilanpolku
45540,45517,-23,45540,45543,3,True,UPDATED,1631912400,HSL:1003_20210917_La_2_1229,3,HSL:1122441,Alppila
46260,46260,0,46260,46260,0,True,UPDATED,1631912400,HSL:1003_20210917_La_2_1241,3,HSL:1122441,Alppila
46980,46980,0,46980,46980,0,False,SCHEDULED,1631912400,HSL:1003_20210917_La_2_1253,3,HSL:1122441,Alppila
47700,47700,0,47700,47700,0,False,SCHEDULED,1631912400,HSL:1003_20210917_La_2_1305,3,HSL:1122441,Alppila
48420,48420,0,48420,48420,0,False,SCHEDULED,1631912400,HSL:1003_20210917_La_2_1317,3,HSL:1122441,Alppila
49080,49080,0,49080,49080,0,False,SCHEDULED,1631912400,HSL:1036_20210917_La_2_1300,36,HSL:1320118,Vuorikummuntie
56280,56280,0,56280,56280,0,False,SCHEDULED,1631912400,HSL:1036_20210917_La_2_1500,36,HSL:1320118,Vuorikummuntie
46560,46560,0,46560,46560,0,False,SCHEDULED,1631912400,HSL:6243_20210917_La_2_1246,243,HSL:6120204,Kolmiranta
50160,50160,0,50160,50160,0,False,SCHEDULED,1631912400,HSL:6243_20210917_La_2_1346,243,HSL:6120204,Kolmiranta
53760,53760,0,53760,53760,0,False,SCHEDULED,1631912400,HSL:6243_20210917_La_2_1446,243,HSL:6120204,Kolmiranta
57360,57360,0,57360,57360,0,False,SCHEDULED,1631912400,HSL:6243_20210917_La_2_1546,243,HSL:6120204,Kolmiranta
60960,60960,0,60960,60960,0,False,SCHEDULED,1631912400,HSL:6243_20210917_La_2_1646,243,HSL:6120204,Kolmiranta
51120,51120,0,51120,51120,0,False,SCHEDULED,1631912400,HSL:1036_20210917_La_1_1400,36,HSL:1320117,Vuorikummuntie
58260,58260,0,58260,58260,0,False,SCHEDULED,1631912400,HSL:1036_20210917_La_1_1600,36,HSL:1320117,Vuorikummuntie
48780,48780,0,48780,48780,0,False,SCHEDULED,1631912400,HSL:6243_20210917_La_1_1310,243,HSL:6120203,Kolmiranta
52380,52380,0,52380,52380,0,False,SCHEDULED,1631912400,HSL:6243_20210917_La_1_1410,243,HSL:6120203,Kolmiranta
55980,55980,0,55980,55980,0,False,SCHEDULED,1631912400,HSL:6243_20210917_La_1_1510,243,HSL:6120203,Kolmiranta
59580,59580,0,59580,59580,0,False,SCHEDULED,1631912400,HSL:6243_20210917_La_1_1610,243,HSL:6120203,Kolmiranta
63180,63180,0,63180,63180,0,False,SCHEDULED,1631912400,HSL:6243_20210917_La_1_1710,243,HSL:6120203,Kolmiranta
46500,46500,0,46500,46500,0,False,SCHEDULED,1631912400,HSL:6243_20210917_La_2_1246,243,HSL:6120206,Hauklammentie
50100,50100,0,50100,50100,0,False,SCHEDULED,1631912400,HSL:6243_20210917_La_2_1346,243,HSL:6120206,Hauklammentie
53700,53700,0,53700,53700,0,False,SCHEDULED,1631912400,HSL:6243_20210917_La_2_1446,243,HSL:6120206,Hauklammentie
57300,57300,0,57300,57300,0,False,SCHEDULED,1631912400,HSL:6243_20210917_La_2_1546,243,HSL:6120206,Hauklammentie
60900,60900,0,60900,60900,0,False,SCHEDULED,1631912400,HSL:6243_20210917_La_2_1646,243,HSL:6120206,Hauklammentie
48900,48900,0,48900,48900,0,False,SCHEDULED,1631912400,HSL:6243_20210917_La_1_1310,243,HSL:6120205,Hauklammentie
52500,52500,0,52500,52500,0,False,SCHEDULED,1631912400,HSL:6243_20210917_La_1_1410,243,HSL:6120205,Hauklammentie
56100,56100,0,56100,56100,0,False,SCHEDULED,1631912400,HSL:6243_20210917_La_1_1510,243,HSL:6120205,Hauklammentie
59700,59700,0,59700,59700,0,False,SCHEDULED,1631912400,HSL:6243_20210917_La_1_1610,243,HSL:6120205,Hauklammentie
63300,63300,0,63300,63300,0,False,SCHEDULED,1631912400,HSL:6243_20210917_La_1_1710,243,HSL:6120205,Hauklammentie
45480,45476,-4,45480,45476,-4,True,UPDATED,1631912400,HSL:1008X_20210917_La_2_1224,8X,HSL:1121119,Helsinginkatu
46200,46200,0,46200,46200,0,True,UPDATED,1631912400,HSL:1008X_20210917_La_2_1236,8X,HSL:1121119,Helsinginkatu
46920,46920,0,46920,46920,0,False,SCHEDULED,1631912400,HSL:1008X_20210917_La_2_1248,8X,HSL:1121119,Helsinginkatu
47640,47640,0,47640,47640,0,False,SCHEDULED,1631912400,HSL:1008X_20210917_La_2_1300,8X,HSL:1121119,Helsinginkatu
48360,48360,0,48360,48360,0,False,SCHEDULED,1631912400,HSL:1008X_20210917_La_2_1312,8X,HSL:1121119,Helsinginkatu
45240,45500,260,45240,45500,260,True,UPDATED,1631912400,HSL:1030_20210917_La_2_1221,30,HSL:1320111,Hankasuontie
45780,45780,0,45780,45780,0,False,SCHEDULED,1631912400,HSL:1059_20210917_La_2_1239,59,HSL:1320111,Hankasuontie
45840,45840,0,45840,45840,0,False,SCHEDULED,1631912400,HSL:1037_20210917_La_2_1233,37,HSL:1320111,Hankasuontie
46140,46140,0,46140,46140,0,True,UPDATED,1631912400,HSL:1030_20210917_La_2_1236,30,HSL:1320111,Hankasuontie
46680,46680,0,46680,46680,0,False,SCHEDULED,1631912400,HSL:1059_20210917_La_2_1254,59,HSL:1320111,Hankasuontie
45300,45451,151,45300,45451,151,True,UPDATED,1631912400,HSL:2532_20210917_La_1_1209,532,HSL:2132228,Karaniitty
46200,46283,83,46200,46284,84,True,UPDATED,1631912400,HSL:2532_20210917_La_1_1224,532,HSL:2132228,Karaniitty
47100,47100,0,47100,47100,0,False,SCHEDULED,1631912400,HSL:2532_20210917_La_1_1239,532,HSL:2132228,Karaniitty
48000,48000,0,48000,48000,0,False,SCHEDULED,1631912400,HSL:2532_20210917_La_1_1254,532,HSL:2132228,Karaniitty
48900,48900,0,48900,48900,0,False,SCHEDULED,1631912400,HSL:2532_20210917_La_1_1309,532,HSL:2132228,Karaniitty
45360,45484,124,45360,45495,135,True,UPDATED,1631912400,HSL:2532_20210917_La_1_1209,532,HSL:2132226,Karamalmens skola
46260,46322,62,46260,46334,74,True,UPDATED,1631912400,HSL:2532_20210917_La_1_1224,532,HSL:2132226,Karamalmens skola
47160,47160,0,47160,47160,0,False,SCHEDULED,1631912400,HSL:2532_20210917_La_1_1239,532,HSL:2132226,Karamalmens skola
48060,48060,0,48060,48060,0,False,SCHEDULED,1631912400,HSL:2532_20210917_La_1_1254,532,HSL:2132226,Karamalmens skola
48960,48960,0,48960,48960,0,False,SCHEDULED,1631912400,HSL:2532_20210917_La_1_1309,532,HSL:2132226,Karamalmens skola
45660,45660,0,45660,45660,0,True,UPDATED,1631912400,HSL:2532_20210917_La_2_1234,532,HSL:2132225,Karamalmens skola
46560,46560,0,46560,46560,0,False,SCHEDULED,1631912400,HSL:2532_20210917_La_2_1249,532,HSL:2132225,Karamalmens skola
47460,47460,0,47460,47460,0,False,SCHEDULED,1631912400,HSL:2532_20210917_La_2_1304,532,HSL:2132225,Karamalmens skola
48360,48360,0,48360,48360,0,False,SCHEDULED,1631912400,HSL:2532_20210917_La_2_1319,532,HSL:2132225,Karamalmens skola
49260,49260,0,49260,49260,0,False,SCHEDULED,1631912400,HSL:2532_20210917_La_2_1334,532,HSL:2132225,Karamalmens skola
45900,45900,0,45900,45900,0,False,SCHEDULED,1631912400,HSL:1002_20210917_La_2_1241,2,HSL:1171403,Palkkatilanportti
46620,46620,0,46620,46620,0,False,SCHEDULED,1631912400,HSL:1002_20210917_La_2_1253,2,HSL:1171403,Palkkatilanportti
47340,47340,0,47340,47340,0,False,SCHEDULED,1631912400,HSL:1002_20210917_La_2_1305,2,HSL:1171403,Palkkatilanportti
48060,48060,0,48060,48060,0,False,SCHEDULED,1631912400,HSL:1002_20210917_La_2_1317,2,HSL:1171403,Palkkatilanportti
48780,48780,0,48780,48780,0,False,SCHEDULED,1631912400,HSL:1002_20210917_La_2_1329,2,HSL:1171403,Palkkatilanportti
45540,45407,-133,45540,45429,-111,True,UPDATED,1631912400,HSL:1002_20210917_La_1_1211,2,HSL:1171404,Palkkatilanportti
46260,46177,-83,46260,46199,-61,True,UPDATED,1631912400,HSL:1002_20210917_La_1_1223,2,HSL:1171404,Palkkatilanportti
46980,46980,0,46980,46980,0,True,UPDATED,1631912400,HSL:1002_20210917_La_1_1235,2,HSL:1171404,Palkkatilanportti
47700,47700,0,47700,47700,0,False,SCHEDULED,1631912400,HSL:1002_20210917_La_1_1247,2,HSL:1171404,Palkkatilanportti
48420,48420,0,48420,48420,0,False,SCHEDULED,1631912400,HSL:1002_20210917_La_1_1259,2,HSL:1171404,Palkkatilanportti
45840,45840,0,45840,45840,0,False,SCHEDULED,1631912400,HSL:1002_20210917_La_2_1241,2,HSL:1171405,Maistraatintori
46560,46560,0,46560,46560,0,False,SCHEDULED,1631912400,HSL:1002_20210917_La_2_1253,2,HSL:1171405,Maistraatintori
47280,47280,0,47280,47280,0,False,SCHEDULED,1631912400,HSL:1002_20210917_La_2_1305,2,HSL:1171405,Maistraatintori
48000,48000,0,48000,48000,0,False,SCHEDULED,1631912400,HSL:1002_20210917_La_2_1317,2,HSL:1171405,Maistraatintori
48720,48720,0,48720,48720,0,False,SCHEDULED,1631912400,HSL:1002_20210917_La_2_1329,2,HSL:1171405,Maistraatintori
45420,45438,18,45420,45438,18,True,UPDATED,1631912400,HSL:4614_20210917_La_2_1234,614,HSL:4400209,Peltovuorentie
45240,45602,362,45240,45604,364,True,UPDATED,1631912400,HSL:4415_20210917_La_1_1202,415,HSL:4400209,Peltovuorentie
47220,47220,0,47220,47220,0,False,SCHEDULED,1631912400,HSL:4614_20210917_La_2_1304,614,HSL:4400209,Peltovuorentie
48960,48960,0,48960,48960,0,False,SCHEDULED,1631912400,HSL:4415_20210917_La_1_1302,415,HSL:4400209,Peltovuorentie
49020,49020,0,49020,49020,0,False,SCHEDULED,1631912400,HSL:4614_20210917_La_2_1334,614,HSL:4400209,Peltovuorentie
46380,46311,-69,46380,46315,-65,True,UPDATED,1631912400,HSL:4614_20210917_La_1_1210,614,HSL:4400208,Pukkivuorentie
47760,47760,0,47760,47760,0,False,SCHEDULED,1631912400,HSL:4415_20210917_La_2_1302,415,HSL:4400208,Pukkivuorentie
48180,48180,0,48180,48180,0,False,SCHEDULED,1631912400,HSL:4614_20210917_La_1_1240,614,HSL:4400208,Pukkivuorentie
50040,50040,0,50040,50040,0,False,SCHEDULED,1631912400,HSL:4614_20210917_La_1_1310,614,HSL:4400208,Pukkivuorentie
51360,51360,0,51360,51360,0,False,SCHEDULED,1631912400,HSL:4415_20210917_La_2_1401,415,HSL:4400208,Pukkivuorentie
45420,45414,-6,45420,45414,-6,True,UPDATED,1631912400,HSL:4614_20210917_La_2_1234,614,HSL:4400207,Vanhatie
45240,45596,356,45240,45599,359,True,UPDATED,1631912400,HSL:4415_20210917_La_1_1202,415,HSL:4400207,Vanhatie
47220,47220,0,47220,47220,0,False,SCHEDULED,1631912400,HSL:4614_20210917_La_2_1304,614,HSL:4400207,Vanhatie
48960,48960,0,48960,48960,0,False,SCHEDULED,1631912400,HSL:4415_20210917_La_1_1302,415,HSL:4400207,Vanhatie
49020,49020,0,49020,49020,0,False,SCHEDULED,1631912400,HSL:4614_20210917_La_2_1334,614,HSL:4400207,Vanhatie
46920,46961,41,46920,46965,45,True,UPDATED,1631912400,HSL:4571_20210917_La_1_1228,571,HSL:4400206,Malmirajantie
47880,47880,0,47880,47880,0,False,SCHEDULED,1631912400,HSL:4415_20210917_La_2_1302,415,HSL:4400206,Malmirajantie
48720,48720,0,48720,48720,0,False,SCHEDULED,1631912400,HSL:4571_20210917_La_1_1258,571,HSL:4400206,Malmirajantie
50520,50520,0,50520,50520,0,False,SCHEDULED,1631912400,HSL:4571_20210917_La_1_1328,571,HSL:4400206,Malmirajantie
51480,51480,0,51480,51480,0,False,SCHEDULED,1631912400,HSL:4415_20210917_La_2_1401,415,HSL:4400206,Malmirajantie
45480,45706,226,45480,45706,226,True,UPDATED,1631912400,HSL:3001I_20210917_La_1_1136,I,HSL:1020552,Helsinki
45780,45780,0,45780,45780,0,True,UPDATED,1631912400,HSL:3002A_20210917_La_2_1226,A,HSL:1020552,Helsinki
46080,46080,0,46080,46080,0,True,UPDATED,1631912400,HSL:3001I_20210917_La_1_1146,I,HSL:1020552,Helsinki
46080,46122,42,46080,46122,42,True,UPDATED,1631912400,HSL:3002U_20210917_La_2_1207,U,HSL:1020552,Helsinki
46680,46680,0,46680,46680,0,True,UPDATED,1631912400,HSL:3001I_20210917_La_1_1156,I,HSL:1020552,Helsinki
46140,46140,0,46140,46140,0,True,UPDATED,1631912400,HSL:3001R_20210917_La_2_1155,R,HSL:1020551,Helsinki
47940,47940,0,47940,47940,0,True,UPDATED,1631912400,HSL:3001R_20210917_La_2_1225,R,HSL:1020551,Helsinki
48240,48240,0,48240,48240,0,True,UPDATED,1631912400,HSL:3001Z_20210917_La_2_1219,Z,HSL:1020551,Helsinki
49740,49740,0,49740,49740,0,False,SCHEDULED,1631912400,HSL:3001R_20210917_La_2_1255,R,HSL:1020551,Helsinki
51540,51540,0,51540,51540,0,False,SCHEDULED,1631912400,HSL:3001R_20210917_La_2_1325,R,HSL:1020551,Helsinki
45360,45468,108,45360,45468,108,True,UPDATED,1631912400,HSL:3001K_20210917_La_2_1201,K,HSL:1020553,Helsinki
45660,45660,0,45660,45660,0,True,UPDATED,1631912400,HSL:3002P_20210917_La_1_1138,P,HSL:1020553,Helsinki
45960,46000,40,45960,46000,40,True,UPDATED,1631912400,HSL:3001K_20210917_La_2_1211,K,HSL:1020553,Helsinki
46260,46260,0,46260,46260,0,True,UPDATED,1631912400,HSL:3002P_20210917_La_1_1148,P,HSL:1020553,Helsinki
46560,46560,0,46560,46560,0,True,UPDATED,1631912400,HSL:3001K_20210917_La_2_1221,K,HSL:1020553,Helsinki
45360,45360,0,45360,45360,0,False,SCHEDULED,1631912400,HSL:1008X_20210917_La_1_1227,8X,HSL:1121130,Sörnäinen (M)
45360,45483,123,45360,45505,145,True,UPDATED,1631912400,HSL:1071_20210917_La_1_1228,71,HSL:1121130,Sörnäinen (M)
45480,45633,153,45480,45653,173,True,UPDATED,1631912400,HSL:1073_20210917_La_1_1232,73,HSL:1121130,Sörnäinen (M)
45360,45731,371,45360,45747,387,True,UPDATED,1631912400,HSL:1075_20210917_La_1_1228,75,HSL:1121130,Sörnäinen (M)
45780,45780,0,45780,45780,0,False,SCHEDULED,1631912400,HSL:4731_20210917_La_1_1239,731,HSL:1121130,Sörnäinen (M)
45600,45461,-139,45600,45493,-107,True,UPDATED,1631912400,HSL:1042_20210917_La_1_1217,42,HSL:1332159,Kaarelankuja
46800,46800,0,46800,46800,0,False,SCHEDULED,1631912400,HSL:1042_20210917_La_1_1237,42,HSL:1332159,Kaarelankuja
46980,46980,0,46980,46980,0,False,SCHEDULED,1631912400,HSL:1036_20210917_La_2_1300,36,HSL:1332159,Kaarelankuja
48000,48000,0,48000,48000,0,False,SCHEDULED,1631912400,HSL:1042_20210917_La_1_1257,42,HSL:1332159,Kaarelankuja
49200,49200,0,49200,49200,0,False,SCHEDULED,1631912400,HSL:1042_20210917_La_1_1317,42,HSL:1332159,Kaarelankuja
45120,45466,346,45120,45466,346,True,UPDATED,1631912400,HSL:4415_20210917_La_1_1202,415,HSL:4400205,Malmirajantie
45720,45742,22,45720,45746,26,True,UPDATED,1631912400,HSL:4571_20210917_La_2_1211,571,HSL:4400205,Malmirajantie
47520,47520,0,47520,47520,0,False,SCHEDULED,1631912400,HSL:4571_20210917_La_2_1241,571,HSL:4400205,Malmirajantie
48840,48840,0,48840,48840,0,False,SCHEDULED,1631912400,HSL:4415_20210917_La_1_1302,415,HSL:4400205,Malmirajantie
49320,49320,0,49320,49320,0,False,SCHEDULED,1631912400,HSL:4571_20210917_La_2_1311,571,HSL:4400205,Malmirajantie
45840,45840,0,45840,45840,0,False,SCHEDULED,1631912400,HSL:2114_20210917_La_2_1240,114,HSL:2132235,Kilonkartano
46740,46740,0,46740,46740,0,False,SCHEDULED,1631912400,HSL:2114_20210917_La_2_1255,114,HSL:2132235,Kilonkartano
47640,47640,0,47640,47640,0,False,SCHEDULED,1631912400,HSL:2114_20210917_La_2_1310,114,HSL:2132235,Kilonkartano
48540,48540,0,48540,48540,0,False,SCHEDULED,1631912400,HSL:2114_20210917_La_2_1325,114,HSL:2132235,Kilonkartano
49440,49440,0,49440,49440,0,False,SCHEDULED,1631912400,HSL:2114_20210917_La_2_1340,114,HSL:2132235,Kilonkartano
46980,46992,12,46980,46993,13,True,UPDATED,1631912400,HSL:4571_20210917_La_1_1228,571,HSL:4400204,Silvolantie
47880,47880,0,47880,47880,0,False,SCHEDULED,1631912400,HSL:4415_20210917_La_2_1302,415,HSL:4400204,Silvolantie
48780,48780,0,48780,48780,0,False,SCHEDULED,1631912400,HSL:4571_20210917_La_1_1258,571,HSL:4400204,Silvolantie
50580,50580,0,50580,50580,0,False,SCHEDULED,1631912400,HSL:4571_20210917_La_1_1328,571,HSL:4400204,Silvolantie
51480,51480,0,51480,51480,0,False,SCHEDULED,1631912400,HSL:4415_20210917_La_2_1401,415,HSL:4400204,Silvolantie
45120,45456,336,45120,45458,338,True,UPDATED,1631912400,HSL:4415_20210917_La_1_1202,415,HSL:4400203,Silvolantie
45720,45681,-39,45720,45683,-37,True,UPDATED,1631912400,HSL:4571_20210917_La_2_1211,571,HSL:4400203,Silvolantie
47520,47520,0,47520,47520,0,False,SCHEDULED,1631912400,HSL:4571_20210917_La_2_1241,571,HSL:4400203,Silvolantie
48840,48840,0,48840,48840,0,False,SCHEDULED,1631912400,HSL:4415_20210917_La_1_1302,415,HSL:4400203,Silvolantie
49320,49320,0,49320,49320,0,False,SCHEDULED,1631912400,HSL:4571_20210917_La_2_1311,571,HSL:4400203,Silvolantie
45180,45381,201,45180,45394,214,True,UPDATED,1631912400,HSL:2200_20210917_La_1_1154,200,HSL:2132207,Karanristi
45480,45497,17,45480,45502,22,True,UPDATED,1631912400,HSL:2227_20210917_La_1_1231,227,HSL:2132207,Karanristi
45840,46013,173,45840,46030,190,True,UPDATED,1631912400,HSL:2200_20210917_La_1_1204,200,HSL:2132207,Karanristi
46380,46380,0,46380,46380,0,False,SCHEDULED,1631912400,HSL:2239_20210917_La_1_1246,239,HSL:2132207,Karanristi
46440,46567,127,46440,46581,141,True,UPDATED,1631912400,HSL:2200_20210917_La_1_1214,200,HSL:2132207,Karanristi
45960,45933,-27,45960,45946,-14,True,UPDATED,1631912400,HSL:4571_20210917_La_2_1211,571,HSL:4400219,Lehtikummuntie
47760,47760,0,47760,47760,0,False,SCHEDULED,1631912400,HSL:4571_20210917_La_2_1241,571,HSL:4400219,Lehtikummuntie
49560,49560,0,49560,49560,0,False,SCHEDULED,1631912400,HSL:4571_20210917_La_2_1311,571,HSL:4400219,Lehtikummuntie
51360,51360,0,51360,51360,0,False,SCHEDULED,1631912400,HSL:4571_20210917_La_2_1341,571,HSL:4400219,Lehtikummuntie
53100,53100,0,53100,53100,0,False,SCHEDULED,1631912400,HSL:4571_20210917_La_2_1411,571,HSL:4400219,Lehtikummuntie
45240,45350,110,45240,45353,113,True,UPDATED,1631912400,HSL:2236_20210917_La_2_1154,236,HSL:2132206,Kuninkainen
45480,45601,121,45480,45605,125,True,UPDATED,1631912400,HSL:2532_20210917_La_1_1209,532,HSL:2132206,Kuninkainen
46020,45941,-79,46020,45943,-77,True,UPDATED,1631912400,HSL:2227_20210917_La_2_1228,227,HSL:2132206,Kuninkainen
46440,46440,0,46440,46440,0,False,SCHEDULED,1631912400,HSL:2236B_20210917_La_2_1236,236B,HSL:2132206,Kuninkainen
46380,46442,62,46380,46446,66,True,UPDATED,1631912400,HSL:2532_20210917_La_1_1224,532,HSL:2132206,Kuninkainen
45420,45440,20,45420,45442,22,True,UPDATED,1631912400,HSL:2227_20210917_La_1_1231,227,HSL:2132205,Kuninkainen
45600,45600,0,45600,45600,0,True,UPDATED,1631912400,HSL:2532_20210917_La_2_1234,532,HSL:2132205,Kuninkainen
46320,46320,0,46320,46320,0,False,SCHEDULED,1631912400,HSL:2239_20210917_La_1_1246,239,HSL:2132205,Kuninkainen
46500,46500,0,46500,46500,0,False,SCHEDULED,1631912400,HSL:2532_20210917_La_2_1249,532,HSL:2132205,Kuninkainen
47220,47220,0,47220,47220,0,False,SCHEDULED,1631912400,HSL:2227_20210917_La_1_1301,227,HSL:2132205,Kuninkainen
46740,46790,50,46740,46795,55,True,UPDATED,1631912400,HSL:4571_20210917_La_1_1228,571,HSL:4400218,Lehtikummuntie
48540,48540,0,48540,48540,0,False,SCHEDULED,1631912400,HSL:4571_20210917_La_1_1258,571,HSL:4400218,Lehtikummuntie
50340,50340,0,50340,50340,0,False,SCHEDULED,1631912400,HSL:4571_20210917_La_1_1328,571,HSL:4400218,Lehtikummuntie
52140,52140,0,52140,52140,0,False,SCHEDULED,1631912400,HSL:4571_20210917_La_1_1358,571,HSL:4400218,Lehtikummuntie
53940,53940,0,53940,53940,0,False,SCHEDULED,1631912400,HSL:4571_20210917_La_1_1428,571,HSL:4400218,Lehtikummuntie
46680,46674,-6,46680,46736,56,True,UPDATED,1631912400,HSL:4571_20210917_La_1_1228,571,HSL:4400217,Isonmännyntie
48480,48480,0,48480,48480,0,False,SCHEDULED,1631912400,HSL:4571_20210917_La_1_1258,571,HSL:4400217,Isonmännyntie
50280,50280,0,50280,50280,0,False,SCHEDULED,1631912400,HSL:4571_20210917_La_1_1328,571,HSL:4400217,Isonmännyntie
52080,52080,0,52080,52080,0,False,SCHEDULED,1631912400,HSL:4571_20210917_La_1_1358,571,HSL:4400217,Isonmännyntie
53880,53880,0,53880,53880,0,False,SCHEDULED,1631912400,HSL:4571_20210917_La_1_1428,571,HSL:4400217,Isonmännyntie
45840,45871,31,45840,45871,31,True,UPDATED,1631912400,HSL:4736_20210917_La_1_1218,736,HSL:4980202,Mäyrämäentie
49440,49440,0,49440,49440,0,False,SCHEDULED,1631912400,HSL:4736_20210917_La_1_1318,736,HSL:4980202,Mäyrämäentie
53040,53040,0,53040,53040,0,False,SCHEDULED,1631912400,HSL:4736_20210917_La_1_1418,736,HSL:4980202,Mäyrämäentie
56640,56640,0,56640,56640,0,False,SCHEDULED,1631912400,HSL:4736_20210917_La_1_1518,736,HSL:4980202,Mäyrämäentie
60240,60240,0,60240,60240,0,False,SCHEDULED,1631912400,HSL:4736_20210917_La_1_1618,736,HSL:4980202,Mäyrämäentie
48540,48540,0,48540,48540,0,False,SCHEDULED,1631912400,HSL:4736_20210917_La_2_1256,736,HSL:4980201,Oravamäentie
52140,52140,0,52140,52140,0,False,SCHEDULED,1631912400,HSL:4736_20210917_La_2_1356,736,HSL:4980201,Oravamäentie
55740,55740,0,55740,55740,0,False,SCHEDULED,1631912400,HSL:4736_20210917_La_2_1456,736,HSL:4980201,Oravamäentie
59340,59340,0,59340,59340,0,False,SCHEDULED,1631912400,HSL:4736_20210917_La_2_1556,736,HSL:4980201,Oravamäentie
62940,62940,0,62940,62940,0,False,SCHEDULED,1631912400,HSL:4736_20210917_La_2_1656,736,HSL:4980201,Oravamäentie
45720,45720,0,45720,45720,0,True,UPDATED,1631912400,HSL:2532_20210917_La_2_1234,532,HSL:2132209,Karaniitty
46620,46620,0,46620,46620,0,False,SCHEDULED,1631912400,HSL:2532_20210917_La_2_1249,532,HSL:2132209,Karaniitty
47520,47520,0,47520,47520,0,False,SCHEDULED,1631912400,HSL:2532_20210917_La_2_1304,532,HSL:2132209,Karaniitty
48420,48420,0,48420,48420,0,False,SCHEDULED,1631912400,HSL:2532_20210917_La_2_1319,532,HSL:2132209,Karaniitty
49320,49320,0,49320,49320,0,False,SCHEDULED,1631912400,HSL:2532_20210917_La_2_1334,532,HSL:2132209,Karaniitty
45180,45316,136,45180,45323,143,True,UPDATED,1631912400,HSL:2236_20210917_La_2_1154,236,HSL:2132208,Karanristi
45420,45562,142,45420,45571,151,True,UPDATED,1631912400,HSL:2532_20210917_La_1_1209,532,HSL:2132208,Karanristi
45960,45910,-50,45960,45915,-45,True,UPDATED,1631912400,HSL:2227_20210917_La_2_1228,227,HSL:2132208,Karanristi
46380,46380,0,46380,46380,0,False,SCHEDULED,1631912400,HSL:2236B_20210917_La_2_1236,236B,HSL:2132208,Karanristi
46320,46402,82,46320,46412,92,True,UPDATED,1631912400,HSL:2532_20210917_La_1_1224,532,HSL:2132208,Karanristi
45720,45751,31,45720,45751,31,True,UPDATED,1631912400,HSL:4736_20210917_La_1_1218,736,HSL:4980206,Tuliniementie
49320,49320,0,49320,49320,0,False,SCHEDULED,1631912400,HSL:4736_20210917_La_1_1318,736,HSL:4980206,Tuliniementie
52920,52920,0,52920,52920,0,False,SCHEDULED,1631912400,HSL:4736_20210917_La_1_1418,736,HSL:4980206,Tuliniementie
56580,56580,0,56580,56580,0,False,SCHEDULED,1631912400,HSL:4736_20210917_La_1_1518,736,HSL:4980206,Tuliniementie
60180,60180,0,60180,60180,0,False,SCHEDULED,1631912400,HSL:4736_20210917_La_1_1618,736,HSL:4980206,Tuliniementie
46260,46231,-29,46260,46234,-26,True,UPDATED,1631912400,HSL:4614_20210917_La_1_1210,614,HSL:4400212,Isonmännyntie
47700,47700,0,47700,47700,0,False,SCHEDULED,1631912400,HSL:4415_20210917_La_2_1302,415,HSL:4400212,Isonmännyntie
48060,48060,0,48060,48060,0,False,SCHEDULED,1631912400,HSL:4614_20210917_La_1_1240,614,HSL:4400212,Isonmännyntie
49920,49920,0,49920,49920,0,False,SCHEDULED,1631912400,HSL:4614_20210917_La_1_1310,614,HSL:4400212,Isonmännyntie
51300,51300,0,51300,51300,0,False,SCHEDULED,1631912400,HSL:4415_20210917_La_2_1401,415,HSL:4400212,Isonmännyntie
48600,48600,0,48600,48600,0,False,SCHEDULED,1631912400,HSL:4736_20210917_La_2_1256,736,HSL:4980205,Tuliniementie
52200,52200,0,52200,52200,0,False,SCHEDULED,1631912400,HSL:4736_20210917_La_2_1356,736,HSL:4980205,Tuliniementie
55800,55800,0,55800,55800,0,False,SCHEDULED,1631912400,HSL:4736_20210917_La_2_1456,736,HSL:4980205,Tuliniementie
59400,59400,0,59400,59400,0,False,SCHEDULED,1631912400,HSL:4736_20210917_La_2_1556,736,HSL:4980205,Tuliniementie
63000,63000,0,63000,63000,0,False,SCHEDULED,1631912400,HSL:4736_20210917_La_2_1656,736,HSL:4980205,Tuliniementie
45780,45626,-154,45780,45633,-147,True,UPDATED,1631912400,HSL:1042_20210917_La_1_1217,42,HSL:1332129,Kaarelantie
45720,46216,496,45720,46216,496,True,UPDATED,1631912400,HSL:1052_20210917_La_2_1200,52,HSL:1332129,Kaarelantie
46320,46348,28,46320,46348,28,True,UPDATED,1631912400,HSL:1052_20210917_La_2_1210,52,HSL:1332129,Kaarelantie
46980,46980,0,46980,46980,0,False,SCHEDULED,1631912400,HSL:1042_20210917_La_1_1237,42,HSL:1332129,Kaarelantie
46920,46999,79,46920,46999,79,True,UPDATED,1631912400,HSL:1052_20210917_La_2_1220,52,HSL:1332129,Kaarelantie
45480,45491,11,45480,45491,11,True,UPDATED,1631912400,HSL:4614_20210917_La_2_1234,614,HSL:4400211,Isonmännyntie
45300,45654,354,45300,45657,357,True,UPDATED,1631912400,HSL:4415_20210917_La_1_1202,415,HSL:4400211,Isonmännyntie
46020,46009,-11,46020,46014,-6,True,UPDATED,1631912400,HSL:4571_20210917_La_2_1211,571,HSL:4400211,Isonmännyntie
47280,47280,0,47280,47280,0,False,SCHEDULED,1631912400,HSL:4614_20210917_La_2_1304,614,HSL:4400211,Isonmännyntie
47820,47820,0,47820,47820,0,False,SCHEDULED,1631912400,HSL:4571_20210917_La_2_1241,571,HSL:4400211,Isonmännyntie
45780,45811,31,45780,45811,31,True,UPDATED,1631912400,HSL:4736_20210917_La_1_1218,736,HSL:4980204,Nikuksentie
49380,49380,0,49380,49380,0,False,SCHEDULED,1631912400,HSL:4736_20210917_La_1_1318,736,HSL:4980204,Nikuksentie
52980,52980,0,52980,52980,0,False,SCHEDULED,1631912400,HSL:4736_20210917_La_1_1418,736,HSL:4980204,Nikuksentie
56640,56640,0,56640,56640,0,False,SCHEDULED,1631912400,HSL:4736_20210917_La_1_1518,736,HSL:4980204,Nikuksentie
60240,60240,0,60240,60240,0,False,SCHEDULED,1631912400,HSL:4736_20210917_La_1_1618,736,HSL:4980204,Nikuksentie
46320,46268,-52,46320,46272,-48,True,UPDATED,1631912400,HSL:4614_20210917_La_1_1210,614,HSL:4400210,Peltovuorentie
47760,47760,0,47760,47760,0,False,SCHEDULED,1631912400,HSL:4415_20210917_La_2_1302,415,HSL:4400210,Peltovuorentie
48120,48120,0,48120,48120,0,False,SCHEDULED,1631912400,HSL:4614_20210917_La_1_1240,614,HSL:4400210,Peltovuorentie
49980,49980,0,49980,49980,0,False,SCHEDULED,1631912400,HSL:4614_20210917_La_1_1310,614,HSL:4400210,Peltovuorentie
51360,51360,0,51360,51360,0,False,SCHEDULED,1631912400,HSL:4415_20210917_La_2_1401,415,HSL:4400210,Peltovuorentie
48600,48600,0,48600,48600,0,False,SCHEDULED,1631912400,HSL:4736_20210917_La_2_1256,736,HSL:4980203,Nikuksentie
52200,52200,0,52200,52200,0,False,SCHEDULED,1631912400,HSL:4736_20210917_La_2_1356,736,HSL:4980203,Nikuksentie
55800,55800,0,55800,55800,0,False,SCHEDULED,1631912400,HSL:4736_20210917_La_2_1456,736,HSL:4980203,Nikuksentie
59400,59400,0,59400,59400,0,False,SCHEDULED,1631912400,HSL:4736_20210917_La_2_1556,736,HSL:4980203,Nikuksentie
63000,63000,0,63000,63000,0,False,SCHEDULED,1631912400,HSL:4736_20210917_La_2_1656,736,HSL:4980203,Nikuksentie
47100,47100,0,47100,47100,0,False,SCHEDULED,1631912400,HSL:1036_20210917_La_2_1300,36,HSL:1332124,Kasemattikuja
54300,54300,0,54300,54300,0,False,SCHEDULED,1631912400,HSL:1036_20210917_La_2_1500,36,HSL:1332124,Kasemattikuja
46200,46164,-36,46200,46165,-35,True,UPDATED,1631912400,HSL:4614_20210917_La_1_1210,614,HSL:4400216,Ruutintie
46560,46566,6,46560,46566,6,True,UPDATED,1631912400,HSL:4571_20210917_La_1_1228,571,HSL:4400216,Ruutintie
47580,47580,0,47580,47580,0,False,SCHEDULED,1631912400,HSL:4415_20210917_La_2_1302,415,HSL:4400216,Ruutintie
48000,48000,0,48000,48000,0,False,SCHEDULED,1631912400,HSL:4614_20210917_La_1_1240,614,HSL:4400216,Ruutintie
48360,48360,0,48360,48360,0,False,SCHEDULED,1631912400,HSL:4571_20210917_La_1_1258,571,HSL:4400216,Ruutintie
47760,47760,0,47760,47760,0,False,SCHEDULED,1631912400,HSL:4719K_20210917_La_1_1310,719K,HSL:4980209,Kalkkiuunintie
48720,48720,0,48720,48720,0,False,SCHEDULED,1631912400,HSL:4736_20210917_La_2_1256,736,HSL:4980209,Kalkkiuunintie
50460,50460,0,50460,50460,0,False,SCHEDULED,1631912400,HSL:4719K_20210917_La_1_1355,719K,HSL:4980209,Kalkkiuunintie
52320,52320,0,52320,52320,0,False,SCHEDULED,1631912400,HSL:4736_20210917_La_2_1356,736,HSL:4980209,Kalkkiuunintie
53160,53160,0,53160,53160,0,False,SCHEDULED,1631912400,HSL:4719K_20210917_La_1_1440,719K,HSL:4980209,Kalkkiuunintie
45360,45450,90,45360,45456,96,True,UPDATED,1631912400,HSL:2236_20210917_La_2_1154,236,HSL:2132202,Kilonkartano
45420,45549,129,45420,45554,134,True,UPDATED,1631912400,HSL:2215_20210917_La_2_1221,215,HSL:2132202,Kilonkartano
45360,45595,235,45360,45608,248,True,UPDATED,1631912400,HSL:2200_20210917_La_2_1214,200,HSL:2132202,Kilonkartano
45600,45710,110,45600,45717,117,True,UPDATED,1631912400,HSL:2532_20210917_La_1_1209,532,HSL:2132202,Kilonkartano
46020,46020,0,46020,46020,0,False,SCHEDULED,1631912400,HSL:2214_20210917_La_2_1231,214,HSL:2132202,Kilonkartano
45600,45571,-29,45600,45571,-29,True,UPDATED,1631912400,HSL:4614_20210917_La_2_1234,614,HSL:4400215,Ruutintie
45420,45740,320,45420,45740,320,True,UPDATED,1631912400,HSL:4415_20210917_La_1_1202,415,HSL:4400215,Ruutintie
46140,46087,-53,46140,46088,-52,True,UPDATED,1631912400,HSL:4571_20210917_La_2_1211,571,HSL:4400215,Ruutintie
47400,47400,0,47400,47400,0,False,SCHEDULED,1631912400,HSL:4614_20210917_La_2_1304,614,HSL:4400215,Ruutintie
47940,47940,0,47940,47940,0,False,SCHEDULED,1631912400,HSL:4571_20210917_La_2_1241,571,HSL:4400215,Ruutintie
45720,45751,31,45720,45751,31,True,UPDATED,1631912400,HSL:4736_20210917_La_1_1218,736,HSL:4980208,Sepänrinne
49320,49320,0,49320,49320,0,False,SCHEDULED,1631912400,HSL:4736_20210917_La_1_1318,736,HSL:4980208,Sepänrinne
52920,52920,0,52920,52920,0,False,SCHEDULED,1631912400,HSL:4736_20210917_La_1_1418,736,HSL:4980208,Sepänrinne
56580,56580,0,56580,56580,0,False,SCHEDULED,1631912400,HSL:4736_20210917_La_1_1518,736,HSL:4980208,Sepänrinne
60180,60180,0,60180,60180,0,False,SCHEDULED,1631912400,HSL:4736_20210917_La_1_1618,736,HSL:4980208,Sepänrinne
45300,45309,9,45300,45309,9,True,UPDATED,1631912400,HSL:2214_20210917_La_1_1231,214,HSL:2132201,Kilonkartano
45300,45321,21,45300,45326,26,True,UPDATED,1631912400,HSL:2227_20210917_La_1_1231,227,HSL:2132201,Kilonkartano
45420,45420,0,45420,45420,0,True,UPDATED,1631912400,HSL:2532_20210917_La_2_1234,532,HSL:2132201,Kilonkartano
45600,45600,0,45600,45600,0,True,UPDATED,1631912400,HSL:2215_20210917_La_1_1236,215,HSL:2132201,Kilonkartano
45540,45602,62,45540,45602,62,True,UPDATED,1631912400,HSL:2200_20210917_La_1_1204,200,HSL:2132201,Kilonkartano
47100,47100,0,47100,47100,0,False,SCHEDULED,1631912400,HSL:1036_20210917_La_2_1300,36,HSL:1332122,Turvapolku
54300,54300,0,54300,54300,0,False,SCHEDULED,1631912400,HSL:1036_20210917_La_2_1500,36,HSL:1332122,Turvapolku
46260,46210,-50,46260,46213,-47,True,UPDATED,1631912400,HSL:4614_20210917_La_1_1210,614,HSL:4400214,Tolkinkyläntie
46620,46612,-8,46620,46616,-4,True,UPDATED,1631912400,HSL:4571_20210917_La_1_1228,571,HSL:4400214,Tolkinkyläntie
47640,47640,0,47640,47640,0,False,SCHEDULED,1631912400,HSL:4415_20210917_La_2_1302,415,HSL:4400214,Tolkinkyläntie
48060,48060,0,48060,48060,0,False,SCHEDULED,1631912400,HSL:4614_20210917_La_1_1240,614,HSL:4400214,Tolkinkyläntie
48420,48420,0,48420,48420,0,False,SCHEDULED,1631912400,HSL:4571_20210917_La_1_1258,571,HSL:4400214,Tolkinkyläntie
46140,45977,-163,46140,45980,-160,True,UPDATED,1631912400,HSL:1036_20210917_La_1_1200,36,HSL:1332123,Kasemattikuja
53340,53340,0,53340,53340,0,False,SCHEDULED,1631912400,HSL:1036_20210917_La_1_1400,36,HSL:1332123,Kasemattikuja
60480,60480,0,60480,60480,0,False,SCHEDULED,1631912400,HSL:1036_20210917_La_1_1600,36,HSL:1332123,Kasemattikuja
45540,45527,-13,45540,45527,-13,True,UPDATED,1631912400,HSL:4614_20210917_La_2_1234,614,HSL:4400213,Tolkinkyläntie
45300,45684,384,45300,45688,388,True,UPDATED,1631912400,HSL:4415_20210917_La_1_1202,415,HSL:4400213,Tolkinkyläntie
46020,46045,25,46020,46077,57,True,UPDATED,1631912400,HSL:4571_20210917_La_2_1211,571,HSL:4400213,Tolkinkyläntie
47340,47340,0,47340,47340,0,False,SCHEDULED,1631912400,HSL:4614_20210917_La_2_1304,614,HSL:4400213,Tolkinkyläntie
47820,47820,0,47820,47820,0,False,SCHEDULED,1631912400,HSL:4571_20210917_La_2_1241,571,HSL:4400213,Tolkinkyläntie
48660,48660,0,48660,48660,0,False,SCHEDULED,1631912400,HSL:4736_20210917_La_2_1256,736,HSL:4980207,Sepänmäki
52260,52260,0,52260,52260,0,False,SCHEDULED,1631912400,HSL:4736_20210917_La_2_1356,736,HSL:4980207,Sepänmäki
55860,55860,0,55860,55860,0,False,SCHEDULED,1631912400,HSL:4736_20210917_La_2_1456,736,HSL:4980207,Sepänmäki
59460,59460,0,59460,59460,0,False,SCHEDULED,1631912400,HSL:4736_20210917_La_2_1556,736,HSL:4980207,Sepänmäki
63060,63060,0,63060,63060,0,False,SCHEDULED,1631912400,HSL:4736_20210917_La_2_1656,736,HSL:4980207,Sepänmäki
47160,47160,0,47160,47160,0,False,SCHEDULED,1631912400,HSL:1036_20210917_La_2_1300,36,HSL:1332120,Ladonlukonpolku
54360,54360,0,54360,54360,0,False,SCHEDULED,1631912400,HSL:1036_20210917_La_2_1500,36,HSL:1332120,Ladonlukonpolku
46080,45941,-139,46080,45942,-138,True,UPDATED,1631912400,HSL:1036_20210917_La_1_1200,36,HSL:1332121,Turvapolku
53280,53280,0,53280,53280,0,False,SCHEDULED,1631912400,HSL:1036_20210917_La_1_1400,36,HSL:1332121,Turvapolku
60420,60420,0,60420,60420,0,False,SCHEDULED,1631912400,HSL:1036_20210917_La_1_1600,36,HSL:1332121,Turvapolku
45240,45395,155,45240,45395,155,True,UPDATED,1631912400,HSL:4736_20210917_La_2_1156,736,HSL:4980213,Nurmimäentie
48360,48360,0,48360,48360,0,False,SCHEDULED,1631912400,HSL:4719K_20210917_La_1_1310,719K,HSL:4980213,Nurmimäentie
48840,48840,0,48840,48840,0,False,SCHEDULED,1631912400,HSL:4736_20210917_La_2_1256,736,HSL:4980213,Nurmimäentie
51060,51060,0,51060,51060,0,False,SCHEDULED,1631912400,HSL:4719K_20210917_La_1_1355,719K,HSL:4980213,Nurmimäentie
52440,52440,0,52440,52440,0,False,SCHEDULED,1631912400,HSL:4736_20210917_La_2_1356,736,HSL:4980213,Nurmimäentie
45600,45631,31,45600,45631,31,True,UPDATED,1631912400,HSL:4736_20210917_La_1_1218,736,HSL:4980212,Mäntykummuntie
46800,46800,0,46800,46800,0,False,SCHEDULED,1631912400,HSL:4719_20210917_La_2_1253,719,HSL:4980212,Mäntykummuntie
49200,49200,0,49200,49200,0,False,SCHEDULED,1631912400,HSL:4736_20210917_La_1_1318,736,HSL:4980212,Mäntykummuntie
49380,49380,0,49380,49380,0,False,SCHEDULED,1631912400,HSL:4719_20210917_La_2_1336,719,HSL:4980212,Mäntykummuntie
52080,52080,0,52080,52080,0,False,SCHEDULED,1631912400,HSL:4719_20210917_La_2_1421,719,HSL:4980212,Mäntykummuntie
47760,47760,0,47760,47760,0,False,SCHEDULED,1631912400,HSL:4719K_20210917_La_1_1310,719K,HSL:4980211,Mäntykummuntie
48720,48720,0,48720,48720,0,False,SCHEDULED,1631912400,HSL:4736_20210917_La_2_1256,736,HSL:4980211,Mäntykummuntie
50460,50460,0,50460,50460,0,False,SCHEDULED,1631912400,HSL:4719K_20210917_La_1_1355,719K,HSL:4980211,Mäntykummuntie
52320,52320,0,52320,52320,0,False,SCHEDULED,1631912400,HSL:4736_20210917_La_2_1356,736,HSL:4980211,Mäntykummuntie
53160,53160,0,53160,53160,0,False,SCHEDULED,1631912400,HSL:4719K_20210917_La_1_1440,719K,HSL:4980211,Mäntykummuntie
45660,45691,31,45660,45691,31,True,UPDATED,1631912400,HSL:4736_20210917_La_1_1218,736,HSL:4980210,Kalkkiuunintie
49260,49260,0,49260,49260,0,False,SCHEDULED,1631912400,HSL:4736_20210917_La_1_1318,736,HSL:4980210,Kalkkiuunintie
52860,52860,0,52860,52860,0,False,SCHEDULED,1631912400,HSL:4736_20210917_La_1_1418,736,HSL:4980210,Kalkkiuunintie
56520,56520,0,56520,56520,0,False,SCHEDULED,1631912400,HSL:4736_20210917_La_1_1518,736,HSL:4980210,Kalkkiuunintie
60120,60120,0,60120,60120,0,False,SCHEDULED,1631912400,HSL:4736_20210917_La_1_1618,736,HSL:4980210,Kalkkiuunintie
47220,47220,0,47220,47220,0,False,SCHEDULED,1631912400,HSL:4719_20210917_La_2_1253,719,HSL:4980217,Nybyggetinkuja
47400,47400,0,47400,47400,0,False,SCHEDULED,1631912400,HSL:4719K_20210917_La_1_1310,719K,HSL:4980217,Nybyggetinkuja
49800,49800,0,49800,49800,0,False,SCHEDULED,1631912400,HSL:4719_20210917_La_2_1336,719,HSL:4980217,Nybyggetinkuja
50100,50100,0,50100,50100,0,False,SCHEDULED,1631912400,HSL:4719K_20210917_La_1_1355,719K,HSL:4980217,Nybyggetinkuja
52500,52500,0,52500,52500,0,False,SCHEDULED,1631912400,HSL:4719_20210917_La_2_1421,719,HSL:4980217,Nybyggetinkuja
45120,45322,202,45120,45327,207,True,UPDATED,1631912400,HSL:2532_20210917_La_1_1209,532,HSL:2132210,Nihtimäki
46020,46178,158,46020,46184,164,True,UPDATED,1631912400,HSL:2532_20210917_La_1_1224,532,HSL:2132210,Nihtimäki
46920,46920,0,46920,46920,0,False,SCHEDULED,1631912400,HSL:2532_20210917_La_1_1239,532,HSL:2132210,Nihtimäki
47820,47820,0,47820,47820,0,False,SCHEDULED,1631912400,HSL:2532_20210917_La_1_1254,532,HSL:2132210,Nihtimäki
48720,48720,0,48720,48720,0,False,SCHEDULED,1631912400,HSL:2532_20210917_La_1_1309,532,HSL:2132210,Nihtimäki
47580,47580,0,47580,47580,0,False,SCHEDULED,1631912400,HSL:4719K_20210917_La_1_1310,719K,HSL:4980216,Kuusikorvenkuja
50280,50280,0,50280,50280,0,False,SCHEDULED,1631912400,HSL:4719K_20210917_La_1_1355,719K,HSL:4980216,Kuusikorvenkuja
52980,52980,0,52980,52980,0,False,SCHEDULED,1631912400,HSL:4719K_20210917_La_1_1440,719K,HSL:4980216,Kuusikorvenkuja
46560,46475,-85,46560,46558,-2,True,UPDATED,1631912400,HSL:4614_20210917_La_1_1210,614,HSL:4400222,Lehtikummunkuja
47040,47040,0,47040,47040,0,False,SCHEDULED,1631912400,HSL:4614_20210917_La_2_1304,614,HSL:4400222,Lehtikummunkuja
48360,48360,0,48360,48360,0,False,SCHEDULED,1631912400,HSL:4614_20210917_La_1_1240,614,HSL:4400222,Lehtikummunkuja
48840,48840,0,48840,48840,0,False,SCHEDULED,1631912400,HSL:4614_20210917_La_2_1334,614,HSL:4400222,Lehtikummunkuja
50220,50220,0,50220,50220,0,False,SCHEDULED,1631912400,HSL:4614_20210917_La_1_1310,614,HSL:4400222,Lehtikummunkuja
45360,45817,457,45360,45819,459,True,UPDATED,1631912400,HSL:1042_20210917_La_2_1226,42,HSL:1332138,Kaarelanvierto
46560,46560,0,46560,46560,0,False,SCHEDULED,1631912400,HSL:1042_20210917_La_2_1246,42,HSL:1332138,Kaarelanvierto
46380,46605,225,46380,46605,225,True,UPDATED,1631912400,HSL:2553K_20210917_La_1_1209,553K,HSL:1332138,Kaarelanvierto
47580,47633,53,47580,47633,53,True,UPDATED,1631912400,HSL:2553K_20210917_La_1_1229,553K,HSL:1332138,Kaarelanvierto
47760,47760,0,47760,47760,0,False,SCHEDULED,1631912400,HSL:1042_20210917_La_2_1306,42,HSL:1332138,Kaarelanvierto
45540,45571,31,45540,45571,31,True,UPDATED,1631912400,HSL:4736_20210917_La_1_1218,736,HSL:4980214,Nurmimäentie
46740,46740,0,46740,46740,0,False,SCHEDULED,1631912400,HSL:4719_20210917_La_2_1253,719,HSL:4980214,Nurmimäentie
49140,49140,0,49140,49140,0,False,SCHEDULED,1631912400,HSL:4736_20210917_La_1_1318,736,HSL:4980214,Nurmimäentie
49320,49320,0,49320,49320,0,False,SCHEDULED,1631912400,HSL:4719_20210917_La_2_1336,719,HSL:4980214,Nurmimäentie
52020,52020,0,52020,52020,0,False,SCHEDULED,1631912400,HSL:4719_20210917_La_2_1421,719,HSL:4980214,Nurmimäentie
45300,45401,101,45300,45403,103,True,UPDATED,1631912400,HSL:2532_20210917_La_1_1209,532,HSL:2132214,Kelkkamäentie
46200,46258,58,46200,46259,59,True,UPDATED,1631912400,HSL:2532_20210917_La_1_1224,532,HSL:2132214,Kelkkamäentie
47100,47100,0,47100,47100,0,False,SCHEDULED,1631912400,HSL:2532_20210917_La_1_1239,532,HSL:2132214,Kelkkamäentie
48000,48000,0,48000,48000,0,False,SCHEDULED,1631912400,HSL:2532_20210917_La_1_1254,532,HSL:2132214,Kelkkamäentie
48900,48900,0,48900,48900,0,False,SCHEDULED,1631912400,HSL:2532_20210917_La_1_1309,532,HSL:2132214,Kelkkamäentie
45780,45780,0,45780,45780,0,True,UPDATED,1631912400,HSL:2532_20210917_La_2_1234,532,HSL:2132213,Kelkkamäentie
46680,46680,0,46680,46680,0,False,SCHEDULED,1631912400,HSL:2532_20210917_La_2_1249,532,HSL:2132213,Kelkkamäentie
47580,47580,0,47580,47580,0,False,SCHEDULED,1631912400,HSL:2532_20210917_La_2_1304,532,HSL:2132213,Kelkkamäentie
48480,48480,0,48480,48480,0,False,SCHEDULED,1631912400,HSL:2532_20210917_La_2_1319,532,HSL:2132213,Kelkkamäentie
49380,49380,0,49380,49380,0,False,SCHEDULED,1631912400,HSL:2532_20210917_La_2_1334,532,HSL:2132213,Kelkkamäentie
48660,48660,0,48660,48660,0,False,SCHEDULED,1631912400,HSL:4736_20210917_La_2_1256,736,HSL:4980219,Sepänrinne
52260,52260,0,52260,52260,0,False,SCHEDULED,1631912400,HSL:4736_20210917_La_2_1356,736,HSL:4980219,Sepänrinne
55860,55860,0,55860,55860,0,False,SCHEDULED,1631912400,HSL:4736_20210917_La_2_1456,736,HSL:4980219,Sepänrinne
59460,59460,0,59460,59460,0,False,SCHEDULED,1631912400,HSL:4736_20210917_La_2_1556,736,HSL:4980219,Sepänrinne
63060,63060,0,63060,63060,0,False,SCHEDULED,1631912400,HSL:4736_20210917_La_2_1656,736,HSL:4980219,Sepänrinne
45240,45348,108,45240,45381,141,True,UPDATED,1631912400,HSL:2532_20210917_La_1_1209,532,HSL:2132212,Lansanportti
46140,46216,76,46140,46218,78,True,UPDATED,1631912400,HSL:2532_20210917_La_1_1224,532,HSL:2132212,Lansanportti
47040,47040,0,47040,47040,0,False,SCHEDULED,1631912400,HSL:2532_20210917_La_1_1239,532,HSL:2132212,Lansanportti
47940,47940,0,47940,47940,0,False,SCHEDULED,1631912400,HSL:2532_20210917_La_1_1254,532,HSL:2132212,Lansanportti
48840,48840,0,48840,48840,0,False,SCHEDULED,1631912400,HSL:2532_20210917_La_1_1309,532,HSL:2132212,Lansanportti
45840,45840,0,45840,45840,0,True,UPDATED,1631912400,HSL:2532_20210917_La_2_1234,532,HSL:2132211,Lansanportti
46740,46740,0,46740,46740,0,False,SCHEDULED,1631912400,HSL:2532_20210917_La_2_1249,532,HSL:2132211,Lansanportti
47640,47640,0,47640,47640,0,False,SCHEDULED,1631912400,HSL:2532_20210917_La_2_1304,532,HSL:2132211,Lansanportti
48540,48540,0,48540,48540,0,False,SCHEDULED,1631912400,HSL:2532_20210917_La_2_1319,532,HSL:2132211,Lansanportti
49440,49440,0,49440,49440,0,False,SCHEDULED,1631912400,HSL:2532_20210917_La_2_1334,532,HSL:2132211,Lansanportti
45720,45751,31,45720,45751,31,True,UPDATED,1631912400,HSL:4736_20210917_La_1_1218,736,HSL:4980218,Sepänmäki
49320,49320,0,49320,49320,0,False,SCHEDULED,1631912400,HSL:4736_20210917_La_1_1318,736,HSL:4980218,Sepänmäki
52920,52920,0,52920,52920,0,False,SCHEDULED,1631912400,HSL:4736_20210917_La_1_1418,736,HSL:4980218,Sepänmäki
56580,56580,0,56580,56580,0,False,SCHEDULED,1631912400,HSL:4736_20210917_La_1_1518,736,HSL:4980218,Sepänmäki
60180,60180,0,60180,60180,0,False,SCHEDULED,1631912400,HSL:4736_20210917_La_1_1618,736,HSL:4980218,Sepänmäki
45480,45460,-20,45480,45460,-20,True,UPDATED,1631912400,HSL:2118_20210917_La_2_1226,118,HSL:2621205,Nimismiehenmäki
47280,47280,0,47280,47280,0,False,SCHEDULED,1631912400,HSL:2118_20210917_La_2_1256,118,HSL:2621205,Nimismiehenmäki
47760,47760,0,47760,47760,0,False,SCHEDULED,1631912400,HSL:6243_20210917_La_2_1246,243,HSL:2621205,Nimismiehenmäki
49080,49080,0,49080,49080,0,False,SCHEDULED,1631912400,HSL:2118_20210917_La_2_1326,118,HSL:2621205,Nimismiehenmäki
50880,50880,0,50880,50880,0,False,SCHEDULED,1631912400,HSL:2118_20210917_La_2_1356,118,HSL:2621205,Nimismiehenmäki
47280,47234,-46,47280,47237,-43,True,UPDATED,1631912400,HSL:2236_20210917_La_1_1226,236,HSL:2723231,Haarssintie
50940,50940,0,50940,50940,0,False,SCHEDULED,1631912400,HSL:2236_20210917_La_1_1326,236,HSL:2723231,Haarssintie
54540,54540,0,54540,54540,0,False,SCHEDULED,1631912400,HSL:2236_20210917_La_1_1426,236,HSL:2723231,Haarssintie
58140,58140,0,58140,58140,0,False,SCHEDULED,1631912400,HSL:2236_20210917_La_1_1526,236,HSL:2723231,Haarssintie
61680,61680,0,61680,61680,0,False,SCHEDULED,1631912400,HSL:2236_20210917_La_1_1626,236,HSL:2723231,Haarssintie
45660,45665,5,45660,45665,5,True,UPDATED,1631912400,HSL:2118_20210917_La_1_1202,118,HSL:2621206,Muuralankumpu
47460,47460,0,47460,47460,0,False,SCHEDULED,1631912400,HSL:2118_20210917_La_1_1232,118,HSL:2621206,Muuralankumpu
47700,47700,0,47700,47700,0,False,SCHEDULED,1631912400,HSL:6243_20210917_La_1_1310,243,HSL:2621206,Muuralankumpu
49260,49260,0,49260,49260,0,False,SCHEDULED,1631912400,HSL:2118_20210917_La_1_1302,118,HSL:2621206,Muuralankumpu
51060,51060,0,51060,51060,0,False,SCHEDULED,1631912400,HSL:2118_20210917_La_1_1332,118,HSL:2621206,Muuralankumpu
46680,46680,0,46680,46680,0,False,SCHEDULED,1631912400,HSL:2236_20210917_La_2_1254,236,HSL:2723232,Haarssintie
50280,50280,0,50280,50280,0,False,SCHEDULED,1631912400,HSL:2236_20210917_La_2_1354,236,HSL:2723232,Haarssintie
53880,53880,0,53880,53880,0,False,SCHEDULED,1631912400,HSL:2236_20210917_La_2_1454,236,HSL:2723232,Haarssintie
57480,57480,0,57480,57480,0,False,SCHEDULED,1631912400,HSL:2236_20210917_La_2_1554,236,HSL:2723232,Haarssintie
61140,61140,0,61140,61140,0,False,SCHEDULED,1631912400,HSL:2236_20210917_La_2_1655,236,HSL:2723232,Haarssintie
45420,45431,11,45420,45431,11,True,UPDATED,1631912400,HSL:2118_20210917_La_2_1226,118,HSL:2621207,Muuralankumpu
47220,47220,0,47220,47220,0,False,SCHEDULED,1631912400,HSL:2118_20210917_La_2_1256,118,HSL:2621207,Muuralankumpu
47640,47640,0,47640,47640,0,False,SCHEDULED,1631912400,HSL:6243_20210917_La_2_1246,243,HSL:2621207,Muuralankumpu
49020,49020,0,49020,49020,0,False,SCHEDULED,1631912400,HSL:2118_20210917_La_2_1326,118,HSL:2621207,Muuralankumpu
50820,50820,0,50820,50820,0,False,SCHEDULED,1631912400,HSL:2118_20210917_La_2_1356,118,HSL:2621207,Muuralankumpu
45300,45350,50,45300,45352,52,True,UPDATED,1631912400,HSL:2118_20210917_La_2_1226,118,HSL:2621208,Mickelsinkuja
47100,47100,0,47100,47100,0,False,SCHEDULED,1631912400,HSL:2118_20210917_La_2_1256,118,HSL:2621208,Mickelsinkuja
47580,47580,0,47580,47580,0,False,SCHEDULED,1631912400,HSL:6243_20210917_La_2_1246,243,HSL:2621208,Mickelsinkuja
48900,48900,0,48900,48900,0,False,SCHEDULED,1631912400,HSL:2118_20210917_La_2_1326,118,HSL:2621208,Mickelsinkuja
50700,50700,0,50700,50700,0,False,SCHEDULED,1631912400,HSL:2118_20210917_La_2_1356,118,HSL:2621208,Mickelsinkuja
46740,46740,0,46740,46740,0,False,SCHEDULED,1631912400,HSL:2236_20210917_La_2_1254,236,HSL:2723230,Kurkijärvi
50340,50340,0,50340,50340,0,False,SCHEDULED,1631912400,HSL:2236_20210917_La_2_1354,236,HSL:2723230,Kurkijärvi
53940,53940,0,53940,53940,0,False,SCHEDULED,1631912400,HSL:2236_20210917_La_2_1454,236,HSL:2723230,Kurkijärvi
57540,57540,0,57540,57540,0,False,SCHEDULED,1631912400,HSL:2236_20210917_La_2_1554,236,HSL:2723230,Kurkijärvi
61200,61200,0,61200,61200,0,False,SCHEDULED,1631912400,HSL:2236_20210917_La_2_1655,236,HSL:2723230,Kurkijärvi
45720,45717,-3,45720,45717,-3,True,UPDATED,1631912400,HSL:2118_20210917_La_1_1202,118,HSL:2621202,Muuralansilta
47520,47520,0,47520,47520,0,False,SCHEDULED,1631912400,HSL:2118_20210917_La_1_1232,118,HSL:2621202,Muuralansilta
47760,47760,0,47760,47760,0,False,SCHEDULED,1631912400,HSL:6243_20210917_La_1_1310,243,HSL:2621202,Muuralansilta
49320,49320,0,49320,49320,0,False,SCHEDULED,1631912400,HSL:2118_20210917_La_1_1302,118,HSL:2621202,Muuralansilta
51120,51120,0,51120,51120,0,False,SCHEDULED,1631912400,HSL:2118_20210917_La_1_1332,118,HSL:2621202,Muuralansilta
45300,45362,62,45300,45370,70,True,UPDATED,1631912400,HSL:2118_20210917_La_2_1226,118,HSL:2621203,Muuralansilta
47100,47100,0,47100,47100,0,False,SCHEDULED,1631912400,HSL:2118_20210917_La_2_1256,118,HSL:2621203,Muuralansilta
47580,47580,0,47580,47580,0,False,SCHEDULED,1631912400,HSL:6243_20210917_La_2_1246,243,HSL:2621203,Muuralansilta
48900,48900,0,48900,48900,0,False,SCHEDULED,1631912400,HSL:2118_20210917_La_2_1326,118,HSL:2621203,Muuralansilta
50700,50700,0,50700,50700,0,False,SCHEDULED,1631912400,HSL:2118_20210917_La_2_1356,118,HSL:2621203,Muuralansilta
45600,45632,32,45600,45632,32,True,UPDATED,1631912400,HSL:2118_20210917_La_1_1202,118,HSL:2621204,Nimismiehenmäki
47400,47400,0,47400,47400,0,False,SCHEDULED,1631912400,HSL:2118_20210917_La_1_1232,118,HSL:2621204,Nimismiehenmäki
47640,47640,0,47640,47640,0,False,SCHEDULED,1631912400,HSL:6243_20210917_La_1_1310,243,HSL:2621204,Nimismiehenmäki
49200,49200,0,49200,49200,0,False,SCHEDULED,1631912400,HSL:2118_20210917_La_1_1302,118,HSL:2621204,Nimismiehenmäki
51000,51000,0,51000,51000,0,False,SCHEDULED,1631912400,HSL:2118_20210917_La_1_1332,118,HSL:2621204,Nimismiehenmäki
47280,47280,0,47280,47280,0,False,SCHEDULED,1631912400,HSL:2246K_20210917_La_1_1242,246K,HSL:2711269,Pakankylän koulu
50880,50880,0,50880,50880,0,False,SCHEDULED,1631912400,HSL:2246K_20210917_La_1_1342,246K,HSL:2711269,Pakankylän koulu
54480,54480,0,54480,54480,0,False,SCHEDULED,1631912400,HSL:2246K_20210917_La_1_1442,246K,HSL:2711269,Pakankylän koulu
58080,58080,0,58080,58080,0,False,SCHEDULED,1631912400,HSL:2246K_20210917_La_1_1542,246K,HSL:2711269,Pakankylän koulu
61680,61680,0,61680,61680,0,False,SCHEDULED,1631912400,HSL:2246K_20210917_La_1_1642,246K,HSL:2711269,Pakankylän koulu
45780,45815,35,45780,45815,35,True,UPDATED,1631912400,HSL:2118_20210917_La_1_1202,118,HSL:2621209,Mikkeläntörmä
47580,47580,0,47580,47580,0,False,SCHEDULED,1631912400,HSL:2118_20210917_La_1_1232,118,HSL:2621209,Mikkeläntörmä
49380,49380,0,49380,49380,0,False,SCHEDULED,1631912400,HSL:2118_20210917_La_1_1302,118,HSL:2621209,Mikkeläntörmä
51180,51180,0,51180,51180,0,False,SCHEDULED,1631912400,HSL:2118_20210917_La_1_1332,118,HSL:2621209,Mikkeläntörmä
52980,52980,0,52980,52980,0,False,SCHEDULED,1631912400,HSL:2118_20210917_La_1_1402,118,HSL:2621209,Mikkeläntörmä
45420,45505,85,45420,45505,85,True,UPDATED,1631912400,HSL:3001I_20210917_La_1_1226,I,HSL:1370501,Pukinmäki
45720,45769,49,45720,45769,49,True,UPDATED,1631912400,HSL:3001K_20210917_La_1_1231,K,HSL:1370501,Pukinmäki
46020,46020,0,46020,46020,0,False,SCHEDULED,1631912400,HSL:3001I_20210917_La_1_1236,I,HSL:1370501,Pukinmäki
46320,46320,0,46320,46320,0,False,SCHEDULED,1631912400,HSL:3001K_20210917_La_1_1241,K,HSL:1370501,Pukinmäki
46620,46620,0,46620,46620,0,False,SCHEDULED,1631912400,HSL:3001I_20210917_La_1_1246,I,HSL:1370501,Pukinmäki
47940,47940,0,47940,47940,0,False,SCHEDULED,1631912400,HSL:3001Z_20210917_La_2_1319,Z,HSL:5020553,Lahti
51420,51420,0,51540,51540,0,False,SCHEDULED,1631912400,HSL:3001Z3_20210917_La_2_1330,Z,HSL:5020553,Lahti
55140,55140,0,55140,55140,0,False,SCHEDULED,1631912400,HSL:3001Z_20210917_La_2_1519,Z,HSL:5020553,Lahti
58740,58740,0,58740,58740,0,False,SCHEDULED,1631912400,HSL:3001Z_20210917_La_2_1619,Z,HSL:5020553,Lahti
62340,62340,0,62340,62340,0,False,SCHEDULED,1631912400,HSL:3001Z_20210917_La_2_1719,Z,HSL:5020553,Lahti
48600,48600,0,48600,48600,0,False,SCHEDULED,1631912400,HSL:3001Z3_20210917_La_2_1330,Z,HSL:5020554,Kouvola
46380,46530,150,46380,46530,150,True,UPDATED,1631912400,HSL:3001Z_20210917_La_2_1219,Z,HSL:5020551,Haarajoki
49980,49980,0,49980,49980,0,False,SCHEDULED,1631912400,HSL:3001Z_20210917_La_2_1319,Z,HSL:5020551,Haarajoki
53580,53580,0,53580,53580,0,False,SCHEDULED,1631912400,HSL:3001Z3_20210917_La_2_1330,Z,HSL:5020551,Haarajoki
57180,57180,0,57180,57180,0,False,SCHEDULED,1631912400,HSL:3001Z_20210917_La_2_1519,Z,HSL:5020551,Haarajoki
60780,60780,0,60780,60780,0,False,SCHEDULED,1631912400,HSL:3001Z_20210917_La_2_1619,Z,HSL:5020551,Haarajoki
45780,45917,137,45780,45917,137,True,UPDATED,1631912400,HSL:3001Z_20210917_La_2_1219,Z,HSL:5020552,Mäntsälä
49380,49380,0,49380,49380,0,False,SCHEDULED,1631912400,HSL:3001Z_20210917_La_2_1319,Z,HSL:5020552,Mäntsälä
52980,52980,0,52980,52980,0,False,SCHEDULED,1631912400,HSL:3001Z3_20210917_La_2_1330,Z,HSL:5020552,Mäntsälä
56580,56580,0,56580,56580,0,False,SCHEDULED,1631912400,HSL:3001Z_20210917_La_2_1519,Z,HSL:5020552,Mäntsälä
60180,60180,0,60180,60180,0,False,SCHEDULED,1631912400,HSL:3001Z_20210917_La_2_1619,Z,HSL:5020552,Mäntsälä
51000,51000,0,51000,51000,0,False,SCHEDULED,1631912400,HSL:3001Z3_20210917_La_2_1330,Z,HSL:5020557,Villähde
48420,48420,0,48420,48420,0,False,SCHEDULED,1631912400,HSL:2246K_20210917_La_2_1314,246K,HSL:2711268,Uusitorppa
52020,52020,0,52020,52020,0,False,SCHEDULED,1631912400,HSL:2246K_20210917_La_2_1414,246K,HSL:2711268,Uusitorppa
55620,55620,0,55620,55620,0,False,SCHEDULED,1631912400,HSL:2246K_20210917_La_2_1514,246K,HSL:2711268,Uusitorppa
59220,59220,0,59220,59220,0,False,SCHEDULED,1631912400,HSL:2246K_20210917_La_2_1614,246K,HSL:2711268,Uusitorppa
62820,62820,0,62820,62820,0,False,SCHEDULED,1631912400,HSL:2246K_20210917_La_2_1714,246K,HSL:2711268,Uusitorppa
50760,50760,0,50760,50760,0,False,SCHEDULED,1631912400,HSL:3001Z3_20210917_La_2_1330,Z,HSL:5020558,Nastola
48360,48360,0,48360,48360,0,False,SCHEDULED,1631912400,HSL:2246K_20210917_La_2_1314,246K,HSL:2711267,Kaisankoti
51960,51960,0,51960,51960,0,False,SCHEDULED,1631912400,HSL:2246K_20210917_La_2_1414,246K,HSL:2711267,Kaisankoti
55560,55560,0,55560,55560,0,False,SCHEDULED,1631912400,HSL:2246K_20210917_La_2_1514,246K,HSL:2711267,Kaisankoti
59160,59160,0,59160,59160,0,False,SCHEDULED,1631912400,HSL:2246K_20210917_La_2_1614,246K,HSL:2711267,Kaisankoti
62760,62760,0,62760,62760,0,False,SCHEDULED,1631912400,HSL:2246K_20210917_La_2_1714,246K,HSL:2711267,Kaisankoti
47100,47100,0,47100,47100,0,False,SCHEDULED,1631912400,HSL:2246K_20210917_La_1_1242,246K,HSL:2711266,Kaisankoti
50700,50700,0,50700,50700,0,False,SCHEDULED,1631912400,HSL:2246K_20210917_La_1_1342,246K,HSL:2711266,Kaisankoti
54300,54300,0,54300,54300,0,False,SCHEDULED,1631912400,HSL:2246K_20210917_La_1_1442,246K,HSL:2711266,Kaisankoti
57900,57900,0,57900,57900,0,False,SCHEDULED,1631912400,HSL:2246K_20210917_La_1_1542,246K,HSL:2711266,Kaisankoti
61500,61500,0,61500,61500,0,False,SCHEDULED,1631912400,HSL:2246K_20210917_La_1_1642,246K,HSL:2711266,Kaisankoti
48720,48720,0,48720,48720,0,False,SCHEDULED,1631912400,HSL:3001Z_20210917_La_2_1319,Z,HSL:5020556,Henna
52320,52320,0,52320,52320,0,False,SCHEDULED,1631912400,HSL:3001Z3_20210917_La_2_1330,Z,HSL:5020556,Henna
55920,55920,0,55920,55920,0,False,SCHEDULED,1631912400,HSL:3001Z_20210917_La_2_1519,Z,HSL:5020556,Henna
59520,59520,0,59520,59520,0,False,SCHEDULED,1631912400,HSL:3001Z_20210917_La_2_1619,Z,HSL:5020556,Henna
63120,63120,0,63120,63120,0,False,SCHEDULED,1631912400,HSL:3001Z_20210917_La_2_1719,Z,HSL:5020556,Henna
45480,45523,43,45480,45523,43,True,UPDATED,1631912400,HSL:3001K_20210917_La_2_1221,K,HSL:1411551,Puistola
45780,45859,79,45780,45859,79,True,UPDATED,1631912400,HSL:3002P_20210917_La_1_1158,P,HSL:1411551,Puistola
46080,46182,102,46080,46182,102,True,UPDATED,1631912400,HSL:3001K_20210917_La_2_1231,K,HSL:1411551,Puistola
46380,46459,79,46380,46459,79,True,UPDATED,1631912400,HSL:3002P_20210917_La_1_1208,P,HSL:1411551,Puistola
46680,46680,0,46680,46680,0,False,SCHEDULED,1631912400,HSL:3001K_20210917_La_2_1241,K,HSL:1411551,Puistola
45720,45775,55,45720,45775,55,True,UPDATED,1631912400,HSL:2118_20210917_La_1_1202,118,HSL:2621216,Mikkeläntie
47520,47520,0,47520,47520,0,False,SCHEDULED,1631912400,HSL:2118_20210917_La_1_1232,118,HSL:2621216,Mikkeläntie
49320,49320,0,49320,49320,0,False,SCHEDULED,1631912400,HSL:2118_20210917_La_1_1302,118,HSL:2621216,Mikkeläntie
51120,51120,0,51120,51120,0,False,SCHEDULED,1631912400,HSL:2118_20210917_La_1_1332,118,HSL:2621216,Mikkeläntie
52920,52920,0,52920,52920,0,False,SCHEDULED,1631912400,HSL:2118_20210917_La_1_1402,118,HSL:2621216,Mikkeläntie
88200,88200,0,88200,88200,0,False,SCHEDULED,1631912400,HSL:2235N_20210917_La_1_2335,235N,HSL:2621217,Pitäjänportti
90000,90000,0,90000,90000,0,False,SCHEDULED,1631912400,HSL:2235N_20210917_La_1_2405,235N,HSL:2621217,Pitäjänportti
91800,91800,0,91800,91800,0,False,SCHEDULED,1631912400,HSL:2235N_20210917_La_1_2435,235N,HSL:2621217,Pitäjänportti
93540,93540,0,93540,93540,0,False,SCHEDULED,1631912400,HSL:2235N_20210917_La_1_2505,235N,HSL:2621217,Pitäjänportti
95220,95220,0,95220,95220,0,False,SCHEDULED,1631912400,HSL:2235N_20210917_La_1_2535,235N,HSL:2621217,Pitäjänportti
47040,47040,0,47040,47040,0,False,SCHEDULED,1631912400,HSL:2118_20210917_La_2_1256,118,HSL:2621218,Mikkeläntörmä
48840,48840,0,48840,48840,0,False,SCHEDULED,1631912400,HSL:2118_20210917_La_2_1326,118,HSL:2621218,Mikkeläntörmä
50640,50640,0,50640,50640,0,False,SCHEDULED,1631912400,HSL:2118_20210917_La_2_1356,118,HSL:2621218,Mikkeläntörmä
52440,52440,0,52440,52440,0,False,SCHEDULED,1631912400,HSL:2118_20210917_La_2_1426,118,HSL:2621218,Mikkeläntörmä
54240,54240,0,54240,54240,0,False,SCHEDULED,1631912400,HSL:2118_20210917_La_2_1456,118,HSL:2621218,Mikkeläntörmä
45840,45847,7,45840,45847,7,True,UPDATED,1631912400,HSL:2118_20210917_La_1_1202,118,HSL:2621219,Mustarinne
47640,47640,0,47640,47640,0,False,SCHEDULED,1631912400,HSL:2118_20210917_La_1_1232,118,HSL:2621219,Mustarinne
49440,49440,0,49440,49440,0,False,SCHEDULED,1631912400,HSL:2118_20210917_La_1_1302,118,HSL:2621219,Mustarinne
51240,51240,0,51240,51240,0,False,SCHEDULED,1631912400,HSL:2118_20210917_La_1_1332,118,HSL:2621219,Mustarinne
53040,53040,0,53040,53040,0,False,SCHEDULED,1631912400,HSL:2118_20210917_La_1_1402,118,HSL:2621219,Mustarinne
46920,46920,0,46920,46920,0,False,SCHEDULED,1631912400,HSL:2118_20210917_La_2_1256,118,HSL:2621212,Hollimäki
48720,48720,0,48720,48720,0,False,SCHEDULED,1631912400,HSL:2118_20210917_La_2_1326,118,HSL:2621212,Hollimäki
50520,50520,0,50520,50520,0,False,SCHEDULED,1631912400,HSL:2118_20210917_La_2_1356,118,HSL:2621212,Hollimäki
52320,52320,0,52320,52320,0,False,SCHEDULED,1631912400,HSL:2118_20210917_La_2_1426,118,HSL:2621212,Hollimäki
54120,54120,0,54120,54120,0,False,SCHEDULED,1631912400,HSL:2118_20210917_La_2_1456,118,HSL:2621212,Hollimäki
45720,45720,0,45720,45720,0,True,UPDATED,1631912400,HSL:2118_20210917_La_1_1202,118,HSL:2621215,Mickelsinkuja
47520,47520,0,47520,47520,0,False,SCHEDULED,1631912400,HSL:2118_20210917_La_1_1232,118,HSL:2621215,Mickelsinkuja
47760,47760,0,47760,47760,0,False,SCHEDULED,1631912400,HSL:6243_20210917_La_1_1310,243,HSL:2621215,Mickelsinkuja
49320,49320,0,49320,49320,0,False,SCHEDULED,1631912400,HSL:2118_20210917_La_1_1302,118,HSL:2621215,Mickelsinkuja
51120,51120,0,51120,51120,0,False,SCHEDULED,1631912400,HSL:2118_20210917_La_1_1332,118,HSL:2621215,Mickelsinkuja
50520,50520,0,50520,50520,0,False,SCHEDULED,1631912400,HSL:3001Z3_20210917_La_2_1330,Z,HSL:5020559,Uusikylä
45900,45900,0,45900,45900,0,False,SCHEDULED,1631912400,HSL:1019_20210917_La_1_1230,19,HSL:1520702,"Suomenlinna, päälait"
46200,46200,0,46200,46200,0,False,SCHEDULED,1631912400,HSL:1019_20210917_La_2_1250,19,HSL:1520702,"Suomenlinna, päälait"
46800,46800,0,46800,46800,0,False,SCHEDULED,1631912400,HSL:1019_20210917_La_1_1245,19,HSL:1520702,"Suomenlinna, päälait"
47100,47100,0,47100,47100,0,False,SCHEDULED,1631912400,HSL:1019_20210917_La_2_1305,19,HSL:1520702,"Suomenlinna, päälait"
47700,47700,0,47700,47700,0,False,SCHEDULED,1631912400,HSL:1019_20210917_La_1_1300,19,HSL:1520702,"Suomenlinna, päälait"
47040,47040,0,47040,47040,0,False,SCHEDULED,1631912400,HSL:2118_20210917_La_2_1256,118,HSL:2621210,Mikkelänpelto
48840,48840,0,48840,48840,0,False,SCHEDULED,1631912400,HSL:2118_20210917_La_2_1326,118,HSL:2621210,Mikkelänpelto
50640,50640,0,50640,50640,0,False,SCHEDULED,1631912400,HSL:2118_20210917_La_2_1356,118,HSL:2621210,Mikkelänpelto
52440,52440,0,52440,52440,0,False,SCHEDULED,1631912400,HSL:2118_20210917_La_2_1426,118,HSL:2621210,Mikkelänpelto
54240,54240,0,54240,54240,0,False,SCHEDULED,1631912400,HSL:2118_20210917_La_2_1456,118,HSL:2621210,Mikkelänpelto
45900,45923,23,45900,45923,23,True,UPDATED,1631912400,HSL:2118_20210917_La_1_1202,118,HSL:2621211,Hollimäki
47700,47700,0,47700,47700,0,False,SCHEDULED,1631912400,HSL:2118_20210917_La_1_1232,118,HSL:2621211,Hollimäki
49500,49500,0,49500,49500,0,False,SCHEDULED,1631912400,HSL:2118_20210917_La_1_1302,118,HSL:2621211,Hollimäki
51300,51300,0,51300,51300,0,False,SCHEDULED,1631912400,HSL:2118_20210917_La_1_1332,118,HSL:2621211,Hollimäki
53100,53100,0,53100,53100,0,False,SCHEDULED,1631912400,HSL:2118_20210917_La_1_1402,118,HSL:2621211,Hollimäki
49560,49560,0,49560,49560,0,False,SCHEDULED,1631912400,HSL:3001Z3_20210917_La_2_1330,Z,HSL:5020560,Kausala
48960,48960,0,48960,48960,0,False,SCHEDULED,1631912400,HSL:3001Z3_20210917_La_2_1330,Z,HSL:5020561,Koria
45540,45620,80,45540,45620,80,True,UPDATED,1631912400,HSL:3001I_20210917_La_1_1226,I,HSL:1382501,Malmi
45840,45884,44,45840,45884,44,True,UPDATED,1631912400,HSL:3001K_20210917_La_1_1231,K,HSL:1382501,Malmi
46140,46140,0,46140,46140,0,False,SCHEDULED,1631912400,HSL:3001I_20210917_La_1_1236,I,HSL:1382501,Malmi
46440,46440,0,46440,46440,0,False,SCHEDULED,1631912400,HSL:3001K_20210917_La_1_1241,K,HSL:1382501,Malmi
46740,46740,0,46740,46740,0,False,SCHEDULED,1631912400,HSL:3001I_20210917_La_1_1246,I,HSL:1382501,Malmi
45660,46054,394,45660,46056,396,True,UPDATED,1631912400,HSL:4415_20210917_La_1_1202,415,HSL:4520217,Äyrikuja
46200,46200,0,46200,46200,0,False,SCHEDULED,1631912400,HSL:4574_20210917_La_2_1221,574,HSL:4520217,Äyrikuja
49440,49440,0,49440,49440,0,False,SCHEDULED,1631912400,HSL:4415_20210917_La_1_1302,415,HSL:4520217,Äyrikuja
49800,49800,0,49800,49800,0,False,SCHEDULED,1631912400,HSL:4574_20210917_La_2_1320,574,HSL:4520217,Äyrikuja
53040,53040,0,53040,53040,0,False,SCHEDULED,1631912400,HSL:4415_20210917_La_1_1402,415,HSL:4520217,Äyrikuja
45540,45540,0,45540,45540,0,True,UPDATED,1631912400,HSL:4570_20210917_La_2_1224,570,HSL:4520219,Äyritie
46140,46140,0,46140,46140,0,True,UPDATED,1631912400,HSL:4570_20210917_La_2_1234,570,HSL:4520219,Äyritie
46740,46740,0,46740,46740,0,False,SCHEDULED,1631912400,HSL:4570_20210917_La_2_1244,570,HSL:4520219,Äyritie
47340,47340,0,47340,47340,0,False,SCHEDULED,1631912400,HSL:4570_20210917_La_2_1254,570,HSL:4520219,Äyritie
47940,47940,0,47940,47940,0,False,SCHEDULED,1631912400,HSL:4570_20210917_La_2_1304,570,HSL:4520219,Äyritie
45840,46007,167,45840,46022,182,True,UPDATED,1631912400,HSL:4561_20210917_La_1_1203,561,HSL:4520213,Pyhtäänkorvenkuja
47100,47137,37,47100,47150,50,True,UPDATED,1631912400,HSL:4561_20210917_La_1_1223,561,HSL:4520213,Pyhtäänkorvenkuja
48300,48300,0,48300,48300,0,False,SCHEDULED,1631912400,HSL:4561_20210917_La_1_1243,561,HSL:4520213,Pyhtäänkorvenkuja
49560,49560,0,49560,49560,0,False,SCHEDULED,1631912400,HSL:4561_20210917_La_1_1303,561,HSL:4520213,Pyhtäänkorvenkuja
50760,50760,0,50760,50760,0,False,SCHEDULED,1631912400,HSL:4561_20210917_La_1_1323,561,HSL:4520213,Pyhtäänkorvenkuja
47400,47400,0,47400,47401,1,True,UPDATED,1631912400,HSL:4574_20210917_La_1_1233,574,HSL:4520215,Tuulensuuntie
51000,51000,0,51000,51000,0,False,SCHEDULED,1631912400,HSL:4574_20210917_La_1_1333,574,HSL:4520215,Tuulensuuntie
54600,54600,0,54600,54600,0,False,SCHEDULED,1631912400,HSL:4574_20210917_La_1_1433,574,HSL:4520215,Tuulensuuntie
58140,58140,0,58140,58140,0,False,SCHEDULED,1631912400,HSL:4574_20210917_La_1_1533,574,HSL:4520215,Tuulensuuntie
61740,61740,0,61740,61740,0,False,SCHEDULED,1631912400,HSL:4574_20210917_La_1_1633,574,HSL:4520215,Tuulensuuntie
45600,45725,125,45600,45725,125,True,UPDATED,1631912400,HSL:4570_20210917_La_1_1155,570,HSL:4520210,Äyritie
46260,46277,17,46260,46277,17,True,UPDATED,1631912400,HSL:4570_20210917_La_1_1205,570,HSL:4520210,Äyritie
46440,46440,0,46440,46440,0,False,SCHEDULED,1631912400,HSL:4561_20210917_La_2_1244,561,HSL:4520210,Äyritie
46860,46860,0,46860,46860,0,True,UPDATED,1631912400,HSL:4570_20210917_La_1_1215,570,HSL:4520210,Äyritie
47460,47477,17,47460,47519,59,True,UPDATED,1631912400,HSL:4570_20210917_La_1_1225,570,HSL:4520210,Äyritie
47700,47700,0,47700,47700,0,False,SCHEDULED,1631912400,HSL:2246K_20210917_La_2_1314,246K,HSL:2711274,Röylänristi
51300,51300,0,51300,51300,0,False,SCHEDULED,1631912400,HSL:2246K_20210917_La_2_1414,246K,HSL:2711274,Röylänristi
54900,54900,0,54900,54900,0,False,SCHEDULED,1631912400,HSL:2246K_20210917_La_2_1514,246K,HSL:2711274,Röylänristi
58500,58500,0,58500,58500,0,False,SCHEDULED,1631912400,HSL:2246K_20210917_La_2_1614,246K,HSL:2711274,Röylänristi
62100,62100,0,62100,62100,0,False,SCHEDULED,1631912400,HSL:2246K_20210917_La_2_1714,246K,HSL:2711274,Röylänristi
46020,46020,0,46020,46020,0,True,UPDATED,1631912400,HSL:2239_20210917_La_2_1237,239,HSL:2711276,Punametsänristi
47760,47760,0,47760,47760,0,False,SCHEDULED,1631912400,HSL:2246K_20210917_La_2_1314,246K,HSL:2711276,Punametsänristi
49620,49620,0,49620,49620,0,False,SCHEDULED,1631912400,HSL:2239_20210917_La_2_1337,239,HSL:2711276,Punametsänristi
51360,51360,0,51360,51360,0,False,SCHEDULED,1631912400,HSL:2246K_20210917_La_2_1414,246K,HSL:2711276,Punametsänristi
53220,53220,0,53220,53220,0,False,SCHEDULED,1631912400,HSL:2239_20210917_La_2_1437,239,HSL:2711276,Punametsänristi
47340,47340,0,47340,47340,0,False,SCHEDULED,1631912400,HSL:2246K_20210917_La_1_1242,246K,HSL:2711271,Niittyveräjä
50940,50940,0,50940,50940,0,False,SCHEDULED,1631912400,HSL:2246K_20210917_La_1_1342,246K,HSL:2711271,Niittyveräjä
54540,54540,0,54540,54540,0,False,SCHEDULED,1631912400,HSL:2246K_20210917_La_1_1442,246K,HSL:2711271,Niittyveräjä
58140,58140,0,58140,58140,0,False,SCHEDULED,1631912400,HSL:2246K_20210917_La_1_1542,246K,HSL:2711271,Niittyveräjä
61740,61740,0,61740,61740,0,False,SCHEDULED,1631912400,HSL:2246K_20210917_La_1_1642,246K,HSL:2711271,Niittyveräjä
46620,46620,0,46620,46620,0,False,SCHEDULED,1631912400,HSL:2236_20210917_La_2_1254,236,HSL:2723277,Hepomäki
50220,50220,0,50220,50220,0,False,SCHEDULED,1631912400,HSL:2236_20210917_La_2_1354,236,HSL:2723277,Hepomäki
53820,53820,0,53820,53820,0,False,SCHEDULED,1631912400,HSL:2236_20210917_La_2_1454,236,HSL:2723277,Hepomäki
57420,57420,0,57420,57420,0,False,SCHEDULED,1631912400,HSL:2236_20210917_La_2_1554,236,HSL:2723277,Hepomäki
61080,61080,0,61080,61080,0,False,SCHEDULED,1631912400,HSL:2236_20210917_La_2_1655,236,HSL:2723277,Hepomäki
47340,47305,-35,47340,47307,-33,True,UPDATED,1631912400,HSL:2236_20210917_La_1_1226,236,HSL:2723278,Hepomäki
51000,51000,0,51000,51000,0,False,SCHEDULED,1631912400,HSL:2236_20210917_La_1_1326,236,HSL:2723278,Hepomäki
54600,54600,0,54600,54600,0,False,SCHEDULED,1631912400,HSL:2236_20210917_La_1_1426,236,HSL:2723278,Hepomäki
58200,58200,0,58200,58200,0,False,SCHEDULED,1631912400,HSL:2236_20210917_La_1_1526,236,HSL:2723278,Hepomäki
61740,61740,0,61740,61740,0,False,SCHEDULED,1631912400,HSL:2236_20210917_La_1_1626,236,HSL:2723278,Hepomäki
48360,48360,0,48360,48360,0,False,SCHEDULED,1631912400,HSL:3001Z_20210917_La_1_1235,Z,HSL:5020506,Henna
51960,51960,0,51960,51960,0,False,SCHEDULED,1631912400,HSL:3001Z_20210917_La_1_1335,Z,HSL:5020506,Henna
55560,55560,0,55560,55560,0,False,SCHEDULED,1631912400,HSL:3001Z_20210917_La_1_1435,Z,HSL:5020506,Henna
59160,59160,0,59160,59160,0,False,SCHEDULED,1631912400,HSL:3001Z_20210917_La_1_1535,Z,HSL:5020506,Henna
62760,62760,0,62760,62760,0,False,SCHEDULED,1631912400,HSL:3001Z_20210917_La_1_1635,Z,HSL:5020506,Henna
90900,90900,0,90900,90900,0,False,SCHEDULED,1631912400,HSL:3001Z3_20210917_La_1_2402,Z,HSL:5020507,Villähde
46020,46070,50,46020,46072,52,True,UPDATED,1631912400,HSL:4624_20210917_La_1_1219,624,HSL:4700234,Leinelänkaari
46200,46200,0,46200,46200,0,True,UPDATED,1631912400,HSL:4631_20210917_La_1_1234,631,HSL:4700234,Leinelänkaari
47820,47820,0,47820,47820,0,False,SCHEDULED,1631912400,HSL:4624_20210917_La_1_1249,624,HSL:4700234,Leinelänkaari
48000,48000,0,48000,48000,0,False,SCHEDULED,1631912400,HSL:4631_20210917_La_1_1304,631,HSL:4700234,Leinelänkaari
49620,49620,0,49620,49620,0,False,SCHEDULED,1631912400,HSL:4624_20210917_La_1_1319,624,HSL:4700234,Leinelänkaari
92820,92820,0,92820,92820,0,False,SCHEDULED,1631912400,HSL:3001Z3_20210917_La_1_2402,Z,HSL:5020504,Kouvola
91140,91140,0,91140,91140,0,False,SCHEDULED,1631912400,HSL:3001Z3_20210917_La_1_2402,Z,HSL:5020508,Nastola
91320,91320,0,91320,91320,0,False,SCHEDULED,1631912400,HSL:3001Z3_20210917_La_1_2402,Z,HSL:5020509,Uusikylä
91920,91920,0,91920,91920,0,False,SCHEDULED,1631912400,HSL:3001Z3_20210917_La_1_2402,Z,HSL:5020510,Kausala
45720,45742,22,45720,45752,32,True,UPDATED,1631912400,HSL:4574_20210917_La_1_1233,574,HSL:4700231,Leineläntie
45960,46014,54,45960,46020,60,True,UPDATED,1631912400,HSL:4624_20210917_La_1_1219,624,HSL:4700231,Leineläntie
46680,46736,56,46680,46740,60,True,UPDATED,1631912400,HSL:9641_20210917_La_2_1220,641,HSL:4700231,Leineläntie
47460,47460,0,47460,47460,0,False,SCHEDULED,1631912400,HSL:4623K_20210917_La_2_1303,623K,HSL:4700231,Leineläntie
47760,47760,0,47760,47760,0,False,SCHEDULED,1631912400,HSL:4624_20210917_La_1_1249,624,HSL:4700231,Leineläntie
45780,45792,12,45780,45807,27,True,UPDATED,1631912400,HSL:4623K_20210917_La_1_1202,623K,HSL:4700230,Leineläntie
46200,46200,0,46200,46200,0,False,SCHEDULED,1631912400,HSL:4624_20210917_La_2_1236,624,HSL:4700230,Leineläntie
47160,47160,0,47160,47160,0,False,SCHEDULED,1631912400,HSL:9641_20210917_La_1_1250,641,HSL:4700230,Leineläntie
47400,47400,0,47400,47400,0,False,SCHEDULED,1631912400,HSL:4574_20210917_La_2_1221,574,HSL:4700230,Leineläntie
48000,48000,0,48000,48000,0,False,SCHEDULED,1631912400,HSL:4624_20210917_La_2_1306,624,HSL:4700230,Leineläntie
45360,45498,138,45360,45503,143,True,UPDATED,1631912400,HSL:4631_20210917_La_2_1215,631,HSL:4700233,Leinelänkaari
46140,46140,0,46140,46140,0,False,SCHEDULED,1631912400,HSL:4624_20210917_La_2_1236,624,HSL:4700233,Leinelänkaari
47160,47160,0,47160,47160,0,False,SCHEDULED,1631912400,HSL:4631_20210917_La_2_1245,631,HSL:4700233,Leinelänkaari
47940,47940,0,47940,47940,0,False,SCHEDULED,1631912400,HSL:4624_20210917_La_2_1306,624,HSL:4700233,Leinelänkaari
48960,48960,0,48960,48960,0,False,SCHEDULED,1631912400,HSL:4631_20210917_La_2_1315,631,HSL:4700233,Leinelänkaari
92460,92460,0,92460,92460,0,False,SCHEDULED,1631912400,HSL:3001Z3_20210917_La_1_2402,Z,HSL:5020511,Koria
45360,45489,129,45360,45491,131,True,UPDATED,1631912400,HSL:4631_20210917_La_2_1215,631,HSL:4700232,Koivutaival
46080,46080,0,46080,46080,0,False,SCHEDULED,1631912400,HSL:4624_20210917_La_2_1236,624,HSL:4700232,Koivutaival
47160,47160,0,47160,47160,0,False,SCHEDULED,1631912400,HSL:4631_20210917_La_2_1245,631,HSL:4700232,Koivutaival
47880,47880,0,47880,47880,0,False,SCHEDULED,1631912400,HSL:4624_20210917_La_2_1306,624,HSL:4700232,Koivutaival
48960,48960,0,48960,48960,0,False,SCHEDULED,1631912400,HSL:4631_20210917_La_2_1315,631,HSL:4700232,Koivutaival
45660,45699,39,45660,45700,40,True,UPDATED,1631912400,HSL:4574_20210917_La_1_1233,574,HSL:4700224,Koivutie
47400,47400,0,47400,47400,0,False,SCHEDULED,1631912400,HSL:4623K_20210917_La_2_1303,623K,HSL:4700224,Koivutie
49260,49260,0,49260,49260,0,False,SCHEDULED,1631912400,HSL:4574_20210917_La_1_1333,574,HSL:4700224,Koivutie
51000,51000,0,51000,51000,0,False,SCHEDULED,1631912400,HSL:4623K_20210917_La_2_1403,623K,HSL:4700224,Koivutie
52860,52860,0,52860,52860,0,False,SCHEDULED,1631912400,HSL:4574_20210917_La_1_1433,574,HSL:4700224,Koivutie
45600,45665,65,45600,45669,69,True,UPDATED,1631912400,HSL:4574_20210917_La_1_1233,574,HSL:4700223,Haapatie
47340,47340,0,47340,47340,0,False,SCHEDULED,1631912400,HSL:4623K_20210917_La_2_1303,623K,HSL:4700223,Haapatie
49200,49200,0,49200,49200,0,False,SCHEDULED,1631912400,HSL:4574_20210917_La_1_1333,574,HSL:4700223,Haapatie
50940,50940,0,50940,50940,0,False,SCHEDULED,1631912400,HSL:4623K_20210917_La_2_1403,623K,HSL:4700223,Haapatie
52800,52800,0,52800,52800,0,False,SCHEDULED,1631912400,HSL:4574_20210917_La_1_1433,574,HSL:4700223,Haapatie
45900,45871,-29,45900,45944,44,True,UPDATED,1631912400,HSL:4624_20210917_La_1_1219,624,HSL:4700226,Leinelä
46620,46594,-26,46620,46694,74,True,UPDATED,1631912400,HSL:9641_20210917_La_2_1220,641,HSL:4700226,Leinelä
47340,47340,0,47340,47340,0,True,UPDATED,1631912400,HSL:9642_20210917_La_2_1238,642,HSL:4700226,Leinelä
47700,47700,0,47700,47700,0,False,SCHEDULED,1631912400,HSL:4624_20210917_La_1_1249,624,HSL:4700226,Leinelä
48420,48420,0,48420,48420,0,False,SCHEDULED,1631912400,HSL:9641_20210917_La_2_1250,641,HSL:4700226,Leinelä
45360,45339,-21,45420,45436,16,True,UPDATED,1631912400,HSL:9641_20210917_La_1_1220,641,HSL:4700225,Leinelä
46200,46200,0,46200,46200,0,False,SCHEDULED,1631912400,HSL:4624_20210917_La_2_1236,624,HSL:4700225,Leinelä
47160,47160,0,47220,47220,0,False,SCHEDULED,1631912400,HSL:9641_20210917_La_1_1250,641,HSL:4700225,Leinelä
47760,47760,0,47760,47760,0,False,SCHEDULED,1631912400,HSL:9642_20210917_La_1_1316,642,HSL:4700225,Leinelä
48000,48000,0,48000,48000,0,False,SCHEDULED,1631912400,HSL:4624_20210917_La_2_1306,624,HSL:4700225,Leinelä
45660,45694,34,45720,45727,7,True,UPDATED,1631912400,HSL:4623K_20210917_La_1_1202,623K,HSL:4700228,Leinelän asema
46140,46140,0,46140,46140,0,True,UPDATED,1631912400,HSL:4631_20210917_La_1_1234,631,HSL:4700228,Leinelän asema
47100,47100,0,47100,47100,0,False,SCHEDULED,1631912400,HSL:9641_20210917_La_1_1250,641,HSL:4700228,Leinelän asema
47340,47340,0,47340,47340,0,False,SCHEDULED,1631912400,HSL:4574_20210917_La_2_1221,574,HSL:4700228,Leinelän asema
47940,47940,0,47940,47940,0,False,SCHEDULED,1631912400,HSL:4631_20210917_La_1_1304,631,HSL:4700228,Leinelän asema
45840,45823,-17,45840,45871,31,True,UPDATED,1631912400,HSL:4624_20210917_La_1_1219,624,HSL:4700227,Epinkoskentie
46560,46551,-9,46560,46553,-7,True,UPDATED,1631912400,HSL:9641_20210917_La_2_1220,641,HSL:4700227,Epinkoskentie
47280,47280,0,47280,47280,0,True,UPDATED,1631912400,HSL:9642_20210917_La_2_1238,642,HSL:4700227,Epinkoskentie
47640,47640,0,47640,47640,0,False,SCHEDULED,1631912400,HSL:4624_20210917_La_1_1249,624,HSL:4700227,Epinkoskentie
48360,48360,0,48360,48360,0,False,SCHEDULED,1631912400,HSL:9641_20210917_La_2_1250,641,HSL:4700227,Epinkoskentie
46440,46440,0,46440,46440,0,False,SCHEDULED,1631912400,HSL:2236_20210917_La_2_1254,236,HSL:2723283,Serena
47460,47430,-30,47460,47430,-30,True,UPDATED,1631912400,HSL:2236_20210917_La_1_1226,236,HSL:2723283,Serena
50040,50040,0,50040,50040,0,False,SCHEDULED,1631912400,HSL:2236_20210917_La_2_1354,236,HSL:2723283,Serena
51120,51120,0,51120,51120,0,False,SCHEDULED,1631912400,HSL:2236_20210917_La_1_1326,236,HSL:2723283,Serena
53640,53640,0,53640,53640,0,False,SCHEDULED,1631912400,HSL:2236_20210917_La_2_1454,236,HSL:2723283,Serena
45420,45569,149,45420,45580,160,True,UPDATED,1631912400,HSL:4631_20210917_La_2_1215,631,HSL:4700229,Leinelän asema
45780,45807,27,45780,45835,55,True,UPDATED,1631912400,HSL:4574_20210917_La_1_1233,574,HSL:4700229,Leinelän asema
46740,46790,50,46740,46798,58,True,UPDATED,1631912400,HSL:9641_20210917_La_2_1220,641,HSL:4700229,Leinelän asema
47220,47220,0,47220,47220,0,False,SCHEDULED,1631912400,HSL:4631_20210917_La_2_1245,631,HSL:4700229,Leinelän asema
47520,47520,0,47520,47520,0,False,SCHEDULED,1631912400,HSL:4623K_20210917_La_2_1303,623K,HSL:4700229,Leinelän asema
45900,45917,17,45900,45919,19,True,UPDATED,1631912400,HSL:4623K_20210917_La_1_1202,623K,HSL:4700222,Koivutie
47520,47520,0,47520,47520,0,False,SCHEDULED,1631912400,HSL:4574_20210917_La_2_1221,574,HSL:4700222,Koivutie
49500,49500,0,49500,49500,0,False,SCHEDULED,1631912400,HSL:4623K_20210917_La_1_1300,623K,HSL:4700222,Koivutie
51180,51180,0,51180,51180,0,False,SCHEDULED,1631912400,HSL:4574_20210917_La_2_1320,574,HSL:4700222,Koivutie
53100,53100,0,53100,53100,0,False,SCHEDULED,1631912400,HSL:4623K_20210917_La_1_1400,623K,HSL:4700222,Koivutie
47760,47760,0,47760,47760,0,False,SCHEDULED,1631912400,HSL:6243_20210917_La_1_1310,243,HSL:2621227,Pitäjänportti
51360,51360,0,51360,51360,0,False,SCHEDULED,1631912400,HSL:6243_20210917_La_1_1410,243,HSL:2621227,Pitäjänportti
54960,54960,0,54960,54960,0,False,SCHEDULED,1631912400,HSL:6243_20210917_La_1_1510,243,HSL:2621227,Pitäjänportti
58560,58560,0,58560,58560,0,False,SCHEDULED,1631912400,HSL:6243_20210917_La_1_1610,243,HSL:2621227,Pitäjänportti
62160,62160,0,62160,62160,0,False,SCHEDULED,1631912400,HSL:6243_20210917_La_1_1710,243,HSL:2621227,Pitäjänportti
47820,47820,0,47820,47820,0,False,SCHEDULED,1631912400,HSL:6243_20210917_La_1_1310,243,HSL:2621228,Mikkelänkallio
51420,51420,0,51420,51420,0,False,SCHEDULED,1631912400,HSL:6243_20210917_La_1_1410,243,HSL:2621228,Mikkelänkallio
55020,55020,0,55020,55020,0,False,SCHEDULED,1631912400,HSL:6243_20210917_La_1_1510,243,HSL:2621228,Mikkelänkallio
58620,58620,0,58620,58620,0,False,SCHEDULED,1631912400,HSL:6243_20210917_La_1_1610,243,HSL:2621228,Mikkelänkallio
62220,62220,0,62220,62220,0,False,SCHEDULED,1631912400,HSL:6243_20210917_La_1_1710,243,HSL:2621228,Mikkelänkallio
47460,47460,0,47460,47460,0,False,SCHEDULED,1631912400,HSL:6243_20210917_La_2_1246,243,HSL:2621223,Muurahaisentie
51060,51060,0,51060,51060,0,False,SCHEDULED,1631912400,HSL:6243_20210917_La_2_1346,243,HSL:2621223,Muurahaisentie
54660,54660,0,54660,54660,0,False,SCHEDULED,1631912400,HSL:6243_20210917_La_2_1446,243,HSL:2621223,Muurahaisentie
58260,58260,0,58260,58260,0,False,SCHEDULED,1631912400,HSL:6243_20210917_La_2_1546,243,HSL:2621223,Muurahaisentie
61860,61860,0,61860,61860,0,False,SCHEDULED,1631912400,HSL:6243_20210917_La_2_1646,243,HSL:2621223,Muurahaisentie
47880,47880,0,47880,47880,0,False,SCHEDULED,1631912400,HSL:6243_20210917_La_1_1310,243,HSL:2621224,Muurahaisentie
51480,51480,0,51480,51480,0,False,SCHEDULED,1631912400,HSL:6243_20210917_La_1_1410,243,HSL:2621224,Muurahaisentie
55080,55080,0,55080,55080,0,False,SCHEDULED,1631912400,HSL:6243_20210917_La_1_1510,243,HSL:2621224,Muurahaisentie
58680,58680,0,58680,58680,0,False,SCHEDULED,1631912400,HSL:6243_20210917_La_1_1610,243,HSL:2621224,Muurahaisentie
62280,62280,0,62280,62280,0,False,SCHEDULED,1631912400,HSL:6243_20210917_La_1_1710,243,HSL:2621224,Muurahaisentie
47520,47520,0,47520,47520,0,False,SCHEDULED,1631912400,HSL:6243_20210917_La_2_1246,243,HSL:2621225,Mikkelänkallio
51120,51120,0,51120,51120,0,False,SCHEDULED,1631912400,HSL:6243_20210917_La_2_1346,243,HSL:2621225,Mikkelänkallio
54720,54720,0,54720,54720,0,False,SCHEDULED,1631912400,HSL:6243_20210917_La_2_1446,243,HSL:2621225,Mikkelänkallio
58320,58320,0,58320,58320,0,False,SCHEDULED,1631912400,HSL:6243_20210917_La_2_1546,243,HSL:2621225,Mikkelänkallio
61920,61920,0,61920,61920,0,False,SCHEDULED,1631912400,HSL:6243_20210917_La_2_1646,243,HSL:2621225,Mikkelänkallio
46200,46224,24,46200,46252,52,True,UPDATED,1631912400,HSL:4623K_20210917_La_1_1202,623K,HSL:4700212,Koivukylän puistotie
46380,46442,62,46380,46452,72,True,UPDATED,1631912400,HSL:4735_20210917_La_1_1231,735,HSL:4700212,Koivukylän puistotie
47220,47220,0,47220,47220,0,False,SCHEDULED,1631912400,HSL:4587_20210917_La_1_1234,587,HSL:4700212,Koivukylän puistotie
47820,47820,0,47820,47820,0,False,SCHEDULED,1631912400,HSL:4574_20210917_La_2_1221,574,HSL:4700212,Koivukylän puistotie
48180,48180,0,48180,48180,0,False,SCHEDULED,1631912400,HSL:4735_20210917_La_1_1300,735,HSL:4700212,Koivukylän puistotie
46560,46560,0,46560,46560,0,False,SCHEDULED,1631912400,HSL:2236_20210917_La_2_1254,236,HSL:2723293,Hotelli Korpilampi
50160,50160,0,50160,50160,0,False,SCHEDULED,1631912400,HSL:2236_20210917_La_2_1354,236,HSL:2723293,Hotelli Korpilampi
53760,53760,0,53760,53760,0,False,SCHEDULED,1631912400,HSL:2236_20210917_La_2_1454,236,HSL:2723293,Hotelli Korpilampi
57360,57360,0,57360,57360,0,False,SCHEDULED,1631912400,HSL:2236_20210917_La_2_1554,236,HSL:2723293,Hotelli Korpilampi
61020,61020,0,61020,61020,0,False,SCHEDULED,1631912400,HSL:2236_20210917_La_2_1655,236,HSL:2723293,Hotelli Korpilampi
45960,45980,20,45960,45980,20,True,UPDATED,1631912400,HSL:4623K_20210917_La_1_1202,623K,HSL:4700219,Koivukylänväylä
47580,47580,0,47580,47580,0,False,SCHEDULED,1631912400,HSL:4574_20210917_La_2_1221,574,HSL:4700219,Koivukylänväylä
49560,49560,0,49560,49560,0,False,SCHEDULED,1631912400,HSL:4623K_20210917_La_1_1300,623K,HSL:4700219,Koivukylänväylä
51240,51240,0,51240,51240,0,False,SCHEDULED,1631912400,HSL:4574_20210917_La_2_1320,574,HSL:4700219,Koivukylänväylä
53160,53160,0,53160,53160,0,False,SCHEDULED,1631912400,HSL:4623K_20210917_La_1_1400,623K,HSL:4700219,Koivukylänväylä
47400,47357,-43,47400,47357,-43,True,UPDATED,1631912400,HSL:2236_20210917_La_1_1226,236,HSL:2723292,Hotelli Korpilampi
51060,51060,0,51060,51060,0,False,SCHEDULED,1631912400,HSL:2236_20210917_La_1_1326,236,HSL:2723292,Hotelli Korpilampi
54660,54660,0,54660,54660,0,False,SCHEDULED,1631912400,HSL:2236_20210917_La_1_1426,236,HSL:2723292,Hotelli Korpilampi
58260,58260,0,58260,58260,0,False,SCHEDULED,1631912400,HSL:2236_20210917_La_1_1526,236,HSL:2723292,Hotelli Korpilampi
61800,61800,0,61800,61800,0,False,SCHEDULED,1631912400,HSL:2236_20210917_La_1_1626,236,HSL:2723292,Hotelli Korpilampi
45840,45840,0,45840,45840,0,False,SCHEDULED,1631912400,HSL:4721_20210917_La_1_1158,721,HSL:4700211,Koivukylän asema
46800,46800,0,46800,46800,0,False,SCHEDULED,1631912400,HSL:4721_20210917_La_2_1300,721,HSL:4700211,Koivukylän asema
47640,47640,0,47640,47640,0,False,SCHEDULED,1631912400,HSL:4721_20210917_La_1_1227,721,HSL:4700211,Koivukylän asema
48600,48600,0,48600,48600,0,False,SCHEDULED,1631912400,HSL:4721_20210917_La_2_1330,721,HSL:4700211,Koivukylän asema
49440,49440,0,49440,49440,0,False,SCHEDULED,1631912400,HSL:4721_20210917_La_1_1257,721,HSL:4700211,Koivukylän asema
45180,45272,92,45180,45313,133,True,UPDATED,1631912400,HSL:4631_20210917_La_2_1215,631,HSL:4700210,Koivukylän asema
45900,45900,0,45900,45900,0,False,SCHEDULED,1631912400,HSL:4624_20210917_La_2_1236,624,HSL:4700210,Koivukylän asema
46140,46103,-37,46140,46150,10,True,UPDATED,1631912400,HSL:4623K_20210917_La_1_1202,623K,HSL:4700210,Koivukylän asema
46260,46311,51,46320,46375,55,True,UPDATED,1631912400,HSL:4735_20210917_La_1_1231,735,HSL:4700210,Koivukylän asema
46980,46980,0,46980,46980,0,False,SCHEDULED,1631912400,HSL:4631_20210917_La_2_1245,631,HSL:4700210,Koivukylän asema
45540,45576,36,45540,45576,36,True,UPDATED,1631912400,HSL:2118_20210917_La_1_1202,118,HSL:2621222,Nimismiehenpelto
47340,47340,0,47340,47340,0,False,SCHEDULED,1631912400,HSL:2118_20210917_La_1_1232,118,HSL:2621222,Nimismiehenpelto
47580,47580,0,47580,47580,0,False,SCHEDULED,1631912400,HSL:6243_20210917_La_1_1310,243,HSL:2621222,Nimismiehenpelto
49140,49140,0,49140,49140,0,False,SCHEDULED,1631912400,HSL:2118_20210917_La_1_1302,118,HSL:2621222,Nimismiehenpelto
50940,50940,0,50940,50940,0,False,SCHEDULED,1631912400,HSL:2118_20210917_La_1_1332,118,HSL:2621222,Nimismiehenpelto
47940,47940,0,47940,47940,0,False,SCHEDULED,1631912400,HSL:6243_20210917_La_1_1310,243,HSL:2621238,Rintamäentanhua
51540,51540,0,51540,51540,0,False,SCHEDULED,1631912400,HSL:6243_20210917_La_1_1410,243,HSL:2621238,Rintamäentanhua
55140,55140,0,55140,55140,0,False,SCHEDULED,1631912400,HSL:6243_20210917_La_1_1510,243,HSL:2621238,Rintamäentanhua
58740,58740,0,58740,58740,0,False,SCHEDULED,1631912400,HSL:6243_20210917_La_1_1610,243,HSL:2621238,Rintamäentanhua
62340,62340,0,62340,62340,0,False,SCHEDULED,1631912400,HSL:6243_20210917_La_1_1710,243,HSL:2621238,Rintamäentanhua
45360,45402,42,45360,45417,57,True,UPDATED,1631912400,HSL:4574_20210917_La_1_1233,574,HSL:4700209,Koivukylän asema
45540,45625,85,45600,45645,45,True,UPDATED,1631912400,HSL:4735_20210917_La_2_1219,735,HSL:4700209,Koivukylän asema
46020,46060,40,46020,46060,40,True,UPDATED,1631912400,HSL:4587_20210917_La_2_1234,587,HSL:4700209,Koivukylän asema
46200,46241,41,46200,46260,60,True,UPDATED,1631912400,HSL:4624_20210917_La_1_1219,624,HSL:4700209,Koivukylän asema
46380,46380,0,46380,46380,0,True,UPDATED,1631912400,HSL:4631_20210917_La_1_1234,631,HSL:4700209,Koivukylän asema
47460,47460,0,47460,47460,0,False,SCHEDULED,1631912400,HSL:6243_20210917_La_2_1246,243,HSL:2621239,Rintamäentanhua
51060,51060,0,51060,51060,0,False,SCHEDULED,1631912400,HSL:6243_20210917_La_2_1346,243,HSL:2621239,Rintamäentanhua
54660,54660,0,54660,54660,0,False,SCHEDULED,1631912400,HSL:6243_20210917_La_2_1446,243,HSL:2621239,Rintamäentanhua
58260,58260,0,58260,58260,0,False,SCHEDULED,1631912400,HSL:6243_20210917_La_2_1546,243,HSL:2621239,Rintamäentanhua
61860,61860,0,61860,61860,0,False,SCHEDULED,1631912400,HSL:6243_20210917_La_2_1646,243,HSL:2621239,Rintamäentanhua
45600,45659,59,45600,45659,59,True,UPDATED,1631912400,HSL:4570_20210917_La_2_1214,570,HSL:4610205,Vehkapolku
45660,45702,42,45660,45702,42,True,UPDATED,1631912400,HSL:9641_20210917_La_2_1150,641,HSL:4610205,Vehkapolku
45780,45785,5,45780,45789,9,True,UPDATED,1631912400,HSL:4576_20210917_La_2_1201,576,HSL:4610205,Vehkapolku
45840,45792,-48,45840,45792,-48,True,UPDATED,1631912400,HSL:4624_20210917_La_2_1206,624,HSL:4610205,Vehkapolku
45780,45791,11,45780,45795,15,True,UPDATED,1631912400,HSL:4619_20210917_La_2_1229,619,HSL:4610205,Vehkapolku
45360,45334,-26,45360,45334,-26,True,UPDATED,1631912400,HSL:4611_20210917_La_1_1149,611,HSL:4610206,Tikkurilan matkakesk
45660,45719,59,45660,45719,59,True,UPDATED,1631912400,HSL:4570_20210917_La_2_1214,570,HSL:4610206,Tikkurilan matkakesk
45780,45772,-8,45780,45828,48,True,UPDATED,1631912400,HSL:9641_20210917_La_2_1150,641,HSL:4610206,Tikkurilan matkakesk
45840,45851,11,45840,45856,16,True,UPDATED,1631912400,HSL:4576_20210917_La_2_1201,576,HSL:4610206,Tikkurilan matkakesk
45900,45855,-45,45900,45859,-41,True,UPDATED,1631912400,HSL:4624_20210917_La_2_1206,624,HSL:4610206,Tikkurilan matkakesk
45360,45360,0,45360,45360,0,True,UPDATED,1631912400,HSL:4631_20210917_La_1_1234,631,HSL:4610204,Vehkapolku
45540,45557,17,45540,45557,17,True,UPDATED,1631912400,HSL:4570_20210917_La_1_1205,570,HSL:4610204,Vehkapolku
45780,45780,0,45780,45780,0,False,SCHEDULED,1631912400,HSL:4619_20210917_La_1_1241,619,HSL:4610204,Vehkapolku
46140,46140,0,46140,46140,0,True,UPDATED,1631912400,HSL:4570_20210917_La_1_1215,570,HSL:4610204,Vehkapolku
46200,46200,0,46200,46200,0,False,SCHEDULED,1631912400,HSL:4611_20210917_La_2_1248,611,HSL:4610204,Vehkapolku
45540,45548,8,45540,45552,12,True,UPDATED,1631912400,HSL:9641_20210917_La_2_1150,641,HSL:4610209,Talvikkitie
45720,45635,-85,45720,45637,-83,True,UPDATED,1631912400,HSL:4624_20210917_La_2_1206,624,HSL:4610209,Talvikkitie
45600,45932,332,45600,45937,337,True,UPDATED,1631912400,HSL:4571_20210917_La_2_1141,571,HSL:4610209,Talvikkitie
46140,46235,95,46140,46239,99,True,UPDATED,1631912400,HSL:4631_20210917_La_2_1215,631,HSL:4610209,Talvikkitie
47340,47341,1,47340,47343,3,True,UPDATED,1631912400,HSL:9641_20210917_La_2_1220,641,HSL:4610209,Talvikkitie
45480,45616,136,45480,45618,138,True,UPDATED,1631912400,HSL:4631_20210917_La_2_1215,631,HSL:4700202,Pyökkitie
45840,45871,31,45840,45872,32,True,UPDATED,1631912400,HSL:4574_20210917_La_1_1233,574,HSL:4700202,Pyökkitie
46800,46833,33,46800,46835,35,True,UPDATED,1631912400,HSL:9641_20210917_La_2_1220,641,HSL:4700202,Pyökkitie
47280,47280,0,47280,47280,0,False,SCHEDULED,1631912400,HSL:4631_20210917_La_2_1245,631,HSL:4700202,Pyökkitie
47580,47580,0,47580,47580,0,False,SCHEDULED,1631912400,HSL:4623K_20210917_La_2_1303,623K,HSL:4700202,Pyökkitie
45600,45659,59,45600,45678,78,True,UPDATED,1631912400,HSL:4623K_20210917_La_1_1202,623K,HSL:4700201,Pyökkitie
46080,46080,0,46080,46080,0,True,UPDATED,1631912400,HSL:4631_20210917_La_1_1234,631,HSL:4700201,Pyökkitie
47040,47040,0,47040,47040,0,False,SCHEDULED,1631912400,HSL:9641_20210917_La_1_1250,641,HSL:4700201,Pyökkitie
47280,47280,0,47280,47280,0,False,SCHEDULED,1631912400,HSL:4574_20210917_La_2_1221,574,HSL:4700201,Pyökkitie
47880,47880,0,47880,47880,0,False,SCHEDULED,1631912400,HSL:4631_20210917_La_1_1304,631,HSL:4700201,Pyökkitie
45240,45194,-46,45480,45497,17,True,UPDATED,1631912400,HSL:4570_20210917_La_1_1205,570,HSL:4610207,Tikkurilan matkakesk
45840,45825,-15,46080,46080,0,True,UPDATED,1631912400,HSL:4570_20210917_La_1_1215,570,HSL:4610207,Tikkurilan matkakesk
45960,46278,318,45960,46278,318,True,UPDATED,1631912400,HSL:4711_20210917_La_1_1215,711,HSL:4610207,Tikkurilan matkakesk
46200,46336,136,46200,46336,136,True,UPDATED,1631912400,HSL:4717_20210917_La_1_1155,717,HSL:4610207,Tikkurilan matkakesk
46560,46715,155,46560,46715,155,True,UPDATED,1631912400,HSL:4736_20210917_La_2_1156,736,HSL:4610207,Tikkurilan matkakesk
45720,45761,41,45720,45761,41,True,UPDATED,1631912400,HSL:3001I_20210917_La_1_1156,I,HSL:1333502,Malminkartano
46320,46438,118,46320,46438,118,True,UPDATED,1631912400,HSL:3001I_20210917_La_1_1206,I,HSL:1333502,Malminkartano
46920,46953,33,46920,46953,33,True,UPDATED,1631912400,HSL:3001I_20210917_La_1_1216,I,HSL:1333502,Malminkartano
47520,47590,70,47520,47590,70,True,UPDATED,1631912400,HSL:3001I_20210917_La_1_1226,I,HSL:1333502,Malminkartano
48120,48120,0,48120,48120,0,False,SCHEDULED,1631912400,HSL:3001I_20210917_La_1_1236,I,HSL:1333502,Malminkartano
46140,46161,21,46140,46164,24,True,UPDATED,1631912400,HSL:4624_20210917_La_1_1219,624,HSL:4700207,Saarnitie
46320,46320,0,46320,46320,0,True,UPDATED,1631912400,HSL:4631_20210917_La_1_1234,631,HSL:4700207,Saarnitie
47940,47940,0,47940,47940,0,False,SCHEDULED,1631912400,HSL:4624_20210917_La_1_1249,624,HSL:4700207,Saarnitie
48120,48120,0,48120,48120,0,False,SCHEDULED,1631912400,HSL:4631_20210917_La_1_1304,631,HSL:4700207,Saarnitie
49740,49740,0,49740,49740,0,False,SCHEDULED,1631912400,HSL:4624_20210917_La_1_1319,624,HSL:4700207,Saarnitie
47760,47760,0,47760,47760,0,False,SCHEDULED,1631912400,HSL:3001Z_20210917_La_1_1235,Z,HSL:5020502,Mäntsälä
51360,51360,0,51360,51360,0,False,SCHEDULED,1631912400,HSL:3001Z_20210917_La_1_1335,Z,HSL:5020502,Mäntsälä
54960,54960,0,54960,54960,0,False,SCHEDULED,1631912400,HSL:3001Z_20210917_La_1_1435,Z,HSL:5020502,Mäntsälä
58560,58560,0,58560,58560,0,False,SCHEDULED,1631912400,HSL:3001Z_20210917_La_1_1535,Z,HSL:5020502,Mäntsälä
62160,62160,0,62160,62160,0,False,SCHEDULED,1631912400,HSL:3001Z_20210917_La_1_1635,Z,HSL:5020502,Mäntsälä
45600,45664,64,45600,45664,64,True,UPDATED,1631912400,HSL:3001Z_20210917_La_1_1135,Z,HSL:5020503,Lahti
49200,49200,0,49200,49200,0,False,SCHEDULED,1631912400,HSL:3001Z_20210917_La_1_1235,Z,HSL:5020503,Lahti
52800,52800,0,52800,52800,0,False,SCHEDULED,1631912400,HSL:3001Z_20210917_La_1_1335,Z,HSL:5020503,Lahti
56400,56400,0,56400,56400,0,False,SCHEDULED,1631912400,HSL:3001Z_20210917_La_1_1435,Z,HSL:5020503,Lahti
60000,60000,0,60000,60000,0,False,SCHEDULED,1631912400,HSL:3001Z_20210917_La_1_1535,Z,HSL:5020503,Lahti
47160,47160,0,47160,47160,0,False,SCHEDULED,1631912400,HSL:3001Z_20210917_La_1_1235,Z,HSL:5020501,Haarajoki
50760,50760,0,50760,50760,0,False,SCHEDULED,1631912400,HSL:3001Z_20210917_La_1_1335,Z,HSL:5020501,Haarajoki
54360,54360,0,54360,54360,0,False,SCHEDULED,1631912400,HSL:3001Z_20210917_La_1_1435,Z,HSL:5020501,Haarajoki
57960,57960,0,57960,57960,0,False,SCHEDULED,1631912400,HSL:3001Z_20210917_La_1_1535,Z,HSL:5020501,Haarajoki
61560,61560,0,61560,61560,0,False,SCHEDULED,1631912400,HSL:3001Z_20210917_La_1_1635,Z,HSL:5020501,Haarajoki
45660,45904,244,45660,45909,249,True,UPDATED,1631912400,HSL:4561_20210917_La_1_1203,561,HSL:4520271,Rälssipuisto
46920,46976,56,46920,46979,59,True,UPDATED,1631912400,HSL:4561_20210917_La_1_1223,561,HSL:4520271,Rälssipuisto
48120,48120,0,48120,48120,0,False,SCHEDULED,1631912400,HSL:4561_20210917_La_1_1243,561,HSL:4520271,Rälssipuisto
49380,49380,0,49380,49380,0,False,SCHEDULED,1631912400,HSL:4561_20210917_La_1_1303,561,HSL:4520271,Rälssipuisto
50580,50580,0,50580,50580,0,False,SCHEDULED,1631912400,HSL:4561_20210917_La_1_1323,561,HSL:4520271,Rälssipuisto
46380,46380,0,46380,46380,0,False,SCHEDULED,1631912400,HSL:4561_20210917_La_2_1244,561,HSL:4520272,Perintökuja
47580,47580,0,47580,47580,0,False,SCHEDULED,1631912400,HSL:4561_20210917_La_2_1304,561,HSL:4520272,Perintökuja
48780,48780,0,48780,48780,0,False,SCHEDULED,1631912400,HSL:4561_20210917_La_2_1324,561,HSL:4520272,Perintökuja
49980,49980,0,49980,49980,0,False,SCHEDULED,1631912400,HSL:4561_20210917_La_2_1344,561,HSL:4520272,Perintökuja
51180,51180,0,51180,51180,0,False,SCHEDULED,1631912400,HSL:4561_20210917_La_2_1404,561,HSL:4520272,Perintökuja
45720,45935,215,45720,45949,229,True,UPDATED,1631912400,HSL:4561_20210917_La_1_1203,561,HSL:4520273,Perintökuja
46980,47005,25,46980,47016,36,True,UPDATED,1631912400,HSL:4561_20210917_La_1_1223,561,HSL:4520273,Perintökuja
48180,48180,0,48180,48180,0,False,SCHEDULED,1631912400,HSL:4561_20210917_La_1_1243,561,HSL:4520273,Perintökuja
49440,49440,0,49440,49440,0,False,SCHEDULED,1631912400,HSL:4561_20210917_La_1_1303,561,HSL:4520273,Perintökuja
50640,50640,0,50640,50640,0,False,SCHEDULED,1631912400,HSL:4561_20210917_La_1_1323,561,HSL:4520273,Perintökuja
45540,45540,0,45540,45540,0,True,UPDATED,1631912400,HSL:2111_20210917_La_2_1238,111,HSL:2441201,Arttelikuja
46440,46440,0,46440,46440,0,False,SCHEDULED,1631912400,HSL:2111_20210917_La_2_1253,111,HSL:2441201,Arttelikuja
47340,47340,0,47340,47340,0,False,SCHEDULED,1631912400,HSL:2111_20210917_La_2_1308,111,HSL:2441201,Arttelikuja
48240,48240,0,48240,48240,0,False,SCHEDULED,1631912400,HSL:2111_20210917_La_2_1323,111,HSL:2441201,Arttelikuja
49140,49140,0,49140,49140,0,False,SCHEDULED,1631912400,HSL:2111_20210917_La_2_1338,111,HSL:2441201,Arttelikuja
46380,46380,0,46380,46380,0,False,SCHEDULED,1631912400,HSL:2118_20210917_La_1_1232,118,HSL:2988208,Ullanmäki
48180,48180,0,48180,48180,0,False,SCHEDULED,1631912400,HSL:2118_20210917_La_1_1302,118,HSL:2988208,Ullanmäki
49980,49980,0,49980,49980,0,False,SCHEDULED,1631912400,HSL:2118_20210917_La_1_1332,118,HSL:2988208,Ullanmäki
51780,51780,0,51780,51780,0,False,SCHEDULED,1631912400,HSL:2118_20210917_La_1_1402,118,HSL:2988208,Ullanmäki
53580,53580,0,53580,53580,0,False,SCHEDULED,1631912400,HSL:2118_20210917_La_1_1432,118,HSL:2988208,Ullanmäki
45660,45622,-38,45660,45624,-36,True,UPDATED,1631912400,HSL:2143_20210917_La_2_1226,143,HSL:2441209,Hyljeluodontie
45780,45780,0,45780,45780,0,True,UPDATED,1631912400,HSL:2111_20210917_La_2_1238,111,HSL:2441209,Hyljeluodontie
46140,46140,0,46140,46140,0,False,SCHEDULED,1631912400,HSL:2147_20210917_La_2_1233,147,HSL:2441209,Hyljeluodontie
46560,46560,0,46560,46560,0,False,SCHEDULED,1631912400,HSL:2143_20210917_La_2_1241,143,HSL:2441209,Hyljeluodontie
46680,46680,0,46680,46680,0,False,SCHEDULED,1631912400,HSL:2111_20210917_La_2_1253,111,HSL:2441209,Hyljeluodontie
46320,46320,0,46320,46320,0,False,SCHEDULED,1631912400,HSL:4561_20210917_La_2_1244,561,HSL:4520274,Pyhtäänkorvenkuja
47520,47520,0,47520,47520,0,False,SCHEDULED,1631912400,HSL:4561_20210917_La_2_1304,561,HSL:4520274,Pyhtäänkorvenkuja
48720,48720,0,48720,48720,0,False,SCHEDULED,1631912400,HSL:4561_20210917_La_2_1324,561,HSL:4520274,Pyhtäänkorvenkuja
49920,49920,0,49920,49920,0,False,SCHEDULED,1631912400,HSL:4561_20210917_La_2_1344,561,HSL:4520274,Pyhtäänkorvenkuja
51120,51120,0,51120,51120,0,False,SCHEDULED,1631912400,HSL:4561_20210917_La_2_1404,561,HSL:4520274,Pyhtäänkorvenkuja
45540,45673,133,45540,45680,140,True,UPDATED,1631912400,HSL:2111_20210917_La_1_1200,111,HSL:2441208,Arttelikuja
46440,46394,-46,46440,46399,-41,True,UPDATED,1631912400,HSL:2111_20210917_La_1_1215,111,HSL:2441208,Arttelikuja
47340,47352,12,47340,47356,16,True,UPDATED,1631912400,HSL:2111_20210917_La_1_1230,111,HSL:2441208,Arttelikuja
48240,48240,0,48240,48240,0,False,SCHEDULED,1631912400,HSL:2111_20210917_La_1_1245,111,HSL:2441208,Arttelikuja
49140,49140,0,49140,49140,0,False,SCHEDULED,1631912400,HSL:2111_20210917_La_1_1300,111,HSL:2441208,Arttelikuja
45360,45336,-24,45360,45336,-24,True,UPDATED,1631912400,HSL:2543_20210917_La_2_1222,543,HSL:2441214,Peijinkatu
45600,45593,-7,45600,45596,-4,True,UPDATED,1631912400,HSL:2143_20210917_La_2_1226,143,HSL:2441214,Peijinkatu
46080,46080,0,46080,46080,0,False,SCHEDULED,1631912400,HSL:2147_20210917_La_2_1233,147,HSL:2441214,Peijinkatu
46500,46500,0,46500,46500,0,False,SCHEDULED,1631912400,HSL:2143_20210917_La_2_1241,143,HSL:2441214,Peijinkatu
46980,46980,0,46980,46980,0,False,SCHEDULED,1631912400,HSL:2147_20210917_La_2_1248,147,HSL:2441214,Peijinkatu
46080,46080,0,46080,46080,0,False,SCHEDULED,1631912400,HSL:4561_20210917_La_2_1244,561,HSL:4520267,Mekaanikontie
46380,46380,0,46380,46380,0,False,SCHEDULED,1631912400,HSL:4615_20210917_La_2_1249,615,HSL:4520267,Mekaanikontie
46800,46809,9,46800,46813,13,True,UPDATED,1631912400,HSL:4574_20210917_La_1_1233,574,HSL:4520267,Mekaanikontie
47100,47100,0,47100,47100,0,False,SCHEDULED,1631912400,HSL:4415_20210917_La_2_1302,415,HSL:4520267,Mekaanikontie
47280,47280,0,47280,47280,0,False,SCHEDULED,1631912400,HSL:4561_20210917_La_2_1304,561,HSL:4520267,Mekaanikontie
45840,46225,385,45840,46225,385,True,UPDATED,1631912400,HSL:4415_20210917_La_1_1202,415,HSL:4520268,Mekaanikontie
46020,46242,222,46020,46242,222,True,UPDATED,1631912400,HSL:4561_20210917_La_1_1203,561,HSL:4520268,Mekaanikontie
46500,46500,0,46500,46500,0,False,SCHEDULED,1631912400,HSL:4574_20210917_La_2_1221,574,HSL:4520268,Mekaanikontie
47100,47063,-37,47100,47106,6,True,UPDATED,1631912400,HSL:4615_20210917_La_1_1225,615,HSL:4520268,Mekaanikontie
47280,47389,109,47280,47392,112,True,UPDATED,1631912400,HSL:4561_20210917_La_1_1223,561,HSL:4520268,Mekaanikontie
45540,45540,0,45600,45600,0,True,UPDATED,1631912400,HSL:4570_20210917_La_2_1234,570,HSL:4520269,Aviapolis
46140,46140,0,46140,46140,0,False,SCHEDULED,1631912400,HSL:4561_20210917_La_2_1244,561,HSL:4520269,Aviapolis
46140,46140,0,46200,46200,0,False,SCHEDULED,1631912400,HSL:4570_20210917_La_2_1244,570,HSL:4520269,Aviapolis
46440,46440,0,46440,46440,0,False,SCHEDULED,1631912400,HSL:4615_20210917_La_2_1249,615,HSL:4520269,Aviapolis
46740,46740,0,46800,46800,0,False,SCHEDULED,1631912400,HSL:4570_20210917_La_2_1254,570,HSL:4520269,Aviapolis
46800,46813,13,46860,46887,27,True,UPDATED,1631912400,HSL:4574_20210917_La_1_1233,574,HSL:4520265,Aviapolis
47160,47160,0,47160,47160,0,False,SCHEDULED,1631912400,HSL:4415_20210917_La_2_1302,415,HSL:4520265,Aviapolis
48360,48360,0,48480,48480,0,False,SCHEDULED,1631912400,HSL:4576_20210917_La_1_1309,576,HSL:4520265,Aviapolis
50400,50400,0,50460,50460,0,False,SCHEDULED,1631912400,HSL:4574_20210917_La_1_1333,574,HSL:4520265,Aviapolis
50700,50700,0,50700,50700,0,False,SCHEDULED,1631912400,HSL:4415_20210917_La_2_1401,415,HSL:4520265,Aviapolis
45540,45479,-61,45540,45540,0,True,UPDATED,1631912400,HSL:4570_20210917_La_1_1145,570,HSL:4520266,Aviapolis
45960,46113,153,45960,46169,209,True,UPDATED,1631912400,HSL:4561_20210917_La_1_1203,561,HSL:4520266,Aviapolis
45840,46188,348,45840,46196,356,True,UPDATED,1631912400,HSL:4415_20210917_La_1_1202,415,HSL:4520266,Aviapolis
46140,46265,125,46140,46265,125,True,UPDATED,1631912400,HSL:4570_20210917_La_1_1155,570,HSL:4520266,Aviapolis
46800,46761,-39,46800,46817,17,True,UPDATED,1631912400,HSL:4570_20210917_La_1_1205,570,HSL:4520266,Aviapolis
47400,47400,0,47400,47400,0,False,SCHEDULED,1631912400,HSL:2246K_20210917_La_1_1242,246K,HSL:2711203,Snettans
51000,51000,0,51000,51000,0,False,SCHEDULED,1631912400,HSL:2246K_20210917_La_1_1342,246K,HSL:2711203,Snettans
54600,54600,0,54600,54600,0,False,SCHEDULED,1631912400,HSL:2246K_20210917_La_1_1442,246K,HSL:2711203,Snettans
58200,58200,0,58200,58200,0,False,SCHEDULED,1631912400,HSL:2246K_20210917_La_1_1542,246K,HSL:2711203,Snettans
61800,61800,0,61800,61800,0,False,SCHEDULED,1631912400,HSL:2246K_20210917_La_1_1642,246K,HSL:2711203,Snettans
48420,48420,0,48420,48420,0,False,SCHEDULED,1631912400,HSL:4576_20210917_La_2_1301,576,HSL:4520299,Kytökallio
52080,52080,0,52080,52080,0,False,SCHEDULED,1631912400,HSL:4576_20210917_La_2_1401,576,HSL:4520299,Kytökallio
55740,55740,0,55740,55740,0,False,SCHEDULED,1631912400,HSL:4576_20210917_La_2_1501,576,HSL:4520299,Kytökallio
59340,59340,0,59340,59340,0,False,SCHEDULED,1631912400,HSL:4576_20210917_La_2_1601,576,HSL:4520299,Kytökallio
62880,62880,0,62880,62880,0,False,SCHEDULED,1631912400,HSL:4576_20210917_La_2_1701,576,HSL:4520299,Kytökallio
45420,45553,133,45420,45557,137,True,UPDATED,1631912400,HSL:2111_20210917_La_1_1200,111,HSL:2441236,Hylkeenpyytäjä
46320,46286,-34,46320,46289,-31,True,UPDATED,1631912400,HSL:2111_20210917_La_1_1215,111,HSL:2441236,Hylkeenpyytäjä
47220,47243,23,47220,47246,26,True,UPDATED,1631912400,HSL:2111_20210917_La_1_1230,111,HSL:2441236,Hylkeenpyytäjä
48120,48120,0,48120,48120,0,False,SCHEDULED,1631912400,HSL:2111_20210917_La_1_1245,111,HSL:2441236,Hylkeenpyytäjä
49020,49020,0,49020,49020,0,False,SCHEDULED,1631912400,HSL:2111_20210917_La_1_1300,111,HSL:2441236,Hylkeenpyytäjä
45660,45660,0,45660,45660,0,True,UPDATED,1631912400,HSL:2111_20210917_La_2_1238,111,HSL:2441235,Hylkeenpyytäjä
46560,46560,0,46560,46560,0,False,SCHEDULED,1631912400,HSL:2111_20210917_La_2_1253,111,HSL:2441235,Hylkeenpyytäjä
47460,47460,0,47460,47460,0,False,SCHEDULED,1631912400,HSL:2111_20210917_La_2_1308,111,HSL:2441235,Hylkeenpyytäjä
48360,48360,0,48360,48360,0,False,SCHEDULED,1631912400,HSL:2111_20210917_La_2_1323,111,HSL:2441235,Hylkeenpyytäjä
49260,49260,0,49260,49260,0,False,SCHEDULED,1631912400,HSL:2111_20210917_La_2_1338,111,HSL:2441235,Hylkeenpyytäjä
46140,46083,-57,46140,46083,-57,True,UPDATED,1631912400,HSL:9788K_20210917_La_2_1225,788K,HSL:9228210,Lugnnäsintie
60840,60840,0,60840,60840,0,False,SCHEDULED,1631912400,HSL:9788K_20210917_La_2_1630,788K,HSL:9228210,Lugnnäsintie
46080,46045,-35,46080,46046,-34,True,UPDATED,1631912400,HSL:9788K_20210917_La_2_1225,788K,HSL:9228211,Notkotie
60780,60780,0,60780,60780,0,False,SCHEDULED,1631912400,HSL:9788K_20210917_La_2_1630,788K,HSL:9228211,Notkotie
45540,45641,101,45540,45646,106,True,UPDATED,1631912400,HSL:2111_20210917_La_1_1200,111,HSL:2441240,Rullaniementie
46440,46366,-74,46440,46370,-70,True,UPDATED,1631912400,HSL:2111_20210917_La_1_1215,111,HSL:2441240,Rullaniementie
47340,47324,-16,47340,47327,-13,True,UPDATED,1631912400,HSL:2111_20210917_La_1_1230,111,HSL:2441240,Rullaniementie
48240,48240,0,48240,48240,0,False,SCHEDULED,1631912400,HSL:2111_20210917_La_1_1245,111,HSL:2441240,Rullaniementie
49140,49140,0,49140,49140,0,False,SCHEDULED,1631912400,HSL:2111_20210917_La_1_1300,111,HSL:2441240,Rullaniementie
45420,45428,8,45420,45428,8,True,UPDATED,1631912400,HSL:3002P_20210917_La_1_1148,P,HSL:1382551,Malmi
45720,45771,51,45720,45771,51,True,UPDATED,1631912400,HSL:3001K_20210917_La_2_1221,K,HSL:1382551,Malmi
46020,46107,87,46020,46107,87,True,UPDATED,1631912400,HSL:3002P_20210917_La_1_1158,P,HSL:1382551,Malmi
46320,46430,110,46320,46430,110,True,UPDATED,1631912400,HSL:3001K_20210917_La_2_1231,K,HSL:1382551,Malmi
46620,46707,87,46620,46707,87,True,UPDATED,1631912400,HSL:3002P_20210917_La_1_1208,P,HSL:1382551,Malmi
45480,45610,130,45480,45615,135,True,UPDATED,1631912400,HSL:2111_20210917_La_1_1200,111,HSL:2441246,Hyljeranta
46380,46339,-41,46380,46342,-38,True,UPDATED,1631912400,HSL:2111_20210917_La_1_1215,111,HSL:2441246,Hyljeranta
47280,47297,17,47280,47299,19,True,UPDATED,1631912400,HSL:2111_20210917_La_1_1230,111,HSL:2441246,Hyljeranta
48180,48180,0,48180,48180,0,False,SCHEDULED,1631912400,HSL:2111_20210917_La_1_1245,111,HSL:2441246,Hyljeranta
49080,49080,0,49080,49080,0,False,SCHEDULED,1631912400,HSL:2111_20210917_La_1_1300,111,HSL:2441246,Hyljeranta
45600,45600,0,45600,45600,0,True,UPDATED,1631912400,HSL:2111_20210917_La_2_1238,111,HSL:2441245,Hyljeranta
46500,46500,0,46500,46500,0,False,SCHEDULED,1631912400,HSL:2111_20210917_La_2_1253,111,HSL:2441245,Hyljeranta
47400,47400,0,47400,47400,0,False,SCHEDULED,1631912400,HSL:2111_20210917_La_2_1308,111,HSL:2441245,Hyljeranta
48300,48300,0,48300,48300,0,False,SCHEDULED,1631912400,HSL:2111_20210917_La_2_1323,111,HSL:2441245,Hyljeranta
49200,49200,0,49200,49200,0,False,SCHEDULED,1631912400,HSL:2111_20210917_La_2_1338,111,HSL:2441245,Hyljeranta
45480,45240,-240,45480,45480,0,True,UPDATED,1631912400,HSL:2111_20210917_La_2_1238,111,HSL:2441244,Hyljeveneentie
45600,45717,117,45600,45717,117,True,UPDATED,1631912400,HSL:2111_20210917_La_1_1200,111,HSL:2441244,Hyljeveneentie
46380,46380,0,46380,46380,0,False,SCHEDULED,1631912400,HSL:2111_20210917_La_2_1253,111,HSL:2441244,Hyljeveneentie
46500,46435,-65,46500,46538,38,True,UPDATED,1631912400,HSL:2111_20210917_La_1_1215,111,HSL:2441244,Hyljeveneentie
47280,47280,0,47280,47280,0,False,SCHEDULED,1631912400,HSL:2111_20210917_La_2_1308,111,HSL:2441244,Hyljeveneentie
47040,46993,-47,47040,47058,18,True,UPDATED,1631912400,HSL:4615_20210917_La_1_1225,615,HSL:4520238,Toinen savu
48480,48480,0,48480,48480,0,False,SCHEDULED,1631912400,HSL:4576_20210917_La_2_1301,576,HSL:4520238,Toinen savu
48840,48840,0,48840,48840,0,False,SCHEDULED,1631912400,HSL:4615_20210917_La_1_1255,615,HSL:4520238,Toinen savu
50640,50640,0,50640,50640,0,False,SCHEDULED,1631912400,HSL:4615_20210917_La_1_1325,615,HSL:4520238,Toinen savu
52080,52080,0,52080,52080,0,False,SCHEDULED,1631912400,HSL:4576_20210917_La_2_1401,576,HSL:4520238,Toinen savu
45900,46068,168,45900,46068,168,True,UPDATED,1631912400,HSL:4561_20210917_La_1_1203,561,HSL:4520239,Veromies
45780,46131,351,45780,46138,358,True,UPDATED,1631912400,HSL:4415_20210917_La_1_1202,415,HSL:4520239,Veromies
46320,46320,0,46320,46320,0,False,SCHEDULED,1631912400,HSL:4574_20210917_La_2_1221,574,HSL:4520239,Veromies
47160,47196,36,47160,47197,37,True,UPDATED,1631912400,HSL:4561_20210917_La_1_1223,561,HSL:4520239,Veromies
48360,48360,0,48360,48360,0,False,SCHEDULED,1631912400,HSL:4561_20210917_La_1_1243,561,HSL:4520239,Veromies
45480,45480,0,45480,45480,0,True,UPDATED,1631912400,HSL:2111_20210917_La_2_1238,111,HSL:2441243,Hyljelahti
46380,46380,0,46380,46380,0,False,SCHEDULED,1631912400,HSL:2111_20210917_La_2_1253,111,HSL:2441243,Hyljelahti
47280,47280,0,47280,47280,0,False,SCHEDULED,1631912400,HSL:2111_20210917_La_2_1308,111,HSL:2441243,Hyljelahti
48180,48180,0,48180,48180,0,False,SCHEDULED,1631912400,HSL:2111_20210917_La_2_1323,111,HSL:2441243,Hyljelahti
49080,49080,0,49080,49080,0,False,SCHEDULED,1631912400,HSL:2111_20210917_La_2_1338,111,HSL:2441243,Hyljelahti
45600,45703,103,45600,45705,105,True,UPDATED,1631912400,HSL:2111_20210917_La_1_1200,111,HSL:2441242,Hyljelahti
46500,46421,-79,46500,46422,-78,True,UPDATED,1631912400,HSL:2111_20210917_La_1_1215,111,HSL:2441242,Hyljelahti
47400,47379,-21,47400,47380,-20,True,UPDATED,1631912400,HSL:2111_20210917_La_1_1230,111,HSL:2441242,Hyljelahti
48300,48300,0,48300,48300,0,False,SCHEDULED,1631912400,HSL:2111_20210917_La_1_1245,111,HSL:2441242,Hyljelahti
49200,49200,0,49200,49200,0,False,SCHEDULED,1631912400,HSL:2111_20210917_La_1_1300,111,HSL:2441242,Hyljelahti
45540,45540,0,45540,45540,0,True,UPDATED,1631912400,HSL:2111_20210917_La_2_1238,111,HSL:2441241,Rullaniementie
46440,46440,0,46440,46440,0,False,SCHEDULED,1631912400,HSL:2111_20210917_La_2_1253,111,HSL:2441241,Rullaniementie
47340,47340,0,47340,47340,0,False,SCHEDULED,1631912400,HSL:2111_20210917_La_2_1308,111,HSL:2441241,Rullaniementie
48240,48240,0,48240,48240,0,False,SCHEDULED,1631912400,HSL:2111_20210917_La_2_1323,111,HSL:2441241,Rullaniementie
49140,49140,0,49140,49140,0,False,SCHEDULED,1631912400,HSL:2111_20210917_La_2_1338,111,HSL:2441241,Rullaniementie
46200,46200,0,46200,46200,0,False,SCHEDULED,1631912400,HSL:7455A_20210917_La_1_1245,455A,HSL:1140205,Ooppera
46740,46740,0,46740,46740,0,False,SCHEDULED,1631912400,HSL:7280_20210917_La_1_1255,280,HSL:1140205,Ooppera
48120,48120,0,48120,48120,0,False,SCHEDULED,1631912400,HSL:7848_20210917_La_1_1318,848,HSL:1140205,Ooppera
49200,49200,0,49200,49200,0,False,SCHEDULED,1631912400,HSL:7465_20210917_La_1_1335,465,HSL:1140205,Ooppera
50340,50340,0,50340,50340,0,False,SCHEDULED,1631912400,HSL:7280_20210917_La_1_1355,280,HSL:1140205,Ooppera
46380,46380,0,46440,46440,0,False,SCHEDULED,1631912400,HSL:4574_20210917_La_2_1221,574,HSL:4520236,Aviapolis
48480,48480,0,48540,48540,0,False,SCHEDULED,1631912400,HSL:4576_20210917_La_2_1301,576,HSL:4520236,Aviapolis
49980,49980,0,50040,50040,0,False,SCHEDULED,1631912400,HSL:4574_20210917_La_2_1320,574,HSL:4520236,Aviapolis
52140,52140,0,52200,52200,0,False,SCHEDULED,1631912400,HSL:4576_20210917_La_2_1401,576,HSL:4520236,Aviapolis
53580,53580,0,53640,53640,0,False,SCHEDULED,1631912400,HSL:4574_20210917_La_2_1420,574,HSL:4520236,Aviapolis
48480,48480,0,48480,48480,0,False,SCHEDULED,1631912400,HSL:4576_20210917_La_1_1309,576,HSL:4520237,Toinen savu
52080,52080,0,52080,52080,0,False,SCHEDULED,1631912400,HSL:4576_20210917_La_1_1409,576,HSL:4520237,Toinen savu
55680,55680,0,55680,55680,0,False,SCHEDULED,1631912400,HSL:4576_20210917_La_1_1509,576,HSL:4520237,Toinen savu
59280,59280,0,59280,59280,0,False,SCHEDULED,1631912400,HSL:4576_20210917_La_1_1609,576,HSL:4520237,Toinen savu
62880,62880,0,62880,62880,0,False,SCHEDULED,1631912400,HSL:4576_20210917_La_1_1709,576,HSL:4520237,Toinen savu
46260,46260,0,46260,46260,0,False,SCHEDULED,1631912400,HSL:4561_20210917_La_2_1244,561,HSL:4520231,Robert Huberin tie
47460,47460,0,47460,47460,0,False,SCHEDULED,1631912400,HSL:4561_20210917_La_2_1304,561,HSL:4520231,Robert Huberin tie
48660,48660,0,48660,48660,0,False,SCHEDULED,1631912400,HSL:4561_20210917_La_2_1324,561,HSL:4520231,Robert Huberin tie
49860,49860,0,49860,49860,0,False,SCHEDULED,1631912400,HSL:4561_20210917_La_2_1344,561,HSL:4520231,Robert Huberin tie
51060,51060,0,51060,51060,0,False,SCHEDULED,1631912400,HSL:4561_20210917_La_2_1404,561,HSL:4520231,Robert Huberin tie
46200,46200,0,46200,46200,0,False,SCHEDULED,1631912400,HSL:4561_20210917_La_2_1244,561,HSL:4520232,Veromies
47400,47400,0,47400,47400,0,False,SCHEDULED,1631912400,HSL:4561_20210917_La_2_1304,561,HSL:4520232,Veromies
48600,48600,0,48600,48600,0,False,SCHEDULED,1631912400,HSL:4561_20210917_La_2_1324,561,HSL:4520232,Veromies
49800,49800,0,49800,49800,0,False,SCHEDULED,1631912400,HSL:4561_20210917_La_2_1344,561,HSL:4520232,Veromies
51000,51000,0,51000,51000,0,False,SCHEDULED,1631912400,HSL:4561_20210917_La_2_1404,561,HSL:4520232,Veromies
46920,46948,28,46920,46957,37,True,UPDATED,1631912400,HSL:4574_20210917_La_1_1233,574,HSL:4520233,Veromies
47220,47220,0,47220,47220,0,False,SCHEDULED,1631912400,HSL:4415_20210917_La_2_1302,415,HSL:4520233,Veromies
50520,50520,0,50520,50520,0,False,SCHEDULED,1631912400,HSL:4574_20210917_La_1_1333,574,HSL:4520233,Veromies
50760,50760,0,50760,50760,0,False,SCHEDULED,1631912400,HSL:4415_20210917_La_2_1401,415,HSL:4520233,Veromies
54120,54120,0,54120,54120,0,False,SCHEDULED,1631912400,HSL:4574_20210917_La_1_1433,574,HSL:4520233,Veromies
45240,45324,84,45240,45324,84,True,UPDATED,1631912400,HSL:3001K_20210917_La_2_1211,K,HSL:1370551,Pukinmäki
45540,45540,0,45540,45540,0,True,UPDATED,1631912400,HSL:3002P_20210917_La_1_1148,P,HSL:1370551,Pukinmäki
45840,45881,41,45840,45881,41,True,UPDATED,1631912400,HSL:3001K_20210917_La_2_1221,K,HSL:1370551,Pukinmäki
46140,46220,80,46140,46220,80,True,UPDATED,1631912400,HSL:3002P_20210917_La_1_1158,P,HSL:1370551,Pukinmäki
46440,46540,100,46440,46540,100,True,UPDATED,1631912400,HSL:3001K_20210917_La_2_1231,K,HSL:1370551,Pukinmäki
45480,45503,23,45480,45503,23,True,UPDATED,1631912400,HSL:3001K_20210917_La_1_1221,K,HSL:1411501,Puistola
45780,45825,45,45780,45825,45,True,UPDATED,1631912400,HSL:3001I_20210917_La_1_1226,I,HSL:1411501,Puistola
46080,46089,9,46080,46089,9,True,UPDATED,1631912400,HSL:3001K_20210917_La_1_1231,K,HSL:1411501,Puistola
46380,46380,0,46380,46380,0,False,SCHEDULED,1631912400,HSL:3001I_20210917_La_1_1236,I,HSL:1411501,Puistola
46680,46680,0,46680,46680,0,False,SCHEDULED,1631912400,HSL:3001K_20210917_La_1_1241,K,HSL:1411501,Puistola
45480,45605,125,45480,45605,125,True,UPDATED,1631912400,HSL:4570_20210917_La_1_1155,570,HSL:4520227,Manttaalitie
46140,46157,17,46140,46157,17,True,UPDATED,1631912400,HSL:4570_20210917_La_1_1205,570,HSL:4520227,Manttaalitie
46740,46740,0,46740,46740,0,True,UPDATED,1631912400,HSL:4570_20210917_La_1_1215,570,HSL:4520227,Manttaalitie
47340,47357,17,47340,47399,59,True,UPDATED,1631912400,HSL:4570_20210917_La_1_1225,570,HSL:4520227,Manttaalitie
47940,47940,0,47940,47940,0,True,UPDATED,1631912400,HSL:4570_20210917_La_1_1235,570,HSL:4520227,Manttaalitie
45420,45359,-61,45420,45359,-61,True,UPDATED,1631912400,HSL:4570_20210917_La_1_1145,570,HSL:4520228,Virkamies
46020,46145,125,46020,46145,125,True,UPDATED,1631912400,HSL:4570_20210917_La_1_1155,570,HSL:4520228,Virkamies
46680,46697,17,46680,46697,17,True,UPDATED,1631912400,HSL:4570_20210917_La_1_1205,570,HSL:4520228,Virkamies
46980,46916,-64,46980,46993,13,True,UPDATED,1631912400,HSL:4615_20210917_La_1_1225,615,HSL:4520228,Virkamies
47280,47280,0,47280,47280,0,True,UPDATED,1631912400,HSL:4570_20210917_La_1_1215,570,HSL:4520228,Virkamies
45720,45720,0,45720,45720,0,True,UPDATED,1631912400,HSL:4570_20210917_La_2_1234,570,HSL:4520229,Virkamies
46320,46320,0,46320,46320,0,False,SCHEDULED,1631912400,HSL:4570_20210917_La_2_1244,570,HSL:4520229,Virkamies
46560,46560,0,46560,46560,0,False,SCHEDULED,1631912400,HSL:4615_20210917_La_2_1249,615,HSL:4520229,Virkamies
46920,46920,0,46920,46920,0,False,SCHEDULED,1631912400,HSL:4570_20210917_La_2_1254,570,HSL:4520229,Virkamies
47520,47520,0,47520,47520,0,False,SCHEDULED,1631912400,HSL:4570_20210917_La_2_1304,570,HSL:4520229,Virkamies
45420,45437,17,45420,45447,27,True,UPDATED,1631912400,HSL:2436_20210917_La_1_1232,436,HSL:1140216,Töölön kisahalli
45600,45600,0,45600,45600,0,True,UPDATED,1631912400,HSL:1040_20210917_La_1_1235,40,HSL:1140216,Töölön kisahalli
46020,46020,0,46020,46020,0,False,SCHEDULED,1631912400,HSL:4421_20210917_La_1_1242,421,HSL:1140216,Töölön kisahalli
46200,46200,0,46200,46200,0,False,SCHEDULED,1631912400,HSL:1040_20210917_La_1_1245,40,HSL:1140216,Töölön kisahalli
46260,46260,0,46260,46260,0,False,SCHEDULED,1631912400,HSL:7455A_20210917_La_1_1245,455A,HSL:1140216,Töölön kisahalli
47040,47029,-11,47040,47036,-4,True,UPDATED,1631912400,HSL:4574_20210917_La_1_1233,574,HSL:4520220,Äyrikuja
47280,47280,0,47280,47280,0,False,SCHEDULED,1631912400,HSL:4415_20210917_La_2_1302,415,HSL:4520220,Äyrikuja
50640,50640,0,50640,50640,0,False,SCHEDULED,1631912400,HSL:4574_20210917_La_1_1333,574,HSL:4520220,Äyrikuja
50880,50880,0,50880,50880,0,False,SCHEDULED,1631912400,HSL:4415_20210917_La_2_1401,415,HSL:4520220,Äyrikuja
54240,54240,0,54240,54240,0,False,SCHEDULED,1631912400,HSL:4574_20210917_La_1_1433,574,HSL:4520220,Äyrikuja
46680,46680,0,46680,46680,0,False,SCHEDULED,1631912400,HSL:2236_20210917_La_2_1254,236,HSL:2723210,Lahnuksenmäki
50280,50280,0,50280,50280,0,False,SCHEDULED,1631912400,HSL:2236_20210917_La_2_1354,236,HSL:2723210,Lahnuksenmäki
53880,53880,0,53880,53880,0,False,SCHEDULED,1631912400,HSL:2236_20210917_La_2_1454,236,HSL:2723210,Lahnuksenmäki
57480,57480,0,57480,57480,0,False,SCHEDULED,1631912400,HSL:2236_20210917_La_2_1554,236,HSL:2723210,Lahnuksenmäki
61140,61140,0,61140,61140,0,False,SCHEDULED,1631912400,HSL:2236_20210917_La_2_1655,236,HSL:2723210,Lahnuksenmäki
47220,47209,-11,47220,47210,-10,True,UPDATED,1631912400,HSL:2236_20210917_La_1_1226,236,HSL:2723211,Lahnuksenmäki
50880,50880,0,50880,50880,0,False,SCHEDULED,1631912400,HSL:2236_20210917_La_1_1326,236,HSL:2723211,Lahnuksenmäki
54540,54540,0,54540,54540,0,False,SCHEDULED,1631912400,HSL:2236_20210917_La_1_1426,236,HSL:2723211,Lahnuksenmäki
58140,58140,0,58140,58140,0,False,SCHEDULED,1631912400,HSL:2236_20210917_La_1_1526,236,HSL:2723211,Lahnuksenmäki
61680,61680,0,61680,61680,0,False,SCHEDULED,1631912400,HSL:2236_20210917_La_1_1626,236,HSL:2723211,Lahnuksenmäki
53760,53760,0,53760,53760,0,False,SCHEDULED,1631912400,HSL:9787K_20210917_La_1_1410,787K,HSL:9216210,Nybacka
68220,68220,0,68220,68220,0,False,SCHEDULED,1631912400,HSL:9785K_20210917_La_1_1810,785K,HSL:9216210,Nybacka
53820,53820,0,53820,53820,0,False,SCHEDULED,1631912400,HSL:9787K_20210917_La_1_1410,787K,HSL:9216212,Laulas
68280,68280,0,68280,68280,0,False,SCHEDULED,1631912400,HSL:9785K_20210917_La_1_1810,785K,HSL:9216212,Laulas
46860,46898,38,46860,46898,38,True,UPDATED,1631912400,HSL:9788K_20210917_La_2_1225,788K,HSL:9216211,Laulas
61560,61560,0,61560,61560,0,False,SCHEDULED,1631912400,HSL:9788K_20210917_La_2_1630,788K,HSL:9216211,Laulas
40080,40080,0,40080,40080,0,False,SCHEDULED,1631998800,HSL:9785K_20210917_Su_2_1058,785K,HSL:9216211,Laulas
45480,45549,69,45480,45549,69,True,UPDATED,1631912400,HSL:9841_20210917_La_1_1200,841,HSL:9216214,Katajamäentie
49980,49980,0,49980,49980,0,False,SCHEDULED,1631912400,HSL:9841_20210917_La_1_1315,841,HSL:9216214,Katajamäentie
52680,52680,0,52680,52680,0,False,SCHEDULED,1631912400,HSL:9841_20210917_La_1_1400,841,HSL:9216214,Katajamäentie
56460,56460,0,56460,56460,0,False,SCHEDULED,1631912400,HSL:9841_20210917_La_1_1500,841,HSL:9216214,Katajamäentie
60960,60960,0,60960,60960,0,False,SCHEDULED,1631912400,HSL:9841_20210917_La_1_1615,841,HSL:9216214,Katajamäentie
47220,47220,0,47220,47220,0,False,SCHEDULED,1631912400,HSL:9841_20210917_La_2_1305,841,HSL:9216213,Katajamäentie
50820,50820,0,50820,50820,0,False,SCHEDULED,1631912400,HSL:9841_20210917_La_2_1405,841,HSL:9216213,Katajamäentie
54420,54420,0,54420,54420,0,False,SCHEDULED,1631912400,HSL:9841_20210917_La_2_1505,841,HSL:9216213,Katajamäentie
58020,58020,0,58020,58020,0,False,SCHEDULED,1631912400,HSL:9841_20210917_La_2_1605,841,HSL:9216213,Katajamäentie
61620,61620,0,61620,61620,0,False,SCHEDULED,1631912400,HSL:9841_20210917_La_2_1705,841,HSL:9216213,Katajamäentie
45600,45600,0,45600,45600,0,True,UPDATED,1631912400,HSL:4570_20210917_La_2_1224,570,HSL:4520259,Manttaalitie
46200,46200,0,46200,46200,0,True,UPDATED,1631912400,HSL:4570_20210917_La_2_1234,570,HSL:4520259,Manttaalitie
46800,46800,0,46800,46800,0,False,SCHEDULED,1631912400,HSL:4570_20210917_La_2_1244,570,HSL:4520259,Manttaalitie
47400,47400,0,47400,47400,0,False,SCHEDULED,1631912400,HSL:4570_20210917_La_2_1254,570,HSL:4520259,Manttaalitie
48000,48000,0,48000,48000,0,False,SCHEDULED,1631912400,HSL:4570_20210917_La_2_1304,570,HSL:4520259,Manttaalitie
45420,45479,59,45420,45480,60,True,UPDATED,1631912400,HSL:9841_20210917_La_1_1200,841,HSL:9216219,Broböle
49920,49920,0,49920,49920,0,False,SCHEDULED,1631912400,HSL:9841_20210917_La_1_1315,841,HSL:9216219,Broböle
52620,52620,0,52620,52620,0,False,SCHEDULED,1631912400,HSL:9841_20210917_La_1_1400,841,HSL:9216219,Broböle
56400,56400,0,56400,56400,0,False,SCHEDULED,1631912400,HSL:9841_20210917_La_1_1500,841,HSL:9216219,Broböle
60900,60900,0,60900,60900,0,False,SCHEDULED,1631912400,HSL:9841_20210917_La_1_1615,841,HSL:9216219,Broböle
46380,46309,-71,46380,46310,-70,True,UPDATED,1631912400,HSL:9788K_20210917_La_2_1225,788K,HSL:9228201,Sommarnäsintie
61080,61080,0,61080,61080,0,False,SCHEDULED,1631912400,HSL:9788K_20210917_La_2_1630,788K,HSL:9228201,Sommarnäsintie
57240,57240,0,57240,57240,0,False,SCHEDULED,1631912400,HSL:9788B_20210917_La_1_1550,788B,HSL:9228202,Sommarnäsintie
46380,46281,-99,46380,46282,-98,True,UPDATED,1631912400,HSL:9788K_20210917_La_2_1225,788K,HSL:9228204,Ollkärrintie
61080,61080,0,61080,61080,0,False,SCHEDULED,1631912400,HSL:9788K_20210917_La_2_1630,788K,HSL:9228204,Ollkärrintie
57300,57300,0,57300,57300,0,False,SCHEDULED,1631912400,HSL:9788B_20210917_La_1_1550,788B,HSL:9228205,Ollkärrintie
46260,46208,-52,46260,46209,-51,True,UPDATED,1631912400,HSL:9788K_20210917_La_2_1225,788K,HSL:9228206,Lehtikuusentie
60960,60960,0,60960,60960,0,False,SCHEDULED,1631912400,HSL:9788K_20210917_La_2_1630,788K,HSL:9228206,Lehtikuusentie
46200,46187,-13,46200,46187,-13,True,UPDATED,1631912400,HSL:9788K_20210917_La_2_1225,788K,HSL:9228207,Lillängintie
60900,60900,0,60900,60900,0,False,SCHEDULED,1631912400,HSL:9788K_20210917_La_2_1630,788K,HSL:9228207,Lillängintie
46200,46157,-43,46200,46163,-37,True,UPDATED,1631912400,HSL:9788K_20210917_La_2_1225,788K,HSL:9228208,Vanha Kuninkaantie
60900,60900,0,60900,60900,0,False,SCHEDULED,1631912400,HSL:9788K_20210917_La_2_1630,788K,HSL:9228208,Vanha Kuninkaantie
46140,46132,-8,46140,46133,-7,True,UPDATED,1631912400,HSL:9788K_20210917_La_2_1225,788K,HSL:9228209,Herralantie
60840,60840,0,60840,60840,0,False,SCHEDULED,1631912400,HSL:9788K_20210917_La_2_1630,788K,HSL:9228209,Herralantie
47220,47176,-44,47220,47179,-41,True,UPDATED,1631912400,HSL:2236_20210917_La_1_1226,236,HSL:2723229,Kurkijärvi
50880,50880,0,50880,50880,0,False,SCHEDULED,1631912400,HSL:2236_20210917_La_1_1326,236,HSL:2723229,Kurkijärvi
54480,54480,0,54480,54480,0,False,SCHEDULED,1631912400,HSL:2236_20210917_La_1_1426,236,HSL:2723229,Kurkijärvi
58080,58080,0,58080,58080,0,False,SCHEDULED,1631912400,HSL:2236_20210917_La_1_1526,236,HSL:2723229,Kurkijärvi
61620,61620,0,61620,61620,0,False,SCHEDULED,1631912400,HSL:2236_20210917_La_1_1626,236,HSL:2723229,Kurkijärvi
46560,46559,-1,46560,46562,2,True,UPDATED,1631912400,HSL:4574_20210917_La_1_1233,574,HSL:4520246,Pyhtäänkorventie
48060,48060,0,48060,48060,0,False,SCHEDULED,1631912400,HSL:4576_20210917_La_1_1309,576,HSL:4520246,Pyhtäänkorventie
50160,50160,0,50160,50160,0,False,SCHEDULED,1631912400,HSL:4574_20210917_La_1_1333,574,HSL:4520246,Pyhtäänkorventie
51660,51660,0,51660,51660,0,False,SCHEDULED,1631912400,HSL:4576_20210917_La_1_1409,576,HSL:4520246,Pyhtäänkorventie
53760,53760,0,53760,53760,0,False,SCHEDULED,1631912400,HSL:4574_20210917_La_1_1433,574,HSL:4520246,Pyhtäänkorventie
46680,46680,0,46680,46680,0,False,SCHEDULED,1631912400,HSL:4574_20210917_La_2_1221,574,HSL:4520247,Pyhtäänkorventie
48720,48720,0,48720,48720,0,False,SCHEDULED,1631912400,HSL:4576_20210917_La_2_1301,576,HSL:4520247,Pyhtäänkorventie
50280,50280,0,50280,50280,0,False,SCHEDULED,1631912400,HSL:4574_20210917_La_2_1320,574,HSL:4520247,Pyhtäänkorventie
52380,52380,0,52380,52380,0,False,SCHEDULED,1631912400,HSL:4576_20210917_La_2_1401,576,HSL:4520247,Pyhtäänkorventie
53880,53880,0,53880,53880,0,False,SCHEDULED,1631912400,HSL:4574_20210917_La_2_1420,574,HSL:4520247,Pyhtäänkorventie
46560,46580,20,46560,46582,22,True,UPDATED,1631912400,HSL:4574_20210917_La_1_1233,574,HSL:4520248,Junkersintie
48120,48120,0,48120,48120,0,False,SCHEDULED,1631912400,HSL:4576_20210917_La_1_1309,576,HSL:4520248,Junkersintie
50160,50160,0,50160,50160,0,False,SCHEDULED,1631912400,HSL:4574_20210917_La_1_1333,574,HSL:4520248,Junkersintie
51720,51720,0,51720,51720,0,False,SCHEDULED,1631912400,HSL:4576_20210917_La_1_1409,576,HSL:4520248,Junkersintie
53760,53760,0,53760,53760,0,False,SCHEDULED,1631912400,HSL:4574_20210917_La_1_1433,574,HSL:4520248,Junkersintie
45540,45540,0,45540,45540,0,False,SCHEDULED,1631912400,HSL:1500_20210917_La_2_1236,500,HSL:1301103,Laajalahden aukio
46440,46440,0,46440,46440,0,False,SCHEDULED,1631912400,HSL:1500_20210917_La_2_1251,500,HSL:1301103,Laajalahden aukio
47340,47340,0,47340,47340,0,False,SCHEDULED,1631912400,HSL:1500_20210917_La_2_1306,500,HSL:1301103,Laajalahden aukio
48240,48240,0,48240,48240,0,False,SCHEDULED,1631912400,HSL:1500_20210917_La_2_1321,500,HSL:1301103,Laajalahden aukio
49140,49140,0,49140,49140,0,False,SCHEDULED,1631912400,HSL:1500_20210917_La_2_1336,500,HSL:1301103,Laajalahden aukio
45600,45600,0,45600,45620,20,True,UPDATED,1631912400,HSL:31M2_20210917_La_1_1208,M2,HSL:1454601,Myllypuro
46020,46040,20,46020,46060,40,True,UPDATED,1631912400,HSL:31M2_20210917_La_1_1216,M2,HSL:1454601,Myllypuro
46500,46497,-3,46500,46517,17,True,UPDATED,1631912400,HSL:31M2_20210917_La_1_1223,M2,HSL:1454601,Myllypuro
46920,46936,16,46920,46956,36,True,UPDATED,1631912400,HSL:31M2_20210917_La_1_1231,M2,HSL:1454601,Myllypuro
47400,47207,-193,47400,47227,-173,True,UPDATED,1631912400,HSL:31M2_20210917_La_1_1238,M2,HSL:1454601,Myllypuro
45420,45458,38,45420,45478,58,True,UPDATED,1631912400,HSL:31M2_20210917_La_2_1234,M2,HSL:1454602,Myllypuro
45900,45895,-5,45900,45915,15,True,UPDATED,1631912400,HSL:31M2_20210917_La_2_1241,M2,HSL:1454602,Myllypuro
46320,46341,21,46320,46361,41,True,UPDATED,1631912400,HSL:31M2_20210917_La_2_1249,M2,HSL:1454602,Myllypuro
46800,46795,-5,46800,46815,15,True,UPDATED,1631912400,HSL:31M2_20210917_La_2_1256,M2,HSL:1454602,Myllypuro
47220,47245,25,47220,47265,45,True,UPDATED,1631912400,HSL:31M2_20210917_La_2_1304,M2,HSL:1454602,Myllypuro
47580,47580,0,47580,47580,0,False,SCHEDULED,1631912400,HSL:2201_20210917_La_2_1300,201,HSL:2113241,Sotaneuvoksentie
51180,51180,0,51180,51180,0,False,SCHEDULED,1631912400,HSL:2201_20210917_La_2_1400,201,HSL:2113241,Sotaneuvoksentie
54780,54780,0,54780,54780,0,False,SCHEDULED,1631912400,HSL:2201_20210917_La_2_1500,201,HSL:2113241,Sotaneuvoksentie
45540,45564,24,45540,45566,26,True,UPDATED,1631912400,HSL:2201_20210917_La_1_1230,201,HSL:2113240,Sotaneuvoksentie
49140,49140,0,49140,49140,0,False,SCHEDULED,1631912400,HSL:2201_20210917_La_1_1330,201,HSL:2113240,Sotaneuvoksentie
52740,52740,0,52740,52740,0,False,SCHEDULED,1631912400,HSL:2201_20210917_La_1_1430,201,HSL:2113240,Sotaneuvoksentie
56340,56340,0,56340,56340,0,False,SCHEDULED,1631912400,HSL:2201_20210917_La_1_1530,201,HSL:2113240,Sotaneuvoksentie
45360,45360,0,45360,45360,0,True,UPDATED,1631912400,HSL:1024_20210917_La_2_1229,24,HSL:1140121,Taivallahti
47160,47160,0,47160,47160,0,False,SCHEDULED,1631912400,HSL:1024_20210917_La_2_1259,24,HSL:1140121,Taivallahti
48960,48960,0,48960,48960,0,False,SCHEDULED,1631912400,HSL:1024_20210917_La_2_1329,24,HSL:1140121,Taivallahti
50760,50760,0,50760,50760,0,False,SCHEDULED,1631912400,HSL:1024_20210917_La_2_1359,24,HSL:1140121,Taivallahti
52560,52560,0,52560,52560,0,False,SCHEDULED,1631912400,HSL:1024_20210917_La_2_1429,24,HSL:1140121,Taivallahti
45180,45514,334,45180,45526,346,True,UPDATED,1631912400,HSL:1042_20210917_La_2_1206,42,HSL:1140122,Töölöntori
45540,45614,74,45540,45614,74,True,UPDATED,1631912400,HSL:1041_20210917_La_2_1211,41,HSL:1140122,Töölöntori
45960,46129,169,45960,46157,197,True,UPDATED,1631912400,HSL:1037_20210917_La_2_1213,37,HSL:1140122,Töölöntori
46200,46504,304,46200,46533,333,True,UPDATED,1631912400,HSL:1069_20210917_La_2_1142,69,HSL:1140122,Töölöntori
46740,46664,-76,46740,46692,-48,True,UPDATED,1631912400,HSL:1041_20210917_La_2_1231,41,HSL:1140122,Töölöntori
45420,45395,-25,45420,45477,57,True,UPDATED,1631912400,HSL:1030_20210917_La_1_1222,30,HSL:1140127,Töölöntori
45900,45900,0,45900,45900,0,True,UPDATED,1631912400,HSL:1020_20210917_La_1_1230,20,HSL:1140127,Töölöntori
46320,46320,0,46320,46320,0,True,UPDATED,1631912400,HSL:1030_20210917_La_1_1237,30,HSL:1140127,Töölöntori
46800,46800,0,46800,46800,0,False,SCHEDULED,1631912400,HSL:1020_20210917_La_1_1245,20,HSL:1140127,Töölöntori
47220,47220,0,47220,47220,0,False,SCHEDULED,1631912400,HSL:1030_20210917_La_1_1252,30,HSL:1140127,Töölöntori
46080,46080,0,46080,46080,0,False,SCHEDULED,1631912400,HSL:1094_20210917_La_1_1242,94,HSL:1471164,Karjatanhuanpolku
46980,46980,0,46980,46980,0,False,SCHEDULED,1631912400,HSL:1094_20210917_La_1_1257,94,HSL:1471164,Karjatanhuanpolku
47880,47880,0,47880,47880,0,False,SCHEDULED,1631912400,HSL:1094_20210917_La_1_1312,94,HSL:1471164,Karjatanhuanpolku
48840,48840,0,48840,48840,0,False,SCHEDULED,1631912400,HSL:1094_20210917_La_1_1327,94,HSL:1471164,Karjatanhuanpolku
49740,49740,0,49740,49740,0,False,SCHEDULED,1631912400,HSL:1094_20210917_La_1_1342,94,HSL:1471164,Karjatanhuanpolku
45900,46274,374,45900,46282,382,True,UPDATED,1631912400,HSL:1069_20210917_La_2_1142,69,HSL:1140125,Jäähalli
46800,46800,0,46800,46800,0,False,SCHEDULED,1631912400,HSL:7848_20210917_La_2_1205,848,HSL:1140125,Jäähalli
47100,47090,-10,47100,47110,10,True,UPDATED,1631912400,HSL:1069_20210917_La_2_1202,69,HSL:1140125,Jäähalli
48300,48264,-36,48300,48297,-3,True,UPDATED,1631912400,HSL:1069_20210917_La_2_1222,69,HSL:1140125,Jäähalli
49500,49500,0,49500,49500,0,False,SCHEDULED,1631912400,HSL:1069_20210917_La_2_1241,69,HSL:1140125,Jäähalli
45360,45391,31,45360,45438,78,True,UPDATED,1631912400,HSL:1057_20210917_La_2_1157,57,HSL:1471162,Kontula (M)
45960,46234,274,45960,46251,291,True,UPDATED,1631912400,HSL:1057_20210917_La_2_1207,57,HSL:1471162,Kontula (M)
46560,46947,387,46560,47150,590,True,UPDATED,1631912400,HSL:1057_20210917_La_2_1217,57,HSL:1471162,Kontula (M)
47220,47292,72,47220,47351,131,True,UPDATED,1631912400,HSL:1057_20210917_La_2_1227,57,HSL:1471162,Kontula (M)
47820,47820,0,47820,47820,0,False,SCHEDULED,1631912400,HSL:1057_20210917_La_2_1237,57,HSL:1471162,Kontula (M)
45120,45461,341,45120,45503,383,True,UPDATED,1631912400,HSL:1069_20210917_La_1_1222,69,HSL:1140126,Jäähalli
46320,46320,0,46320,46320,0,False,SCHEDULED,1631912400,HSL:1069_20210917_La_1_1242,69,HSL:1140126,Jäähalli
47520,47520,0,47520,47520,0,False,SCHEDULED,1631912400,HSL:1069_20210917_La_1_1302,69,HSL:1140126,Jäähalli
48240,48240,0,48240,48240,0,False,SCHEDULED,1631912400,HSL:7848_20210917_La_1_1318,848,HSL:1140126,Jäähalli
48720,48720,0,48720,48720,0,False,SCHEDULED,1631912400,HSL:1069_20210917_La_1_1322,69,HSL:1140126,Jäähalli
45720,45792,72,45720,45792,72,True,UPDATED,1631912400,HSL:9844_20210917_La_1_1220,844,HSL:9204212,Ahtelantie
46920,46920,0,46920,46920,0,False,SCHEDULED,1631912400,HSL:9842_20210917_La_1_1240,842,HSL:9204212,Ahtelantie
48120,48120,0,48120,48120,0,False,SCHEDULED,1631912400,HSL:9843_20210917_La_1_1300,843,HSL:9204212,Ahtelantie
49020,49020,0,49020,49020,0,False,SCHEDULED,1631912400,HSL:9841_20210917_La_1_1315,841,HSL:9204212,Ahtelantie
50400,50400,0,50400,50400,0,False,SCHEDULED,1631912400,HSL:9842_20210917_La_1_1338,842,HSL:9204212,Ahtelantie
45420,45394,-26,45420,45400,-20,True,UPDATED,1631912400,HSL:1094A_20210917_La_1_1230,94A,HSL:1471172,Kurkiauranpolku
46320,46320,0,46320,46320,0,False,SCHEDULED,1631912400,HSL:1094A_20210917_La_1_1245,94A,HSL:1471172,Kurkiauranpolku
47220,47220,0,47220,47220,0,False,SCHEDULED,1631912400,HSL:1094A_20210917_La_1_1300,94A,HSL:1471172,Kurkiauranpolku
48120,48120,0,48120,48120,0,False,SCHEDULED,1631912400,HSL:1094A_20210917_La_1_1315,94A,HSL:1471172,Kurkiauranpolku
49020,49020,0,49020,49020,0,False,SCHEDULED,1631912400,HSL:1094A_20210917_La_1_1330,94A,HSL:1471172,Kurkiauranpolku
83760,83760,0,83760,83760,0,False,SCHEDULED,1631912400,HSL:1092N_20210917_La_2_2310,92N,HSL:1471171,Kurkiauranpolku
85560,85560,0,85560,85560,0,False,SCHEDULED,1631912400,HSL:1092N_20210917_La_2_2340,92N,HSL:1471171,Kurkiauranpolku
86940,86940,0,86940,86940,0,False,SCHEDULED,1631912400,HSL:1092N_20210917_La_2_2403,92N,HSL:1471171,Kurkiauranpolku
88740,88740,0,88740,88740,0,False,SCHEDULED,1631912400,HSL:1092N_20210917_La_2_2433,92N,HSL:1471171,Kurkiauranpolku
90540,90540,0,90540,90540,0,False,SCHEDULED,1631912400,HSL:1092N_20210917_La_2_2503,92N,HSL:1471171,Kurkiauranpolku
47460,47460,0,47460,47460,0,False,SCHEDULED,1631912400,HSL:2201_20210917_La_2_1300,201,HSL:2113239,Sotatuomari
51060,51060,0,51060,51060,0,False,SCHEDULED,1631912400,HSL:2201_20210917_La_2_1400,201,HSL:2113239,Sotatuomari
54660,54660,0,54660,54660,0,False,SCHEDULED,1631912400,HSL:2201_20210917_La_2_1500,201,HSL:2113239,Sotatuomari
45720,45685,-35,45720,45690,-30,True,UPDATED,1631912400,HSL:2201_20210917_La_1_1230,201,HSL:2113238,Sotatuomari
49320,49320,0,49320,49320,0,False,SCHEDULED,1631912400,HSL:2201_20210917_La_1_1330,201,HSL:2113238,Sotatuomari
52920,52920,0,52920,52920,0,False,SCHEDULED,1631912400,HSL:2201_20210917_La_1_1430,201,HSL:2113238,Sotatuomari
56520,56520,0,56520,56520,0,False,SCHEDULED,1631912400,HSL:2201_20210917_La_1_1530,201,HSL:2113238,Sotatuomari
45540,45477,-63,45540,45477,-63,True,UPDATED,1631912400,HSL:1030_20210917_La_1_1222,30,HSL:1140131,Töölön kirjasto
46020,46020,0,46020,46020,0,True,UPDATED,1631912400,HSL:1020_20210917_La_1_1230,20,HSL:1140131,Töölön kirjasto
46440,46440,0,46440,46440,0,True,UPDATED,1631912400,HSL:1030_20210917_La_1_1237,30,HSL:1140131,Töölön kirjasto
46920,46920,0,46920,46920,0,False,SCHEDULED,1631912400,HSL:1020_20210917_La_1_1245,20,HSL:1140131,Töölön kirjasto
47340,47340,0,47340,47340,0,False,SCHEDULED,1631912400,HSL:1030_20210917_La_1_1252,30,HSL:1140131,Töölön kirjasto
53580,53580,0,53580,53580,0,False,SCHEDULED,1631912400,HSL:9787K_20210917_La_1_1410,787K,HSL:9216201,Johanneberg
68040,68040,0,68040,68040,0,False,SCHEDULED,1631912400,HSL:9785K_20210917_La_1_1810,785K,HSL:9216201,Johanneberg
53640,53640,0,53640,53640,0,False,SCHEDULED,1631912400,HSL:9787K_20210917_La_1_1410,787K,HSL:9216203,Norkon
68100,68100,0,68100,68100,0,False,SCHEDULED,1631912400,HSL:9785K_20210917_La_1_1810,785K,HSL:9216203,Norkon
45540,45540,0,45540,45540,0,False,SCHEDULED,1631912400,HSL:1008X_20210917_La_1_1239,8X,HSL:1140132,Mäntymäen kenttä
45780,45776,-4,45780,45776,-4,True,UPDATED,1631912400,HSL:1008X_20210917_La_2_1224,8X,HSL:1140132,Mäntymäen kenttä
46260,46260,0,46260,46260,0,False,SCHEDULED,1631912400,HSL:1008X_20210917_La_1_1251,8X,HSL:1140132,Mäntymäen kenttä
46500,46500,0,46500,46500,0,True,UPDATED,1631912400,HSL:1008X_20210917_La_2_1236,8X,HSL:1140132,Mäntymäen kenttä
46980,46980,0,46980,46980,0,False,SCHEDULED,1631912400,HSL:1008X_20210917_La_1_1303,8X,HSL:1140132,Mäntymäen kenttä
45600,45477,-123,45600,45477,-123,True,UPDATED,1631912400,HSL:1030_20210917_La_1_1222,30,HSL:1140133,Kirjailijan puisto
46080,46080,0,46080,46080,0,True,UPDATED,1631912400,HSL:1020_20210917_La_1_1230,20,HSL:1140133,Kirjailijan puisto
46500,46500,0,46500,46500,0,True,UPDATED,1631912400,HSL:1030_20210917_La_1_1237,30,HSL:1140133,Kirjailijan puisto
46980,46980,0,46980,46980,0,False,SCHEDULED,1631912400,HSL:1020_20210917_La_1_1245,20,HSL:1140133,Kirjailijan puisto
47400,47400,0,47400,47400,0,False,SCHEDULED,1631912400,HSL:1030_20210917_La_1_1252,30,HSL:1140133,Kirjailijan puisto
47100,47138,38,47100,47138,38,True,UPDATED,1631912400,HSL:9788K_20210917_La_2_1225,788K,HSL:9216202,Norkon
61800,61800,0,61800,61800,0,False,SCHEDULED,1631912400,HSL:9788K_20210917_La_2_1630,788K,HSL:9216202,Norkon
40320,40320,0,40320,40320,0,False,SCHEDULED,1631998800,HSL:9785K_20210917_Su_2_1058,785K,HSL:9216202,Norkon
45420,45400,-20,45420,45406,-14,True,UPDATED,1631912400,HSL:1094A_20210917_La_1_1230,94A,HSL:1471176,Kurkiaispolku
46320,46320,0,46320,46320,0,False,SCHEDULED,1631912400,HSL:1094A_20210917_La_1_1245,94A,HSL:1471176,Kurkiaispolku
47220,47220,0,47220,47220,0,False,SCHEDULED,1631912400,HSL:1094A_20210917_La_1_1300,94A,HSL:1471176,Kurkiaispolku
48120,48120,0,48120,48120,0,False,SCHEDULED,1631912400,HSL:1094A_20210917_La_1_1315,94A,HSL:1471176,Kurkiaispolku
49020,49020,0,49020,49020,0,False,SCHEDULED,1631912400,HSL:1094A_20210917_La_1_1330,94A,HSL:1471176,Kurkiaispolku
47040,47078,38,47040,47078,38,True,UPDATED,1631912400,HSL:9788K_20210917_La_2_1225,788K,HSL:9216205,Hakatie
61740,61740,0,61740,61740,0,False,SCHEDULED,1631912400,HSL:9788K_20210917_La_2_1630,788K,HSL:9216205,Hakatie
40260,40260,0,40260,40260,0,False,SCHEDULED,1631998800,HSL:9785K_20210917_Su_2_1058,785K,HSL:9216205,Hakatie
83760,83760,0,83760,83760,0,False,SCHEDULED,1631912400,HSL:1092N_20210917_La_2_2310,92N,HSL:1471175,Kurkiaispolku
85560,85560,0,85560,85560,0,False,SCHEDULED,1631912400,HSL:1092N_20210917_La_2_2340,92N,HSL:1471175,Kurkiaispolku
86940,86940,0,86940,86940,0,False,SCHEDULED,1631912400,HSL:1092N_20210917_La_2_2403,92N,HSL:1471175,Kurkiaispolku
88740,88740,0,88740,88740,0,False,SCHEDULED,1631912400,HSL:1092N_20210917_La_2_2433,92N,HSL:1471175,Kurkiaispolku
90480,90480,0,90480,90480,0,False,SCHEDULED,1631912400,HSL:1092N_20210917_La_2_2503,92N,HSL:1471175,Kurkiaispolku
46980,47018,38,46980,47018,38,True,UPDATED,1631912400,HSL:9788K_20210917_La_2_1225,788K,HSL:9216207,Kuninkaantie
61680,61680,0,61680,61680,0,False,SCHEDULED,1631912400,HSL:9788K_20210917_La_2_1630,788K,HSL:9216207,Kuninkaantie
40200,40200,0,40200,40200,0,False,SCHEDULED,1631998800,HSL:9785K_20210917_Su_2_1058,785K,HSL:9216207,Kuninkaantie
45360,45332,-28,45360,45334,-26,True,UPDATED,1631912400,HSL:1094A_20210917_La_1_1230,94A,HSL:1471174,Keinulaudantie
46260,46260,0,46260,46260,0,False,SCHEDULED,1631912400,HSL:1094A_20210917_La_1_1245,94A,HSL:1471174,Keinulaudantie
47160,47160,0,47160,47160,0,False,SCHEDULED,1631912400,HSL:1094A_20210917_La_1_1300,94A,HSL:1471174,Keinulaudantie
48060,48060,0,48060,48060,0,False,SCHEDULED,1631912400,HSL:1094A_20210917_La_1_1315,94A,HSL:1471174,Keinulaudantie
48960,48960,0,48960,48960,0,False,SCHEDULED,1631912400,HSL:1094A_20210917_La_1_1330,94A,HSL:1471174,Keinulaudantie
53700,53700,0,53700,53700,0,False,SCHEDULED,1631912400,HSL:9787K_20210917_La_1_1410,787K,HSL:9216206,Hakatie
68100,68100,0,68100,68100,0,False,SCHEDULED,1631912400,HSL:9785K_20210917_La_1_1810,785K,HSL:9216206,Hakatie
83820,83820,0,83820,83820,0,False,SCHEDULED,1631912400,HSL:1092N_20210917_La_2_2310,92N,HSL:1471173,Keinulaudantie
85620,85620,0,85620,85620,0,False,SCHEDULED,1631912400,HSL:1092N_20210917_La_2_2340,92N,HSL:1471173,Keinulaudantie
87000,87000,0,87000,87000,0,False,SCHEDULED,1631912400,HSL:1092N_20210917_La_2_2403,92N,HSL:1471173,Keinulaudantie
88800,88800,0,88800,88800,0,False,SCHEDULED,1631912400,HSL:1092N_20210917_La_2_2433,92N,HSL:1471173,Keinulaudantie
90540,90540,0,90540,90540,0,False,SCHEDULED,1631912400,HSL:1092N_20210917_La_2_2503,92N,HSL:1471173,Keinulaudantie
46920,46958,38,46920,46958,38,True,UPDATED,1631912400,HSL:9788K_20210917_La_2_1225,788K,HSL:9216209,Nybacka
61620,61620,0,61620,61620,0,False,SCHEDULED,1631912400,HSL:9788K_20210917_La_2_1630,788K,HSL:9216209,Nybacka
40140,40140,0,40140,40140,0,False,SCHEDULED,1631998800,HSL:9785K_20210917_Su_2_1058,785K,HSL:9216209,Nybacka
53700,53700,0,53700,53700,0,False,SCHEDULED,1631912400,HSL:9787K_20210917_La_1_1410,787K,HSL:9216208,Kuninkaantie
68160,68160,0,68160,68160,0,False,SCHEDULED,1631912400,HSL:9785K_20210917_La_1_1810,785K,HSL:9216208,Kuninkaantie
45480,45465,-15,45480,45514,34,True,UPDATED,1631912400,HSL:1094_20210917_La_2_1233,94,HSL:1471179,Kontula (M)
45540,45540,0,45540,45540,0,False,SCHEDULED,1631912400,HSL:1094A_20210917_La_2_1239,94A,HSL:1471179,Kontula (M)
45900,45900,0,45900,45900,0,False,SCHEDULED,1631912400,HSL:1095_20210917_La_2_1242,95,HSL:1471179,Kontula (M)
46380,46380,0,46380,46380,0,False,SCHEDULED,1631912400,HSL:1094_20210917_La_2_1248,94,HSL:1471179,Kontula (M)
46440,46440,0,46440,46440,0,False,SCHEDULED,1631912400,HSL:1094A_20210917_La_2_1254,94A,HSL:1471179,Kontula (M)
45480,45455,-25,45480,45460,-20,True,UPDATED,1631912400,HSL:1094A_20210917_La_1_1230,94A,HSL:1471178,Harmaahaikarankuja
46380,46380,0,46380,46380,0,False,SCHEDULED,1631912400,HSL:1094A_20210917_La_1_1245,94A,HSL:1471178,Harmaahaikarankuja
47280,47280,0,47280,47280,0,False,SCHEDULED,1631912400,HSL:1094A_20210917_La_1_1300,94A,HSL:1471178,Harmaahaikarankuja
48180,48180,0,48180,48180,0,False,SCHEDULED,1631912400,HSL:1094A_20210917_La_1_1315,94A,HSL:1471178,Harmaahaikarankuja
49080,49080,0,49080,49080,0,False,SCHEDULED,1631912400,HSL:1094A_20210917_La_1_1330,94A,HSL:1471178,Harmaahaikarankuja
83700,83700,0,83700,83700,0,False,SCHEDULED,1631912400,HSL:1092N_20210917_La_2_2310,92N,HSL:1471177,Harmaahaikarankuja
85500,85500,0,85500,85500,0,False,SCHEDULED,1631912400,HSL:1092N_20210917_La_2_2340,92N,HSL:1471177,Harmaahaikarankuja
86880,86880,0,86880,86880,0,False,SCHEDULED,1631912400,HSL:1092N_20210917_La_2_2403,92N,HSL:1471177,Harmaahaikarankuja
88680,88680,0,88680,88680,0,False,SCHEDULED,1631912400,HSL:1092N_20210917_La_2_2433,92N,HSL:1471177,Harmaahaikarankuja
90420,90420,0,90420,90420,0,False,SCHEDULED,1631912400,HSL:1092N_20210917_La_2_2503,92N,HSL:1471177,Harmaahaikarankuja
45600,45603,3,45600,45603,3,True,UPDATED,1631912400,HSL:9842_20210917_La_2_1226,842,HSL:9204201,Ahtelantie
47100,47100,0,47100,47100,0,False,SCHEDULED,1631912400,HSL:9844_20210917_La_2_1255,844,HSL:9204201,Ahtelantie
48240,48240,0,48240,48240,0,False,SCHEDULED,1631912400,HSL:9841_20210917_La_2_1305,841,HSL:9204201,Ahtelantie
49200,49200,0,49200,49200,0,False,SCHEDULED,1631912400,HSL:9842_20210917_La_2_1326,842,HSL:9204201,Ahtelantie
50460,50460,0,50460,50460,0,False,SCHEDULED,1631912400,HSL:9843_20210917_La_2_1345,843,HSL:9204201,Ahtelantie
45600,45672,72,45600,45672,72,True,UPDATED,1631912400,HSL:9844_20210917_La_1_1220,844,HSL:9204202,Vesterbacka
46800,46800,0,46800,46800,0,False,SCHEDULED,1631912400,HSL:9842_20210917_La_1_1240,842,HSL:9204202,Vesterbacka
48000,48000,0,48000,48000,0,False,SCHEDULED,1631912400,HSL:9843_20210917_La_1_1300,843,HSL:9204202,Vesterbacka
48900,48900,0,48900,48900,0,False,SCHEDULED,1631912400,HSL:9841_20210917_La_1_1315,841,HSL:9204202,Vesterbacka
50280,50280,0,50280,50280,0,False,SCHEDULED,1631912400,HSL:9842_20210917_La_1_1338,842,HSL:9204202,Vesterbacka
45660,45663,3,45660,45663,3,True,UPDATED,1631912400,HSL:9842_20210917_La_2_1226,842,HSL:9204205,Katajakallio
47160,47160,0,47160,47160,0,False,SCHEDULED,1631912400,HSL:9844_20210917_La_2_1255,844,HSL:9204205,Katajakallio
48300,48300,0,48300,48300,0,False,SCHEDULED,1631912400,HSL:9841_20210917_La_2_1305,841,HSL:9204205,Katajakallio
49260,49260,0,49260,49260,0,False,SCHEDULED,1631912400,HSL:9842_20210917_La_2_1326,842,HSL:9204205,Katajakallio
50520,50520,0,50520,50520,0,False,SCHEDULED,1631912400,HSL:9843_20210917_La_2_1345,843,HSL:9204205,Katajakallio
45660,45732,72,45660,45732,72,True,UPDATED,1631912400,HSL:9844_20210917_La_1_1220,844,HSL:9204206,Katajakallio
46860,46860,0,46860,46860,0,False,SCHEDULED,1631912400,HSL:9842_20210917_La_1_1240,842,HSL:9204206,Katajakallio
48060,48060,0,48060,48060,0,False,SCHEDULED,1631912400,HSL:9843_20210917_La_1_1300,843,HSL:9204206,Katajakallio
48960,48960,0,48960,48960,0,False,SCHEDULED,1631912400,HSL:9841_20210917_La_1_1315,841,HSL:9204206,Katajakallio
50340,50340,0,50340,50340,0,False,SCHEDULED,1631912400,HSL:9842_20210917_La_1_1338,842,HSL:9204206,Katajakallio
45720,45723,3,45720,45723,3,True,UPDATED,1631912400,HSL:9842_20210917_La_2_1226,842,HSL:9204203,Vesterbacka
47220,47220,0,47220,47220,0,False,SCHEDULED,1631912400,HSL:9844_20210917_La_2_1255,844,HSL:9204203,Vesterbacka
48360,48360,0,48360,48360,0,False,SCHEDULED,1631912400,HSL:9841_20210917_La_2_1305,841,HSL:9204203,Vesterbacka
49320,49320,0,49320,49320,0,False,SCHEDULED,1631912400,HSL:9842_20210917_La_2_1326,842,HSL:9204203,Vesterbacka
50580,50580,0,50580,50580,0,False,SCHEDULED,1631912400,HSL:9843_20210917_La_2_1345,843,HSL:9204203,Vesterbacka
45600,45672,72,45600,45672,72,True,UPDATED,1631912400,HSL:9844_20210917_La_1_1220,844,HSL:9204204,Stuvunäsintie
46800,46800,0,46800,46800,0,False,SCHEDULED,1631912400,HSL:9842_20210917_La_1_1240,842,HSL:9204204,Stuvunäsintie
48000,48000,0,48000,48000,0,False,SCHEDULED,1631912400,HSL:9843_20210917_La_1_1300,843,HSL:9204204,Stuvunäsintie
48900,48900,0,48900,48900,0,False,SCHEDULED,1631912400,HSL:9841_20210917_La_1_1315,841,HSL:9204204,Stuvunäsintie
50280,50280,0,50280,50280,0,False,SCHEDULED,1631912400,HSL:9842_20210917_La_1_1338,842,HSL:9204204,Stuvunäsintie
45660,45663,3,45660,45663,3,True,UPDATED,1631912400,HSL:9842_20210917_La_2_1226,842,HSL:9204207,Västerskog
47160,47160,0,47160,47160,0,False,SCHEDULED,1631912400,HSL:9844_20210917_La_2_1255,844,HSL:9204207,Västerskog
48300,48300,0,48300,48300,0,False,SCHEDULED,1631912400,HSL:9841_20210917_La_2_1305,841,HSL:9204207,Västerskog
49260,49260,0,49260,49260,0,False,SCHEDULED,1631912400,HSL:9842_20210917_La_2_1326,842,HSL:9204207,Västerskog
50520,50520,0,50520,50520,0,False,SCHEDULED,1631912400,HSL:9843_20210917_La_2_1345,843,HSL:9204207,Västerskog
45660,45732,72,45660,45732,72,True,UPDATED,1631912400,HSL:9844_20210917_La_1_1220,844,HSL:9204208,Västerskog
46860,46860,0,46860,46860,0,False,SCHEDULED,1631912400,HSL:9842_20210917_La_1_1240,842,HSL:9204208,Västerskog
48060,48060,0,48060,48060,0,False,SCHEDULED,1631912400,HSL:9843_20210917_La_1_1300,843,HSL:9204208,Västerskog
48960,48960,0,48960,48960,0,False,SCHEDULED,1631912400,HSL:9841_20210917_La_1_1315,841,HSL:9204208,Västerskog
50340,50340,0,50340,50340,0,False,SCHEDULED,1631912400,HSL:9842_20210917_La_1_1338,842,HSL:9204208,Västerskog
45720,45720,0,45720,45720,0,False,SCHEDULED,1631912400,HSL:1094A_20210917_La_2_1239,94A,HSL:1471149,Ostostie
46620,46620,0,46620,46620,0,False,SCHEDULED,1631912400,HSL:1094A_20210917_La_2_1254,94A,HSL:1471149,Ostostie
47520,47520,0,47520,47520,0,False,SCHEDULED,1631912400,HSL:1094A_20210917_La_2_1309,94A,HSL:1471149,Ostostie
48420,48420,0,48420,48420,0,False,SCHEDULED,1631912400,HSL:1094A_20210917_La_2_1324,94A,HSL:1471149,Ostostie
49320,49320,0,49320,49320,0,False,SCHEDULED,1631912400,HSL:1094A_20210917_La_2_1339,94A,HSL:1471149,Ostostie
45720,45720,0,45720,45720,0,False,SCHEDULED,1631912400,HSL:1094_20210917_La_1_1227,94,HSL:1471143,Sakara
46620,46620,0,46620,46620,0,False,SCHEDULED,1631912400,HSL:1094_20210917_La_1_1242,94,HSL:1471143,Sakara
47520,47520,0,47520,47520,0,False,SCHEDULED,1631912400,HSL:1094_20210917_La_1_1257,94,HSL:1471143,Sakara
48420,48420,0,48420,48420,0,False,SCHEDULED,1631912400,HSL:1094_20210917_La_1_1312,94,HSL:1471143,Sakara
49380,49380,0,49380,49380,0,False,SCHEDULED,1631912400,HSL:1094_20210917_La_1_1327,94,HSL:1471143,Sakara
45360,45374,14,45360,45388,28,True,UPDATED,1631912400,HSL:1094_20210917_La_2_1233,94,HSL:1471142,Kivikonkaari
45840,45797,-43,45840,45797,-43,True,UPDATED,1631912400,HSL:1094A_20210917_La_1_1230,94A,HSL:1471142,Kivikonkaari
45840,45840,0,45840,45840,0,False,SCHEDULED,1631912400,HSL:1095_20210917_La_2_1242,95,HSL:1471142,Kivikonkaari
45840,46098,258,45840,46098,258,True,UPDATED,1631912400,HSL:1057_20210917_La_2_1207,57,HSL:1471142,Kivikonkaari
46260,46260,0,46260,46260,0,False,SCHEDULED,1631912400,HSL:1094_20210917_La_2_1248,94,HSL:1471142,Kivikonkaari
45660,45660,0,45660,45660,0,False,SCHEDULED,1631912400,HSL:1094_20210917_La_1_1227,94,HSL:1471141,Kivikonkaari
46560,46560,0,46560,46560,0,False,SCHEDULED,1631912400,HSL:1094_20210917_La_1_1242,94,HSL:1471141,Kivikonkaari
47460,47460,0,47460,47460,0,False,SCHEDULED,1631912400,HSL:1094_20210917_La_1_1257,94,HSL:1471141,Kivikonkaari
48360,48360,0,48360,48360,0,False,SCHEDULED,1631912400,HSL:1094_20210917_La_1_1312,94,HSL:1471141,Kivikonkaari
49320,49320,0,49320,49320,0,False,SCHEDULED,1631912400,HSL:1094_20210917_La_1_1327,94,HSL:1471141,Kivikonkaari
45300,45351,51,45300,45355,55,True,UPDATED,1631912400,HSL:1057_20210917_La_2_1157,57,HSL:1471140,Kaarikuja
45420,45423,3,45420,45428,8,True,UPDATED,1631912400,HSL:1094_20210917_La_2_1233,94,HSL:1471140,Kaarikuja
45840,45797,-43,45840,45797,-43,True,UPDATED,1631912400,HSL:1094A_20210917_La_1_1230,94A,HSL:1471140,Kaarikuja
45840,45840,0,45840,45840,0,False,SCHEDULED,1631912400,HSL:1095_20210917_La_2_1242,95,HSL:1471140,Kaarikuja
45900,46166,266,45900,46184,284,True,UPDATED,1631912400,HSL:1057_20210917_La_2_1207,57,HSL:1471140,Kaarikuja
45840,45840,0,45840,45840,0,False,SCHEDULED,1631912400,HSL:1094_20210917_La_1_1227,94,HSL:1471147,Rapolantie
46080,46080,0,46080,46080,0,False,SCHEDULED,1631912400,HSL:1094_20210917_La_2_1248,94,HSL:1471147,Rapolantie
46740,46740,0,46740,46740,0,False,SCHEDULED,1631912400,HSL:1094_20210917_La_1_1242,94,HSL:1471147,Rapolantie
46980,46980,0,46980,46980,0,False,SCHEDULED,1631912400,HSL:1094_20210917_La_2_1303,94,HSL:1471147,Rapolantie
47640,47640,0,47640,47640,0,False,SCHEDULED,1631912400,HSL:1094_20210917_La_1_1257,94,HSL:1471147,Rapolantie
46140,46140,0,46140,46140,0,False,SCHEDULED,1631912400,HSL:1094_20210917_La_2_1248,94,HSL:1471146,Kontulankaari 11
47040,47040,0,47040,47040,0,False,SCHEDULED,1631912400,HSL:1094_20210917_La_2_1303,94,HSL:1471146,Kontulankaari 11
47940,47940,0,47940,47940,0,False,SCHEDULED,1631912400,HSL:1094_20210917_La_2_1318,94,HSL:1471146,Kontulankaari 11
48840,48840,0,48840,48840,0,False,SCHEDULED,1631912400,HSL:1094_20210917_La_2_1333,94,HSL:1471146,Kontulankaari 11
49740,49740,0,49740,49740,0,False,SCHEDULED,1631912400,HSL:1094_20210917_La_2_1348,94,HSL:1471146,Kontulankaari 11
45780,45780,0,45780,45780,0,False,SCHEDULED,1631912400,HSL:1094_20210917_La_1_1227,94,HSL:1471145,Kontulankaari 11
46680,46680,0,46680,46680,0,False,SCHEDULED,1631912400,HSL:1094_20210917_La_1_1242,94,HSL:1471145,Kontulankaari 11
47580,47580,0,47580,47580,0,False,SCHEDULED,1631912400,HSL:1094_20210917_La_1_1257,94,HSL:1471145,Kontulankaari 11
48480,48480,0,48480,48480,0,False,SCHEDULED,1631912400,HSL:1094_20210917_La_1_1312,94,HSL:1471145,Kontulankaari 11
49440,49440,0,49440,49440,0,False,SCHEDULED,1631912400,HSL:1094_20210917_La_1_1327,94,HSL:1471145,Kontulankaari 11
45300,45308,8,45300,45328,28,True,UPDATED,1631912400,HSL:1094_20210917_La_2_1233,94,HSL:1471144,Sakara
46200,46200,0,46200,46200,0,False,SCHEDULED,1631912400,HSL:1094_20210917_La_2_1248,94,HSL:1471144,Sakara
47100,47100,0,47100,47100,0,False,SCHEDULED,1631912400,HSL:1094_20210917_La_2_1303,94,HSL:1471144,Sakara
48000,48000,0,48000,48000,0,False,SCHEDULED,1631912400,HSL:1094_20210917_La_2_1318,94,HSL:1471144,Sakara
48900,48900,0,48900,48900,0,False,SCHEDULED,1631912400,HSL:1094_20210917_La_2_1333,94,HSL:1471144,Sakara
46020,46020,0,46020,46020,0,False,SCHEDULED,1631912400,HSL:1094A_20210917_La_1_1245,94A,HSL:1471150,Ostostie
46920,46920,0,46920,46920,0,False,SCHEDULED,1631912400,HSL:1094A_20210917_La_1_1300,94A,HSL:1471150,Ostostie
47820,47820,0,47820,47820,0,False,SCHEDULED,1631912400,HSL:1094A_20210917_La_1_1315,94A,HSL:1471150,Ostostie
48720,48720,0,48720,48720,0,False,SCHEDULED,1631912400,HSL:1094A_20210917_La_1_1330,94A,HSL:1471150,Ostostie
49620,49620,0,49620,49620,0,False,SCHEDULED,1631912400,HSL:1094A_20210917_La_1_1345,94A,HSL:1471150,Ostostie
45660,45612,-48,45660,45639,-21,True,UPDATED,1631912400,HSL:2201_20210917_La_1_1230,201,HSL:2113215,Kenttäpäällikönpuist
47520,47520,0,47520,47520,0,False,SCHEDULED,1631912400,HSL:2201_20210917_La_2_1300,201,HSL:2113215,Kenttäpäällikönpuist
49260,49260,0,49260,49260,0,False,SCHEDULED,1631912400,HSL:2201_20210917_La_1_1330,201,HSL:2113215,Kenttäpäällikönpuist
51120,51120,0,51120,51120,0,False,SCHEDULED,1631912400,HSL:2201_20210917_La_2_1400,201,HSL:2113215,Kenttäpäällikönpuist
52860,52860,0,52860,52860,0,False,SCHEDULED,1631912400,HSL:2201_20210917_La_1_1430,201,HSL:2113215,Kenttäpäällikönpuist
45480,45559,79,45540,45619,79,True,UPDATED,1631912400,HSL:1052_20210917_La_2_1220,52,HSL:1291220,Talontie
45600,45630,30,45600,45649,49,True,UPDATED,1631912400,HSL:2200_20210917_La_1_1224,200,HSL:1291220,Talontie
45540,45644,104,45540,45661,121,True,UPDATED,1631912400,HSL:2550_20210917_La_1_1202,550,HSL:1291220,Talontie
45840,46014,174,45840,46033,193,True,UPDATED,1631912400,HSL:1059_20210917_La_1_1216,59,HSL:1291220,Talontie
46140,46166,26,46140,46166,26,True,UPDATED,1631912400,HSL:2550_20210917_La_1_1212,550,HSL:1291220,Talontie
45540,45530,-10,45540,45530,-10,True,UPDATED,1631912400,HSL:2201_20210917_La_1_1230,201,HSL:2113213,Mäkkyläntie
49140,49140,0,49140,49140,0,False,SCHEDULED,1631912400,HSL:2201_20210917_La_1_1330,201,HSL:2113213,Mäkkyläntie
52740,52740,0,52740,52740,0,False,SCHEDULED,1631912400,HSL:2201_20210917_La_1_1430,201,HSL:2113213,Mäkkyläntie
56340,56340,0,56340,56340,0,False,SCHEDULED,1631912400,HSL:2201_20210917_La_1_1530,201,HSL:2113213,Mäkkyläntie
47640,47640,0,47640,47640,0,False,SCHEDULED,1631912400,HSL:2201_20210917_La_2_1300,201,HSL:2113211,Mäkkyläntie
51240,51240,0,51240,51240,0,False,SCHEDULED,1631912400,HSL:2201_20210917_La_2_1400,201,HSL:2113211,Mäkkyläntie
54840,54840,0,54840,54840,0,False,SCHEDULED,1631912400,HSL:2201_20210917_La_2_1500,201,HSL:2113211,Mäkkyläntie
45480,45480,0,45480,45480,0,False,SCHEDULED,1631912400,HSL:1057_20210917_La_1_1238,57,HSL:1471159,Kontula (M)
45480,45480,0,45540,45540,0,False,SCHEDULED,1631912400,HSL:1094_20210917_La_1_1227,94,HSL:1471159,Kontula (M)
46080,46080,0,46080,46080,0,False,SCHEDULED,1631912400,HSL:1057_20210917_La_1_1248,57,HSL:1471159,Kontula (M)
46020,46121,101,46020,46146,126,True,UPDATED,1631912400,HSL:1095_20210917_La_1_1225,95,HSL:1471159,Kontula (M)
46380,46380,0,46440,46440,0,False,SCHEDULED,1631912400,HSL:1094_20210917_La_1_1242,94,HSL:1471159,Kontula (M)
45360,45426,66,45360,45426,66,True,UPDATED,1631912400,HSL:1025_20210917_La_1_1228,25,HSL:1140156,Sibeliuksenpuisto
45780,45810,30,45780,45810,30,True,UPDATED,1631912400,HSL:1024_20210917_La_1_1233,24,HSL:1140156,Sibeliuksenpuisto
46560,46560,0,46560,46560,0,False,SCHEDULED,1631912400,HSL:1025_20210917_La_1_1248,25,HSL:1140156,Sibeliuksenpuisto
47580,47580,0,47580,47580,0,False,SCHEDULED,1631912400,HSL:1024_20210917_La_1_1303,24,HSL:1140156,Sibeliuksenpuisto
47760,47760,0,47760,47760,0,False,SCHEDULED,1631912400,HSL:1025_20210917_La_1_1308,25,HSL:1140156,Sibeliuksenpuisto
45780,45752,-28,45780,45752,-28,True,UPDATED,1631912400,HSL:1025_20210917_La_2_1224,25,HSL:1140157,Sibeliuksenpuisto
46980,46980,0,46980,46980,0,False,SCHEDULED,1631912400,HSL:1025_20210917_La_2_1244,25,HSL:1140157,Sibeliuksenpuisto
47100,47100,0,47100,47100,0,False,SCHEDULED,1631912400,HSL:1024_20210917_La_2_1259,24,HSL:1140157,Sibeliuksenpuisto
48180,48180,0,48180,48180,0,False,SCHEDULED,1631912400,HSL:1025_20210917_La_2_1304,25,HSL:1140157,Sibeliuksenpuisto
48900,48900,0,48900,48900,0,False,SCHEDULED,1631912400,HSL:1024_20210917_La_2_1329,24,HSL:1140157,Sibeliuksenpuisto
45300,45381,81,45300,45388,88,True,UPDATED,1631912400,HSL:1095_20210917_La_1_1210,95,HSL:1471154,Keinutie
46200,46286,86,46200,46296,96,True,UPDATED,1631912400,HSL:1095_20210917_La_1_1225,95,HSL:1471154,Keinutie
47100,47100,0,47100,47100,0,True,UPDATED,1631912400,HSL:1095_20210917_La_1_1240,95,HSL:1471154,Keinutie
48000,48000,0,48000,48000,0,False,SCHEDULED,1631912400,HSL:1095_20210917_La_1_1255,95,HSL:1471154,Keinutie
48900,48900,0,48900,48900,0,False,SCHEDULED,1631912400,HSL:1095_20210917_La_1_1310,95,HSL:1471154,Keinutie
45960,45960,0,45960,45960,0,False,SCHEDULED,1631912400,HSL:1094A_20210917_La_1_1245,94A,HSL:1471152,Leikkikuja
46860,46860,0,46860,46860,0,False,SCHEDULED,1631912400,HSL:1094A_20210917_La_1_1300,94A,HSL:1471152,Leikkikuja
47760,47760,0,47760,47760,0,False,SCHEDULED,1631912400,HSL:1094A_20210917_La_1_1315,94A,HSL:1471152,Leikkikuja
48660,48660,0,48660,48660,0,False,SCHEDULED,1631912400,HSL:1094A_20210917_La_1_1330,94A,HSL:1471152,Leikkikuja
49560,49560,0,49560,49560,0,False,SCHEDULED,1631912400,HSL:1094A_20210917_La_1_1345,94A,HSL:1471152,Leikkikuja
45780,45780,0,45780,45780,0,False,SCHEDULED,1631912400,HSL:1094A_20210917_La_2_1239,94A,HSL:1471151,Leikkikuja
46680,46680,0,46680,46680,0,False,SCHEDULED,1631912400,HSL:1094A_20210917_La_2_1254,94A,HSL:1471151,Leikkikuja
47580,47580,0,47580,47580,0,False,SCHEDULED,1631912400,HSL:1094A_20210917_La_2_1309,94A,HSL:1471151,Leikkikuja
48480,48480,0,48480,48480,0,False,SCHEDULED,1631912400,HSL:1094A_20210917_La_2_1324,94A,HSL:1471151,Leikkikuja
49380,49380,0,49380,49380,0,False,SCHEDULED,1631912400,HSL:1094A_20210917_La_2_1339,94A,HSL:1471151,Leikkikuja
45360,45267,-93,45360,45395,35,True,UPDATED,1631912400,HSL:1052_20210917_La_1_1206,52,HSL:1291219,Talontie
45960,45675,-285,45960,45675,-285,True,UPDATED,1631912400,HSL:1052_20210917_La_1_1216,52,HSL:1291219,Talontie
45240,45680,440,45240,45680,440,True,UPDATED,1631912400,HSL:2200_20210917_La_2_1154,200,HSL:1291219,Talontie
45540,45865,325,45540,45888,348,True,UPDATED,1631912400,HSL:4332_20210917_La_2_1206,332,HSL:1291219,Talontie
45840,45900,60,45840,45900,60,True,UPDATED,1631912400,HSL:2200_20210917_La_2_1204,200,HSL:1291219,Talontie
45360,45360,0,45360,45360,0,False,SCHEDULED,1631912400,HSL:1094_20210917_La_1_1227,94,HSL:1471158,Naapurintie
46260,46260,0,46260,46260,0,False,SCHEDULED,1631912400,HSL:1094_20210917_La_1_1242,94,HSL:1471158,Naapurintie
47160,47160,0,47160,47160,0,False,SCHEDULED,1631912400,HSL:1094_20210917_La_1_1257,94,HSL:1471158,Naapurintie
48060,48060,0,48060,48060,0,False,SCHEDULED,1631912400,HSL:1094_20210917_La_1_1312,94,HSL:1471158,Naapurintie
49020,49020,0,49020,49020,0,False,SCHEDULED,1631912400,HSL:1094_20210917_La_1_1327,94,HSL:1471158,Naapurintie
45600,45651,51,45600,45657,57,True,UPDATED,1631912400,HSL:1094_20210917_La_2_1233,94,HSL:1471157,Naapurintie
46500,46500,0,46500,46500,0,False,SCHEDULED,1631912400,HSL:1094_20210917_La_2_1248,94,HSL:1471157,Naapurintie
47400,47400,0,47400,47400,0,False,SCHEDULED,1631912400,HSL:1094_20210917_La_2_1303,94,HSL:1471157,Naapurintie
48300,48300,0,48300,48300,0,False,SCHEDULED,1631912400,HSL:1094_20210917_La_2_1318,94,HSL:1471157,Naapurintie
49200,49200,0,49200,49200,0,False,SCHEDULED,1631912400,HSL:1094_20210917_La_2_1333,94,HSL:1471157,Naapurintie
45540,45614,74,45540,45618,78,True,UPDATED,1631912400,HSL:1094_20210917_La_2_1233,94,HSL:1471156,Porttikuja
46440,46440,0,46440,46440,0,False,SCHEDULED,1631912400,HSL:1094_20210917_La_2_1248,94,HSL:1471156,Porttikuja
47340,47340,0,47340,47340,0,False,SCHEDULED,1631912400,HSL:1094_20210917_La_2_1303,94,HSL:1471156,Porttikuja
48240,48240,0,48240,48240,0,False,SCHEDULED,1631912400,HSL:1094_20210917_La_2_1318,94,HSL:1471156,Porttikuja
49140,49140,0,49140,49140,0,False,SCHEDULED,1631912400,HSL:1094_20210917_La_2_1333,94,HSL:1471156,Porttikuja
45360,45421,61,45360,45480,120,True,UPDATED,1631912400,HSL:1095_20210917_La_1_1210,95,HSL:1471155,Kiikku
45720,45720,0,45720,45720,0,False,SCHEDULED,1631912400,HSL:1095_20210917_La_2_1242,95,HSL:1471155,Kiikku
46260,46326,66,46260,46367,107,True,UPDATED,1631912400,HSL:1095_20210917_La_1_1225,95,HSL:1471155,Kiikku
46620,46620,0,46620,46620,0,False,SCHEDULED,1631912400,HSL:1095_20210917_La_2_1257,95,HSL:1471155,Kiikku
47160,47160,0,47160,47160,0,True,UPDATED,1631912400,HSL:1095_20210917_La_1_1240,95,HSL:1471155,Kiikku
47700,47700,0,47700,47700,0,False,SCHEDULED,1631912400,HSL:4576_20210917_La_2_1301,576,HSL:4340207,Kuutamotie
51300,51300,0,51300,51300,0,False,SCHEDULED,1631912400,HSL:4576_20210917_La_2_1401,576,HSL:4340207,Kuutamotie
54960,54960,0,54960,54960,0,False,SCHEDULED,1631912400,HSL:4576_20210917_La_2_1501,576,HSL:4340207,Kuutamotie
58560,58560,0,58560,58560,0,False,SCHEDULED,1631912400,HSL:4576_20210917_La_2_1601,576,HSL:4340207,Kuutamotie
62160,62160,0,62160,62160,0,False,SCHEDULED,1631912400,HSL:4576_20210917_La_2_1701,576,HSL:4340207,Kuutamotie
45720,45720,0,45720,45720,0,True,UPDATED,1631912400,HSL:1096_20210917_La_1_1237,96,HSL:1542129,Haapasaarentie
46620,46620,0,46620,46620,0,False,SCHEDULED,1631912400,HSL:1096_20210917_La_1_1252,96,HSL:1542129,Haapasaarentie
47520,47520,0,47520,47520,0,False,SCHEDULED,1631912400,HSL:1096_20210917_La_1_1307,96,HSL:1542129,Haapasaarentie
48420,48420,0,48420,48420,0,False,SCHEDULED,1631912400,HSL:1096_20210917_La_1_1322,96,HSL:1542129,Haapasaarentie
49320,49320,0,49320,49320,0,False,SCHEDULED,1631912400,HSL:1096_20210917_La_1_1337,96,HSL:1542129,Haapasaarentie
45420,45420,0,45420,45420,0,False,SCHEDULED,1631912400,HSL:1057_20210917_La_2_1237,57,HSL:1301149,Munkkiniemen aukio
45600,45626,26,45600,45626,26,True,UPDATED,1631912400,HSL:1057_20210917_La_1_1158,57,HSL:1301149,Munkkiniemen aukio
46020,46020,0,46020,46020,0,False,SCHEDULED,1631912400,HSL:1057_20210917_La_2_1247,57,HSL:1301149,Munkkiniemen aukio
46200,46213,13,46200,46213,13,True,UPDATED,1631912400,HSL:1057_20210917_La_1_1208,57,HSL:1301149,Munkkiniemen aukio
46620,46620,0,46620,46620,0,False,SCHEDULED,1631912400,HSL:1057_20210917_La_2_1257,57,HSL:1301149,Munkkiniemen aukio
46080,46179,99,46080,46200,120,True,UPDATED,1631912400,HSL:1500_20210917_La_1_1210,500,HSL:1301148,Munkkin. puistotie
46980,47083,103,46980,47085,105,True,UPDATED,1631912400,HSL:1500_20210917_La_1_1225,500,HSL:1301148,Munkkin. puistotie
47880,47880,0,47880,47880,0,False,SCHEDULED,1631912400,HSL:1500_20210917_La_1_1240,500,HSL:1301148,Munkkin. puistotie
48780,48780,0,48780,48780,0,False,SCHEDULED,1631912400,HSL:1500_20210917_La_1_1255,500,HSL:1301148,Munkkin. puistotie
49680,49680,0,49680,49680,0,False,SCHEDULED,1631912400,HSL:1500_20210917_La_1_1310,500,HSL:1301148,Munkkin. puistotie
45660,45661,1,45660,45663,3,True,UPDATED,1631912400,HSL:4576_20210917_La_1_1210,576,HSL:4340208,Kuutamotie
49200,49200,0,49200,49200,0,False,SCHEDULED,1631912400,HSL:4576_20210917_La_1_1309,576,HSL:4340208,Kuutamotie
52800,52800,0,52800,52800,0,False,SCHEDULED,1631912400,HSL:4576_20210917_La_1_1409,576,HSL:4340208,Kuutamotie
56400,56400,0,56400,56400,0,False,SCHEDULED,1631912400,HSL:4576_20210917_La_1_1509,576,HSL:4340208,Kuutamotie
60000,60000,0,60000,60000,0,False,SCHEDULED,1631912400,HSL:4576_20210917_La_1_1609,576,HSL:4340208,Kuutamotie
46140,46247,107,46140,46267,127,True,UPDATED,1631912400,HSL:1500_20210917_La_1_1210,500,HSL:1301147,Laajalahden aukio
47040,47138,98,47040,47156,116,True,UPDATED,1631912400,HSL:1500_20210917_La_1_1225,500,HSL:1301147,Laajalahden aukio
47940,47940,0,47940,47940,0,False,SCHEDULED,1631912400,HSL:1500_20210917_La_1_1240,500,HSL:1301147,Laajalahden aukio
48840,48840,0,48840,48840,0,False,SCHEDULED,1631912400,HSL:1500_20210917_La_1_1255,500,HSL:1301147,Laajalahden aukio
49740,49740,0,49740,49740,0,False,SCHEDULED,1631912400,HSL:1500_20210917_La_1_1310,500,HSL:1301147,Laajalahden aukio
47700,47700,0,47700,47700,0,False,SCHEDULED,1631912400,HSL:4576_20210917_La_2_1301,576,HSL:4340205,Tähtitaivaantie
51300,51300,0,51300,51300,0,False,SCHEDULED,1631912400,HSL:4576_20210917_La_2_1401,576,HSL:4340205,Tähtitaivaantie
54960,54960,0,54960,54960,0,False,SCHEDULED,1631912400,HSL:4576_20210917_La_2_1501,576,HSL:4340205,Tähtitaivaantie
58560,58560,0,58560,58560,0,False,SCHEDULED,1631912400,HSL:4576_20210917_La_2_1601,576,HSL:4340205,Tähtitaivaantie
62160,62160,0,62160,62160,0,False,SCHEDULED,1631912400,HSL:4576_20210917_La_2_1701,576,HSL:4340205,Tähtitaivaantie
45360,45346,-14,45360,45359,-1,True,UPDATED,1631912400,HSL:1500_20210917_La_1_1155,500,HSL:1301146,Professorintie
46260,46359,99,46260,46374,114,True,UPDATED,1631912400,HSL:1500_20210917_La_1_1210,500,HSL:1301146,Professorintie
47160,47268,108,47160,47284,124,True,UPDATED,1631912400,HSL:1500_20210917_La_1_1225,500,HSL:1301146,Professorintie
48060,48060,0,48060,48060,0,False,SCHEDULED,1631912400,HSL:1500_20210917_La_1_1240,500,HSL:1301146,Professorintie
48960,48960,0,48960,48960,0,False,SCHEDULED,1631912400,HSL:1500_20210917_La_1_1255,500,HSL:1301146,Professorintie
45720,45695,-25,45720,45696,-24,True,UPDATED,1631912400,HSL:4576_20210917_La_1_1210,576,HSL:4340206,Tähtitaivaantie
49260,49260,0,49260,49260,0,False,SCHEDULED,1631912400,HSL:4576_20210917_La_1_1309,576,HSL:4340206,Tähtitaivaantie
52860,52860,0,52860,52860,0,False,SCHEDULED,1631912400,HSL:4576_20210917_La_1_1409,576,HSL:4340206,Tähtitaivaantie
56460,56460,0,56460,56460,0,False,SCHEDULED,1631912400,HSL:4576_20210917_La_1_1509,576,HSL:4340206,Tähtitaivaantie
60060,60060,0,60060,60060,0,False,SCHEDULED,1631912400,HSL:4576_20210917_La_1_1609,576,HSL:4340206,Tähtitaivaantie
47580,47580,0,47580,47580,0,False,SCHEDULED,1631912400,HSL:4576_20210917_La_2_1301,576,HSL:4340203,Kesäkyläntie
51180,51180,0,51180,51180,0,False,SCHEDULED,1631912400,HSL:4576_20210917_La_2_1401,576,HSL:4340203,Kesäkyläntie
54840,54840,0,54840,54840,0,False,SCHEDULED,1631912400,HSL:4576_20210917_La_2_1501,576,HSL:4340203,Kesäkyläntie
58440,58440,0,58440,58440,0,False,SCHEDULED,1631912400,HSL:4576_20210917_La_2_1601,576,HSL:4340203,Kesäkyläntie
62040,62040,0,62040,62040,0,False,SCHEDULED,1631912400,HSL:4576_20210917_La_2_1701,576,HSL:4340203,Kesäkyläntie
45600,45600,0,45600,45600,0,True,UPDATED,1631912400,HSL:1096_20210917_La_1_1237,96,HSL:1542125,Punakiventie
46500,46500,0,46500,46500,0,False,SCHEDULED,1631912400,HSL:1096_20210917_La_1_1252,96,HSL:1542125,Punakiventie
47400,47400,0,47400,47400,0,False,SCHEDULED,1631912400,HSL:1096_20210917_La_1_1307,96,HSL:1542125,Punakiventie
48300,48300,0,48300,48300,0,False,SCHEDULED,1631912400,HSL:1096_20210917_La_1_1322,96,HSL:1542125,Punakiventie
49200,49200,0,49200,49200,0,False,SCHEDULED,1631912400,HSL:1096_20210917_La_1_1337,96,HSL:1542125,Punakiventie
45780,45766,-14,45780,45769,-11,True,UPDATED,1631912400,HSL:4576_20210917_La_1_1210,576,HSL:4340204,Kesäkyläntie
49320,49320,0,49320,49320,0,False,SCHEDULED,1631912400,HSL:4576_20210917_La_1_1309,576,HSL:4340204,Kesäkyläntie
52920,52920,0,52920,52920,0,False,SCHEDULED,1631912400,HSL:4576_20210917_La_1_1409,576,HSL:4340204,Kesäkyläntie
56520,56520,0,56520,56520,0,False,SCHEDULED,1631912400,HSL:4576_20210917_La_1_1509,576,HSL:4340204,Kesäkyläntie
60120,60120,0,60120,60120,0,False,SCHEDULED,1631912400,HSL:4576_20210917_La_1_1609,576,HSL:4340204,Kesäkyläntie
47580,47580,0,47580,47580,0,False,SCHEDULED,1631912400,HSL:4576_20210917_La_2_1301,576,HSL:4340201,Kuusistontie
51180,51180,0,51180,51180,0,False,SCHEDULED,1631912400,HSL:4576_20210917_La_2_1401,576,HSL:4340201,Kuusistontie
54840,54840,0,54840,54840,0,False,SCHEDULED,1631912400,HSL:4576_20210917_La_2_1501,576,HSL:4340201,Kuusistontie
58440,58440,0,58440,58440,0,False,SCHEDULED,1631912400,HSL:4576_20210917_La_2_1601,576,HSL:4340201,Kuusistontie
62040,62040,0,62040,62040,0,False,SCHEDULED,1631912400,HSL:4576_20210917_La_2_1701,576,HSL:4340201,Kuusistontie
45780,45769,-11,45780,45771,-9,True,UPDATED,1631912400,HSL:4576_20210917_La_1_1210,576,HSL:4340202,Kuusistontie
49320,49320,0,49320,49320,0,False,SCHEDULED,1631912400,HSL:4576_20210917_La_1_1309,576,HSL:4340202,Kuusistontie
52920,52920,0,52920,52920,0,False,SCHEDULED,1631912400,HSL:4576_20210917_La_1_1409,576,HSL:4340202,Kuusistontie
56520,56520,0,56520,56520,0,False,SCHEDULED,1631912400,HSL:4576_20210917_La_1_1509,576,HSL:4340202,Kuusistontie
60120,60120,0,60120,60120,0,False,SCHEDULED,1631912400,HSL:4576_20210917_La_1_1609,576,HSL:4340202,Kuusistontie
45540,45633,93,45540,45640,100,True,UPDATED,1631912400,HSL:2550_20210917_La_2_1219,550,HSL:2113206,Kalkkipellonmäki
45780,45940,160,45780,45952,172,True,UPDATED,1631912400,HSL:2200_20210917_La_2_1214,200,HSL:2113206,Kalkkipellonmäki
46020,46020,0,46020,46020,0,False,SCHEDULED,1631912400,HSL:2553K_20210917_La_2_1242,553K,HSL:2113206,Kalkkipellonmäki
46140,46181,41,46140,46186,46,True,UPDATED,1631912400,HSL:2550_20210917_La_2_1229,550,HSL:2113206,Kalkkipellonmäki
46380,46492,112,46380,46504,124,True,UPDATED,1631912400,HSL:2200_20210917_La_2_1224,200,HSL:2113206,Kalkkipellonmäki
45540,45534,-6,45540,45542,2,True,UPDATED,1631912400,HSL:2550_20210917_La_1_1152,550,HSL:2113205,Kalkkipellonmäki
45660,45746,86,45660,45746,86,True,UPDATED,1631912400,HSL:2200_20210917_La_1_1214,200,HSL:2113205,Kalkkipellonmäki
46140,46037,-103,46140,46038,-102,True,UPDATED,1631912400,HSL:2553K_20210917_La_1_1150,553K,HSL:2113205,Kalkkipellonmäki
46140,46253,113,46140,46261,121,True,UPDATED,1631912400,HSL:2550_20210917_La_1_1202,550,HSL:2113205,Kalkkipellonmäki
46260,46324,64,46260,46334,74,True,UPDATED,1631912400,HSL:2200_20210917_La_1_1224,200,HSL:2113205,Kalkkipellonmäki
45600,45677,77,45600,45683,83,True,UPDATED,1631912400,HSL:2550_20210917_La_2_1219,550,HSL:2113204,Mäkkylän asema
45840,45991,151,45840,45999,159,True,UPDATED,1631912400,HSL:2200_20210917_La_2_1214,200,HSL:2113204,Mäkkylän asema
46080,46080,0,46080,46080,0,False,SCHEDULED,1631912400,HSL:2553K_20210917_La_2_1242,553K,HSL:2113204,Mäkkylän asema
46200,46224,24,46200,46229,29,True,UPDATED,1631912400,HSL:2550_20210917_La_2_1229,550,HSL:2113204,Mäkkylän asema
46440,46544,104,46440,46552,112,True,UPDATED,1631912400,HSL:2200_20210917_La_2_1224,200,HSL:2113204,Mäkkylän asema
45360,45395,35,45360,45398,38,True,UPDATED,1631912400,HSL:2201_20210917_La_1_1230,201,HSL:2113203,Ylänteenkatu
48960,48960,0,48960,48960,0,False,SCHEDULED,1631912400,HSL:2201_20210917_La_1_1330,201,HSL:2113203,Ylänteenkatu
52560,52560,0,52560,52560,0,False,SCHEDULED,1631912400,HSL:2201_20210917_La_1_1430,201,HSL:2113203,Ylänteenkatu
56160,56160,0,56160,56160,0,False,SCHEDULED,1631912400,HSL:2201_20210917_La_1_1530,201,HSL:2113203,Ylänteenkatu
45420,45428,8,45420,45438,18,True,UPDATED,1631912400,HSL:2201_20210917_La_1_1230,201,HSL:2113202,Laturintörmä
49020,49020,0,49020,49020,0,False,SCHEDULED,1631912400,HSL:2201_20210917_La_1_1330,201,HSL:2113202,Laturintörmä
52620,52620,0,52620,52620,0,False,SCHEDULED,1631912400,HSL:2201_20210917_La_1_1430,201,HSL:2113202,Laturintörmä
56220,56220,0,56220,56220,0,False,SCHEDULED,1631912400,HSL:2201_20210917_La_1_1530,201,HSL:2113202,Laturintörmä
45360,45376,16,45360,45377,17,True,UPDATED,1631912400,HSL:2201_20210917_La_1_1230,201,HSL:2113201,Arkadianportaat
48960,48960,0,48960,48960,0,False,SCHEDULED,1631912400,HSL:2201_20210917_La_1_1330,201,HSL:2113201,Arkadianportaat
52560,52560,0,52560,52560,0,False,SCHEDULED,1631912400,HSL:2201_20210917_La_1_1430,201,HSL:2113201,Arkadianportaat
56160,56160,0,56160,56160,0,False,SCHEDULED,1631912400,HSL:2201_20210917_La_1_1530,201,HSL:2113201,Arkadianportaat
45420,45486,66,45420,45486,66,True,UPDATED,1631912400,HSL:1025_20210917_La_1_1228,25,HSL:1140165,Rajasaarentie
45840,45870,30,45840,45870,30,True,UPDATED,1631912400,HSL:1024_20210917_La_1_1233,24,HSL:1140165,Rajasaarentie
46620,46620,0,46620,46620,0,False,SCHEDULED,1631912400,HSL:1025_20210917_La_1_1248,25,HSL:1140165,Rajasaarentie
47640,47640,0,47640,47640,0,False,SCHEDULED,1631912400,HSL:1024_20210917_La_1_1303,24,HSL:1140165,Rajasaarentie
47820,47820,0,47820,47820,0,False,SCHEDULED,1631912400,HSL:1025_20210917_La_1_1308,25,HSL:1140165,Rajasaarentie
45720,45692,-28,45720,45692,-28,True,UPDATED,1631912400,HSL:1025_20210917_La_2_1224,25,HSL:1140166,Rajasaarentie
46920,46920,0,46920,46920,0,False,SCHEDULED,1631912400,HSL:1025_20210917_La_2_1244,25,HSL:1140166,Rajasaarentie
47040,47040,0,47040,47040,0,False,SCHEDULED,1631912400,HSL:1024_20210917_La_2_1259,24,HSL:1140166,Rajasaarentie
48120,48120,0,48120,48120,0,False,SCHEDULED,1631912400,HSL:1025_20210917_La_2_1304,25,HSL:1140166,Rajasaarentie
48840,48840,0,48840,48840,0,False,SCHEDULED,1631912400,HSL:1024_20210917_La_2_1329,24,HSL:1140166,Rajasaarentie
45480,45480,0,45480,45480,0,False,SCHEDULED,1631912400,HSL:1500_20210917_La_2_1236,500,HSL:1301145,Professorintie
46380,46380,0,46380,46380,0,False,SCHEDULED,1631912400,HSL:1500_20210917_La_2_1251,500,HSL:1301145,Professorintie
47280,47280,0,47280,47280,0,False,SCHEDULED,1631912400,HSL:1500_20210917_La_2_1306,500,HSL:1301145,Professorintie
48180,48180,0,48180,48180,0,False,SCHEDULED,1631912400,HSL:1500_20210917_La_2_1321,500,HSL:1301145,Professorintie
49080,49080,0,49080,49080,0,False,SCHEDULED,1631912400,HSL:1500_20210917_La_2_1336,500,HSL:1301145,Professorintie
45420,45442,22,45420,45467,47,True,UPDATED,1631912400,HSL:31M2_20210917_La_2_1219,M2,HSL:1111602,Hakaniemi
45600,45618,18,45600,45643,43,True,UPDATED,1631912400,HSL:31M1_20210917_La_2_1222,M1,HSL:1111602,Hakaniemi
45840,45906,66,45840,45931,91,True,UPDATED,1631912400,HSL:31M2_20210917_La_2_1226,M2,HSL:1111602,Hakaniemi
46080,46092,12,46080,46117,37,True,UPDATED,1631912400,HSL:31M1_20210917_La_2_1230,M1,HSL:1111602,Hakaniemi
46320,46323,3,46320,46348,28,True,UPDATED,1631912400,HSL:31M2_20210917_La_2_1234,M2,HSL:1111602,Hakaniemi
45480,45481,1,45480,45482,2,True,UPDATED,1631912400,HSL:1090_20210917_La_1_1230,90,HSL:1542138,Käärmeniementie
46380,46380,0,46380,46380,0,False,SCHEDULED,1631912400,HSL:1090_20210917_La_1_1245,90,HSL:1542138,Käärmeniementie
47280,47280,0,47280,47280,0,False,SCHEDULED,1631912400,HSL:1090_20210917_La_1_1300,90,HSL:1542138,Käärmeniementie
48240,48240,0,48240,48240,0,False,SCHEDULED,1631912400,HSL:1090_20210917_La_1_1315,90,HSL:1542138,Käärmeniementie
49140,49140,0,49140,49140,0,False,SCHEDULED,1631912400,HSL:1090_20210917_La_1_1330,90,HSL:1542138,Käärmeniementie
59280,59280,0,59280,59280,0,False,SCHEDULED,1631912400,HSL:6182A_20210917_La_1_1600,182A,HSL:6301032,Siuntion kylpylä
59400,59400,0,59400,59400,0,False,SCHEDULED,1631912400,HSL:6182A_20210917_La_2_1630,182A,HSL:6301032,Siuntion kylpylä
39480,39480,0,39480,39480,0,False,SCHEDULED,1631998800,HSL:6182A_20210917_Su_1_1030,182A,HSL:6301032,Siuntion kylpylä
39600,39600,0,39600,39600,0,False,SCHEDULED,1631998800,HSL:6182A_20210917_Su_2_1100,182A,HSL:6301032,Siuntion kylpylä
45900,45900,0,45900,45900,0,False,SCHEDULED,1631912400,HSL:1090_20210917_La_2_1243,90,HSL:1542137,Käärmeniementie
46800,46800,0,46800,46800,0,False,SCHEDULED,1631912400,HSL:1090_20210917_La_2_1258,90,HSL:1542137,Käärmeniementie
47700,47700,0,47700,47700,0,False,SCHEDULED,1631912400,HSL:1090_20210917_La_2_1313,90,HSL:1542137,Käärmeniementie
48600,48600,0,48600,48600,0,False,SCHEDULED,1631912400,HSL:1090_20210917_La_2_1328,90,HSL:1542137,Käärmeniementie
49500,49500,0,49500,49500,0,False,SCHEDULED,1631912400,HSL:1090_20210917_La_2_1343,90,HSL:1542137,Käärmeniementie
45600,45584,-16,45600,45584,-16,True,UPDATED,1631912400,HSL:4576_20210917_La_1_1210,576,HSL:4340210,Myllykyläntie
49140,49140,0,49140,49140,0,False,SCHEDULED,1631912400,HSL:4576_20210917_La_1_1309,576,HSL:4340210,Myllykyläntie
52740,52740,0,52740,52740,0,False,SCHEDULED,1631912400,HSL:4576_20210917_La_1_1409,576,HSL:4340210,Myllykyläntie
56340,56340,0,56340,56340,0,False,SCHEDULED,1631912400,HSL:4576_20210917_La_1_1509,576,HSL:4340210,Myllykyläntie
59940,59940,0,59940,59940,0,False,SCHEDULED,1631912400,HSL:4576_20210917_La_1_1609,576,HSL:4340210,Myllykyläntie
45420,45413,-7,45420,45438,18,True,UPDATED,1631912400,HSL:31M1_20210917_La_1_1214,M1,HSL:1111601,Hakaniemi
45600,45623,23,45600,45648,48,True,UPDATED,1631912400,HSL:31M2_20210917_La_1_1223,M2,HSL:1111601,Hakaniemi
45840,45851,11,45840,45876,36,True,UPDATED,1631912400,HSL:31M1_20210917_La_1_1221,M1,HSL:1111601,Hakaniemi
46080,46079,-1,46080,46104,24,True,UPDATED,1631912400,HSL:31M2_20210917_La_1_1231,M2,HSL:1111601,Hakaniemi
46320,46300,-20,46320,46325,5,True,UPDATED,1631912400,HSL:31M1_20210917_La_1_1229,M1,HSL:1111601,Hakaniemi
45360,45332,-28,45360,45332,-28,True,UPDATED,1631912400,HSL:1096_20210917_La_2_1234,96,HSL:1542130,Haapasaarentie
46260,46260,0,46260,46260,0,False,SCHEDULED,1631912400,HSL:1096_20210917_La_2_1249,96,HSL:1542130,Haapasaarentie
47160,47160,0,47160,47160,0,False,SCHEDULED,1631912400,HSL:1096_20210917_La_2_1304,96,HSL:1542130,Haapasaarentie
48060,48060,0,48060,48060,0,False,SCHEDULED,1631912400,HSL:1096_20210917_La_2_1319,96,HSL:1542130,Haapasaarentie
48960,48960,0,48960,48960,0,False,SCHEDULED,1631912400,HSL:1096_20210917_La_2_1334,96,HSL:1542130,Haapasaarentie
47760,47760,0,47760,47760,0,False,SCHEDULED,1631912400,HSL:4576_20210917_La_2_1301,576,HSL:4340209,Myllykyläntie
51360,51360,0,51360,51360,0,False,SCHEDULED,1631912400,HSL:4576_20210917_La_2_1401,576,HSL:4340209,Myllykyläntie
55020,55020,0,55020,55020,0,False,SCHEDULED,1631912400,HSL:4576_20210917_La_2_1501,576,HSL:4340209,Myllykyläntie
58620,58620,0,58620,58620,0,False,SCHEDULED,1631912400,HSL:4576_20210917_La_2_1601,576,HSL:4340209,Myllykyläntie
62220,62220,0,62220,62220,0,False,SCHEDULED,1631912400,HSL:4576_20210917_La_2_1701,576,HSL:4340209,Myllykyläntie
59160,59160,0,59160,59160,0,False,SCHEDULED,1631912400,HSL:6182A_20210917_La_1_1600,182A,HSL:6301023,Nimismiehenmäki
39360,39360,0,39360,39360,0,False,SCHEDULED,1631998800,HSL:6182A_20210917_Su_1_1030,182A,HSL:6301023,Nimismiehenmäki
45600,45567,-33,45600,45567,-33,True,UPDATED,1631912400,HSL:2502_20210917_La_2_1228,502,HSL:1301126,Lokkalantie
45540,45597,57,45540,45604,64,True,UPDATED,1631912400,HSL:1057_20210917_La_1_1158,57,HSL:1301126,Lokkalantie
46380,45675,-705,46380,45675,-705,True,UPDATED,1631912400,HSL:1052_20210917_La_1_1216,52,HSL:1301126,Lokkalantie
45480,45742,262,45480,45742,262,True,UPDATED,1631912400,HSL:1030_20210917_La_2_1206,30,HSL:1301126,Lokkalantie
45780,45782,2,45780,45782,2,True,UPDATED,1631912400,HSL:1052_20210917_La_1_1206,52,HSL:1301126,Lokkalantie
45180,45336,156,45180,45336,156,True,UPDATED,1631912400,HSL:1030_20210917_La_1_1207,30,HSL:1301125,Lokkalantie
46080,45477,-603,46080,45477,-603,True,UPDATED,1631912400,HSL:1030_20210917_La_1_1222,30,HSL:1301125,Lokkalantie
45540,45540,0,45540,45540,0,False,SCHEDULED,1631912400,HSL:1057_20210917_La_2_1237,57,HSL:1301125,Lokkalantie
45660,45717,57,45660,45773,113,True,UPDATED,1631912400,HSL:1020_20210917_La_1_1215,20,HSL:1301125,Lokkalantie
45780,45820,40,45780,45820,40,True,UPDATED,1631912400,HSL:1052_20210917_La_2_1230,52,HSL:1301125,Lokkalantie
45360,45332,-28,45360,45332,-28,True,UPDATED,1631912400,HSL:1025_20210917_La_2_1224,25,HSL:1301124,Munkkiniemen aukio
45660,45641,-19,45660,45652,-8,True,UPDATED,1631912400,HSL:2502_20210917_La_2_1228,502,HSL:1301124,Munkkiniemen aukio
45540,45802,262,45540,45802,262,True,UPDATED,1631912400,HSL:1030_20210917_La_2_1206,30,HSL:1301124,Munkkiniemen aukio
45960,46000,40,45960,46000,40,True,UPDATED,1631912400,HSL:1020_20210917_La_2_1232,20,HSL:1301124,Munkkiniemen aukio
46560,46560,0,46560,46560,0,False,SCHEDULED,1631912400,HSL:1025_20210917_La_2_1244,25,HSL:1301124,Munkkiniemen aukio
83640,83640,0,83640,83640,0,False,SCHEDULED,1631912400,HSL:1092N_20210917_La_2_2310,92N,HSL:1471183,Kuovipolku
85440,85440,0,85440,85440,0,False,SCHEDULED,1631912400,HSL:1092N_20210917_La_2_2340,92N,HSL:1471183,Kuovipolku
86820,86820,0,86820,86820,0,False,SCHEDULED,1631912400,HSL:1092N_20210917_La_2_2403,92N,HSL:1471183,Kuovipolku
88620,88620,0,88620,88620,0,False,SCHEDULED,1631912400,HSL:1092N_20210917_La_2_2433,92N,HSL:1471183,Kuovipolku
90420,90420,0,90420,90420,0,False,SCHEDULED,1631912400,HSL:1092N_20210917_La_2_2503,92N,HSL:1471183,Kuovipolku
45420,45448,28,45420,45452,32,True,UPDATED,1631912400,HSL:1090_20210917_La_1_1230,90,HSL:1542103,Satamakaari
46320,46320,0,46320,46320,0,False,SCHEDULED,1631912400,HSL:1090_20210917_La_1_1245,90,HSL:1542103,Satamakaari
47220,47220,0,47220,47220,0,False,SCHEDULED,1631912400,HSL:1090_20210917_La_1_1300,90,HSL:1542103,Satamakaari
48180,48180,0,48180,48180,0,False,SCHEDULED,1631912400,HSL:1090_20210917_La_1_1315,90,HSL:1542103,Satamakaari
49080,49080,0,49080,49080,0,False,SCHEDULED,1631912400,HSL:1090_20210917_La_1_1330,90,HSL:1542103,Satamakaari
45960,45960,0,45960,45960,0,False,SCHEDULED,1631912400,HSL:1090_20210917_La_2_1243,90,HSL:1542104,Satamakaari
46860,46860,0,46860,46860,0,False,SCHEDULED,1631912400,HSL:1090_20210917_La_2_1258,90,HSL:1542104,Satamakaari
47760,47760,0,47760,47760,0,False,SCHEDULED,1631912400,HSL:1090_20210917_La_2_1313,90,HSL:1542104,Satamakaari
48660,48660,0,48660,48660,0,False,SCHEDULED,1631912400,HSL:1090_20210917_La_2_1328,90,HSL:1542104,Satamakaari
49560,49560,0,49560,49560,0,False,SCHEDULED,1631912400,HSL:1090_20210917_La_2_1343,90,HSL:1542104,Satamakaari
45420,45397,-23,45420,45398,-22,True,UPDATED,1631912400,HSL:1090_20210917_La_1_1230,90,HSL:1542101,Itäreimarintie
46320,46320,0,46320,46320,0,False,SCHEDULED,1631912400,HSL:1090_20210917_La_1_1245,90,HSL:1542101,Itäreimarintie
47220,47220,0,47220,47220,0,False,SCHEDULED,1631912400,HSL:1090_20210917_La_1_1300,90,HSL:1542101,Itäreimarintie
48180,48180,0,48180,48180,0,False,SCHEDULED,1631912400,HSL:1090_20210917_La_1_1315,90,HSL:1542101,Itäreimarintie
49080,49080,0,49080,49080,0,False,SCHEDULED,1631912400,HSL:1090_20210917_La_1_1330,90,HSL:1542101,Itäreimarintie
59520,59520,0,59520,59520,0,False,SCHEDULED,1631912400,HSL:6182A_20210917_La_2_1630,182A,HSL:6301024,Nimismiehenmäki
39720,39720,0,39720,39720,0,False,SCHEDULED,1631998800,HSL:6182A_20210917_Su_2_1100,182A,HSL:6301024,Nimismiehenmäki
45540,45540,0,45540,45540,0,True,UPDATED,1631912400,HSL:1094A_20210917_La_1_1230,94A,HSL:1471180,Kuovipolku
46440,46440,0,46440,46440,0,False,SCHEDULED,1631912400,HSL:1094A_20210917_La_1_1245,94A,HSL:1471180,Kuovipolku
47340,47340,0,47340,47340,0,False,SCHEDULED,1631912400,HSL:1094A_20210917_La_1_1300,94A,HSL:1471180,Kuovipolku
48240,48240,0,48240,48240,0,False,SCHEDULED,1631912400,HSL:1094A_20210917_La_1_1315,94A,HSL:1471180,Kuovipolku
49140,49140,0,49140,49140,0,False,SCHEDULED,1631912400,HSL:1094A_20210917_La_1_1330,94A,HSL:1471180,Kuovipolku
46020,46020,0,46020,46020,0,False,SCHEDULED,1631912400,HSL:1090_20210917_La_2_1243,90,HSL:1542102,Itäreimarintie
46920,46920,0,46920,46920,0,False,SCHEDULED,1631912400,HSL:1090_20210917_La_2_1258,90,HSL:1542102,Itäreimarintie
47820,47820,0,47820,47820,0,False,SCHEDULED,1631912400,HSL:1090_20210917_La_2_1313,90,HSL:1542102,Itäreimarintie
48720,48720,0,48720,48720,0,False,SCHEDULED,1631912400,HSL:1090_20210917_La_2_1328,90,HSL:1542102,Itäreimarintie
49620,49620,0,49620,49620,0,False,SCHEDULED,1631912400,HSL:1090_20210917_La_2_1343,90,HSL:1542102,Itäreimarintie
47640,47640,0,47640,47640,0,False,SCHEDULED,1631912400,HSL:4576_20210917_La_2_1301,576,HSL:4340221,Hanskallio
51240,51240,0,51240,51240,0,False,SCHEDULED,1631912400,HSL:4576_20210917_La_2_1401,576,HSL:4340221,Hanskallio
54900,54900,0,54900,54900,0,False,SCHEDULED,1631912400,HSL:4576_20210917_La_2_1501,576,HSL:4340221,Hanskallio
58500,58500,0,58500,58500,0,False,SCHEDULED,1631912400,HSL:4576_20210917_La_2_1601,576,HSL:4340221,Hanskallio
62100,62100,0,62100,62100,0,False,SCHEDULED,1631912400,HSL:4576_20210917_La_2_1701,576,HSL:4340221,Hanskallio
45720,45719,-1,45720,45719,-1,True,UPDATED,1631912400,HSL:4576_20210917_La_1_1210,576,HSL:4340220,Hanskallio
49260,49260,0,49260,49260,0,False,SCHEDULED,1631912400,HSL:4576_20210917_La_1_1309,576,HSL:4340220,Hanskallio
52860,52860,0,52860,52860,0,False,SCHEDULED,1631912400,HSL:4576_20210917_La_1_1409,576,HSL:4340220,Hanskallio
56460,56460,0,56460,56460,0,False,SCHEDULED,1631912400,HSL:4576_20210917_La_1_1509,576,HSL:4340220,Hanskallio
60060,60060,0,60060,60060,0,False,SCHEDULED,1631912400,HSL:4576_20210917_La_1_1609,576,HSL:4340220,Hanskallio
45360,45360,0,45360,45360,0,False,SCHEDULED,1631912400,HSL:1094_20210917_La_1_1227,94,HSL:1471185,Porttikuja
46260,46260,0,46260,46260,0,False,SCHEDULED,1631912400,HSL:1094_20210917_La_1_1242,94,HSL:1471185,Porttikuja
47160,47160,0,47160,47160,0,False,SCHEDULED,1631912400,HSL:1094_20210917_La_1_1257,94,HSL:1471185,Porttikuja
48060,48060,0,48060,48060,0,False,SCHEDULED,1631912400,HSL:1094_20210917_La_1_1312,94,HSL:1471185,Porttikuja
49020,49020,0,49020,49020,0,False,SCHEDULED,1631912400,HSL:1094_20210917_La_1_1327,94,HSL:1471185,Porttikuja
46020,45477,-543,46020,45477,-543,True,UPDATED,1631912400,HSL:1030_20210917_La_1_1222,30,HSL:1301123,Munkkiniemen aukio
45480,45480,0,45480,45480,0,False,SCHEDULED,1631912400,HSL:1057_20210917_La_2_1237,57,HSL:1301123,Munkkiniemen aukio
45600,45657,57,45600,45657,57,True,UPDATED,1631912400,HSL:1020_20210917_La_1_1215,20,HSL:1301123,Munkkiniemen aukio
45720,45760,40,45720,45760,40,True,UPDATED,1631912400,HSL:1052_20210917_La_2_1230,52,HSL:1301123,Munkkiniemen aukio
45720,45786,66,45720,45786,66,True,UPDATED,1631912400,HSL:1025_20210917_La_1_1228,25,HSL:1301123,Munkkiniemen aukio
45240,45421,181,45300,45447,147,True,UPDATED,1631912400,HSL:2510_20210917_La_2_1217,510,HSL:1301122,Munkkiniemen aukio
45660,45660,0,45720,45720,0,False,SCHEDULED,1631912400,HSL:1500_20210917_La_2_1236,500,HSL:1301122,Munkkiniemen aukio
46140,46212,72,46200,46251,51,True,UPDATED,1631912400,HSL:2510_20210917_La_2_1232,510,HSL:1301122,Munkkiniemen aukio
46560,46560,0,46620,46620,0,False,SCHEDULED,1631912400,HSL:1500_20210917_La_2_1251,500,HSL:1301122,Munkkiniemen aukio
47040,47040,0,47100,47100,0,False,SCHEDULED,1631912400,HSL:2510_20210917_La_2_1247,510,HSL:1301122,Munkkiniemen aukio
45540,45540,0,45540,45540,0,False,SCHEDULED,1631912400,HSL:1094A_20210917_La_2_1239,94A,HSL:1471189,Kontula (M)
45900,45844,-56,45900,45889,-11,True,UPDATED,1631912400,HSL:1094A_20210917_La_1_1230,94A,HSL:1471189,Kontula (M)
46440,46440,0,46440,46440,0,False,SCHEDULED,1631912400,HSL:1094A_20210917_La_2_1254,94A,HSL:1471189,Kontula (M)
46800,46800,0,46800,46800,0,False,SCHEDULED,1631912400,HSL:1094A_20210917_La_1_1245,94A,HSL:1471189,Kontula (M)
47340,47340,0,47340,47340,0,False,SCHEDULED,1631912400,HSL:1094A_20210917_La_2_1309,94A,HSL:1471189,Kontula (M)
87960,87960,0,87960,87960,0,False,SCHEDULED,1631912400,HSL:1094N_20210917_La_1_2355,94N,HSL:1471190,Sirrikuja
89700,89700,0,89700,89700,0,False,SCHEDULED,1631912400,HSL:1094N_20210917_La_1_2425,94N,HSL:1471190,Sirrikuja
91500,91500,0,91500,91500,0,False,SCHEDULED,1631912400,HSL:1094N_20210917_La_1_2455,94N,HSL:1471190,Sirrikuja
93300,93300,0,93300,93300,0,False,SCHEDULED,1631912400,HSL:1094N_20210917_La_1_2525,94N,HSL:1471190,Sirrikuja
95100,95100,0,95100,95100,0,False,SCHEDULED,1631912400,HSL:1094N_20210917_La_1_2555,94N,HSL:1471190,Sirrikuja
83520,83520,0,83520,83520,0,False,SCHEDULED,1631912400,HSL:1094N_20210917_La_2_2306,94N,HSL:1471191,Sirrikuja
85320,85320,0,85320,85320,0,False,SCHEDULED,1631912400,HSL:1094N_20210917_La_2_2336,94N,HSL:1471191,Sirrikuja
87120,87120,0,87120,87120,0,False,SCHEDULED,1631912400,HSL:1094N_20210917_La_2_2406,94N,HSL:1471191,Sirrikuja
88920,88920,0,88920,88920,0,False,SCHEDULED,1631912400,HSL:1094N_20210917_La_2_2436,94N,HSL:1471191,Sirrikuja
90600,90600,0,90600,90600,0,False,SCHEDULED,1631912400,HSL:1094N_20210917_La_2_2505,94N,HSL:1471191,Sirrikuja
46200,46290,90,46200,46332,132,True,UPDATED,1631912400,HSL:1074_20210917_La_1_1223,74,HSL:1381153,Viljakuja
47400,47400,0,47400,47400,0,False,SCHEDULED,1631912400,HSL:1074_20210917_La_1_1242,74,HSL:1381153,Viljakuja
48660,48660,0,48660,48660,0,False,SCHEDULED,1631912400,HSL:1074_20210917_La_1_1302,74,HSL:1381153,Viljakuja
49860,49860,0,49860,49860,0,False,SCHEDULED,1631912400,HSL:1074_20210917_La_1_1322,74,HSL:1381153,Viljakuja
51060,51060,0,51060,51060,0,False,SCHEDULED,1631912400,HSL:1074_20210917_La_1_1342,74,HSL:1381153,Viljakuja
46140,46087,-53,46140,46088,-52,True,UPDATED,1631912400,HSL:1074_20210917_La_2_1232,74,HSL:1381154,Viljakuja
47340,47340,0,47340,47340,0,False,SCHEDULED,1631912400,HSL:1074_20210917_La_2_1252,74,HSL:1381154,Viljakuja
48540,48540,0,48540,48540,0,False,SCHEDULED,1631912400,HSL:1074_20210917_La_2_1312,74,HSL:1381154,Viljakuja
49740,49740,0,49740,49740,0,False,SCHEDULED,1631912400,HSL:1074_20210917_La_2_1332,74,HSL:1381154,Viljakuja
50940,50940,0,50940,50940,0,False,SCHEDULED,1631912400,HSL:1074_20210917_La_2_1352,74,HSL:1381154,Viljakuja
46260,46332,72,46260,46360,100,True,UPDATED,1631912400,HSL:1074_20210917_La_1_1223,74,HSL:1381155,Malmin raitti 15
47460,47460,0,47460,47460,0,False,SCHEDULED,1631912400,HSL:1074_20210917_La_1_1242,74,HSL:1381155,Malmin raitti 15
48660,48660,0,48660,48660,0,False,SCHEDULED,1631912400,HSL:1074_20210917_La_1_1302,74,HSL:1381155,Malmin raitti 15
49860,49860,0,49860,49860,0,False,SCHEDULED,1631912400,HSL:1074_20210917_La_1_1322,74,HSL:1381155,Malmin raitti 15
51060,51060,0,51060,51060,0,False,SCHEDULED,1631912400,HSL:1074_20210917_La_1_1342,74,HSL:1381155,Malmin raitti 15
46080,46082,2,46080,46087,7,True,UPDATED,1631912400,HSL:1074_20210917_La_2_1232,74,HSL:1381156,Malmin raitti 15
47280,47280,0,47280,47280,0,False,SCHEDULED,1631912400,HSL:1074_20210917_La_2_1252,74,HSL:1381156,Malmin raitti 15
48480,48480,0,48480,48480,0,False,SCHEDULED,1631912400,HSL:1074_20210917_La_2_1312,74,HSL:1381156,Malmin raitti 15
49680,49680,0,49680,49680,0,False,SCHEDULED,1631912400,HSL:1074_20210917_La_2_1332,74,HSL:1381156,Malmin raitti 15
50880,50880,0,50880,50880,0,False,SCHEDULED,1631912400,HSL:1074_20210917_La_2_1352,74,HSL:1381156,Malmin raitti 15
45240,45278,38,45240,45321,81,True,UPDATED,1631912400,HSL:4735_20210917_La_1_1231,735,HSL:4610213,Kaupungintalo
45420,45420,0,45420,45420,0,True,UPDATED,1631912400,HSL:4631_20210917_La_1_1234,631,HSL:4610213,Kaupungintalo
45840,45840,0,45840,45840,0,False,SCHEDULED,1631912400,HSL:4619_20210917_La_1_1241,619,HSL:4610213,Kaupungintalo
46320,46320,0,46320,46320,0,False,SCHEDULED,1631912400,HSL:4624_20210917_La_1_1249,624,HSL:4610213,Kaupungintalo
46380,46380,0,46380,46380,0,False,SCHEDULED,1631912400,HSL:9641_20210917_La_1_1250,641,HSL:4610213,Kaupungintalo
45600,45659,59,45600,45659,59,True,UPDATED,1631912400,HSL:4570_20210917_La_2_1214,570,HSL:4610210,Orvokkitie
46200,46200,0,46200,46200,0,True,UPDATED,1631912400,HSL:4570_20210917_La_2_1224,570,HSL:4610210,Orvokkitie
46800,46800,0,46800,46800,0,True,UPDATED,1631912400,HSL:4570_20210917_La_2_1234,570,HSL:4610210,Orvokkitie
47400,47400,0,47400,47400,0,False,SCHEDULED,1631912400,HSL:4570_20210917_La_2_1244,570,HSL:4610210,Orvokkitie
48000,48000,0,48000,48000,0,False,SCHEDULED,1631912400,HSL:4570_20210917_La_2_1254,570,HSL:4610210,Orvokkitie
45600,45617,17,45600,45617,17,True,UPDATED,1631912400,HSL:4570_20210917_La_1_1205,570,HSL:4610211,Orvokkitie
46200,46200,0,46200,46200,0,True,UPDATED,1631912400,HSL:4570_20210917_La_1_1215,570,HSL:4610211,Orvokkitie
46800,46817,17,46800,46859,59,True,UPDATED,1631912400,HSL:4570_20210917_La_1_1225,570,HSL:4610211,Orvokkitie
47400,47400,0,47400,47400,0,True,UPDATED,1631912400,HSL:4570_20210917_La_1_1235,570,HSL:4610211,Orvokkitie
48000,48000,0,48000,48000,0,False,SCHEDULED,1631912400,HSL:4570_20210917_La_1_1245,570,HSL:4610211,Orvokkitie
45600,45622,22,45600,45634,34,True,UPDATED,1631912400,HSL:9641_20210917_La_2_1150,641,HSL:4610214,Kaupungin virastot.
45720,45697,-23,45720,45704,-16,True,UPDATED,1631912400,HSL:4619_20210917_La_2_1229,619,HSL:4610214,Kaupungin virastot.
45780,45706,-74,45780,45715,-65,True,UPDATED,1631912400,HSL:4624_20210917_La_2_1206,624,HSL:4610214,Kaupungin virastot.
45660,46037,377,45660,46045,385,True,UPDATED,1631912400,HSL:4571_20210917_La_2_1141,571,HSL:4610214,Kaupungin virastot.
46200,46352,152,46200,46352,152,True,UPDATED,1631912400,HSL:4631_20210917_La_2_1215,631,HSL:4610214,Kaupungin virastot.
45300,45373,73,45300,45379,79,True,UPDATED,1631912400,HSL:4735_20210917_La_1_1231,735,HSL:4610215,Vantaan opistotalo
45900,45900,0,45900,45900,0,False,SCHEDULED,1631912400,HSL:4619_20210917_La_1_1241,619,HSL:4610215,Vantaan opistotalo
47100,47100,0,47100,47100,0,False,SCHEDULED,1631912400,HSL:4735_20210917_La_1_1300,735,HSL:4610215,Vantaan opistotalo
47700,47700,0,47700,47700,0,False,SCHEDULED,1631912400,HSL:4619_20210917_La_1_1311,619,HSL:4610215,Vantaan opistotalo
48900,48900,0,48900,48900,0,False,SCHEDULED,1631912400,HSL:4735_20210917_La_1_1330,735,HSL:4610215,Vantaan opistotalo
45780,45796,16,45780,45796,16,True,UPDATED,1631912400,HSL:1007_20210917_La_1_1230,7,HSL:1020402,Mikonkatu
46500,46500,0,46500,46500,0,False,SCHEDULED,1631912400,HSL:1007_20210917_La_1_1242,7,HSL:1020402,Mikonkatu
47220,47220,0,47220,47220,0,False,SCHEDULED,1631912400,HSL:1007_20210917_La_1_1254,7,HSL:1020402,Mikonkatu
47940,47940,0,47940,47940,0,False,SCHEDULED,1631912400,HSL:1007_20210917_La_1_1306,7,HSL:1020402,Mikonkatu
48660,48660,0,48660,48660,0,False,SCHEDULED,1631912400,HSL:1007_20210917_La_1_1318,7,HSL:1020402,Mikonkatu
45360,45482,122,45360,45567,207,True,UPDATED,1631912400,HSL:1007_20210917_La_2_1212,7,HSL:1020401,Mikonkatu
46080,46102,22,46080,46191,111,True,UPDATED,1631912400,HSL:1007_20210917_La_2_1224,7,HSL:1020401,Mikonkatu
46800,46800,0,46800,46800,0,True,UPDATED,1631912400,HSL:1007_20210917_La_2_1236,7,HSL:1020401,Mikonkatu
47520,47520,0,47520,47520,0,False,SCHEDULED,1631912400,HSL:1007_20210917_La_2_1248,7,HSL:1020401,Mikonkatu
48240,48240,0,48240,48240,0,False,SCHEDULED,1631912400,HSL:1007_20210917_La_2_1300,7,HSL:1020401,Mikonkatu
45660,45614,-46,45660,45614,-46,True,UPDATED,1631912400,HSL:4576_20210917_La_2_1201,576,HSL:4610219,Orvokkikuja
46320,46210,-110,46320,46215,-105,True,UPDATED,1631912400,HSL:4611_20210917_La_1_1209,611,HSL:4610219,Orvokkikuja
47580,47466,-114,47580,47470,-110,True,UPDATED,1631912400,HSL:4611_20210917_La_1_1229,611,HSL:4610219,Orvokkikuja
48780,48780,0,48780,48780,0,False,SCHEDULED,1631912400,HSL:4611_20210917_La_1_1249,611,HSL:4610219,Orvokkikuja
49260,49260,0,49260,49260,0,False,SCHEDULED,1631912400,HSL:4576_20210917_La_2_1301,576,HSL:4610219,Orvokkikuja
45780,45798,18,45780,45798,18,True,UPDATED,1631912400,HSL:3002P_20210917_La_1_1228,P,HSL:1333552,Malminkartano
46380,46380,0,46380,46380,0,False,SCHEDULED,1631912400,HSL:3002P_20210917_La_1_1238,P,HSL:1333552,Malminkartano
46980,46980,0,46980,46980,0,False,SCHEDULED,1631912400,HSL:3002P_20210917_La_1_1248,P,HSL:1333552,Malminkartano
47580,47580,0,47580,47580,0,False,SCHEDULED,1631912400,HSL:3002P_20210917_La_1_1258,P,HSL:1333552,Malminkartano
48180,48180,0,48180,48180,0,False,SCHEDULED,1631912400,HSL:3002P_20210917_La_1_1308,P,HSL:1333552,Malminkartano
45540,45587,47,45540,45595,55,True,UPDATED,1631912400,HSL:9641_20210917_La_2_1150,641,HSL:4610227,Valtion virastotalo
45660,45663,3,45660,45664,4,True,UPDATED,1631912400,HSL:4619_20210917_La_2_1229,619,HSL:4610227,Valtion virastotalo
45720,45677,-43,45720,45681,-39,True,UPDATED,1631912400,HSL:4624_20210917_La_2_1206,624,HSL:4610227,Valtion virastotalo
45600,45937,337,45600,45940,340,True,UPDATED,1631912400,HSL:4571_20210917_La_2_1141,571,HSL:4610227,Valtion virastotalo
46200,46341,141,46200,46352,152,True,UPDATED,1631912400,HSL:4631_20210917_La_2_1215,631,HSL:4610227,Valtion virastotalo
45480,45480,0,45480,45480,0,True,UPDATED,1631912400,HSL:4631_20210917_La_1_1234,631,HSL:4610228,Valtion virastotalo
46380,46380,0,46380,46380,0,False,SCHEDULED,1631912400,HSL:4624_20210917_La_1_1249,624,HSL:4610228,Valtion virastotalo
46440,46440,0,46440,46440,0,False,SCHEDULED,1631912400,HSL:9641_20210917_La_1_1250,641,HSL:4610228,Valtion virastotalo
46920,46920,0,46920,46920,0,False,SCHEDULED,1631912400,HSL:4571_20210917_La_1_1258,571,HSL:4610228,Valtion virastotalo
47280,47280,0,47280,47280,0,False,SCHEDULED,1631912400,HSL:4631_20210917_La_1_1304,631,HSL:4610228,Valtion virastotalo
45720,45682,-38,45720,45682,-38,True,UPDATED,1631912400,HSL:4576_20210917_La_2_1201,576,HSL:4610225,Neilikkatie
46440,46334,-106,46440,46337,-103,True,UPDATED,1631912400,HSL:4611_20210917_La_1_1209,611,HSL:4610225,Neilikkatie
47700,47576,-124,47700,47579,-121,True,UPDATED,1631912400,HSL:4611_20210917_La_1_1229,611,HSL:4610225,Neilikkatie
48900,48900,0,48900,48900,0,False,SCHEDULED,1631912400,HSL:4611_20210917_La_1_1249,611,HSL:4610225,Neilikkatie
49320,49320,0,49320,49320,0,False,SCHEDULED,1631912400,HSL:4576_20210917_La_2_1301,576,HSL:4610225,Neilikkatie
46260,46260,0,46260,46260,0,False,SCHEDULED,1631912400,HSL:4611_20210917_La_2_1248,611,HSL:4610226,Neilikkatie
47460,47460,0,47460,47460,0,False,SCHEDULED,1631912400,HSL:4611_20210917_La_2_1308,611,HSL:4610226,Neilikkatie
47520,47520,0,47520,47520,0,False,SCHEDULED,1631912400,HSL:4576_20210917_La_1_1309,576,HSL:4610226,Neilikkatie
48660,48660,0,48660,48660,0,False,SCHEDULED,1631912400,HSL:4611_20210917_La_2_1328,611,HSL:4610226,Neilikkatie
49860,49860,0,49860,49860,0,False,SCHEDULED,1631912400,HSL:4611_20210917_La_2_1348,611,HSL:4610226,Neilikkatie
47400,47400,0,47400,47400,0,False,SCHEDULED,1631912400,HSL:1831K_20210917_La_2_1310,831K,HSL:1602203,Landbo
47400,47400,0,47400,47400,0,False,SCHEDULED,1631912400,HSL:1831_20210917_La_1_1250,831,HSL:1602203,Landbo
51600,51600,0,51600,51600,0,False,SCHEDULED,1631912400,HSL:1831_20210917_La_2_1420,831,HSL:1602203,Landbo
51600,51600,0,51600,51600,0,False,SCHEDULED,1631912400,HSL:1831K_20210917_La_1_1350,831K,HSL:1602203,Landbo
54660,54660,0,54660,54660,0,False,SCHEDULED,1631912400,HSL:1831K_20210917_La_2_1511,831K,HSL:1602203,Landbo
46320,46320,0,46320,46320,0,False,SCHEDULED,1631912400,HSL:4611_20210917_La_2_1248,611,HSL:4610220,Orvokkikuja
47520,47520,0,47520,47520,0,False,SCHEDULED,1631912400,HSL:4611_20210917_La_2_1308,611,HSL:4610220,Orvokkikuja
47580,47580,0,47580,47580,0,False,SCHEDULED,1631912400,HSL:4576_20210917_La_1_1309,576,HSL:4610220,Orvokkikuja
48720,48720,0,48720,48720,0,False,SCHEDULED,1631912400,HSL:4611_20210917_La_2_1328,611,HSL:4610220,Orvokkikuja
49920,49920,0,49920,49920,0,False,SCHEDULED,1631912400,HSL:4611_20210917_La_2_1348,611,HSL:4610220,Orvokkikuja
47640,47640,0,47640,47640,0,False,SCHEDULED,1631912400,HSL:1831K_20210917_La_2_1310,831K,HSL:1602204,Porvoonväylä
51840,51840,0,51840,51840,0,False,SCHEDULED,1631912400,HSL:1831_20210917_La_2_1420,831,HSL:1602204,Porvoonväylä
54900,54900,0,54900,54900,0,False,SCHEDULED,1631912400,HSL:1831K_20210917_La_2_1511,831K,HSL:1602204,Porvoonväylä
59100,59100,0,59100,59100,0,False,SCHEDULED,1631912400,HSL:1831_20210917_La_2_1620,831,HSL:1602204,Porvoonväylä
62100,62100,0,62100,62100,0,False,SCHEDULED,1631912400,HSL:1831K_20210917_La_2_1711,831K,HSL:1602204,Porvoonväylä
47280,47280,0,47280,47280,0,False,SCHEDULED,1631912400,HSL:1831_20210917_La_1_1250,831,HSL:1602201,Sakarinmäen koulu
51480,51480,0,51480,51480,0,False,SCHEDULED,1631912400,HSL:1831K_20210917_La_1_1350,831K,HSL:1602201,Sakarinmäen koulu
54540,54540,0,54540,54540,0,False,SCHEDULED,1631912400,HSL:1831_20210917_La_1_1450,831,HSL:1602201,Sakarinmäen koulu
58680,58680,0,58680,58680,0,False,SCHEDULED,1631912400,HSL:1831K_20210917_La_1_1550,831K,HSL:1602201,Sakarinmäen koulu
61740,61740,0,61740,61740,0,False,SCHEDULED,1631912400,HSL:1831_20210917_La_1_1650,831,HSL:1602201,Sakarinmäen koulu
47700,47700,0,47700,47700,0,False,SCHEDULED,1631912400,HSL:1831K_20210917_La_2_1310,831K,HSL:1602202,Sakarinmäen koulu
51900,51900,0,51900,51900,0,False,SCHEDULED,1631912400,HSL:1831_20210917_La_2_1420,831,HSL:1602202,Sakarinmäen koulu
54960,54960,0,54960,54960,0,False,SCHEDULED,1631912400,HSL:1831K_20210917_La_2_1511,831K,HSL:1602202,Sakarinmäen koulu
59160,59160,0,59160,59160,0,False,SCHEDULED,1631912400,HSL:1831_20210917_La_2_1620,831,HSL:1602202,Sakarinmäen koulu
62160,62160,0,62160,62160,0,False,SCHEDULED,1631912400,HSL:1831K_20210917_La_2_1711,831K,HSL:1602202,Sakarinmäen koulu
45780,45844,64,45780,45846,66,True,UPDATED,1631912400,HSL:1065_20210917_La_1_1220,65,HSL:1260112,Jaalantie
46980,46980,0,46980,46980,0,False,SCHEDULED,1631912400,HSL:1065_20210917_La_1_1240,65,HSL:1260112,Jaalantie
48240,48240,0,48240,48240,0,False,SCHEDULED,1631912400,HSL:1065_20210917_La_1_1300,65,HSL:1260112,Jaalantie
49440,49440,0,49440,49440,0,False,SCHEDULED,1631912400,HSL:1065_20210917_La_1_1320,65,HSL:1260112,Jaalantie
50640,50640,0,50640,50640,0,False,SCHEDULED,1631912400,HSL:1065_20210917_La_1_1340,65,HSL:1260112,Jaalantie
45600,45600,0,45600,45600,0,True,UPDATED,1631912400,HSL:1065_20210917_La_2_1235,65,HSL:1260111,Taivaskallio
45420,45863,443,45480,45923,443,True,UPDATED,1631912400,HSL:2550_20210917_La_2_1149,550,HSL:1260111,Taivaskallio
46080,46273,193,46140,46333,193,True,UPDATED,1631912400,HSL:2550_20210917_La_2_1159,550,HSL:1260111,Taivaskallio
46800,46800,0,46800,46800,0,False,SCHEDULED,1631912400,HSL:1065_20210917_La_2_1255,65,HSL:1260111,Taivaskallio
46680,46793,113,46740,46853,113,True,UPDATED,1631912400,HSL:2550_20210917_La_2_1209,550,HSL:1260111,Taivaskallio
45600,45617,17,45600,45618,18,True,UPDATED,1631912400,HSL:4619_20210917_La_2_1229,619,HSL:4610239,Esikkotie
46560,46603,43,46560,46607,47,True,UPDATED,1631912400,HSL:4735_20210917_La_2_1219,735,HSL:4610239,Esikkotie
47400,47400,0,47400,47400,0,False,SCHEDULED,1631912400,HSL:4619_20210917_La_2_1259,619,HSL:4610239,Esikkotie
48360,48360,0,48360,48360,0,False,SCHEDULED,1631912400,HSL:4735_20210917_La_2_1249,735,HSL:4610239,Esikkotie
49200,49200,0,49200,49200,0,False,SCHEDULED,1631912400,HSL:4619_20210917_La_2_1329,619,HSL:4610239,Esikkotie
45180,45304,124,45180,45309,129,True,UPDATED,1631912400,HSL:4711_20210917_La_2_1231,711,HSL:4610236,Vaihdepolku
45420,45600,180,45420,45600,180,True,UPDATED,1631912400,HSL:4570_20210917_La_2_1204,570,HSL:4610236,Vaihdepolku
46020,46079,59,46020,46079,59,True,UPDATED,1631912400,HSL:4570_20210917_La_2_1214,570,HSL:4610236,Vaihdepolku
46260,46260,0,46260,46260,0,False,SCHEDULED,1631912400,HSL:4717_20210917_La_2_1250,717,HSL:4610236,Vaihdepolku
46620,46620,0,46620,46620,0,True,UPDATED,1631912400,HSL:4570_20210917_La_2_1224,570,HSL:4610236,Vaihdepolku
45480,45647,167,45540,45707,167,True,UPDATED,1631912400,HSL:2550_20210917_La_1_1221,550,HSL:1260110,Taivaskallio
45720,45766,46,45720,45789,69,True,UPDATED,1631912400,HSL:1065_20210917_La_1_1220,65,HSL:1260110,Taivaskallio
46080,46140,60,46140,46200,60,True,UPDATED,1631912400,HSL:2550_20210917_La_1_1231,550,HSL:1260110,Taivaskallio
46680,46680,0,46740,46740,0,True,UPDATED,1631912400,HSL:2550_20210917_La_1_1241,550,HSL:1260110,Taivaskallio
46920,46920,0,46920,46920,0,False,SCHEDULED,1631912400,HSL:1065_20210917_La_1_1240,65,HSL:1260110,Taivaskallio
45720,45705,-15,45720,45705,-15,True,UPDATED,1631912400,HSL:4570_20210917_La_1_1215,570,HSL:4610237,Vaihdepolku
45840,46158,318,45840,46158,318,True,UPDATED,1631912400,HSL:4711_20210917_La_1_1215,711,HSL:4610237,Vaihdepolku
46080,46216,136,46080,46216,136,True,UPDATED,1631912400,HSL:4717_20210917_La_1_1155,717,HSL:4610237,Vaihdepolku
46320,46379,59,46320,46379,59,True,UPDATED,1631912400,HSL:4570_20210917_La_1_1225,570,HSL:4610237,Vaihdepolku
46440,46595,155,46440,46595,155,True,UPDATED,1631912400,HSL:4736_20210917_La_2_1156,736,HSL:4610237,Vaihdepolku
45540,45540,0,45540,45540,0,True,UPDATED,1631912400,HSL:1065_20210917_La_2_1235,65,HSL:1260115,Kotoniityntie
46740,46740,0,46740,46740,0,False,SCHEDULED,1631912400,HSL:1065_20210917_La_2_1255,65,HSL:1260115,Kotoniityntie
47940,47940,0,47940,47940,0,False,SCHEDULED,1631912400,HSL:1065_20210917_La_2_1315,65,HSL:1260115,Kotoniityntie
49140,49140,0,49140,49140,0,False,SCHEDULED,1631912400,HSL:1065_20210917_La_2_1335,65,HSL:1260115,Kotoniityntie
50340,50340,0,50340,50340,0,False,SCHEDULED,1631912400,HSL:1065_20210917_La_2_1355,65,HSL:1260115,Kotoniityntie
45780,45846,66,45780,45847,67,True,UPDATED,1631912400,HSL:1065_20210917_La_1_1220,65,HSL:1260114,Kotoniityntie
46980,46980,0,46980,46980,0,False,SCHEDULED,1631912400,HSL:1065_20210917_La_1_1240,65,HSL:1260114,Kotoniityntie
48240,48240,0,48240,48240,0,False,SCHEDULED,1631912400,HSL:1065_20210917_La_1_1300,65,HSL:1260114,Kotoniityntie
49500,49500,0,49500,49500,0,False,SCHEDULED,1631912400,HSL:1065_20210917_La_1_1320,65,HSL:1260114,Kotoniityntie
50700,50700,0,50700,50700,0,False,SCHEDULED,1631912400,HSL:1065_20210917_La_1_1340,65,HSL:1260114,Kotoniityntie
45540,45540,0,45540,45540,0,True,UPDATED,1631912400,HSL:1065_20210917_La_2_1235,65,HSL:1260113,Jaalantie
46740,46740,0,46740,46740,0,False,SCHEDULED,1631912400,HSL:1065_20210917_La_2_1255,65,HSL:1260113,Jaalantie
47940,47940,0,47940,47940,0,False,SCHEDULED,1631912400,HSL:1065_20210917_La_2_1315,65,HSL:1260113,Jaalantie
49140,49140,0,49140,49140,0,False,SCHEDULED,1631912400,HSL:1065_20210917_La_2_1335,65,HSL:1260113,Jaalantie
50340,50340,0,50340,50340,0,False,SCHEDULED,1631912400,HSL:1065_20210917_La_2_1355,65,HSL:1260113,Jaalantie
45300,45417,117,45300,45455,155,True,UPDATED,1631912400,HSL:1084_20210917_La_2_1220,84,HSL:1434154,Linnanrakentajantie
45540,45558,18,45540,45558,18,True,UPDATED,1631912400,HSL:1086_20210917_La_2_1224,86,HSL:1434154,Linnanrakentajantie
45540,45573,33,45540,45573,33,True,UPDATED,1631912400,HSL:1088_20210917_La_2_1226,88,HSL:1434154,Linnanrakentajantie
45600,45658,58,45600,45674,74,True,UPDATED,1631912400,HSL:1082_20210917_La_2_1228,82,HSL:1434154,Linnanrakentajantie
45900,45817,-83,45900,45834,-66,True,UPDATED,1631912400,HSL:1084_20210917_La_2_1230,84,HSL:1434154,Linnanrakentajantie
45540,45540,0,45540,45540,0,True,UPDATED,1631912400,HSL:4631_20210917_La_1_1234,631,HSL:4610231,Lummetie
46440,46440,0,46440,46440,0,False,SCHEDULED,1631912400,HSL:4624_20210917_La_1_1249,624,HSL:4610231,Lummetie
46500,46500,0,46500,46500,0,False,SCHEDULED,1631912400,HSL:9641_20210917_La_1_1250,641,HSL:4610231,Lummetie
46980,46980,0,46980,46980,0,False,SCHEDULED,1631912400,HSL:4571_20210917_La_1_1258,571,HSL:4610231,Lummetie
47340,47340,0,47340,47340,0,False,SCHEDULED,1631912400,HSL:4631_20210917_La_1_1304,631,HSL:4610231,Lummetie
45240,45353,113,45240,45355,115,True,UPDATED,1631912400,HSL:1083_20210917_La_1_1231,83,HSL:1434153,Linnanrakentajantie
45660,45660,0,45660,45660,0,False,SCHEDULED,1631912400,HSL:1080_20210917_La_1_1238,80,HSL:1434153,Linnanrakentajantie
46080,46080,0,46080,46080,0,False,SCHEDULED,1631912400,HSL:1082_20210917_La_1_1245,82,HSL:1434153,Linnanrakentajantie
46140,46140,0,46140,46140,0,False,SCHEDULED,1631912400,HSL:1083_20210917_La_1_1246,83,HSL:1434153,Linnanrakentajantie
46560,46560,0,46560,46560,0,False,SCHEDULED,1631912400,HSL:1080_20210917_La_1_1253,80,HSL:1434153,Linnanrakentajantie
46680,46680,0,46680,46680,0,False,SCHEDULED,1631912400,HSL:4571_20210917_La_1_1258,571,HSL:4610245,Tikkurilan matkakesk
48480,48480,0,48480,48480,0,False,SCHEDULED,1631912400,HSL:4571_20210917_La_1_1328,571,HSL:4610245,Tikkurilan matkakesk
50280,50280,0,50280,50280,0,False,SCHEDULED,1631912400,HSL:4571_20210917_La_1_1358,571,HSL:4610245,Tikkurilan matkakesk
52080,52080,0,52080,52080,0,False,SCHEDULED,1631912400,HSL:4571_20210917_La_1_1428,571,HSL:4610245,Tikkurilan matkakesk
53880,53880,0,53880,53880,0,False,SCHEDULED,1631912400,HSL:4571_20210917_La_1_1458,571,HSL:4610245,Tikkurilan matkakesk
47340,47340,0,47340,47340,0,False,SCHEDULED,1631912400,HSL:4576_20210917_La_1_1309,576,HSL:4610246,Tikkurilan matkakesk
50940,50940,0,50940,50940,0,False,SCHEDULED,1631912400,HSL:4576_20210917_La_1_1409,576,HSL:4610246,Tikkurilan matkakesk
54540,54540,0,54540,54540,0,False,SCHEDULED,1631912400,HSL:4576_20210917_La_1_1509,576,HSL:4610246,Tikkurilan matkakesk
58140,58140,0,58140,58140,0,False,SCHEDULED,1631912400,HSL:4576_20210917_La_1_1609,576,HSL:4610246,Tikkurilan matkakesk
61740,61740,0,61740,61740,0,False,SCHEDULED,1631912400,HSL:4576_20210917_La_1_1709,576,HSL:4610246,Tikkurilan matkakesk
45300,45378,78,45300,45383,83,True,UPDATED,1631912400,HSL:1088_20210917_La_1_1233,88,HSL:1434169,Linnanrakentajantie
45600,45600,0,45600,45600,0,False,SCHEDULED,1631912400,HSL:1084_20210917_La_1_1238,84,HSL:1434169,Linnanrakentajantie
45780,45780,0,45780,45780,0,False,SCHEDULED,1631912400,HSL:1086_20210917_La_1_1241,86,HSL:1434169,Linnanrakentajantie
45840,45840,0,45840,45840,0,False,SCHEDULED,1631912400,HSL:1089_20210917_La_1_1242,89,HSL:1434169,Linnanrakentajantie
45900,45900,0,45900,45900,0,False,SCHEDULED,1631912400,HSL:1088_20210917_La_1_1243,88,HSL:1434169,Linnanrakentajantie
46200,46200,0,46200,46200,0,False,SCHEDULED,1631912400,HSL:4717_20210917_La_2_1250,717,HSL:4610249,Tikkurilan matkakesk
47400,47400,0,47400,47400,0,False,SCHEDULED,1631912400,HSL:4717_20210917_La_2_1310,717,HSL:4610249,Tikkurilan matkakesk
48600,48600,0,48600,48600,0,False,SCHEDULED,1631912400,HSL:4717_20210917_La_2_1330,717,HSL:4610249,Tikkurilan matkakesk
49800,49800,0,49800,49800,0,False,SCHEDULED,1631912400,HSL:4717_20210917_La_2_1350,717,HSL:4610249,Tikkurilan matkakesk
51000,51000,0,51000,51000,0,False,SCHEDULED,1631912400,HSL:4717_20210917_La_2_1410,717,HSL:4610249,Tikkurilan matkakesk
46080,46080,0,46080,46080,0,False,SCHEDULED,1631912400,HSL:4611_20210917_La_2_1248,611,HSL:4610247,Tikkurilan matkakesk
47280,47280,0,47280,47280,0,False,SCHEDULED,1631912400,HSL:4611_20210917_La_2_1308,611,HSL:4610247,Tikkurilan matkakesk
48480,48480,0,48480,48480,0,False,SCHEDULED,1631912400,HSL:4611_20210917_La_2_1328,611,HSL:4610247,Tikkurilan matkakesk
49680,49680,0,49680,49680,0,False,SCHEDULED,1631912400,HSL:4611_20210917_La_2_1348,611,HSL:4610247,Tikkurilan matkakesk
50880,50880,0,50880,50880,0,False,SCHEDULED,1631912400,HSL:4611_20210917_La_2_1408,611,HSL:4610247,Tikkurilan matkakesk
46860,46860,0,46860,46860,0,False,SCHEDULED,1631912400,HSL:4711_20210917_La_2_1301,711,HSL:4610248,Tikkurilan matkakesk
48660,48660,0,48660,48660,0,False,SCHEDULED,1631912400,HSL:4711_20210917_La_2_1331,711,HSL:4610248,Tikkurilan matkakesk
50460,50460,0,50460,50460,0,False,SCHEDULED,1631912400,HSL:4711_20210917_La_2_1401,711,HSL:4610248,Tikkurilan matkakesk
52260,52260,0,52260,52260,0,False,SCHEDULED,1631912400,HSL:4711_20210917_La_2_1431,711,HSL:4610248,Tikkurilan matkakesk
54060,54060,0,54060,54060,0,False,SCHEDULED,1631912400,HSL:4711_20210917_La_2_1501,711,HSL:4610248,Tikkurilan matkakesk
45300,45396,96,45300,45400,100,True,UPDATED,1631912400,HSL:1083_20210917_La_1_1231,83,HSL:1434165,Johan Sederholmin t.
46200,46200,0,46200,46200,0,False,SCHEDULED,1631912400,HSL:1083_20210917_La_1_1246,83,HSL:1434165,Johan Sederholmin t.
47100,47100,0,47100,47100,0,False,SCHEDULED,1631912400,HSL:1083_20210917_La_1_1301,83,HSL:1434165,Johan Sederholmin t.
48000,48000,0,48000,48000,0,False,SCHEDULED,1631912400,HSL:1083_20210917_La_1_1316,83,HSL:1434165,Johan Sederholmin t.
48900,48900,0,48900,48900,0,False,SCHEDULED,1631912400,HSL:1083_20210917_La_1_1331,83,HSL:1434165,Johan Sederholmin t.
45540,45621,81,45540,45646,106,True,UPDATED,1631912400,HSL:1081_20210917_La_2_1223,81,HSL:1434167,Sisselenpolku
46440,46440,0,46440,46440,0,True,UPDATED,1631912400,HSL:1081_20210917_La_2_1238,81,HSL:1434167,Sisselenpolku
47340,47340,0,47340,47340,0,False,SCHEDULED,1631912400,HSL:1081_20210917_La_2_1253,81,HSL:1434167,Sisselenpolku
48240,48240,0,48240,48240,0,False,SCHEDULED,1631912400,HSL:1081_20210917_La_2_1308,81,HSL:1434167,Sisselenpolku
49140,49140,0,49140,49140,0,False,SCHEDULED,1631912400,HSL:1081_20210917_La_2_1323,81,HSL:1434167,Sisselenpolku
46140,46140,0,46140,46140,0,True,UPDATED,1631912400,HSL:1081_20210917_La_1_1238,81,HSL:1434168,Sisselenpolku
47040,47040,0,47040,47040,0,False,SCHEDULED,1631912400,HSL:1081_20210917_La_1_1253,81,HSL:1434168,Sisselenpolku
47940,47940,0,47940,47940,0,False,SCHEDULED,1631912400,HSL:1081_20210917_La_1_1308,81,HSL:1434168,Sisselenpolku
48840,48840,0,48840,48840,0,False,SCHEDULED,1631912400,HSL:1081_20210917_La_1_1323,81,HSL:1434168,Sisselenpolku
49740,49740,0,49740,49740,0,False,SCHEDULED,1631912400,HSL:1081_20210917_La_1_1338,81,HSL:1434168,Sisselenpolku
46800,46800,0,46800,46800,0,False,SCHEDULED,1631912400,HSL:4735_20210917_La_1_1300,735,HSL:4610254,Tikkurilan matkakesk
48600,48600,0,48600,48600,0,False,SCHEDULED,1631912400,HSL:4735_20210917_La_1_1330,735,HSL:4610254,Tikkurilan matkakesk
50400,50400,0,50400,50400,0,False,SCHEDULED,1631912400,HSL:4735_20210917_La_1_1400,735,HSL:4610254,Tikkurilan matkakesk
52200,52200,0,52200,52200,0,False,SCHEDULED,1631912400,HSL:4735_20210917_La_1_1430,735,HSL:4610254,Tikkurilan matkakesk
54000,54000,0,54000,54000,0,False,SCHEDULED,1631912400,HSL:4735_20210917_La_1_1500,735,HSL:4610254,Tikkurilan matkakesk
45120,45258,138,45300,45480,180,True,UPDATED,1631912400,HSL:4570_20210917_La_2_1204,570,HSL:4610255,Tikkurilan matkakesk
45720,45779,59,45900,45959,59,True,UPDATED,1631912400,HSL:4570_20210917_La_2_1214,570,HSL:4610255,Tikkurilan matkakesk
46320,46287,-33,46500,46500,0,True,UPDATED,1631912400,HSL:4570_20210917_La_2_1224,570,HSL:4610255,Tikkurilan matkakesk
46920,46920,0,47100,47100,0,True,UPDATED,1631912400,HSL:4570_20210917_La_2_1234,570,HSL:4610255,Tikkurilan matkakesk
47520,47520,0,47700,47700,0,False,SCHEDULED,1631912400,HSL:4570_20210917_La_2_1244,570,HSL:4610255,Tikkurilan matkakesk
45120,45259,139,45120,45316,196,True,UPDATED,1631912400,HSL:1004_20210917_La_1_1221,4,HSL:1020444,Lasipalatsi
45420,45451,31,45420,45505,85,True,UPDATED,1631912400,HSL:1010_20210917_La_1_1230,10,HSL:1020444,Lasipalatsi
45720,45675,-45,45720,45689,-31,True,UPDATED,1631912400,HSL:1004_20210917_La_1_1231,4,HSL:1020444,Lasipalatsi
45840,45840,0,45840,45840,0,True,UPDATED,1631912400,HSL:1002_20210917_La_1_1235,2,HSL:1020444,Lasipalatsi
46020,46020,0,46020,46020,0,False,SCHEDULED,1631912400,HSL:1010_20210917_La_1_1240,10,HSL:1020444,Lasipalatsi
45600,45600,0,45600,45600,0,False,SCHEDULED,1631912400,HSL:1002_20210917_La_2_1217,2,HSL:1020443,Lasipalatsi
45540,45620,80,45540,45620,80,True,UPDATED,1631912400,HSL:1010_20210917_La_2_1220,10,HSL:1020443,Lasipalatsi
45840,45845,5,45840,45905,65,True,UPDATED,1631912400,HSL:1004_20210917_La_2_1225,4,HSL:1020443,Lasipalatsi
46140,46171,31,46140,46171,31,True,UPDATED,1631912400,HSL:1010_20210917_La_2_1230,10,HSL:1020443,Lasipalatsi
46320,46292,-28,46320,46342,22,True,UPDATED,1631912400,HSL:1002_20210917_La_2_1229,2,HSL:1020443,Lasipalatsi
45360,45336,-24,45360,45401,41,True,UPDATED,1631912400,HSL:1004_20210917_La_2_1215,4,HSL:1020446,Ylioppilastalo
45720,45720,0,45720,45720,0,False,SCHEDULED,1631912400,HSL:1002_20210917_La_2_1217,2,HSL:1020446,Ylioppilastalo
45960,45971,11,45960,46006,46,True,UPDATED,1631912400,HSL:1004_20210917_La_2_1225,4,HSL:1020446,Ylioppilastalo
46440,46414,-26,46440,46449,9,True,UPDATED,1631912400,HSL:1002_20210917_La_2_1229,2,HSL:1020446,Ylioppilastalo
46560,46560,0,46560,46560,0,True,UPDATED,1631912400,HSL:1004_20210917_La_2_1235,4,HSL:1020446,Ylioppilastalo
45420,45431,11,45420,45460,40,True,UPDATED,1631912400,HSL:1004_20210917_La_2_1215,4,HSL:1020448,Aleksanterinkatu
45780,45780,0,45780,45780,0,False,SCHEDULED,1631912400,HSL:1002_20210917_La_2_1217,2,HSL:1020448,Aleksanterinkatu
45840,45856,16,45840,45856,16,True,UPDATED,1631912400,HSL:1007_20210917_La_1_1230,7,HSL:1020448,Aleksanterinkatu
46020,46036,16,46020,46067,47,True,UPDATED,1631912400,HSL:1004_20210917_La_2_1225,4,HSL:1020448,Aleksanterinkatu
46500,46480,-20,46500,46509,9,True,UPDATED,1631912400,HSL:1002_20210917_La_2_1229,2,HSL:1020448,Aleksanterinkatu
45540,45509,-31,45540,45548,8,True,UPDATED,1631912400,HSL:1004_20210917_La_1_1231,4,HSL:1020447,Ylioppilastalo
45660,45660,0,45660,45660,0,True,UPDATED,1631912400,HSL:1002_20210917_La_1_1235,2,HSL:1020447,Ylioppilastalo
46140,46140,0,46140,46140,0,False,SCHEDULED,1631912400,HSL:1004_20210917_La_1_1241,4,HSL:1020447,Ylioppilastalo
46380,46380,0,46380,46380,0,False,SCHEDULED,1631912400,HSL:1002_20210917_La_1_1247,2,HSL:1020447,Ylioppilastalo
46740,46740,0,46740,46740,0,False,SCHEDULED,1631912400,HSL:1004_20210917_La_1_1251,4,HSL:1020447,Ylioppilastalo
45300,45418,118,45300,45476,176,True,UPDATED,1631912400,HSL:1007_20210917_La_2_1212,7,HSL:1020449,Aleksanterinkatu
45480,45456,-24,45480,45483,3,True,UPDATED,1631912400,HSL:1004_20210917_La_1_1231,4,HSL:1020449,Aleksanterinkatu
45600,45600,0,45600,45600,0,True,UPDATED,1631912400,HSL:1002_20210917_La_1_1235,2,HSL:1020449,Aleksanterinkatu
46080,46080,0,46080,46080,0,False,SCHEDULED,1631912400,HSL:1004_20210917_La_1_1241,4,HSL:1020449,Aleksanterinkatu
46020,46011,-9,46020,46102,82,True,UPDATED,1631912400,HSL:1007_20210917_La_2_1224,7,HSL:1020449,Aleksanterinkatu
45360,45486,126,45360,45500,140,True,UPDATED,1631912400,HSL:1095_20210917_La_1_1225,95,HSL:1471129,Linnanherrantie
46260,46260,0,46260,46260,0,True,UPDATED,1631912400,HSL:1095_20210917_La_1_1240,95,HSL:1471129,Linnanherrantie
47160,47160,0,47160,47160,0,False,SCHEDULED,1631912400,HSL:1095_20210917_La_1_1255,95,HSL:1471129,Linnanherrantie
48060,48060,0,48060,48060,0,False,SCHEDULED,1631912400,HSL:1095_20210917_La_1_1310,95,HSL:1471129,Linnanherrantie
48960,48960,0,48960,48960,0,False,SCHEDULED,1631912400,HSL:1095_20210917_La_1_1325,95,HSL:1471129,Linnanherrantie
45420,45433,13,45420,45439,19,True,UPDATED,1631912400,HSL:1088_20210917_La_1_1233,88,HSL:1434170,Kaivolahdenkatu
45720,45720,0,45720,45720,0,False,SCHEDULED,1631912400,HSL:1084_20210917_La_1_1238,84,HSL:1434170,Kaivolahdenkatu
45900,45900,0,45900,45900,0,False,SCHEDULED,1631912400,HSL:1086_20210917_La_1_1241,86,HSL:1434170,Kaivolahdenkatu
45960,45960,0,45960,45960,0,False,SCHEDULED,1631912400,HSL:1089_20210917_La_1_1242,89,HSL:1434170,Kaivolahdenkatu
46020,46020,0,46020,46020,0,False,SCHEDULED,1631912400,HSL:1088_20210917_La_1_1243,88,HSL:1434170,Kaivolahdenkatu
45660,45713,53,45660,45725,65,True,UPDATED,1631912400,HSL:1094_20210917_La_2_1233,94,HSL:1471126,Humikkalankuja
46560,46560,0,46560,46560,0,False,SCHEDULED,1631912400,HSL:1094_20210917_La_2_1248,94,HSL:1471126,Humikkalankuja
47460,47460,0,47460,47460,0,False,SCHEDULED,1631912400,HSL:1094_20210917_La_2_1303,94,HSL:1471126,Humikkalankuja
48360,48360,0,48360,48360,0,False,SCHEDULED,1631912400,HSL:1094_20210917_La_2_1318,94,HSL:1471126,Humikkalankuja
49260,49260,0,49260,49260,0,False,SCHEDULED,1631912400,HSL:1094_20210917_La_2_1333,94,HSL:1471126,Humikkalankuja
45180,45315,135,45180,45335,155,True,UPDATED,1631912400,HSL:1084_20210917_La_2_1220,84,HSL:1434171,Kaivolahdenkatu
45420,45453,33,45420,45453,33,True,UPDATED,1631912400,HSL:1088_20210917_La_2_1226,88,HSL:1434171,Kaivolahdenkatu
45480,45478,-2,45480,45478,-2,True,UPDATED,1631912400,HSL:1086_20210917_La_2_1224,86,HSL:1434171,Kaivolahdenkatu
45780,45717,-63,45780,45724,-56,True,UPDATED,1631912400,HSL:1084_20210917_La_2_1230,84,HSL:1434171,Kaivolahdenkatu
45960,45960,0,45960,45960,0,False,SCHEDULED,1631912400,HSL:1089_20210917_La_2_1240,89,HSL:1434171,Kaivolahdenkatu
84480,84480,0,84480,84480,0,False,SCHEDULED,1631912400,HSL:1085N_20210917_La_2_2315,85N,HSL:1434176,Kaivolahdenkatu
85740,85740,0,85740,85740,0,False,SCHEDULED,1631912400,HSL:1085N_20210917_La_2_2336,85N,HSL:1434176,Kaivolahdenkatu
88080,88080,0,88080,88080,0,False,SCHEDULED,1631912400,HSL:1085N_20210917_La_2_2415,85N,HSL:1434176,Kaivolahdenkatu
89280,89280,0,89280,89280,0,False,SCHEDULED,1631912400,HSL:1085N_20210917_La_2_2435,85N,HSL:1434176,Kaivolahdenkatu
91080,91080,0,91080,91080,0,False,SCHEDULED,1631912400,HSL:1085N_20210917_La_2_2505,85N,HSL:1434176,Kaivolahdenkatu
45660,45716,56,45660,45733,73,True,UPDATED,1631912400,HSL:1081_20210917_La_2_1223,81,HSL:1434177,Kerttulinkuja
46560,46560,0,46560,46560,0,True,UPDATED,1631912400,HSL:1081_20210917_La_2_1238,81,HSL:1434177,Kerttulinkuja
47460,47460,0,47460,47460,0,False,SCHEDULED,1631912400,HSL:1081_20210917_La_2_1253,81,HSL:1434177,Kerttulinkuja
48360,48360,0,48360,48360,0,False,SCHEDULED,1631912400,HSL:1081_20210917_La_2_1308,81,HSL:1434177,Kerttulinkuja
49260,49260,0,49260,49260,0,False,SCHEDULED,1631912400,HSL:1081_20210917_La_2_1323,81,HSL:1434177,Kerttulinkuja
45420,45420,0,45420,45420,0,False,SCHEDULED,1631912400,HSL:1094_20210917_La_1_1227,94,HSL:1471120,Porttitie
46320,46320,0,46320,46320,0,False,SCHEDULED,1631912400,HSL:1094_20210917_La_1_1242,94,HSL:1471120,Porttitie
47220,47220,0,47220,47220,0,False,SCHEDULED,1631912400,HSL:1094_20210917_La_1_1257,94,HSL:1471120,Porttitie
48120,48120,0,48120,48120,0,False,SCHEDULED,1631912400,HSL:1094_20210917_La_1_1312,94,HSL:1471120,Porttitie
49080,49080,0,49080,49080,0,False,SCHEDULED,1631912400,HSL:1094_20210917_La_1_1327,94,HSL:1471120,Porttitie
46020,46020,0,46020,46020,0,True,UPDATED,1631912400,HSL:1081_20210917_La_1_1238,81,HSL:1434178,Kerttulinkuja
46920,46920,0,46920,46920,0,False,SCHEDULED,1631912400,HSL:1081_20210917_La_1_1253,81,HSL:1434178,Kerttulinkuja
47820,47820,0,47820,47820,0,False,SCHEDULED,1631912400,HSL:1081_20210917_La_1_1308,81,HSL:1434178,Kerttulinkuja
48720,48720,0,48720,48720,0,False,SCHEDULED,1631912400,HSL:1081_20210917_La_1_1323,81,HSL:1434178,Kerttulinkuja
49620,49620,0,49620,49620,0,False,SCHEDULED,1631912400,HSL:1081_20210917_La_1_1338,81,HSL:1434178,Kerttulinkuja
45720,45771,51,45720,45794,74,True,UPDATED,1631912400,HSL:1081_20210917_La_2_1223,81,HSL:1434179,Killingholmankuja
46620,46620,0,46620,46620,0,True,UPDATED,1631912400,HSL:1081_20210917_La_2_1238,81,HSL:1434179,Killingholmankuja
47520,47520,0,47520,47520,0,False,SCHEDULED,1631912400,HSL:1081_20210917_La_2_1253,81,HSL:1434179,Killingholmankuja
48420,48420,0,48420,48420,0,False,SCHEDULED,1631912400,HSL:1081_20210917_La_2_1308,81,HSL:1434179,Killingholmankuja
49320,49320,0,49320,49320,0,False,SCHEDULED,1631912400,HSL:1081_20210917_La_2_1323,81,HSL:1434179,Killingholmankuja
46200,46200,0,46200,46200,0,False,SCHEDULED,1631912400,HSL:9641_20210917_La_1_1250,641,HSL:4610252,Tikkurilan matkakesk
47040,47040,0,47040,47040,0,False,SCHEDULED,1631912400,HSL:4631_20210917_La_1_1304,631,HSL:4610252,Tikkurilan matkakesk
48000,48000,0,48000,48000,0,False,SCHEDULED,1631912400,HSL:9641_20210917_La_1_1320,641,HSL:4610252,Tikkurilan matkakesk
48840,48840,0,48840,48840,0,False,SCHEDULED,1631912400,HSL:4631_20210917_La_1_1334,631,HSL:4610252,Tikkurilan matkakesk
49800,49800,0,49800,49800,0,False,SCHEDULED,1631912400,HSL:9641_20210917_La_1_1350,641,HSL:4610252,Tikkurilan matkakesk
46200,46200,0,46200,46200,0,False,SCHEDULED,1631912400,HSL:1094_20210917_La_1_1242,94,HSL:1471125,Humikkalankuja
47100,47100,0,47100,47100,0,False,SCHEDULED,1631912400,HSL:1094_20210917_La_1_1257,94,HSL:1471125,Humikkalankuja
48000,48000,0,48000,48000,0,False,SCHEDULED,1631912400,HSL:1094_20210917_La_1_1312,94,HSL:1471125,Humikkalankuja
48960,48960,0,48960,48960,0,False,SCHEDULED,1631912400,HSL:1094_20210917_La_1_1327,94,HSL:1471125,Humikkalankuja
49860,49860,0,49860,49860,0,False,SCHEDULED,1631912400,HSL:1094_20210917_La_1_1342,94,HSL:1471125,Humikkalankuja
46140,46140,0,46140,46140,0,False,SCHEDULED,1631912400,HSL:4624_20210917_La_1_1249,624,HSL:4610253,Tikkurilan matkakesk
47940,47940,0,47940,47940,0,False,SCHEDULED,1631912400,HSL:4624_20210917_La_1_1319,624,HSL:4610253,Tikkurilan matkakesk
49740,49740,0,49740,49740,0,False,SCHEDULED,1631912400,HSL:4624_20210917_La_1_1349,624,HSL:4610253,Tikkurilan matkakesk
51540,51540,0,51540,51540,0,False,SCHEDULED,1631912400,HSL:4624_20210917_La_1_1419,624,HSL:4610253,Tikkurilan matkakesk
53340,53340,0,53340,53340,0,False,SCHEDULED,1631912400,HSL:4624_20210917_La_1_1449,624,HSL:4610253,Tikkurilan matkakesk
45720,45770,50,45720,45772,52,True,UPDATED,1631912400,HSL:1094_20210917_La_2_1233,94,HSL:1471124,Häyhäntie
46620,46620,0,46620,46620,0,False,SCHEDULED,1631912400,HSL:1094_20210917_La_2_1248,94,HSL:1471124,Häyhäntie
47520,47520,0,47520,47520,0,False,SCHEDULED,1631912400,HSL:1094_20210917_La_2_1303,94,HSL:1471124,Häyhäntie
48420,48420,0,48420,48420,0,False,SCHEDULED,1631912400,HSL:1094_20210917_La_2_1318,94,HSL:1471124,Häyhäntie
49320,49320,0,49320,49320,0,False,SCHEDULED,1631912400,HSL:1094_20210917_La_2_1333,94,HSL:1471124,Häyhäntie
45420,45452,32,45420,45453,33,True,UPDATED,1631912400,HSL:1088_20210917_La_1_1233,88,HSL:1434173,Tuorinniemi
45720,45720,0,45720,45720,0,False,SCHEDULED,1631912400,HSL:1084_20210917_La_1_1238,84,HSL:1434173,Tuorinniemi
45900,45900,0,45900,45900,0,False,SCHEDULED,1631912400,HSL:1086_20210917_La_1_1241,86,HSL:1434173,Tuorinniemi
45960,45960,0,45960,45960,0,False,SCHEDULED,1631912400,HSL:1089_20210917_La_1_1242,89,HSL:1434173,Tuorinniemi
46020,46020,0,46020,46020,0,False,SCHEDULED,1631912400,HSL:1088_20210917_La_1_1243,88,HSL:1434173,Tuorinniemi
46140,46140,0,46140,46140,0,False,SCHEDULED,1631912400,HSL:1094_20210917_La_1_1242,94,HSL:1471123,Häyhäntie
47040,47040,0,47040,47040,0,False,SCHEDULED,1631912400,HSL:1094_20210917_La_1_1257,94,HSL:1471123,Häyhäntie
47940,47940,0,47940,47940,0,False,SCHEDULED,1631912400,HSL:1094_20210917_La_1_1312,94,HSL:1471123,Häyhäntie
48900,48900,0,48900,48900,0,False,SCHEDULED,1631912400,HSL:1094_20210917_La_1_1327,94,HSL:1471123,Häyhäntie
49800,49800,0,49800,49800,0,False,SCHEDULED,1631912400,HSL:1094_20210917_La_1_1342,94,HSL:1471123,Häyhäntie
45360,45393,33,45360,45393,33,True,UPDATED,1631912400,HSL:1088_20210917_La_2_1226,88,HSL:1434174,Tuorinniemi
45420,45447,27,45420,45447,27,True,UPDATED,1631912400,HSL:1086_20210917_La_2_1224,86,HSL:1434174,Tuorinniemi
45720,45691,-29,45720,45693,-27,True,UPDATED,1631912400,HSL:1084_20210917_La_2_1230,84,HSL:1434174,Tuorinniemi
45900,45900,0,45900,45900,0,False,SCHEDULED,1631912400,HSL:1089_20210917_La_2_1240,89,HSL:1434174,Tuorinniemi
45960,45960,0,45960,45960,0,True,UPDATED,1631912400,HSL:1088_20210917_La_2_1236,88,HSL:1434174,Tuorinniemi
47880,47880,0,47880,47880,0,False,SCHEDULED,1631912400,HSL:4736_20210917_La_1_1318,736,HSL:4610250,Tikkurilan matkakesk
51480,51480,0,51480,51480,0,False,SCHEDULED,1631912400,HSL:4736_20210917_La_1_1418,736,HSL:4610250,Tikkurilan matkakesk
55080,55080,0,55080,55080,0,False,SCHEDULED,1631912400,HSL:4736_20210917_La_1_1518,736,HSL:4610250,Tikkurilan matkakesk
58680,58680,0,58680,58680,0,False,SCHEDULED,1631912400,HSL:4736_20210917_La_1_1618,736,HSL:4610250,Tikkurilan matkakesk
62280,62280,0,62280,62280,0,False,SCHEDULED,1631912400,HSL:4736_20210917_La_1_1718,736,HSL:4610250,Tikkurilan matkakesk
45900,45900,0,45900,45900,0,False,SCHEDULED,1631912400,HSL:1094A_20210917_La_1_1245,94A,HSL:1471122,Paneliantie
46800,46800,0,46800,46800,0,False,SCHEDULED,1631912400,HSL:1094A_20210917_La_1_1300,94A,HSL:1471122,Paneliantie
47700,47700,0,47700,47700,0,False,SCHEDULED,1631912400,HSL:1094A_20210917_La_1_1315,94A,HSL:1471122,Paneliantie
48600,48600,0,48600,48600,0,False,SCHEDULED,1631912400,HSL:1094A_20210917_La_1_1330,94A,HSL:1471122,Paneliantie
49500,49500,0,49500,49500,0,False,SCHEDULED,1631912400,HSL:1094A_20210917_La_1_1345,94A,HSL:1471122,Paneliantie
45660,45660,0,45660,45660,0,False,SCHEDULED,1631912400,HSL:4619_20210917_La_1_1241,619,HSL:4610251,Tikkurilan matkakesk
47460,47460,0,47460,47460,0,False,SCHEDULED,1631912400,HSL:4619_20210917_La_1_1311,619,HSL:4610251,Tikkurilan matkakesk
49260,49260,0,49260,49260,0,False,SCHEDULED,1631912400,HSL:4619_20210917_La_1_1341,619,HSL:4610251,Tikkurilan matkakesk
51060,51060,0,51060,51060,0,False,SCHEDULED,1631912400,HSL:4619_20210917_La_1_1411,619,HSL:4610251,Tikkurilan matkakesk
52860,52860,0,52860,52860,0,False,SCHEDULED,1631912400,HSL:4619_20210917_La_1_1441,619,HSL:4610251,Tikkurilan matkakesk
45840,45783,-57,45840,45790,-50,True,UPDATED,1631912400,HSL:4332_20210917_La_1_1217,332,HSL:1320295,Vanha Hämeenkyläntie
46440,46501,61,46440,46508,68,True,UPDATED,1631912400,HSL:2321_20210917_La_1_1229,321,HSL:1320295,Vanha Hämeenkyläntie
47280,47280,0,47280,47280,0,False,SCHEDULED,1631912400,HSL:4322_20210917_La_1_1241,322,HSL:1320295,Vanha Hämeenkyläntie
47880,47880,0,47880,47880,0,False,SCHEDULED,1631912400,HSL:2321_20210917_La_1_1253,321,HSL:1320295,Vanha Hämeenkyläntie
48720,48720,0,48720,48720,0,False,SCHEDULED,1631912400,HSL:2345N_20210917_La_1_1305,345N,HSL:1320295,Vanha Hämeenkyläntie
45660,45777,117,45660,45799,139,True,UPDATED,1631912400,HSL:2345N_20210917_La_2_1208,345N,HSL:1320294,Malminkartanontie
46380,46384,4,46380,46411,31,True,UPDATED,1631912400,HSL:2321_20210917_La_2_1229,321,HSL:1320294,Malminkartanontie
47100,47100,0,47100,47100,0,False,SCHEDULED,1631912400,HSL:4322_20210917_La_2_1242,322,HSL:1320294,Malminkartanontie
47820,47820,0,47820,47820,0,False,SCHEDULED,1631912400,HSL:2321_20210917_La_2_1253,321,HSL:1320294,Malminkartanontie
48540,48540,0,48540,48540,0,False,SCHEDULED,1631912400,HSL:4332_20210917_La_2_1306,332,HSL:1320294,Malminkartanontie
45540,45671,131,45540,45672,132,True,UPDATED,1631912400,HSL:2345N_20210917_La_2_1208,345N,HSL:1320292,Vanha Hämeenkyläntie
46260,46321,61,46260,46321,61,True,UPDATED,1631912400,HSL:2321_20210917_La_2_1229,321,HSL:1320292,Vanha Hämeenkyläntie
46980,46980,0,46980,46980,0,False,SCHEDULED,1631912400,HSL:4322_20210917_La_2_1242,322,HSL:1320292,Vanha Hämeenkyläntie
47700,47700,0,47700,47700,0,False,SCHEDULED,1631912400,HSL:2321_20210917_La_2_1253,321,HSL:1320292,Vanha Hämeenkyläntie
48420,48420,0,48420,48420,0,False,SCHEDULED,1631912400,HSL:4332_20210917_La_2_1306,332,HSL:1320292,Vanha Hämeenkyläntie
45960,46334,374,45960,46355,395,True,UPDATED,1631912400,HSL:1055_20210917_La_1_1220,55,HSL:1260105,Antti Korpin tie
46860,46860,0,46860,46860,0,False,SCHEDULED,1631912400,HSL:1055_20210917_La_1_1235,55,HSL:1260105,Antti Korpin tie
47760,47760,0,47760,47760,0,False,SCHEDULED,1631912400,HSL:1055_20210917_La_1_1250,55,HSL:1260105,Antti Korpin tie
48660,48660,0,48660,48660,0,False,SCHEDULED,1631912400,HSL:1055_20210917_La_1_1305,55,HSL:1260105,Antti Korpin tie
49560,49560,0,49560,49560,0,False,SCHEDULED,1631912400,HSL:1055_20210917_La_1_1320,55,HSL:1260105,Antti Korpin tie
45960,45960,0,45960,45960,0,False,SCHEDULED,1631912400,HSL:1055_20210917_La_2_1244,55,HSL:1260104,Kunnalliskodintie
46860,46860,0,46860,46860,0,False,SCHEDULED,1631912400,HSL:1055_20210917_La_2_1259,55,HSL:1260104,Kunnalliskodintie
47760,47760,0,47760,47760,0,False,SCHEDULED,1631912400,HSL:1055_20210917_La_2_1314,55,HSL:1260104,Kunnalliskodintie
48660,48660,0,48660,48660,0,False,SCHEDULED,1631912400,HSL:1055_20210917_La_2_1329,55,HSL:1260104,Kunnalliskodintie
49560,49560,0,49560,49560,0,False,SCHEDULED,1631912400,HSL:1055_20210917_La_2_1344,55,HSL:1260104,Kunnalliskodintie
45960,46317,357,45960,46328,368,True,UPDATED,1631912400,HSL:1055_20210917_La_1_1220,55,HSL:1260103,Kunnalliskodintie
46860,46860,0,46860,46860,0,False,SCHEDULED,1631912400,HSL:1055_20210917_La_1_1235,55,HSL:1260103,Kunnalliskodintie
47760,47760,0,47760,47760,0,False,SCHEDULED,1631912400,HSL:1055_20210917_La_1_1250,55,HSL:1260103,Kunnalliskodintie
48660,48660,0,48660,48660,0,False,SCHEDULED,1631912400,HSL:1055_20210917_La_1_1305,55,HSL:1260103,Kunnalliskodintie
49560,49560,0,49560,49560,0,False,SCHEDULED,1631912400,HSL:1055_20210917_La_1_1320,55,HSL:1260103,Kunnalliskodintie
45660,45716,56,45720,45765,45,True,UPDATED,1631912400,HSL:1057_20210917_La_1_1218,57,HSL:1260102,Valtimontie
46020,46020,0,46020,46020,0,False,SCHEDULED,1631912400,HSL:7848_20210917_La_2_1205,848,HSL:1260102,Valtimontie
46260,46260,0,46320,46320,0,False,SCHEDULED,1631912400,HSL:1057_20210917_La_1_1228,57,HSL:1260102,Valtimontie
46860,46860,0,46920,46920,0,False,SCHEDULED,1631912400,HSL:1057_20210917_La_1_1238,57,HSL:1260102,Valtimontie
47460,47460,0,47520,47520,0,False,SCHEDULED,1631912400,HSL:1057_20210917_La_1_1248,57,HSL:1260102,Valtimontie
45660,45710,50,45660,45736,76,True,UPDATED,1631912400,HSL:1065_20210917_La_1_1220,65,HSL:1260109,Koskelan sairaala
46860,46860,0,46860,46860,0,False,SCHEDULED,1631912400,HSL:1065_20210917_La_1_1240,65,HSL:1260109,Koskelan sairaala
48120,48120,0,48120,48120,0,False,SCHEDULED,1631912400,HSL:1065_20210917_La_1_1300,65,HSL:1260109,Koskelan sairaala
49320,49320,0,49320,49320,0,False,SCHEDULED,1631912400,HSL:1065_20210917_La_1_1320,65,HSL:1260109,Koskelan sairaala
50520,50520,0,50520,50520,0,False,SCHEDULED,1631912400,HSL:1065_20210917_La_1_1340,65,HSL:1260109,Koskelan sairaala
45840,45840,0,45840,45840,0,False,SCHEDULED,1631912400,HSL:1055_20210917_La_2_1244,55,HSL:1260108,Koskela
46080,46443,363,46080,46443,363,True,UPDATED,1631912400,HSL:1055_20210917_La_1_1220,55,HSL:1260108,Koskela
46740,46740,0,46740,46740,0,False,SCHEDULED,1631912400,HSL:1055_20210917_La_2_1259,55,HSL:1260108,Koskela
46980,46980,0,46980,46980,0,False,SCHEDULED,1631912400,HSL:1055_20210917_La_1_1235,55,HSL:1260108,Koskela
47640,47640,0,47640,47640,0,False,SCHEDULED,1631912400,HSL:1055_20210917_La_2_1314,55,HSL:1260108,Koskela
46020,46410,390,46020,46410,390,True,UPDATED,1631912400,HSL:1055_20210917_La_1_1220,55,HSL:1260107,Juhana Herttuan tie
46920,46920,0,46920,46920,0,False,SCHEDULED,1631912400,HSL:1055_20210917_La_1_1235,55,HSL:1260107,Juhana Herttuan tie
47820,47820,0,47820,47820,0,False,SCHEDULED,1631912400,HSL:1055_20210917_La_1_1250,55,HSL:1260107,Juhana Herttuan tie
48720,48720,0,48720,48720,0,False,SCHEDULED,1631912400,HSL:1055_20210917_La_1_1305,55,HSL:1260107,Juhana Herttuan tie
49620,49620,0,49620,49620,0,False,SCHEDULED,1631912400,HSL:1055_20210917_La_1_1320,55,HSL:1260107,Juhana Herttuan tie
46020,46396,376,46020,46410,390,True,UPDATED,1631912400,HSL:1055_20210917_La_1_1220,55,HSL:1260106,Herttuanpolku
46920,46920,0,46920,46920,0,False,SCHEDULED,1631912400,HSL:1055_20210917_La_1_1235,55,HSL:1260106,Herttuanpolku
47820,47820,0,47820,47820,0,False,SCHEDULED,1631912400,HSL:1055_20210917_La_1_1250,55,HSL:1260106,Herttuanpolku
48720,48720,0,48720,48720,0,False,SCHEDULED,1631912400,HSL:1055_20210917_La_1_1305,55,HSL:1260106,Herttuanpolku
49620,49620,0,49620,49620,0,False,SCHEDULED,1631912400,HSL:1055_20210917_La_1_1320,55,HSL:1260106,Herttuanpolku
45960,45960,0,45960,45960,0,True,UPDATED,1631912400,HSL:1081_20210917_La_1_1238,81,HSL:1434180,Killingholmankuja
46860,46860,0,46860,46860,0,False,SCHEDULED,1631912400,HSL:1081_20210917_La_1_1253,81,HSL:1434180,Killingholmankuja
47760,47760,0,47760,47760,0,False,SCHEDULED,1631912400,HSL:1081_20210917_La_1_1308,81,HSL:1434180,Killingholmankuja
48660,48660,0,48660,48660,0,False,SCHEDULED,1631912400,HSL:1081_20210917_La_1_1323,81,HSL:1434180,Killingholmankuja
49560,49560,0,49560,49560,0,False,SCHEDULED,1631912400,HSL:1081_20210917_La_1_1338,81,HSL:1434180,Killingholmankuja
45540,45540,0,45540,45540,0,False,SCHEDULED,1631912400,HSL:1057_20210917_La_1_1238,57,HSL:1471139,Kaarikuja
45600,45600,0,45600,45600,0,False,SCHEDULED,1631912400,HSL:1094_20210917_La_1_1227,94,HSL:1471139,Kaarikuja
46140,46140,0,46140,46140,0,False,SCHEDULED,1631912400,HSL:1057_20210917_La_1_1248,57,HSL:1471139,Kaarikuja
46080,46211,131,46080,46215,135,True,UPDATED,1631912400,HSL:1095_20210917_La_1_1225,95,HSL:1471139,Kaarikuja
46500,46500,0,46500,46500,0,False,SCHEDULED,1631912400,HSL:1094_20210917_La_1_1242,94,HSL:1471139,Kaarikuja
45300,45286,-14,45300,45329,29,True,UPDATED,1631912400,HSL:1094A_20210917_La_1_1230,94A,HSL:1471138,Kontula (M)
46200,46200,0,46200,46200,0,False,SCHEDULED,1631912400,HSL:1094A_20210917_La_1_1245,94A,HSL:1471138,Kontula (M)
47100,47100,0,47100,47100,0,False,SCHEDULED,1631912400,HSL:1094A_20210917_La_1_1300,94A,HSL:1471138,Kontula (M)
48000,48000,0,48000,48000,0,False,SCHEDULED,1631912400,HSL:1094A_20210917_La_1_1315,94A,HSL:1471138,Kontula (M)
48900,48900,0,48900,48900,0,False,SCHEDULED,1631912400,HSL:1094A_20210917_La_1_1330,94A,HSL:1471138,Kontula (M)
83880,83880,0,83880,83880,0,False,SCHEDULED,1631912400,HSL:1092N_20210917_La_2_2310,92N,HSL:1471137,Kontula (M)
85680,85680,0,85680,85680,0,False,SCHEDULED,1631912400,HSL:1092N_20210917_La_2_2340,92N,HSL:1471137,Kontula (M)
87060,87060,0,87060,87060,0,False,SCHEDULED,1631912400,HSL:1092N_20210917_La_2_2403,92N,HSL:1471137,Kontula (M)
88860,88860,0,88860,88860,0,False,SCHEDULED,1631912400,HSL:1092N_20210917_La_2_2433,92N,HSL:1471137,Kontula (M)
90600,90600,0,90600,90600,0,False,SCHEDULED,1631912400,HSL:1092N_20210917_La_2_2503,92N,HSL:1471137,Kontula (M)
45660,45678,18,45660,45710,50,True,UPDATED,1631912400,HSL:1095_20210917_La_2_1227,95,HSL:1471130,Linnanherrantie
46560,46560,0,46560,46560,0,False,SCHEDULED,1631912400,HSL:1095_20210917_La_2_1242,95,HSL:1471130,Linnanherrantie
47460,47460,0,47460,47460,0,False,SCHEDULED,1631912400,HSL:1095_20210917_La_2_1257,95,HSL:1471130,Linnanherrantie
48360,48360,0,48360,48360,0,False,SCHEDULED,1631912400,HSL:1095_20210917_La_2_1312,95,HSL:1471130,Linnanherrantie
49260,49260,0,49260,49260,0,False,SCHEDULED,1631912400,HSL:1095_20210917_La_2_1327,95,HSL:1471130,Linnanherrantie
45240,45317,77,45240,45333,93,True,UPDATED,1631912400,HSL:1095_20210917_La_1_1210,95,HSL:1471136,Kivikonkaari
45600,45600,0,45600,45600,0,False,SCHEDULED,1631912400,HSL:1057_20210917_La_1_1238,57,HSL:1471136,Kivikonkaari
46200,46200,0,46200,46200,0,False,SCHEDULED,1631912400,HSL:1057_20210917_La_1_1248,57,HSL:1471136,Kivikonkaari
46140,46242,102,46140,46252,112,True,UPDATED,1631912400,HSL:1095_20210917_La_1_1225,95,HSL:1471136,Kivikonkaari
46800,46800,0,46800,46800,0,False,SCHEDULED,1631912400,HSL:1057_20210917_La_1_1258,57,HSL:1471136,Kivikonkaari
45780,45840,60,45780,45856,76,True,UPDATED,1631912400,HSL:1081_20210917_La_2_1223,81,HSL:1434183,Reginankuja
46680,46680,0,46680,46680,0,True,UPDATED,1631912400,HSL:1081_20210917_La_2_1238,81,HSL:1434183,Reginankuja
47580,47580,0,47580,47580,0,False,SCHEDULED,1631912400,HSL:1081_20210917_La_2_1253,81,HSL:1434183,Reginankuja
48480,48480,0,48480,48480,0,False,SCHEDULED,1631912400,HSL:1081_20210917_La_2_1308,81,HSL:1434183,Reginankuja
49380,49380,0,49380,49380,0,False,SCHEDULED,1631912400,HSL:1081_20210917_La_2_1323,81,HSL:1434183,Reginankuja
45900,45900,0,45900,45900,0,True,UPDATED,1631912400,HSL:1081_20210917_La_1_1238,81,HSL:1434184,Reginankuja
46800,46800,0,46800,46800,0,False,SCHEDULED,1631912400,HSL:1081_20210917_La_1_1253,81,HSL:1434184,Reginankuja
47700,47700,0,47700,47700,0,False,SCHEDULED,1631912400,HSL:1081_20210917_La_1_1308,81,HSL:1434184,Reginankuja
48600,48600,0,48600,48600,0,False,SCHEDULED,1631912400,HSL:1081_20210917_La_1_1323,81,HSL:1434184,Reginankuja
49500,49500,0,49500,49500,0,False,SCHEDULED,1631912400,HSL:1081_20210917_La_1_1338,81,HSL:1434184,Reginankuja
45780,45780,0,45780,45780,0,False,SCHEDULED,1631912400,HSL:1094_20210917_La_1_1227,94,HSL:1471135,Rapolantie
46680,46680,0,46680,46680,0,False,SCHEDULED,1631912400,HSL:1094_20210917_La_1_1242,94,HSL:1471135,Rapolantie
47580,47580,0,47580,47580,0,False,SCHEDULED,1631912400,HSL:1094_20210917_La_1_1257,94,HSL:1471135,Rapolantie
48480,48480,0,48480,48480,0,False,SCHEDULED,1631912400,HSL:1094_20210917_La_1_1312,94,HSL:1471135,Rapolantie
49440,49440,0,49440,49440,0,False,SCHEDULED,1631912400,HSL:1094_20210917_La_1_1327,94,HSL:1471135,Rapolantie
45780,45856,76,45780,45856,76,True,UPDATED,1631912400,HSL:1081_20210917_La_2_1223,81,HSL:1434185,Suolakivenkuja
46680,46680,0,46680,46680,0,True,UPDATED,1631912400,HSL:1081_20210917_La_2_1238,81,HSL:1434185,Suolakivenkuja
47580,47580,0,47580,47580,0,False,SCHEDULED,1631912400,HSL:1081_20210917_La_2_1253,81,HSL:1434185,Suolakivenkuja
48480,48480,0,48480,48480,0,False,SCHEDULED,1631912400,HSL:1081_20210917_La_2_1308,81,HSL:1434185,Suolakivenkuja
49380,49380,0,49380,49380,0,False,SCHEDULED,1631912400,HSL:1081_20210917_La_2_1323,81,HSL:1434185,Suolakivenkuja
45840,45840,0,45840,45840,0,True,UPDATED,1631912400,HSL:1081_20210917_La_1_1238,81,HSL:1434186,Suolakivenkuja
46740,46740,0,46740,46740,0,False,SCHEDULED,1631912400,HSL:1081_20210917_La_1_1253,81,HSL:1434186,Suolakivenkuja
47640,47640,0,47640,47640,0,False,SCHEDULED,1631912400,HSL:1081_20210917_La_1_1308,81,HSL:1434186,Suolakivenkuja
48540,48540,0,48540,48540,0,False,SCHEDULED,1631912400,HSL:1081_20210917_La_1_1323,81,HSL:1434186,Suolakivenkuja
49440,49440,0,49440,49440,0,False,SCHEDULED,1631912400,HSL:1081_20210917_La_1_1338,81,HSL:1434186,Suolakivenkuja
45780,45780,0,45780,45780,0,False,SCHEDULED,1631912400,HSL:1095_20210917_La_2_1242,95,HSL:1471133,Keinutie
46680,46680,0,46680,46680,0,False,SCHEDULED,1631912400,HSL:1095_20210917_La_2_1257,95,HSL:1471133,Keinutie
47580,47580,0,47580,47580,0,False,SCHEDULED,1631912400,HSL:1095_20210917_La_2_1312,95,HSL:1471133,Keinutie
48480,48480,0,48480,48480,0,False,SCHEDULED,1631912400,HSL:1095_20210917_La_2_1327,95,HSL:1471133,Keinutie
49380,49380,0,49380,49380,0,False,SCHEDULED,1631912400,HSL:1095_20210917_La_2_1342,95,HSL:1471133,Keinutie
45720,45703,-17,45720,45728,8,True,UPDATED,1631912400,HSL:4332_20210917_La_1_1217,332,HSL:1320297,Malminkartanontie
46380,46424,44,46380,46446,66,True,UPDATED,1631912400,HSL:2321_20210917_La_1_1229,321,HSL:1320297,Malminkartanontie
47160,47160,0,47160,47160,0,False,SCHEDULED,1631912400,HSL:4322_20210917_La_1_1241,322,HSL:1320297,Malminkartanontie
47820,47820,0,47820,47820,0,False,SCHEDULED,1631912400,HSL:2321_20210917_La_1_1253,321,HSL:1320297,Malminkartanontie
48600,48600,0,48600,48600,0,False,SCHEDULED,1631912400,HSL:2345N_20210917_La_1_1305,345N,HSL:1320297,Malminkartanontie
45780,45947,167,45780,45947,167,True,UPDATED,1631912400,HSL:2550_20210917_La_1_1221,550,HSL:1284101,Harjantekijäntie
46380,46440,60,46380,46440,60,True,UPDATED,1631912400,HSL:2550_20210917_La_1_1231,550,HSL:1284101,Harjantekijäntie
46980,46980,0,46980,46980,0,True,UPDATED,1631912400,HSL:2550_20210917_La_1_1241,550,HSL:1284101,Harjantekijäntie
47580,47580,0,47580,47580,0,False,SCHEDULED,1631912400,HSL:2550_20210917_La_1_1251,550,HSL:1284101,Harjantekijäntie
48180,48180,0,48180,48180,0,False,SCHEDULED,1631912400,HSL:2550_20210917_La_1_1301,550,HSL:1284101,Harjantekijäntie
45420,45419,-1,45420,45426,6,True,UPDATED,1631912400,HSL:1067_20210917_La_1_1216,67,HSL:1284103,Tuusulanväylä
45480,45443,-37,45480,45468,-12,True,UPDATED,1631912400,HSL:2550_20210917_La_1_1212,550,HSL:1284103,Tuusulanväylä
46020,46110,90,46020,46115,95,True,UPDATED,1631912400,HSL:1066_20210917_La_1_1226,66,HSL:1284103,Tuusulanväylä
45960,46168,208,45960,46168,208,True,UPDATED,1631912400,HSL:2553K_20210917_La_1_1209,553K,HSL:1284103,Tuusulanväylä
46020,46185,165,46020,46185,165,True,UPDATED,1631912400,HSL:2550_20210917_La_1_1221,550,HSL:1284103,Tuusulanväylä
45240,45683,443,45240,45683,443,True,UPDATED,1631912400,HSL:2550_20210917_La_2_1149,550,HSL:1284106,Harjantekijäntie
45900,46102,202,45900,46102,202,True,UPDATED,1631912400,HSL:2550_20210917_La_2_1159,550,HSL:1284106,Harjantekijäntie
46500,46613,113,46500,46613,113,True,UPDATED,1631912400,HSL:2550_20210917_La_2_1209,550,HSL:1284106,Harjantekijäntie
47100,47129,29,47100,47129,29,True,UPDATED,1631912400,HSL:2550_20210917_La_2_1219,550,HSL:1284106,Harjantekijäntie
47700,47721,21,47700,47721,21,True,UPDATED,1631912400,HSL:2550_20210917_La_2_1229,550,HSL:1284106,Harjantekijäntie
45600,45671,71,45600,45680,80,True,UPDATED,1631912400,HSL:1064_20210917_La_1_1212,64,HSL:1284109,Urakkatie
46860,46894,34,46860,46903,43,True,UPDATED,1631912400,HSL:1064_20210917_La_1_1232,64,HSL:1284109,Urakkatie
48060,48060,0,48060,48060,0,False,SCHEDULED,1631912400,HSL:1064_20210917_La_1_1252,64,HSL:1284109,Urakkatie
49320,49320,0,49320,49320,0,False,SCHEDULED,1631912400,HSL:1064_20210917_La_1_1312,64,HSL:1284109,Urakkatie
50520,50520,0,50520,50520,0,False,SCHEDULED,1631912400,HSL:1064_20210917_La_1_1332,64,HSL:1284109,Urakkatie
45720,45720,0,45720,45720,0,True,UPDATED,1631912400,HSL:1081_20210917_La_1_1238,81,HSL:1434190,Herttoniemenranta
46620,46620,0,46620,46620,0,False,SCHEDULED,1631912400,HSL:1081_20210917_La_1_1253,81,HSL:1434190,Herttoniemenranta
47520,47520,0,47520,47520,0,False,SCHEDULED,1631912400,HSL:1081_20210917_La_1_1308,81,HSL:1434190,Herttoniemenranta
48420,48420,0,48420,48420,0,False,SCHEDULED,1631912400,HSL:1081_20210917_La_1_1323,81,HSL:1434190,Herttoniemenranta
49320,49320,0,49320,49320,0,False,SCHEDULED,1631912400,HSL:1081_20210917_La_1_1338,81,HSL:1434190,Herttoniemenranta
45660,45660,0,45660,45660,0,False,SCHEDULED,1631912400,HSL:1094A_20210917_La_2_1239,94A,HSL:1471118,Kontula (M)
45960,45960,0,45960,45960,0,False,SCHEDULED,1631912400,HSL:1095_20210917_La_2_1242,95,HSL:1471118,Kontula (M)
45840,46159,319,45900,46187,287,True,UPDATED,1631912400,HSL:4560_20210917_La_2_1205,560,HSL:1471118,Kontula (M)
46560,46560,0,46560,46560,0,False,SCHEDULED,1631912400,HSL:1094A_20210917_La_2_1254,94A,HSL:1471118,Kontula (M)
46440,46530,90,46500,46620,120,True,UPDATED,1631912400,HSL:4560_20210917_La_2_1215,560,HSL:1471118,Kontula (M)
45660,45660,0,45660,45660,0,False,SCHEDULED,1631912400,HSL:4560_20210917_La_1_1216,560,HSL:1471117,Kontula (M)
45960,46078,118,45960,46098,138,True,UPDATED,1631912400,HSL:1095_20210917_La_1_1225,95,HSL:1471117,Kontula (M)
46140,46140,0,46140,46140,0,False,SCHEDULED,1631912400,HSL:1094A_20210917_La_1_1245,94A,HSL:1471117,Kontula (M)
46260,46262,2,46260,46276,16,True,UPDATED,1631912400,HSL:4560_20210917_La_1_1226,560,HSL:1471117,Kontula (M)
46860,46860,0,46860,46860,0,False,SCHEDULED,1631912400,HSL:4560_20210917_La_1_1236,560,HSL:1471117,Kontula (M)
83460,83460,0,83460,83460,0,False,SCHEDULED,1631912400,HSL:1094N_20210917_La_2_2306,94N,HSL:1471119,Porttitie
85260,85260,0,85260,85260,0,False,SCHEDULED,1631912400,HSL:1094N_20210917_La_2_2336,94N,HSL:1471119,Porttitie
87060,87060,0,87060,87060,0,False,SCHEDULED,1631912400,HSL:1094N_20210917_La_2_2406,94N,HSL:1471119,Porttitie
88860,88860,0,88860,88860,0,False,SCHEDULED,1631912400,HSL:1094N_20210917_La_2_2436,94N,HSL:1471119,Porttitie
90540,90540,0,90540,90540,0,False,SCHEDULED,1631912400,HSL:1094N_20210917_La_2_2505,94N,HSL:1471119,Porttitie
45780,45826,46,45780,45831,51,True,UPDATED,1631912400,HSL:1094_20210917_La_2_1233,94,HSL:1471114,Lallukantie
46680,46680,0,46680,46680,0,False,SCHEDULED,1631912400,HSL:1094_20210917_La_2_1248,94,HSL:1471114,Lallukantie
47580,47580,0,47580,47580,0,False,SCHEDULED,1631912400,HSL:1094_20210917_La_2_1303,94,HSL:1471114,Lallukantie
48480,48480,0,48480,48480,0,False,SCHEDULED,1631912400,HSL:1094_20210917_La_2_1318,94,HSL:1471114,Lallukantie
49380,49380,0,49380,49380,0,False,SCHEDULED,1631912400,HSL:1094_20210917_La_2_1333,94,HSL:1471114,Lallukantie
45840,45840,0,45840,45840,0,False,SCHEDULED,1631912400,HSL:1094A_20210917_La_2_1239,94A,HSL:1471113,Paneliantie
46740,46740,0,46740,46740,0,False,SCHEDULED,1631912400,HSL:1094A_20210917_La_2_1254,94A,HSL:1471113,Paneliantie
47640,47640,0,47640,47640,0,False,SCHEDULED,1631912400,HSL:1094A_20210917_La_2_1309,94A,HSL:1471113,Paneliantie
48540,48540,0,48540,48540,0,False,SCHEDULED,1631912400,HSL:1094A_20210917_La_2_1324,94A,HSL:1471113,Paneliantie
49440,49440,0,49440,49440,0,False,SCHEDULED,1631912400,HSL:1094A_20210917_La_2_1339,94A,HSL:1471113,Paneliantie
45780,45780,0,45780,45780,0,True,UPDATED,1631912400,HSL:1064_20210917_La_2_1236,64,HSL:1284121,Ruutanatie
45840,45945,105,45840,45945,105,True,UPDATED,1631912400,HSL:1069_20210917_La_2_1202,69,HSL:1284121,Ruutanatie
46980,46980,0,46980,46980,0,False,SCHEDULED,1631912400,HSL:1064_20210917_La_2_1256,64,HSL:1284121,Ruutanatie
47040,47095,55,47040,47115,75,True,UPDATED,1631912400,HSL:1069_20210917_La_2_1222,69,HSL:1284121,Ruutanatie
48180,48180,0,48180,48180,0,False,SCHEDULED,1631912400,HSL:1064_20210917_La_2_1316,64,HSL:1284121,Ruutanatie
45720,45720,0,45720,45720,0,False,SCHEDULED,1631912400,HSL:4421_20210917_La_1_1242,421,HSL:1020241,Elielinaukio
46320,46320,0,46320,46320,0,False,SCHEDULED,1631912400,HSL:4411_20210917_La_1_1252,411,HSL:1020241,Elielinaukio
47520,47520,0,47520,47520,0,False,SCHEDULED,1631912400,HSL:4421_20210917_La_1_1312,421,HSL:1020241,Elielinaukio
48120,48120,0,48120,48120,0,False,SCHEDULED,1631912400,HSL:4411_20210917_La_1_1322,411,HSL:1020241,Elielinaukio
49320,49320,0,49320,49320,0,False,SCHEDULED,1631912400,HSL:4421_20210917_La_1_1342,421,HSL:1020241,Elielinaukio
45300,45344,44,45300,45344,44,True,UPDATED,1631912400,HSL:1069_20210917_La_1_1203,69,HSL:1284120,Ruutanatie
45480,45561,81,45480,45561,81,True,UPDATED,1631912400,HSL:1064_20210917_La_1_1212,64,HSL:1284120,Ruutanatie
46680,46750,70,46680,46757,77,True,UPDATED,1631912400,HSL:1064_20210917_La_1_1232,64,HSL:1284120,Ruutanatie
46500,46808,308,46500,46808,308,True,UPDATED,1631912400,HSL:1069_20210917_La_1_1222,69,HSL:1284120,Ruutanatie
47700,47700,0,47700,47700,0,False,SCHEDULED,1631912400,HSL:1069_20210917_La_1_1242,69,HSL:1284120,Ruutanatie
45720,45720,0,45720,45720,0,True,UPDATED,1631912400,HSL:1064_20210917_La_2_1236,64,HSL:1284123,Patola
45780,45748,-32,45780,45757,-23,True,UPDATED,1631912400,HSL:1069_20210917_La_2_1202,69,HSL:1284123,Patola
46920,46920,0,46920,46920,0,False,SCHEDULED,1631912400,HSL:1064_20210917_La_2_1256,64,HSL:1284123,Patola
46980,46961,-19,46980,46982,2,True,UPDATED,1631912400,HSL:1069_20210917_La_2_1222,69,HSL:1284123,Patola
48120,48120,0,48120,48120,0,False,SCHEDULED,1631912400,HSL:1064_20210917_La_2_1316,64,HSL:1284123,Patola
45780,45950,170,45780,45950,170,True,UPDATED,1631912400,HSL:2553K_20210917_La_1_1209,553K,HSL:1284122,Patola
46140,46151,11,46140,46189,49,True,UPDATED,1631912400,HSL:1061_20210917_La_2_1231,61,HSL:1284122,Patola
46980,46966,-14,46980,46986,6,True,UPDATED,1631912400,HSL:2553K_20210917_La_1_1229,553K,HSL:1284122,Patola
47340,47340,0,47340,47340,0,False,SCHEDULED,1631912400,HSL:1061_20210917_La_2_1251,61,HSL:1284122,Patola
48180,48180,0,48180,48180,0,False,SCHEDULED,1631912400,HSL:2553K_20210917_La_1_1249,553K,HSL:1284122,Patola
48720,48720,0,48720,48720,0,False,SCHEDULED,1631912400,HSL:2436_20210917_La_1_1332,436,HSL:1020243,Elielinaukio
52320,52320,0,52320,52320,0,False,SCHEDULED,1631912400,HSL:2436_20210917_La_1_1432,436,HSL:1020243,Elielinaukio
55920,55920,0,55920,55920,0,False,SCHEDULED,1631912400,HSL:2436_20210917_La_1_1532,436,HSL:1020243,Elielinaukio
59520,59520,0,59520,59520,0,False,SCHEDULED,1631912400,HSL:2436_20210917_La_1_1632,436,HSL:1020243,Elielinaukio
63120,63120,0,63120,63120,0,False,SCHEDULED,1631912400,HSL:2436_20210917_La_1_1732,436,HSL:1020243,Elielinaukio
45600,45600,0,45600,45600,0,False,SCHEDULED,1631912400,HSL:4555B_20210917_La_2_1235,555B,HSL:4130208,Vapaalanpolku
45840,45840,0,45840,45840,0,False,SCHEDULED,1631912400,HSL:4311_20210917_La_1_1239,311,HSL:4130208,Vapaalanpolku
46560,46560,0,46560,46560,0,True,UPDATED,1631912400,HSL:5565_20210917_La_1_1238,565,HSL:4130208,Vapaalanpolku
46620,46676,56,46620,46676,56,True,UPDATED,1631912400,HSL:4571_20210917_La_1_1159,571,HSL:4130208,Vapaalanpolku
47400,47400,0,47400,47400,0,False,SCHEDULED,1631912400,HSL:4555B_20210917_La_2_1305,555B,HSL:4130208,Vapaalanpolku
46020,45946,-74,46020,45995,-25,True,UPDATED,1631912400,HSL:1061_20210917_La_1_1222,61,HSL:1284125,Norrtäljentie
46200,46303,103,46200,46303,103,True,UPDATED,1631912400,HSL:2553K_20210917_La_2_1223,553K,HSL:1284125,Norrtäljentie
47220,47220,0,47220,47220,0,False,SCHEDULED,1631912400,HSL:1061_20210917_La_1_1242,61,HSL:1284125,Norrtäljentie
47400,47400,0,47400,47400,0,False,SCHEDULED,1631912400,HSL:2553K_20210917_La_2_1242,553K,HSL:1284125,Norrtäljentie
48420,48420,0,48420,48420,0,False,SCHEDULED,1631912400,HSL:1061_20210917_La_1_1302,61,HSL:1284125,Norrtäljentie
45840,46020,180,45840,46020,180,True,UPDATED,1631912400,HSL:2553K_20210917_La_1_1209,553K,HSL:1284124,Norrtäljentie
45840,46039,199,45840,46055,215,True,UPDATED,1631912400,HSL:2550_20210917_La_1_1221,550,HSL:1284124,Norrtäljentie
46200,46212,12,46200,46257,57,True,UPDATED,1631912400,HSL:1061_20210917_La_2_1231,61,HSL:1284124,Norrtäljentie
46440,46532,92,46440,46548,108,True,UPDATED,1631912400,HSL:2550_20210917_La_1_1231,550,HSL:1284124,Norrtäljentie
47040,47040,0,47040,47040,0,True,UPDATED,1631912400,HSL:2550_20210917_La_1_1241,550,HSL:1284124,Norrtäljentie
45720,45666,-54,45720,45674,-46,True,UPDATED,1631912400,HSL:4311_20210917_La_2_1228,311,HSL:4130209,Lastutie
45720,45998,278,45720,46008,288,True,UPDATED,1631912400,HSL:5565_20210917_La_2_1212,565,HSL:4130209,Lastutie
46260,46260,0,46260,46260,0,False,SCHEDULED,1631912400,HSL:4571_20210917_La_2_1241,571,HSL:4130209,Lastutie
46500,46500,0,46500,46500,0,False,SCHEDULED,1631912400,HSL:4555B_20210917_La_1_1236,555B,HSL:4130209,Lastutie
47520,47520,0,47520,47520,0,False,SCHEDULED,1631912400,HSL:4311_20210917_La_2_1258,311,HSL:4130209,Lastutie
46920,46920,0,46920,46920,0,False,SCHEDULED,1631912400,HSL:4415_20210917_La_1_1302,415,HSL:1020245,Elielinaukio
50520,50520,0,50520,50520,0,False,SCHEDULED,1631912400,HSL:4415_20210917_La_1_1402,415,HSL:1020245,Elielinaukio
54120,54120,0,54120,54120,0,False,SCHEDULED,1631912400,HSL:4415_20210917_La_1_1502,415,HSL:1020245,Elielinaukio
57720,57720,0,57720,57720,0,False,SCHEDULED,1631912400,HSL:4415_20210917_La_1_1602,415,HSL:1020245,Elielinaukio
61320,61320,0,61320,61320,0,False,SCHEDULED,1631912400,HSL:4415_20210917_La_1_1702,415,HSL:1020245,Elielinaukio
45120,45333,213,45120,45361,241,True,UPDATED,1631912400,HSL:1061_20210917_La_2_1211,61,HSL:1284127,Kustaankartano
45900,46118,218,45900,46118,218,True,UPDATED,1631912400,HSL:2553K_20210917_La_1_1209,553K,HSL:1284127,Kustaankartano
46320,46353,33,46320,46395,75,True,UPDATED,1631912400,HSL:1061_20210917_La_2_1231,61,HSL:1284127,Kustaankartano
47100,47115,15,47100,47135,35,True,UPDATED,1631912400,HSL:2553K_20210917_La_1_1229,553K,HSL:1284127,Kustaankartano
47520,47520,0,47520,47520,0,False,SCHEDULED,1631912400,HSL:1061_20210917_La_2_1251,61,HSL:1284127,Kustaankartano
45360,45314,-46,45360,45327,-33,True,UPDATED,1631912400,HSL:2550_20210917_La_1_1212,550,HSL:1284126,Mestarintie
45840,46073,233,45840,46073,233,True,UPDATED,1631912400,HSL:2553K_20210917_La_1_1209,553K,HSL:1284126,Mestarintie
45900,46065,165,45900,46114,214,True,UPDATED,1631912400,HSL:2550_20210917_La_1_1221,550,HSL:1284126,Mestarintie
46260,46304,44,46260,46319,59,True,UPDATED,1631912400,HSL:1061_20210917_La_2_1231,61,HSL:1284126,Mestarintie
46500,46598,98,46500,46615,115,True,UPDATED,1631912400,HSL:2550_20210917_La_1_1231,550,HSL:1284126,Mestarintie
45060,45570,510,45060,45587,527,True,UPDATED,1631912400,HSL:2550_20210917_La_2_1149,550,HSL:1284129,Kustaankartano
45900,45804,-96,45900,45873,-27,True,UPDATED,1631912400,HSL:1061_20210917_La_1_1222,61,HSL:1284129,Kustaankartano
45720,45998,278,45720,46012,292,True,UPDATED,1631912400,HSL:2550_20210917_La_2_1159,550,HSL:1284129,Kustaankartano
46080,46176,96,46080,46176,96,True,UPDATED,1631912400,HSL:2553K_20210917_La_2_1223,553K,HSL:1284129,Kustaankartano
46320,46516,196,46320,46531,211,True,UPDATED,1631912400,HSL:2550_20210917_La_2_1209,550,HSL:1284129,Kustaankartano
45120,45630,510,45120,45642,522,True,UPDATED,1631912400,HSL:2550_20210917_La_2_1149,550,HSL:1284128,Mestarintie
45960,45884,-76,45960,45933,-27,True,UPDATED,1631912400,HSL:1061_20210917_La_1_1222,61,HSL:1284128,Mestarintie
45780,46012,232,45780,46019,239,True,UPDATED,1631912400,HSL:2550_20210917_La_2_1159,550,HSL:1284128,Mestarintie
46140,46237,97,46140,46237,97,True,UPDATED,1631912400,HSL:2553K_20210917_La_2_1223,553K,HSL:1284128,Mestarintie
46380,46534,154,46380,46545,165,True,UPDATED,1631912400,HSL:2550_20210917_La_2_1209,550,HSL:1284128,Mestarintie
45300,45327,27,45300,45332,32,True,UPDATED,1631912400,HSL:2543_20210917_La_1_1225,543,HSL:2131211,Nuijamäki
45300,45496,196,45300,45499,199,True,UPDATED,1631912400,HSL:2202_20210917_La_2_1210,202,HSL:2131211,Nuijamäki
47040,47040,0,47040,47040,0,False,SCHEDULED,1631912400,HSL:2202_20210917_La_2_1239,202,HSL:2131211,Nuijamäki
47100,47100,0,47100,47100,0,False,SCHEDULED,1631912400,HSL:2543_20210917_La_1_1255,543,HSL:2131211,Nuijamäki
48900,48900,0,48900,48900,0,False,SCHEDULED,1631912400,HSL:2202_20210917_La_2_1310,202,HSL:2131211,Nuijamäki
45540,45540,0,45540,45540,0,False,SCHEDULED,1631912400,HSL:4555B_20210917_La_2_1235,555B,HSL:4130210,Lastutie
45780,45780,0,45780,45780,0,False,SCHEDULED,1631912400,HSL:4311_20210917_La_1_1239,311,HSL:4130210,Lastutie
46500,46500,0,46500,46500,0,True,UPDATED,1631912400,HSL:5565_20210917_La_1_1238,565,HSL:4130210,Lastutie
46560,46603,43,46560,46610,50,True,UPDATED,1631912400,HSL:4571_20210917_La_1_1159,571,HSL:4130210,Lastutie
47340,47340,0,47340,47340,0,False,SCHEDULED,1631912400,HSL:4555B_20210917_La_2_1305,555B,HSL:4130210,Lastutie
45900,45916,16,45900,45916,16,True,UPDATED,1631912400,HSL:3002E_20210917_La_1_1227,E,HSL:3010501,Kauniainen
46800,46800,0,46800,46800,0,False,SCHEDULED,1631912400,HSL:3002U_20210917_La_1_1242,U,HSL:3010501,Kauniainen
47700,47700,0,47700,47700,0,False,SCHEDULED,1631912400,HSL:3002E_20210917_La_1_1257,E,HSL:3010501,Kauniainen
48600,48600,0,48600,48600,0,False,SCHEDULED,1631912400,HSL:3002U_20210917_La_1_1312,U,HSL:3010501,Kauniainen
49500,49500,0,49500,49500,0,False,SCHEDULED,1631912400,HSL:3002E_20210917_La_1_1327,E,HSL:3010501,Kauniainen
46080,46116,36,46080,46119,39,True,UPDATED,1631912400,HSL:4332_20210917_La_1_1217,332,HSL:4130217,Naulakuja
49680,49680,0,49680,49680,0,False,SCHEDULED,1631912400,HSL:4332_20210917_La_1_1317,332,HSL:4130217,Naulakuja
53280,53280,0,53280,53280,0,False,SCHEDULED,1631912400,HSL:4332_20210917_La_1_1417,332,HSL:4130217,Naulakuja
56880,56880,0,56880,56880,0,False,SCHEDULED,1631912400,HSL:4332_20210917_La_1_1517,332,HSL:4130217,Naulakuja
60480,60480,0,60480,60480,0,False,SCHEDULED,1631912400,HSL:4332_20210917_La_1_1617,332,HSL:4130217,Naulakuja
46140,46179,39,46140,46181,41,True,UPDATED,1631912400,HSL:4332_20210917_La_1_1217,332,HSL:4130218,Koivukuja
49740,49740,0,49740,49740,0,False,SCHEDULED,1631912400,HSL:4332_20210917_La_1_1317,332,HSL:4130218,Koivukuja
53340,53340,0,53340,53340,0,False,SCHEDULED,1631912400,HSL:4332_20210917_La_1_1417,332,HSL:4130218,Koivukuja
56940,56940,0,56940,56940,0,False,SCHEDULED,1631912400,HSL:4332_20210917_La_1_1517,332,HSL:4130218,Koivukuja
60540,60540,0,60540,60540,0,False,SCHEDULED,1631912400,HSL:4332_20210917_La_1_1617,332,HSL:4130218,Koivukuja
46080,46106,26,46080,46111,31,True,UPDATED,1631912400,HSL:4332_20210917_La_1_1217,332,HSL:4130215,Nuijatie
49680,49680,0,49680,49680,0,False,SCHEDULED,1631912400,HSL:4332_20210917_La_1_1317,332,HSL:4130215,Nuijatie
53280,53280,0,53280,53280,0,False,SCHEDULED,1631912400,HSL:4332_20210917_La_1_1417,332,HSL:4130215,Nuijatie
56880,56880,0,56880,56880,0,False,SCHEDULED,1631912400,HSL:4332_20210917_La_1_1517,332,HSL:4130215,Nuijatie
60480,60480,0,60480,60480,0,False,SCHEDULED,1631912400,HSL:4332_20210917_La_1_1617,332,HSL:4130215,Nuijatie
48180,48180,0,48180,48180,0,False,SCHEDULED,1631912400,HSL:4332_20210917_La_2_1306,332,HSL:4130216,Nuijatie
51780,51780,0,51780,51780,0,False,SCHEDULED,1631912400,HSL:4332_20210917_La_2_1406,332,HSL:4130216,Nuijatie
55380,55380,0,55380,55380,0,False,SCHEDULED,1631912400,HSL:4332_20210917_La_2_1506,332,HSL:4130216,Nuijatie
58980,58980,0,58980,58980,0,False,SCHEDULED,1631912400,HSL:4332_20210917_La_2_1606,332,HSL:4130216,Nuijatie
62580,62580,0,62580,62580,0,False,SCHEDULED,1631912400,HSL:4332_20210917_La_2_1706,332,HSL:4130216,Nuijatie
46020,46024,4,46020,46055,35,True,UPDATED,1631912400,HSL:4332_20210917_La_1_1217,332,HSL:4130213,Piikkikuja
49620,49620,0,49620,49620,0,False,SCHEDULED,1631912400,HSL:4332_20210917_La_1_1317,332,HSL:4130213,Piikkikuja
53220,53220,0,53220,53220,0,False,SCHEDULED,1631912400,HSL:4332_20210917_La_1_1417,332,HSL:4130213,Piikkikuja
56820,56820,0,56820,56820,0,False,SCHEDULED,1631912400,HSL:4332_20210917_La_1_1517,332,HSL:4130213,Piikkikuja
60420,60420,0,60420,60420,0,False,SCHEDULED,1631912400,HSL:4332_20210917_La_1_1617,332,HSL:4130213,Piikkikuja
48240,48240,0,48240,48240,0,False,SCHEDULED,1631912400,HSL:4332_20210917_La_2_1306,332,HSL:4130214,Piikkikuja
51840,51840,0,51840,51840,0,False,SCHEDULED,1631912400,HSL:4332_20210917_La_2_1406,332,HSL:4130214,Piikkikuja
55440,55440,0,55440,55440,0,False,SCHEDULED,1631912400,HSL:4332_20210917_La_2_1506,332,HSL:4130214,Piikkikuja
59040,59040,0,59040,59040,0,False,SCHEDULED,1631912400,HSL:4332_20210917_La_2_1606,332,HSL:4130214,Piikkikuja
62640,62640,0,62640,62640,0,False,SCHEDULED,1631912400,HSL:4332_20210917_La_2_1706,332,HSL:4130214,Piikkikuja
45960,45953,-7,45960,45966,6,True,UPDATED,1631912400,HSL:4332_20210917_La_1_1217,332,HSL:4130211,Nuijakuja
49560,49560,0,49560,49560,0,False,SCHEDULED,1631912400,HSL:4332_20210917_La_1_1317,332,HSL:4130211,Nuijakuja
53160,53160,0,53160,53160,0,False,SCHEDULED,1631912400,HSL:4332_20210917_La_1_1417,332,HSL:4130211,Nuijakuja
56760,56760,0,56760,56760,0,False,SCHEDULED,1631912400,HSL:4332_20210917_La_1_1517,332,HSL:4130211,Nuijakuja
60360,60360,0,60360,60360,0,False,SCHEDULED,1631912400,HSL:4332_20210917_La_1_1617,332,HSL:4130211,Nuijakuja
48240,48240,0,48240,48240,0,False,SCHEDULED,1631912400,HSL:4332_20210917_La_2_1306,332,HSL:4130212,Nuijakuja
51840,51840,0,51840,51840,0,False,SCHEDULED,1631912400,HSL:4332_20210917_La_2_1406,332,HSL:4130212,Nuijakuja
55440,55440,0,55440,55440,0,False,SCHEDULED,1631912400,HSL:4332_20210917_La_2_1506,332,HSL:4130212,Nuijakuja
59040,59040,0,59040,59040,0,False,SCHEDULED,1631912400,HSL:4332_20210917_La_2_1606,332,HSL:4130212,Nuijakuja
62640,62640,0,62640,62640,0,False,SCHEDULED,1631912400,HSL:4332_20210917_La_2_1706,332,HSL:4130212,Nuijakuja
45120,45318,198,45120,45318,198,True,UPDATED,1631912400,HSL:1066_20210917_La_2_1222,66,HSL:1284116,Käpylän asema
45420,45407,-13,45420,45419,-1,True,UPDATED,1631912400,HSL:4623K_20210917_La_2_1203,623K,HSL:1284116,Käpylän asema
45240,45460,220,45240,45466,226,True,UPDATED,1631912400,HSL:1061_20210917_La_2_1211,61,HSL:1284116,Käpylän asema
45600,45632,32,45600,45639,39,True,UPDATED,1631912400,HSL:4611_20210917_La_2_1208,611,HSL:1284116,Käpylän asema
45660,45753,93,45660,45759,99,True,UPDATED,1631912400,HSL:1067_20210917_La_2_1224,67,HSL:1284116,Käpylän asema
45300,45306,6,45300,45318,18,True,UPDATED,1631912400,HSL:1067_20210917_La_1_1216,67,HSL:1284115,Käpylän asema
45720,45661,-59,45720,45667,-53,True,UPDATED,1631912400,HSL:1061_20210917_La_1_1222,61,HSL:1284115,Käpylän asema
45780,45769,-11,45780,45769,-11,True,UPDATED,1631912400,HSL:4615_20210917_La_1_1225,615,HSL:1284115,Käpylän asema
46020,46016,-4,46020,46022,2,True,UPDATED,1631912400,HSL:4611_20210917_La_1_1229,611,HSL:1284115,Käpylän asema
45900,46017,117,45900,46025,125,True,UPDATED,1631912400,HSL:1066_20210917_La_1_1226,66,HSL:1284115,Käpylän asema
45780,45780,0,45780,45780,0,True,UPDATED,1631912400,HSL:1064_20210917_La_2_1236,64,HSL:1284118,Oulunkylän tori
45840,45945,105,45840,45945,105,True,UPDATED,1631912400,HSL:1069_20210917_La_2_1202,69,HSL:1284118,Oulunkylän tori
46980,46980,0,46980,46980,0,False,SCHEDULED,1631912400,HSL:1064_20210917_La_2_1256,64,HSL:1284118,Oulunkylän tori
47040,47115,75,47040,47115,75,True,UPDATED,1631912400,HSL:1069_20210917_La_2_1222,69,HSL:1284118,Oulunkylän tori
48180,48180,0,48180,48180,0,False,SCHEDULED,1631912400,HSL:1064_20210917_La_2_1316,64,HSL:1284118,Oulunkylän tori
46380,46380,0,46380,46380,0,False,SCHEDULED,1631912400,HSL:2321_20210917_La_1_1253,321,HSL:1020239,Elielinaukio
48540,48540,0,48540,48540,0,False,SCHEDULED,1631912400,HSL:2321_20210917_La_1_1329,321,HSL:1020239,Elielinaukio
49980,49980,0,49980,49980,0,False,SCHEDULED,1631912400,HSL:2321_20210917_La_1_1353,321,HSL:1020239,Elielinaukio
52140,52140,0,52140,52140,0,False,SCHEDULED,1631912400,HSL:2321_20210917_La_1_1429,321,HSL:1020239,Elielinaukio
53580,53580,0,53580,53580,0,False,SCHEDULED,1631912400,HSL:2321_20210917_La_1_1453,321,HSL:1020239,Elielinaukio
45420,45489,69,45420,45545,125,True,UPDATED,1631912400,HSL:1064_20210917_La_1_1212,64,HSL:1284117,Oulunkylän tori
46620,46692,72,46620,46715,95,True,UPDATED,1631912400,HSL:1064_20210917_La_1_1232,64,HSL:1284117,Oulunkylän tori
46440,46748,308,46440,46748,308,True,UPDATED,1631912400,HSL:1069_20210917_La_1_1222,69,HSL:1284117,Oulunkylän tori
47640,47640,0,47640,47640,0,False,SCHEDULED,1631912400,HSL:1069_20210917_La_1_1242,69,HSL:1284117,Oulunkylän tori
47820,47820,0,47820,47820,0,False,SCHEDULED,1631912400,HSL:1064_20210917_La_1_1252,64,HSL:1284117,Oulunkylän tori
46020,46020,0,46020,46020,0,False,SCHEDULED,1631912400,HSL:3002E_20210917_La_2_1235,E,HSL:2132552,Kera
46860,46860,0,46860,46860,0,False,SCHEDULED,1631912400,HSL:3002U_20210917_La_2_1237,U,HSL:2132552,Kera
47820,47820,0,47820,47820,0,False,SCHEDULED,1631912400,HSL:3002E_20210917_La_2_1305,E,HSL:2132552,Kera
48660,48660,0,48660,48660,0,False,SCHEDULED,1631912400,HSL:3002U_20210917_La_2_1307,U,HSL:2132552,Kera
49620,49620,0,49620,49620,0,False,SCHEDULED,1631912400,HSL:3002E_20210917_La_2_1335,E,HSL:2132552,Kera
45600,45587,-13,45600,45600,0,True,UPDATED,1631912400,HSL:4311_20210917_La_2_1228,311,HSL:4130207,Vapaalanpolku
45600,45913,313,45600,45926,326,True,UPDATED,1631912400,HSL:5565_20210917_La_2_1212,565,HSL:4130207,Vapaalanpolku
46140,46140,0,46140,46140,0,False,SCHEDULED,1631912400,HSL:4571_20210917_La_2_1241,571,HSL:4130207,Vapaalanpolku
46380,46380,0,46380,46380,0,False,SCHEDULED,1631912400,HSL:4555B_20210917_La_1_1236,555B,HSL:4130207,Vapaalanpolku
47400,47400,0,47400,47400,0,False,SCHEDULED,1631912400,HSL:4311_20210917_La_2_1258,311,HSL:4130207,Vapaalanpolku
45480,45510,30,45480,45515,35,True,UPDATED,1631912400,HSL:1056_20210917_La_1_1220,56,HSL:1284149,Käpylän asema
46080,46080,0,46080,46080,0,False,SCHEDULED,1631912400,HSL:1056_20210917_La_1_1230,56,HSL:1284149,Käpylän asema
46140,46456,316,46200,46471,271,True,UPDATED,1631912400,HSL:1069_20210917_La_1_1222,69,HSL:1284149,Käpylän asema
46680,46680,0,46680,46680,0,False,SCHEDULED,1631912400,HSL:1056_20210917_La_1_1240,56,HSL:1284149,Käpylän asema
47280,47280,0,47280,47280,0,False,SCHEDULED,1631912400,HSL:1056_20210917_La_1_1250,56,HSL:1284149,Käpylän asema
45780,45780,0,45780,45780,0,True,UPDATED,1631912400,HSL:2113_20210917_La_1_1227,113,HSL:2118221,Yhdyskunnanmäki
45900,45955,55,45900,45959,59,True,UPDATED,1631912400,HSL:2202_20210917_La_1_1238,202,HSL:2118221,Yhdyskunnanmäki
46680,46680,0,46680,46680,0,False,SCHEDULED,1631912400,HSL:2113_20210917_La_1_1242,113,HSL:2118221,Yhdyskunnanmäki
47580,47580,0,47580,47580,0,False,SCHEDULED,1631912400,HSL:2113_20210917_La_1_1257,113,HSL:2118221,Yhdyskunnanmäki
47640,47640,0,47640,47640,0,False,SCHEDULED,1631912400,HSL:2202_20210917_La_1_1307,202,HSL:2118221,Yhdyskunnanmäki
45240,45375,135,45240,45387,147,True,UPDATED,1631912400,HSL:2113_20210917_La_2_1229,113,HSL:2118224,Yhdyskunnanmäki
46140,46140,0,46140,46140,0,False,SCHEDULED,1631912400,HSL:2113_20210917_La_2_1244,113,HSL:2118224,Yhdyskunnanmäki
46680,46680,0,46680,46680,0,False,SCHEDULED,1631912400,HSL:2202_20210917_La_2_1239,202,HSL:2118224,Yhdyskunnanmäki
47100,47100,0,47100,47100,0,False,SCHEDULED,1631912400,HSL:2113_20210917_La_2_1259,113,HSL:2118224,Yhdyskunnanmäki
48000,48000,0,48000,48000,0,False,SCHEDULED,1631912400,HSL:2113_20210917_La_2_1314,113,HSL:2118224,Yhdyskunnanmäki
45120,45352,232,45120,45354,234,True,UPDATED,1631912400,HSL:2202_20210917_La_2_1210,202,HSL:2131205,Masalantie
46860,46860,0,46860,46860,0,False,SCHEDULED,1631912400,HSL:2202_20210917_La_2_1239,202,HSL:2131205,Masalantie
46860,46860,0,46860,46860,0,False,SCHEDULED,1631912400,HSL:2543_20210917_La_1_1255,543,HSL:2131205,Masalantie
48660,48660,0,48660,48660,0,False,SCHEDULED,1631912400,HSL:2543_20210917_La_1_1325,543,HSL:2131205,Masalantie
48720,48720,0,48720,48720,0,False,SCHEDULED,1631912400,HSL:2202_20210917_La_2_1310,202,HSL:2131205,Masalantie
47040,47044,4,47040,47047,7,True,UPDATED,1631912400,HSL:2543_20210917_La_2_1222,543,HSL:2131206,Hirsalantie
48840,48840,0,48840,48840,0,False,SCHEDULED,1631912400,HSL:2543_20210917_La_2_1252,543,HSL:2131206,Hirsalantie
50640,50640,0,50640,50640,0,False,SCHEDULED,1631912400,HSL:2543_20210917_La_2_1322,543,HSL:2131206,Hirsalantie
52440,52440,0,52440,52440,0,False,SCHEDULED,1631912400,HSL:2543_20210917_La_2_1352,543,HSL:2131206,Hirsalantie
54240,54240,0,54240,54240,0,False,SCHEDULED,1631912400,HSL:2543_20210917_La_2_1422,543,HSL:2131206,Hirsalantie
45180,45402,222,45180,45404,224,True,UPDATED,1631912400,HSL:2202_20210917_La_2_1210,202,HSL:2131203,Friisinmäenaukio
46920,46920,0,46920,46920,0,False,SCHEDULED,1631912400,HSL:2202_20210917_La_2_1239,202,HSL:2131203,Friisinmäenaukio
46980,46980,0,46980,46980,0,False,SCHEDULED,1631912400,HSL:2543_20210917_La_1_1255,543,HSL:2131203,Friisinmäenaukio
48780,48780,0,48780,48780,0,False,SCHEDULED,1631912400,HSL:2202_20210917_La_2_1310,202,HSL:2131203,Friisinmäenaukio
48780,48780,0,48780,48780,0,False,SCHEDULED,1631912400,HSL:2543_20210917_La_1_1325,543,HSL:2131203,Friisinmäenaukio
45480,45561,81,45480,45575,95,True,UPDATED,1631912400,HSL:2202_20210917_La_1_1238,202,HSL:2131204,Nuijamäki
46740,46777,37,46740,46790,50,True,UPDATED,1631912400,HSL:2543_20210917_La_2_1222,543,HSL:2131204,Nuijamäki
47220,47220,0,47220,47220,0,False,SCHEDULED,1631912400,HSL:2202_20210917_La_1_1307,202,HSL:2131204,Nuijamäki
48540,48540,0,48540,48540,0,False,SCHEDULED,1631912400,HSL:2543_20210917_La_2_1252,543,HSL:2131204,Nuijamäki
49080,49080,0,49080,49080,0,False,SCHEDULED,1631912400,HSL:2202_20210917_La_1_1338,202,HSL:2131204,Nuijamäki
45240,45452,212,45240,45454,214,True,UPDATED,1631912400,HSL:2202_20210917_La_2_1210,202,HSL:2131209,Kellarikuja
46980,46980,0,46980,46980,0,False,SCHEDULED,1631912400,HSL:2202_20210917_La_2_1239,202,HSL:2131209,Kellarikuja
47040,47040,0,47040,47040,0,False,SCHEDULED,1631912400,HSL:2543_20210917_La_1_1255,543,HSL:2131209,Kellarikuja
48840,48840,0,48840,48840,0,False,SCHEDULED,1631912400,HSL:2202_20210917_La_2_1310,202,HSL:2131209,Kellarikuja
48840,48840,0,48840,48840,0,False,SCHEDULED,1631912400,HSL:2543_20210917_La_1_1325,543,HSL:2131209,Kellarikuja
45540,45618,78,45540,45623,83,True,UPDATED,1631912400,HSL:2202_20210917_La_1_1238,202,HSL:2131208,Kellarikuja
46800,46830,30,46800,46835,35,True,UPDATED,1631912400,HSL:2543_20210917_La_2_1222,543,HSL:2131208,Kellarikuja
47280,47280,0,47280,47280,0,False,SCHEDULED,1631912400,HSL:2202_20210917_La_1_1307,202,HSL:2131208,Kellarikuja
48600,48600,0,48600,48600,0,False,SCHEDULED,1631912400,HSL:2543_20210917_La_2_1252,543,HSL:2131208,Kellarikuja
49140,49140,0,49140,49140,0,False,SCHEDULED,1631912400,HSL:2202_20210917_La_1_1338,202,HSL:2131208,Kellarikuja
45660,45704,44,45660,45707,47,True,UPDATED,1631912400,HSL:2202_20210917_La_1_1238,202,HSL:2131202,Friisinmäenaukio
46920,46930,10,46920,46933,13,True,UPDATED,1631912400,HSL:2543_20210917_La_2_1222,543,HSL:2131202,Friisinmäenaukio
47400,47400,0,47400,47400,0,False,SCHEDULED,1631912400,HSL:2202_20210917_La_1_1307,202,HSL:2131202,Friisinmäenaukio
48720,48720,0,48720,48720,0,False,SCHEDULED,1631912400,HSL:2543_20210917_La_2_1252,543,HSL:2131202,Friisinmäenaukio
49260,49260,0,49260,49260,0,False,SCHEDULED,1631912400,HSL:2202_20210917_La_1_1338,202,HSL:2131202,Friisinmäenaukio
45540,45550,10,45540,45580,40,True,UPDATED,1631912400,HSL:3002A_20210917_La_1_1233,A,HSL:1172503,Ilmala
45840,45840,0,45840,45840,0,False,SCHEDULED,1631912400,HSL:3002P_20210917_La_1_1238,P,HSL:1172503,Ilmala
46440,46440,0,46440,46440,0,False,SCHEDULED,1631912400,HSL:3002P_20210917_La_1_1248,P,HSL:1172503,Ilmala
47040,47040,0,47040,47040,0,False,SCHEDULED,1631912400,HSL:3002P_20210917_La_1_1258,P,HSL:1172503,Ilmala
47340,47340,0,47340,47340,0,False,SCHEDULED,1631912400,HSL:3002A_20210917_La_1_1303,A,HSL:1172503,Ilmala
45780,45787,7,45780,45787,7,True,UPDATED,1631912400,HSL:3002E_20210917_La_1_1227,E,HSL:2132502,Kera
46680,46680,0,46680,46680,0,False,SCHEDULED,1631912400,HSL:3002U_20210917_La_1_1242,U,HSL:2132502,Kera
47580,47580,0,47580,47580,0,False,SCHEDULED,1631912400,HSL:3002E_20210917_La_1_1257,E,HSL:2132502,Kera
48480,48480,0,48480,48480,0,False,SCHEDULED,1631912400,HSL:3002U_20210917_La_1_1312,U,HSL:2132502,Kera
49380,49380,0,49380,49380,0,False,SCHEDULED,1631912400,HSL:3002E_20210917_La_1_1327,E,HSL:2132502,Kera
45600,45608,8,45600,45617,17,True,UPDATED,1631912400,HSL:1090_20210917_La_1_1230,90,HSL:1548109,Hansaterminaali
46500,46500,0,46500,46500,0,False,SCHEDULED,1631912400,HSL:1090_20210917_La_1_1245,90,HSL:1548109,Hansaterminaali
47400,47400,0,47400,47400,0,False,SCHEDULED,1631912400,HSL:1090_20210917_La_1_1300,90,HSL:1548109,Hansaterminaali
48360,48360,0,48360,48360,0,False,SCHEDULED,1631912400,HSL:1090_20210917_La_1_1315,90,HSL:1548109,Hansaterminaali
49260,49260,0,49260,49260,0,False,SCHEDULED,1631912400,HSL:1090_20210917_La_1_1330,90,HSL:1548109,Hansaterminaali
46020,46020,0,46020,46020,0,False,SCHEDULED,1631912400,HSL:2113_20210917_La_2_1244,113,HSL:2118201,Everstinkatu
46380,46380,0,46380,46380,0,False,SCHEDULED,1631912400,HSL:2502_20210917_La_2_1248,502,HSL:2118201,Everstinkatu
46980,46980,0,46980,46980,0,False,SCHEDULED,1631912400,HSL:2113_20210917_La_2_1259,113,HSL:2118201,Everstinkatu
47580,47580,0,47580,47580,0,False,SCHEDULED,1631912400,HSL:2502_20210917_La_2_1308,502,HSL:2118201,Everstinkatu
47880,47880,0,47880,47880,0,False,SCHEDULED,1631912400,HSL:2113_20210917_La_2_1314,113,HSL:2118201,Everstinkatu
45900,45900,0,45900,45900,0,True,UPDATED,1631912400,HSL:2113_20210917_La_1_1227,113,HSL:2118203,Everstinkatu
46320,46320,0,46320,46320,0,False,SCHEDULED,1631912400,HSL:2502_20210917_La_1_1227,502,HSL:2118203,Everstinkatu
46800,46800,0,46800,46800,0,False,SCHEDULED,1631912400,HSL:2113_20210917_La_1_1242,113,HSL:2118203,Everstinkatu
47520,47520,0,47520,47520,0,False,SCHEDULED,1631912400,HSL:2502_20210917_La_1_1246,502,HSL:2118203,Everstinkatu
47700,47700,0,47700,47700,0,False,SCHEDULED,1631912400,HSL:2113_20210917_La_1_1257,113,HSL:2118203,Everstinkatu
45540,45552,12,45540,45556,16,True,UPDATED,1631912400,HSL:1090_20210917_La_1_1230,90,HSL:1548100,Voimalaitokset
46440,46440,0,46440,46440,0,False,SCHEDULED,1631912400,HSL:1090_20210917_La_1_1245,90,HSL:1548100,Voimalaitokset
47340,47340,0,47340,47340,0,False,SCHEDULED,1631912400,HSL:1090_20210917_La_1_1300,90,HSL:1548100,Voimalaitokset
48300,48300,0,48300,48300,0,False,SCHEDULED,1631912400,HSL:1090_20210917_La_1_1315,90,HSL:1548100,Voimalaitokset
49200,49200,0,49200,49200,0,False,SCHEDULED,1631912400,HSL:1090_20210917_La_1_1330,90,HSL:1548100,Voimalaitokset
46080,46080,0,46080,46080,0,False,SCHEDULED,1631912400,HSL:2113_20210917_La_2_1244,113,HSL:2118205,Majurinkulma
46620,46620,0,46620,46620,0,False,SCHEDULED,1631912400,HSL:2202_20210917_La_2_1239,202,HSL:2118205,Majurinkulma
47040,47040,0,47040,47040,0,False,SCHEDULED,1631912400,HSL:2113_20210917_La_2_1259,113,HSL:2118205,Majurinkulma
47940,47940,0,47940,47940,0,False,SCHEDULED,1631912400,HSL:2113_20210917_La_2_1314,113,HSL:2118205,Majurinkulma
48480,48480,0,48480,48480,0,False,SCHEDULED,1631912400,HSL:2202_20210917_La_2_1310,202,HSL:2118205,Majurinkulma
45480,45549,69,45480,45549,69,True,UPDATED,1631912400,HSL:4739_20210917_La_2_1226,739,HSL:4860253,Koivumäki
47280,47280,0,47280,47280,0,False,SCHEDULED,1631912400,HSL:4736_20210917_La_2_1256,736,HSL:4860253,Koivumäki
49080,49080,0,49080,49080,0,False,SCHEDULED,1631912400,HSL:4739_20210917_La_2_1326,739,HSL:4860253,Koivumäki
50880,50880,0,50880,50880,0,False,SCHEDULED,1631912400,HSL:4736_20210917_La_2_1356,736,HSL:4860253,Koivumäki
52680,52680,0,52680,52680,0,False,SCHEDULED,1631912400,HSL:4739_20210917_La_2_1426,739,HSL:4860253,Koivumäki
45900,45900,0,45900,45900,0,True,UPDATED,1631912400,HSL:2113_20210917_La_1_1227,113,HSL:2118204,Majurinkulma
46320,46320,0,46320,46320,0,False,SCHEDULED,1631912400,HSL:2502_20210917_La_1_1227,502,HSL:2118204,Majurinkulma
46800,46800,0,46800,46800,0,False,SCHEDULED,1631912400,HSL:2113_20210917_La_1_1242,113,HSL:2118204,Majurinkulma
47520,47520,0,47520,47520,0,False,SCHEDULED,1631912400,HSL:2502_20210917_La_1_1246,502,HSL:2118204,Majurinkulma
47700,47700,0,47700,47700,0,False,SCHEDULED,1631912400,HSL:2113_20210917_La_1_1257,113,HSL:2118204,Majurinkulma
45300,45336,36,45300,45340,40,True,UPDATED,1631912400,HSL:4739_20210917_La_1_1145,739,HSL:4860254,Koivumäki
47100,47131,31,47100,47131,31,True,UPDATED,1631912400,HSL:4736_20210917_La_1_1218,736,HSL:4860254,Koivumäki
48900,48900,0,48900,48900,0,False,SCHEDULED,1631912400,HSL:4739_20210917_La_1_1245,739,HSL:4860254,Koivumäki
50700,50700,0,50700,50700,0,False,SCHEDULED,1631912400,HSL:4736_20210917_La_1_1318,736,HSL:4860254,Koivumäki
52500,52500,0,52500,52500,0,False,SCHEDULED,1631912400,HSL:4739_20210917_La_1_1344,739,HSL:4860254,Koivumäki
46260,46260,0,46260,46260,0,False,SCHEDULED,1631912400,HSL:2502_20210917_La_1_1227,502,HSL:2118207,Tarvaspääntie
46560,46560,0,46560,46560,0,False,SCHEDULED,1631912400,HSL:2202_20210917_La_2_1239,202,HSL:2118207,Tarvaspääntie
47460,47460,0,47460,47460,0,False,SCHEDULED,1631912400,HSL:2502_20210917_La_1_1246,502,HSL:2118207,Tarvaspääntie
48420,48420,0,48420,48420,0,False,SCHEDULED,1631912400,HSL:2202_20210917_La_2_1310,202,HSL:2118207,Tarvaspääntie
48660,48660,0,48660,48660,0,False,SCHEDULED,1631912400,HSL:2502_20210917_La_1_1306,502,HSL:2118207,Tarvaspääntie
45540,45609,69,45540,45609,69,True,UPDATED,1631912400,HSL:4739_20210917_La_2_1226,739,HSL:4860251,Täkytie
47340,47340,0,47340,47340,0,False,SCHEDULED,1631912400,HSL:4736_20210917_La_2_1256,736,HSL:4860251,Täkytie
49140,49140,0,49140,49140,0,False,SCHEDULED,1631912400,HSL:4739_20210917_La_2_1326,739,HSL:4860251,Täkytie
50940,50940,0,50940,50940,0,False,SCHEDULED,1631912400,HSL:4736_20210917_La_2_1356,736,HSL:4860251,Täkytie
52740,52740,0,52740,52740,0,False,SCHEDULED,1631912400,HSL:4739_20210917_La_2_1426,739,HSL:4860251,Täkytie
45840,45840,0,45840,45840,0,False,SCHEDULED,1631912400,HSL:1090_20210917_La_2_1243,90,HSL:1548101,Voimalaitokset
46740,46740,0,46740,46740,0,False,SCHEDULED,1631912400,HSL:1090_20210917_La_2_1258,90,HSL:1548101,Voimalaitokset
47640,47640,0,47640,47640,0,False,SCHEDULED,1631912400,HSL:1090_20210917_La_2_1313,90,HSL:1548101,Voimalaitokset
48540,48540,0,48540,48540,0,False,SCHEDULED,1631912400,HSL:1090_20210917_La_2_1328,90,HSL:1548101,Voimalaitokset
49440,49440,0,49440,49440,0,False,SCHEDULED,1631912400,HSL:1090_20210917_La_2_1343,90,HSL:1548101,Voimalaitokset
45960,46015,55,45960,46024,64,True,UPDATED,1631912400,HSL:2202_20210917_La_1_1238,202,HSL:2118206,Majurinkulma
46440,46440,0,46440,46440,0,False,SCHEDULED,1631912400,HSL:2502_20210917_La_2_1248,502,HSL:2118206,Majurinkulma
47640,47640,0,47640,47640,0,False,SCHEDULED,1631912400,HSL:2502_20210917_La_2_1308,502,HSL:2118206,Majurinkulma
47700,47700,0,47700,47700,0,False,SCHEDULED,1631912400,HSL:2202_20210917_La_1_1307,202,HSL:2118206,Majurinkulma
48840,48840,0,48840,48840,0,False,SCHEDULED,1631912400,HSL:2502_20210917_La_2_1328,502,HSL:2118206,Majurinkulma
47040,47071,31,47040,47071,31,True,UPDATED,1631912400,HSL:4736_20210917_La_1_1218,736,HSL:4860252,Täkytie
48840,48840,0,48840,48840,0,False,SCHEDULED,1631912400,HSL:4739_20210917_La_1_1245,739,HSL:4860252,Täkytie
50640,50640,0,50640,50640,0,False,SCHEDULED,1631912400,HSL:4736_20210917_La_1_1318,736,HSL:4860252,Täkytie
52440,52440,0,52440,52440,0,False,SCHEDULED,1631912400,HSL:4739_20210917_La_1_1344,739,HSL:4860252,Täkytie
54240,54240,0,54240,54240,0,False,SCHEDULED,1631912400,HSL:4736_20210917_La_1_1418,736,HSL:4860252,Täkytie
45780,45780,0,45780,45780,0,False,SCHEDULED,1631912400,HSL:1090_20210917_La_2_1243,90,HSL:1548104,Hansaterminaali
46680,46680,0,46680,46680,0,False,SCHEDULED,1631912400,HSL:1090_20210917_La_2_1258,90,HSL:1548104,Hansaterminaali
47580,47580,0,47580,47580,0,False,SCHEDULED,1631912400,HSL:1090_20210917_La_2_1313,90,HSL:1548104,Hansaterminaali
48480,48480,0,48480,48480,0,False,SCHEDULED,1631912400,HSL:1090_20210917_La_2_1328,90,HSL:1548104,Hansaterminaali
49380,49380,0,49380,49380,0,False,SCHEDULED,1631912400,HSL:1090_20210917_La_2_1343,90,HSL:1548104,Hansaterminaali
45360,45429,69,45420,45489,69,True,UPDATED,1631912400,HSL:4739_20210917_La_2_1226,739,HSL:4860257,Karppitie
47160,47160,0,47220,47220,0,False,SCHEDULED,1631912400,HSL:4736_20210917_La_2_1256,736,HSL:4860257,Karppitie
48960,48960,0,49020,49020,0,False,SCHEDULED,1631912400,HSL:4739_20210917_La_2_1326,739,HSL:4860257,Karppitie
50760,50760,0,50820,50820,0,False,SCHEDULED,1631912400,HSL:4736_20210917_La_2_1356,736,HSL:4860257,Karppitie
52560,52560,0,52620,52620,0,False,SCHEDULED,1631912400,HSL:4739_20210917_La_2_1426,739,HSL:4860257,Karppitie
46020,46078,58,46020,46078,58,True,UPDATED,1631912400,HSL:2202_20210917_La_1_1238,202,HSL:2118208,Tarvaspääntie
46440,46440,0,46440,46440,0,False,SCHEDULED,1631912400,HSL:2502_20210917_La_2_1248,502,HSL:2118208,Tarvaspääntie
47640,47640,0,47640,47640,0,False,SCHEDULED,1631912400,HSL:2502_20210917_La_2_1308,502,HSL:2118208,Tarvaspääntie
47760,47760,0,47760,47760,0,False,SCHEDULED,1631912400,HSL:2202_20210917_La_1_1307,202,HSL:2118208,Tarvaspääntie
48840,48840,0,48840,48840,0,False,SCHEDULED,1631912400,HSL:2502_20210917_La_2_1328,502,HSL:2118208,Tarvaspääntie
45360,45404,44,45420,45420,0,True,UPDATED,1631912400,HSL:4739_20210917_La_1_1145,739,HSL:4860256,Karppitie
47160,47191,31,47220,47251,31,True,UPDATED,1631912400,HSL:4736_20210917_La_1_1218,736,HSL:4860256,Karppitie
48960,48960,0,49020,49020,0,False,SCHEDULED,1631912400,HSL:4739_20210917_La_1_1245,739,HSL:4860256,Karppitie
50760,50760,0,50820,50820,0,False,SCHEDULED,1631912400,HSL:4736_20210917_La_1_1318,736,HSL:4860256,Karppitie
52560,52560,0,52620,52620,0,False,SCHEDULED,1631912400,HSL:4739_20210917_La_1_1344,739,HSL:4860256,Karppitie
45960,45960,0,45960,45960,0,True,UPDATED,1631912400,HSL:1064_20210917_La_2_1236,64,HSL:1284152,Oltermannintie
46020,46085,65,46020,46089,69,True,UPDATED,1631912400,HSL:1069_20210917_La_2_1202,69,HSL:1284152,Oltermannintie
47160,47160,0,47160,47160,0,False,SCHEDULED,1631912400,HSL:1064_20210917_La_2_1256,64,HSL:1284152,Oltermannintie
47220,47265,45,47220,47266,46,True,UPDATED,1631912400,HSL:1069_20210917_La_2_1222,69,HSL:1284152,Oltermannintie
48360,48360,0,48360,48360,0,False,SCHEDULED,1631912400,HSL:1064_20210917_La_2_1316,64,HSL:1284152,Oltermannintie
46380,46398,18,46380,46409,29,True,UPDATED,1631912400,HSL:1064_20210917_La_1_1232,64,HSL:1284151,Oltermannintie
46260,46524,264,46260,46535,275,True,UPDATED,1631912400,HSL:1069_20210917_La_1_1222,69,HSL:1284151,Oltermannintie
47460,47460,0,47460,47460,0,False,SCHEDULED,1631912400,HSL:1069_20210917_La_1_1242,69,HSL:1284151,Oltermannintie
47580,47580,0,47580,47580,0,False,SCHEDULED,1631912400,HSL:1064_20210917_La_1_1252,64,HSL:1284151,Oltermannintie
48660,48660,0,48660,48660,0,False,SCHEDULED,1631912400,HSL:1069_20210917_La_1_1302,69,HSL:1284151,Oltermannintie
45960,45960,0,45960,45960,0,True,UPDATED,1631912400,HSL:1064_20210917_La_2_1236,64,HSL:1284154,Kylävoudintie
46020,46065,45,46020,46085,65,True,UPDATED,1631912400,HSL:1069_20210917_La_2_1202,69,HSL:1284154,Kylävoudintie
47160,47160,0,47160,47160,0,False,SCHEDULED,1631912400,HSL:1064_20210917_La_2_1256,64,HSL:1284154,Kylävoudintie
47220,47255,35,47220,47265,45,True,UPDATED,1631912400,HSL:1069_20210917_La_2_1222,69,HSL:1284154,Kylävoudintie
48360,48360,0,48360,48360,0,False,SCHEDULED,1631912400,HSL:1064_20210917_La_2_1316,64,HSL:1284154,Kylävoudintie
46320,46334,14,46320,46352,32,True,UPDATED,1631912400,HSL:1064_20210917_La_1_1232,64,HSL:1284153,Käpylän asema
47520,47520,0,47520,47520,0,False,SCHEDULED,1631912400,HSL:1064_20210917_La_1_1252,64,HSL:1284153,Käpylän asema
48780,48780,0,48780,48780,0,False,SCHEDULED,1631912400,HSL:1064_20210917_La_1_1312,64,HSL:1284153,Käpylän asema
49980,49980,0,49980,49980,0,False,SCHEDULED,1631912400,HSL:1064_20210917_La_1_1332,64,HSL:1284153,Käpylän asema
51180,51180,0,51180,51180,0,False,SCHEDULED,1631912400,HSL:1064_20210917_La_1_1352,64,HSL:1284153,Käpylän asema
45900,45900,0,45900,45900,0,True,UPDATED,1631912400,HSL:1064_20210917_La_2_1236,64,HSL:1284156,Paturintie
45960,46065,105,45960,46065,105,True,UPDATED,1631912400,HSL:1069_20210917_La_2_1202,69,HSL:1284156,Paturintie
47100,47100,0,47100,47100,0,False,SCHEDULED,1631912400,HSL:1064_20210917_La_2_1256,64,HSL:1284156,Paturintie
47160,47215,55,47160,47235,75,True,UPDATED,1631912400,HSL:1069_20210917_La_2_1222,69,HSL:1284156,Paturintie
48300,48300,0,48300,48300,0,False,SCHEDULED,1631912400,HSL:1064_20210917_La_2_1316,64,HSL:1284156,Paturintie
45300,45354,54,45300,45366,66,True,UPDATED,1631912400,HSL:1064_20210917_La_1_1212,64,HSL:1284155,Paturintie
46500,46565,65,46500,46580,80,True,UPDATED,1631912400,HSL:1064_20210917_La_1_1232,64,HSL:1284155,Paturintie
46380,46688,308,46380,46688,308,True,UPDATED,1631912400,HSL:1069_20210917_La_1_1222,69,HSL:1284155,Paturintie
47580,47580,0,47580,47580,0,False,SCHEDULED,1631912400,HSL:1069_20210917_La_1_1242,69,HSL:1284155,Paturintie
47700,47700,0,47700,47700,0,False,SCHEDULED,1631912400,HSL:1064_20210917_La_1_1252,64,HSL:1284155,Paturintie
45540,45631,91,45540,45665,125,True,UPDATED,1631912400,HSL:1064_20210917_La_1_1212,64,HSL:1284158,Siltavoudinkuja
46800,46852,52,46800,46865,65,True,UPDATED,1631912400,HSL:1064_20210917_La_1_1232,64,HSL:1284158,Siltavoudinkuja
48000,48000,0,48000,48000,0,False,SCHEDULED,1631912400,HSL:1064_20210917_La_1_1252,64,HSL:1284158,Siltavoudinkuja
49260,49260,0,49260,49260,0,False,SCHEDULED,1631912400,HSL:1064_20210917_La_1_1312,64,HSL:1284158,Siltavoudinkuja
50460,50460,0,50460,50460,0,False,SCHEDULED,1631912400,HSL:1064_20210917_La_1_1332,64,HSL:1284158,Siltavoudinkuja
45540,45611,71,45540,45625,85,True,UPDATED,1631912400,HSL:1064_20210917_La_1_1212,64,HSL:1284157,Patola
46740,46806,66,46740,46815,75,True,UPDATED,1631912400,HSL:1064_20210917_La_1_1232,64,HSL:1284157,Patola
47940,47940,0,47940,47940,0,False,SCHEDULED,1631912400,HSL:1064_20210917_La_1_1252,64,HSL:1284157,Patola
49200,49200,0,49200,49200,0,False,SCHEDULED,1631912400,HSL:1064_20210917_La_1_1312,64,HSL:1284157,Patola
50400,50400,0,50400,50400,0,False,SCHEDULED,1631912400,HSL:1064_20210917_La_1_1332,64,HSL:1284157,Patola
45600,45600,0,45600,45600,0,True,UPDATED,1631912400,HSL:1064_20210917_La_2_1236,64,HSL:1284159,Siltavoudinkuja
46800,46800,0,46800,46800,0,False,SCHEDULED,1631912400,HSL:1064_20210917_La_2_1256,64,HSL:1284159,Siltavoudinkuja
48000,48000,0,48000,48000,0,False,SCHEDULED,1631912400,HSL:1064_20210917_La_2_1316,64,HSL:1284159,Siltavoudinkuja
49200,49200,0,49200,49200,0,False,SCHEDULED,1631912400,HSL:1064_20210917_La_2_1336,64,HSL:1284159,Siltavoudinkuja
50400,50400,0,50400,50400,0,False,SCHEDULED,1631912400,HSL:1064_20210917_La_2_1356,64,HSL:1284159,Siltavoudinkuja
46440,46440,0,46440,46440,0,False,SCHEDULED,1631912400,HSL:2202_20210917_La_2_1239,202,HSL:2118210,Vermontie
48300,48300,0,48300,48300,0,False,SCHEDULED,1631912400,HSL:2202_20210917_La_2_1310,202,HSL:2118210,Vermontie
50040,50040,0,50040,50040,0,False,SCHEDULED,1631912400,HSL:2202_20210917_La_2_1339,202,HSL:2118210,Vermontie
51900,51900,0,51900,51900,0,False,SCHEDULED,1631912400,HSL:2202_20210917_La_2_1410,202,HSL:2118210,Vermontie
53640,53640,0,53640,53640,0,False,SCHEDULED,1631912400,HSL:2202_20210917_La_2_1439,202,HSL:2118210,Vermontie
46080,46138,58,46080,46138,58,True,UPDATED,1631912400,HSL:2202_20210917_La_1_1238,202,HSL:2118212,Kaarlo Sarkian katu
47820,47820,0,47820,47820,0,False,SCHEDULED,1631912400,HSL:2202_20210917_La_1_1307,202,HSL:2118212,Kaarlo Sarkian katu
49680,49680,0,49680,49680,0,False,SCHEDULED,1631912400,HSL:2202_20210917_La_1_1338,202,HSL:2118212,Kaarlo Sarkian katu
51420,51420,0,51420,51420,0,False,SCHEDULED,1631912400,HSL:2202_20210917_La_1_1407,202,HSL:2118212,Kaarlo Sarkian katu
53280,53280,0,53280,53280,0,False,SCHEDULED,1631912400,HSL:2202_20210917_La_1_1438,202,HSL:2118212,Kaarlo Sarkian katu
46500,46500,0,46500,46500,0,False,SCHEDULED,1631912400,HSL:2202_20210917_La_2_1239,202,HSL:2118211,Kaarlo Sarkian katu
48360,48360,0,48360,48360,0,False,SCHEDULED,1631912400,HSL:2202_20210917_La_2_1310,202,HSL:2118211,Kaarlo Sarkian katu
50100,50100,0,50100,50100,0,False,SCHEDULED,1631912400,HSL:2202_20210917_La_2_1339,202,HSL:2118211,Kaarlo Sarkian katu
51960,51960,0,51960,51960,0,False,SCHEDULED,1631912400,HSL:2202_20210917_La_2_1410,202,HSL:2118211,Kaarlo Sarkian katu
53700,53700,0,53700,53700,0,False,SCHEDULED,1631912400,HSL:2202_20210917_La_2_1439,202,HSL:2118211,Kaarlo Sarkian katu
46020,46078,58,46020,46078,58,True,UPDATED,1631912400,HSL:2202_20210917_La_1_1238,202,HSL:2118214,Tarvonsalmenkatu
47760,47760,0,47760,47760,0,False,SCHEDULED,1631912400,HSL:2202_20210917_La_1_1307,202,HSL:2118214,Tarvonsalmenkatu
49620,49620,0,49620,49620,0,False,SCHEDULED,1631912400,HSL:2202_20210917_La_1_1338,202,HSL:2118214,Tarvonsalmenkatu
51360,51360,0,51360,51360,0,False,SCHEDULED,1631912400,HSL:2202_20210917_La_1_1407,202,HSL:2118214,Tarvonsalmenkatu
53220,53220,0,53220,53220,0,False,SCHEDULED,1631912400,HSL:2202_20210917_La_1_1438,202,HSL:2118214,Tarvonsalmenkatu
46560,46560,0,46560,46560,0,False,SCHEDULED,1631912400,HSL:2202_20210917_La_2_1239,202,HSL:2118213,Tarvonsalmenkatu
48420,48420,0,48420,48420,0,False,SCHEDULED,1631912400,HSL:2202_20210917_La_2_1310,202,HSL:2118213,Tarvonsalmenkatu
50160,50160,0,50160,50160,0,False,SCHEDULED,1631912400,HSL:2202_20210917_La_2_1339,202,HSL:2118213,Tarvonsalmenkatu
52020,52020,0,52020,52020,0,False,SCHEDULED,1631912400,HSL:2202_20210917_La_2_1410,202,HSL:2118213,Tarvonsalmenkatu
53760,53760,0,53760,53760,0,False,SCHEDULED,1631912400,HSL:2202_20210917_La_2_1439,202,HSL:2118213,Tarvonsalmenkatu
46500,46500,0,46500,46500,0,False,SCHEDULED,1631912400,HSL:4443_20210917_La_2_1251,443,HSL:4220206,Marstrand
50100,50100,0,50100,50100,0,False,SCHEDULED,1631912400,HSL:4443_20210917_La_2_1351,443,HSL:4220206,Marstrand
53700,53700,0,53700,53700,0,False,SCHEDULED,1631912400,HSL:4443_20210917_La_2_1451,443,HSL:4220206,Marstrand
57300,57300,0,57300,57300,0,False,SCHEDULED,1631912400,HSL:4443_20210917_La_2_1551,443,HSL:4220206,Marstrand
60900,60900,0,60900,60900,0,False,SCHEDULED,1631912400,HSL:4443_20210917_La_2_1651,443,HSL:4220206,Marstrand
46380,46380,0,46380,46380,0,False,SCHEDULED,1631912400,HSL:4434_20210917_La_1_1250,434,HSL:4220208,Ajolenkki
47580,47580,0,47580,47580,0,False,SCHEDULED,1631912400,HSL:4434_20210917_La_1_1310,434,HSL:4220208,Ajolenkki
48780,48780,0,48780,48780,0,False,SCHEDULED,1631912400,HSL:4434_20210917_La_1_1330,434,HSL:4220208,Ajolenkki
49980,49980,0,49980,49980,0,False,SCHEDULED,1631912400,HSL:4434_20210917_La_1_1350,434,HSL:4220208,Ajolenkki
51180,51180,0,51180,51180,0,False,SCHEDULED,1631912400,HSL:4434_20210917_La_1_1410,434,HSL:4220208,Ajolenkki
45540,45604,64,45540,45604,64,True,UPDATED,1631912400,HSL:4443_20210917_La_1_1231,443,HSL:4220203,Marstrand
49140,49140,0,49140,49140,0,False,SCHEDULED,1631912400,HSL:4443_20210917_La_1_1331,443,HSL:4220203,Marstrand
52740,52740,0,52740,52740,0,False,SCHEDULED,1631912400,HSL:4443_20210917_La_1_1431,443,HSL:4220203,Marstrand
56340,56340,0,56340,56340,0,False,SCHEDULED,1631912400,HSL:4443_20210917_La_1_1531,443,HSL:4220203,Marstrand
59940,59940,0,59940,59940,0,False,SCHEDULED,1631912400,HSL:4443_20210917_La_1_1631,443,HSL:4220203,Marstrand
46320,46320,0,46320,46320,0,False,SCHEDULED,1631912400,HSL:7465_20210917_La_2_1245,465,HSL:4220202,Keimola
47340,47340,0,47340,47340,0,False,SCHEDULED,1631912400,HSL:7455A_20210917_La_2_1303,455A,HSL:4220202,Keimola
50340,50340,0,50340,50340,0,False,SCHEDULED,1631912400,HSL:7455A_20210917_La_2_1353,455A,HSL:4220202,Keimola
52920,52920,0,52920,52920,0,False,SCHEDULED,1631912400,HSL:7457_20210917_La_2_1438,457,HSL:4220202,Keimola
53820,53820,0,53820,53820,0,False,SCHEDULED,1631912400,HSL:7465_20210917_La_2_1450,465,HSL:4220202,Keimola
46620,46620,0,46620,46620,0,False,SCHEDULED,1631912400,HSL:4443_20210917_La_2_1251,443,HSL:4220205,Vanha Hämeenlinnant.
50220,50220,0,50220,50220,0,False,SCHEDULED,1631912400,HSL:4443_20210917_La_2_1351,443,HSL:4220205,Vanha Hämeenlinnant.
53820,53820,0,53820,53820,0,False,SCHEDULED,1631912400,HSL:4443_20210917_La_2_1451,443,HSL:4220205,Vanha Hämeenlinnant.
57420,57420,0,57420,57420,0,False,SCHEDULED,1631912400,HSL:4443_20210917_La_2_1551,443,HSL:4220205,Vanha Hämeenlinnant.
61020,61020,0,61020,61020,0,False,SCHEDULED,1631912400,HSL:4443_20210917_La_2_1651,443,HSL:4220205,Vanha Hämeenlinnant.
45420,45440,20,45420,45450,30,True,UPDATED,1631912400,HSL:4443_20210917_La_1_1231,443,HSL:4220204,Vanha Hämeenlinnant.
49020,49020,0,49020,49020,0,False,SCHEDULED,1631912400,HSL:4443_20210917_La_1_1331,443,HSL:4220204,Vanha Hämeenlinnant.
52620,52620,0,52620,52620,0,False,SCHEDULED,1631912400,HSL:4443_20210917_La_1_1431,443,HSL:4220204,Vanha Hämeenlinnant.
56220,56220,0,56220,56220,0,False,SCHEDULED,1631912400,HSL:4443_20210917_La_1_1531,443,HSL:4220204,Vanha Hämeenlinnant.
59820,59820,0,59820,59820,0,False,SCHEDULED,1631912400,HSL:4443_20210917_La_1_1631,443,HSL:4220204,Vanha Hämeenlinnant.
46500,46500,0,46500,46500,0,False,SCHEDULED,1631912400,HSL:7456A_20210917_La_1_1230,456A,HSL:4220201,Keimola
47400,47400,0,47400,47400,0,False,SCHEDULED,1631912400,HSL:7455A_20210917_La_1_1245,455A,HSL:4220201,Keimola
50400,50400,0,50400,50400,0,False,SCHEDULED,1631912400,HSL:7465_20210917_La_1_1335,465,HSL:4220201,Keimola
51600,51600,0,51600,51600,0,False,SCHEDULED,1631912400,HSL:7457A_20210917_La_1_1355,457A,HSL:4220201,Keimola
54600,54600,0,54600,54600,0,False,SCHEDULED,1631912400,HSL:7455_20210917_La_1_1445,455,HSL:4220201,Keimola
45900,45900,0,45900,45900,0,False,SCHEDULED,1631912400,HSL:1055_20210917_La_2_1244,55,HSL:1260180,Antti Korpin tie
46800,46800,0,46800,46800,0,False,SCHEDULED,1631912400,HSL:1055_20210917_La_2_1259,55,HSL:1260180,Antti Korpin tie
47700,47700,0,47700,47700,0,False,SCHEDULED,1631912400,HSL:1055_20210917_La_2_1314,55,HSL:1260180,Antti Korpin tie
48600,48600,0,48600,48600,0,False,SCHEDULED,1631912400,HSL:1055_20210917_La_2_1329,55,HSL:1260180,Antti Korpin tie
49500,49500,0,49500,49500,0,False,SCHEDULED,1631912400,HSL:1055_20210917_La_2_1344,55,HSL:1260180,Antti Korpin tie
44880,45330,450,44940,45344,404,True,UPDATED,1631912400,HSL:1069_20210917_La_2_1142,69,HSL:1284150,Käpylän asema
45540,45540,0,45540,45540,0,False,SCHEDULED,1631912400,HSL:1056_20210917_La_2_1221,56,HSL:1284150,Käpylän asema
46140,46170,30,46140,46170,30,True,UPDATED,1631912400,HSL:1056_20210917_La_2_1231,56,HSL:1284150,Käpylän asema
46080,46141,61,46140,46180,40,True,UPDATED,1631912400,HSL:1069_20210917_La_2_1202,69,HSL:1284150,Käpylän asema
46740,46740,0,46740,46740,0,False,SCHEDULED,1631912400,HSL:1056_20210917_La_2_1241,56,HSL:1284150,Käpylän asema
45900,45861,-39,45900,45861,-39,True,UPDATED,1631912400,HSL:4615_20210917_La_1_1225,615,HSL:1284186,Käskynhaltijantie
46080,46079,-1,46080,46088,8,True,UPDATED,1631912400,HSL:4611_20210917_La_1_1229,611,HSL:1284186,Käskynhaltijantie
46860,46860,0,46860,46860,0,False,SCHEDULED,1631912400,HSL:4614_20210917_La_1_1240,614,HSL:1284186,Käskynhaltijantie
47280,47280,0,47280,47280,0,False,SCHEDULED,1631912400,HSL:4611_20210917_La_1_1249,611,HSL:1284186,Käskynhaltijantie
47700,47700,0,47700,47700,0,False,SCHEDULED,1631912400,HSL:4615_20210917_La_1_1255,615,HSL:1284186,Käskynhaltijantie
45780,45780,0,45780,45780,0,True,UPDATED,1631912400,HSL:1064_20210917_La_2_1236,64,HSL:1284189,Kylänvanhimmantie
45840,45945,105,45840,45945,105,True,UPDATED,1631912400,HSL:1069_20210917_La_2_1202,69,HSL:1284189,Kylänvanhimmantie
46980,46980,0,46980,46980,0,False,SCHEDULED,1631912400,HSL:1064_20210917_La_2_1256,64,HSL:1284189,Kylänvanhimmantie
47040,47115,75,47040,47115,75,True,UPDATED,1631912400,HSL:1069_20210917_La_2_1222,69,HSL:1284189,Kylänvanhimmantie
48180,48180,0,48180,48180,0,False,SCHEDULED,1631912400,HSL:1064_20210917_La_2_1316,64,HSL:1284189,Kylänvanhimmantie
45360,45424,64,45360,45424,64,True,UPDATED,1631912400,HSL:1064_20210917_La_1_1212,64,HSL:1284188,Kylänvanhimmantie
46560,46625,65,46560,46646,86,True,UPDATED,1631912400,HSL:1064_20210917_La_1_1232,64,HSL:1284188,Kylänvanhimmantie
46440,46748,308,46440,46748,308,True,UPDATED,1631912400,HSL:1069_20210917_La_1_1222,69,HSL:1284188,Kylänvanhimmantie
47640,47640,0,47640,47640,0,False,SCHEDULED,1631912400,HSL:1069_20210917_La_1_1242,69,HSL:1284188,Kylänvanhimmantie
47760,47760,0,47760,47760,0,False,SCHEDULED,1631912400,HSL:1064_20210917_La_1_1252,64,HSL:1284188,Kylänvanhimmantie
45960,45908,-52,45960,45908,-52,True,UPDATED,1631912400,HSL:2214_20210917_La_1_1231,214,HSL:2143205,Veininkatu
47760,47760,0,47760,47760,0,False,SCHEDULED,1631912400,HSL:2214_20210917_La_1_1301,214,HSL:2143205,Veininkatu
49560,49560,0,49560,49560,0,False,SCHEDULED,1631912400,HSL:2214_20210917_La_1_1331,214,HSL:2143205,Veininkatu
51360,51360,0,51360,51360,0,False,SCHEDULED,1631912400,HSL:2214_20210917_La_1_1401,214,HSL:2143205,Veininkatu
53160,53160,0,53160,53160,0,False,SCHEDULED,1631912400,HSL:2214_20210917_La_1_1431,214,HSL:2143205,Veininkatu
45780,45849,69,45780,45849,69,True,UPDATED,1631912400,HSL:4739_20210917_La_2_1226,739,HSL:4860231,Sinisiiventie
47400,47318,-82,47400,47318,-82,True,UPDATED,1631912400,HSL:9788K_20210917_La_2_1225,788K,HSL:4860231,Sinisiiventie
47580,47580,0,47580,47580,0,False,SCHEDULED,1631912400,HSL:4736_20210917_La_2_1256,736,HSL:4860231,Sinisiiventie
49380,49380,0,49380,49380,0,False,SCHEDULED,1631912400,HSL:4739_20210917_La_2_1326,739,HSL:4860231,Sinisiiventie
51180,51180,0,51180,51180,0,False,SCHEDULED,1631912400,HSL:4736_20210917_La_2_1356,736,HSL:4860231,Sinisiiventie
46800,46831,31,46800,46831,31,True,UPDATED,1631912400,HSL:4736_20210917_La_1_1218,736,HSL:4860232,Sinisiiventie
48600,48600,0,48600,48600,0,False,SCHEDULED,1631912400,HSL:4739_20210917_La_1_1245,739,HSL:4860232,Sinisiiventie
50400,50400,0,50400,50400,0,False,SCHEDULED,1631912400,HSL:4736_20210917_La_1_1318,736,HSL:4860232,Sinisiiventie
52200,52200,0,52200,52200,0,False,SCHEDULED,1631912400,HSL:4739_20210917_La_1_1344,739,HSL:4860232,Sinisiiventie
53340,53340,0,53340,53340,0,False,SCHEDULED,1631912400,HSL:9787K_20210917_La_1_1410,787K,HSL:4860232,Sinisiiventie
46140,46140,0,46140,46140,0,True,UPDATED,1631912400,HSL:2215_20210917_La_1_1236,215,HSL:2143204,Ylänkötie
47040,47040,0,47040,47040,0,False,SCHEDULED,1631912400,HSL:2214_20210917_La_2_1300,214,HSL:2143204,Ylänkötie
47340,47340,0,47340,47340,0,False,SCHEDULED,1631912400,HSL:2215_20210917_La_1_1256,215,HSL:2143204,Ylänkötie
48540,48540,0,48540,48540,0,False,SCHEDULED,1631912400,HSL:2215_20210917_La_1_1316,215,HSL:2143204,Ylänkötie
48840,48840,0,48840,48840,0,False,SCHEDULED,1631912400,HSL:2214_20210917_La_2_1330,214,HSL:2143204,Ylänkötie
46860,46891,31,46860,46891,31,True,UPDATED,1631912400,HSL:4736_20210917_La_1_1218,736,HSL:4860230,Lukkitie
48660,48660,0,48660,48660,0,False,SCHEDULED,1631912400,HSL:4739_20210917_La_1_1245,739,HSL:4860230,Lukkitie
50460,50460,0,50460,50460,0,False,SCHEDULED,1631912400,HSL:4736_20210917_La_1_1318,736,HSL:4860230,Lukkitie
52260,52260,0,52260,52260,0,False,SCHEDULED,1631912400,HSL:4739_20210917_La_1_1344,739,HSL:4860230,Lukkitie
53340,53340,0,53340,53340,0,False,SCHEDULED,1631912400,HSL:9787K_20210917_La_1_1410,787K,HSL:4860230,Lukkitie
45480,45527,47,45480,45527,47,True,UPDATED,1631912400,HSL:4739_20210917_La_1_1145,739,HSL:4860235,Pitkäsiima
47280,47311,31,47280,47311,31,True,UPDATED,1631912400,HSL:4736_20210917_La_1_1218,736,HSL:4860235,Pitkäsiima
49080,49080,0,49080,49080,0,False,SCHEDULED,1631912400,HSL:4739_20210917_La_1_1245,739,HSL:4860235,Pitkäsiima
50880,50880,0,50880,50880,0,False,SCHEDULED,1631912400,HSL:4736_20210917_La_1_1318,736,HSL:4860235,Pitkäsiima
52680,52680,0,52680,52680,0,False,SCHEDULED,1631912400,HSL:4739_20210917_La_1_1344,739,HSL:4860235,Pitkäsiima
45000,45300,300,45000,45330,330,True,UPDATED,1631912400,HSL:3001I_20210917_La_1_1136,I,HSL:1172553,Ilmala
45300,45318,18,45300,45348,48,True,UPDATED,1631912400,HSL:3002A_20210917_La_2_1226,A,HSL:1172553,Ilmala
45600,45645,45,45600,45675,75,True,UPDATED,1631912400,HSL:3001I_20210917_La_1_1146,I,HSL:1172553,Ilmala
46200,46246,46,46200,46276,76,True,UPDATED,1631912400,HSL:3001I_20210917_La_1_1156,I,HSL:1172553,Ilmala
46800,46923,123,46800,46953,153,True,UPDATED,1631912400,HSL:3001I_20210917_La_1_1206,I,HSL:1172553,Ilmala
45780,45849,69,45780,45849,69,True,UPDATED,1631912400,HSL:4739_20210917_La_2_1226,739,HSL:4860233,Mehiläisentie
47460,47373,-87,47460,47388,-72,True,UPDATED,1631912400,HSL:9788K_20210917_La_2_1225,788K,HSL:4860233,Mehiläisentie
47580,47580,0,47580,47580,0,False,SCHEDULED,1631912400,HSL:4736_20210917_La_2_1256,736,HSL:4860233,Mehiläisentie
49380,49380,0,49380,49380,0,False,SCHEDULED,1631912400,HSL:4739_20210917_La_2_1326,739,HSL:4860233,Mehiläisentie
51180,51180,0,51180,51180,0,False,SCHEDULED,1631912400,HSL:4736_20210917_La_2_1356,736,HSL:4860233,Mehiläisentie
46680,46711,31,46740,46771,31,True,UPDATED,1631912400,HSL:4736_20210917_La_1_1218,736,HSL:4860234,Mehiläisentie
48480,48480,0,48540,48540,0,False,SCHEDULED,1631912400,HSL:4739_20210917_La_1_1245,739,HSL:4860234,Mehiläisentie
50280,50280,0,50340,50340,0,False,SCHEDULED,1631912400,HSL:4736_20210917_La_1_1318,736,HSL:4860234,Mehiläisentie
52080,52080,0,52140,52140,0,False,SCHEDULED,1631912400,HSL:4739_20210917_La_1_1344,739,HSL:4860234,Mehiläisentie
53280,53280,0,53280,53280,0,False,SCHEDULED,1631912400,HSL:9787K_20210917_La_1_1410,787K,HSL:4860234,Mehiläisentie
45540,45536,-4,45540,45609,69,True,UPDATED,1631912400,HSL:4739_20210917_La_1_1145,739,HSL:4860239,Jokitie
47340,47371,31,47340,47371,31,True,UPDATED,1631912400,HSL:4736_20210917_La_1_1218,736,HSL:4860239,Jokitie
49140,49140,0,49140,49140,0,False,SCHEDULED,1631912400,HSL:4739_20210917_La_1_1245,739,HSL:4860239,Jokitie
50940,50940,0,50940,50940,0,False,SCHEDULED,1631912400,HSL:4736_20210917_La_1_1318,736,HSL:4860239,Jokitie
52740,52740,0,52740,52740,0,False,SCHEDULED,1631912400,HSL:4739_20210917_La_1_1344,739,HSL:4860239,Jokitie
45600,45669,69,45600,45669,69,True,UPDATED,1631912400,HSL:4739_20210917_La_2_1226,739,HSL:4860237,Perhotie
47400,47400,0,47400,47400,0,False,SCHEDULED,1631912400,HSL:4736_20210917_La_2_1256,736,HSL:4860237,Perhotie
49200,49200,0,49200,49200,0,False,SCHEDULED,1631912400,HSL:4739_20210917_La_2_1326,739,HSL:4860237,Perhotie
51000,51000,0,51000,51000,0,False,SCHEDULED,1631912400,HSL:4736_20210917_La_2_1356,736,HSL:4860237,Perhotie
52800,52800,0,52800,52800,0,False,SCHEDULED,1631912400,HSL:4739_20210917_La_2_1426,739,HSL:4860237,Perhotie
47040,47040,0,47040,47040,0,False,SCHEDULED,1631912400,HSL:4736_20210917_La_2_1256,736,HSL:4860238,Jokitie
48840,48840,0,48840,48840,0,False,SCHEDULED,1631912400,HSL:4739_20210917_La_2_1326,739,HSL:4860238,Jokitie
50640,50640,0,50640,50640,0,False,SCHEDULED,1631912400,HSL:4736_20210917_La_2_1356,736,HSL:4860238,Jokitie
52440,52440,0,52440,52440,0,False,SCHEDULED,1631912400,HSL:4739_20210917_La_2_1426,739,HSL:4860238,Jokitie
54240,54240,0,54240,54240,0,False,SCHEDULED,1631912400,HSL:4736_20210917_La_2_1456,736,HSL:4860238,Jokitie
45900,45900,0,45900,45900,0,False,SCHEDULED,1631912400,HSL:2548_20210917_La_2_1245,548,HSL:2143201,Jupperi
45900,45872,-28,45900,45936,36,True,UPDATED,1631912400,HSL:2548_20210917_La_1_1213,548,HSL:2143201,Jupperi
46800,46800,0,46800,46800,0,False,SCHEDULED,1631912400,HSL:2548_20210917_La_2_1300,548,HSL:2143201,Jupperi
46800,46793,-7,46800,46836,36,True,UPDATED,1631912400,HSL:2548_20210917_La_1_1228,548,HSL:2143201,Jupperi
47700,47700,0,47700,47700,0,False,SCHEDULED,1631912400,HSL:2548_20210917_La_2_1315,548,HSL:2143201,Jupperi
45900,45860,-40,45900,45860,-40,True,UPDATED,1631912400,HSL:2214_20210917_La_1_1231,214,HSL:2143203,Äraportti
47700,47700,0,47700,47700,0,False,SCHEDULED,1631912400,HSL:2214_20210917_La_1_1301,214,HSL:2143203,Äraportti
49500,49500,0,49500,49500,0,False,SCHEDULED,1631912400,HSL:2214_20210917_La_1_1331,214,HSL:2143203,Äraportti
51300,51300,0,51300,51300,0,False,SCHEDULED,1631912400,HSL:2214_20210917_La_1_1401,214,HSL:2143203,Äraportti
53100,53100,0,53100,53100,0,False,SCHEDULED,1631912400,HSL:2214_20210917_La_1_1431,214,HSL:2143203,Äraportti
45240,45287,47,45240,45314,74,True,UPDATED,1631912400,HSL:1064_20210917_La_1_1212,64,HSL:1284182,Kylävoudintie
46440,46493,53,46440,46515,75,True,UPDATED,1631912400,HSL:1064_20210917_La_1_1232,64,HSL:1284182,Kylävoudintie
46320,46583,263,46320,46596,276,True,UPDATED,1631912400,HSL:1069_20210917_La_1_1222,69,HSL:1284182,Kylävoudintie
47520,47520,0,47520,47520,0,False,SCHEDULED,1631912400,HSL:1069_20210917_La_1_1242,69,HSL:1284182,Kylävoudintie
47640,47640,0,47640,47640,0,False,SCHEDULED,1631912400,HSL:1064_20210917_La_1_1252,64,HSL:1284182,Kylävoudintie
46140,46140,0,46140,46140,0,False,SCHEDULED,1631912400,HSL:2215_20210917_La_2_1241,215,HSL:2143202,Jupperinympyrä
47340,47340,0,47340,47340,0,False,SCHEDULED,1631912400,HSL:2215_20210917_La_2_1301,215,HSL:2143202,Jupperinympyrä
48540,48540,0,48540,48540,0,False,SCHEDULED,1631912400,HSL:2215_20210917_La_2_1321,215,HSL:2143202,Jupperinympyrä
49740,49740,0,49740,49740,0,False,SCHEDULED,1631912400,HSL:2215_20210917_La_2_1341,215,HSL:2143202,Jupperinympyrä
50940,50940,0,50940,50940,0,False,SCHEDULED,1631912400,HSL:2215_20210917_La_2_1401,215,HSL:2143202,Jupperinympyrä
45720,45694,-26,45720,45703,-17,True,UPDATED,1631912400,HSL:1069_20210917_La_2_1202,69,HSL:1284174,Mikkolantie
45720,45894,174,45720,45894,174,True,UPDATED,1631912400,HSL:2553K_20210917_La_1_1209,553K,HSL:1284174,Mikkolantie
46080,46104,24,46080,46106,26,True,UPDATED,1631912400,HSL:1061_20210917_La_2_1231,61,HSL:1284174,Mikkolantie
46920,46912,-8,46920,46930,10,True,UPDATED,1631912400,HSL:2553K_20210917_La_1_1229,553K,HSL:1284174,Mikkolantie
46920,46908,-12,46920,46931,11,True,UPDATED,1631912400,HSL:1069_20210917_La_2_1222,69,HSL:1284174,Mikkolantie
45360,45404,44,45360,45404,44,True,UPDATED,1631912400,HSL:1069_20210917_La_1_1203,69,HSL:1284175,Mikkolantie
46140,46065,-75,46140,46112,-28,True,UPDATED,1631912400,HSL:1061_20210917_La_1_1222,61,HSL:1284175,Mikkolantie
46320,46415,95,46320,46415,95,True,UPDATED,1631912400,HSL:2553K_20210917_La_2_1223,553K,HSL:1284175,Mikkolantie
46560,46947,387,46560,46961,401,True,UPDATED,1631912400,HSL:1069_20210917_La_1_1222,69,HSL:1284175,Mikkolantie
47340,47340,0,47340,47340,0,False,SCHEDULED,1631912400,HSL:1061_20210917_La_1_1242,61,HSL:1284175,Mikkolantie
45660,45659,-1,45660,45666,6,True,UPDATED,1631912400,HSL:1069_20210917_La_2_1202,69,HSL:1284178,Oulunkylän rantap.
45660,45855,195,45660,45855,195,True,UPDATED,1631912400,HSL:2553K_20210917_La_1_1209,553K,HSL:1284178,Oulunkylän rantap.
46080,46098,18,46080,46104,24,True,UPDATED,1631912400,HSL:1061_20210917_La_2_1231,61,HSL:1284178,Oulunkylän rantap.
46860,46834,-26,46860,46842,-18,True,UPDATED,1631912400,HSL:1069_20210917_La_2_1222,69,HSL:1284178,Oulunkylän rantap.
46860,46866,6,46860,46882,22,True,UPDATED,1631912400,HSL:2553K_20210917_La_1_1229,553K,HSL:1284178,Oulunkylän rantap.
45900,45900,0,45900,45900,0,False,SCHEDULED,1631912400,HSL:3002E_20210917_La_2_1235,E,HSL:3010551,Kauniainen
46740,46740,0,46740,46740,0,False,SCHEDULED,1631912400,HSL:3002U_20210917_La_2_1237,U,HSL:3010551,Kauniainen
47700,47700,0,47700,47700,0,False,SCHEDULED,1631912400,HSL:3002E_20210917_La_2_1305,E,HSL:3010551,Kauniainen
48540,48540,0,48540,48540,0,False,SCHEDULED,1631912400,HSL:3002U_20210917_La_2_1307,U,HSL:3010551,Kauniainen
49500,49500,0,49500,49500,0,False,SCHEDULED,1631912400,HSL:3002E_20210917_La_2_1335,E,HSL:3010551,Kauniainen
45360,45404,44,45360,45404,44,True,UPDATED,1631912400,HSL:1069_20210917_La_1_1203,69,HSL:1284172,Patola
46080,46016,-64,46080,46065,-15,True,UPDATED,1631912400,HSL:1061_20210917_La_1_1222,61,HSL:1284172,Patola
46260,46369,109,46260,46369,109,True,UPDATED,1631912400,HSL:2553K_20210917_La_2_1223,553K,HSL:1284172,Patola
46560,46862,302,46560,46871,311,True,UPDATED,1631912400,HSL:1069_20210917_La_1_1222,69,HSL:1284172,Patola
47280,47280,0,47280,47280,0,False,SCHEDULED,1631912400,HSL:1061_20210917_La_1_1242,61,HSL:1284172,Patola
46320,46320,0,46320,46320,0,False,SCHEDULED,1631912400,HSL:1086_20210917_La_1_1241,86,HSL:1495150,Kutteritie
47520,47520,0,47520,47520,0,False,SCHEDULED,1631912400,HSL:1086_20210917_La_1_1301,86,HSL:1495150,Kutteritie
48720,48720,0,48720,48720,0,False,SCHEDULED,1631912400,HSL:1086_20210917_La_1_1321,86,HSL:1495150,Kutteritie
49920,49920,0,49920,49920,0,False,SCHEDULED,1631912400,HSL:1086_20210917_La_1_1341,86,HSL:1495150,Kutteritie
51120,51120,0,51120,51120,0,False,SCHEDULED,1631912400,HSL:1086_20210917_La_1_1401,86,HSL:1495150,Kutteritie
46440,46440,0,46440,46440,0,False,SCHEDULED,1631912400,HSL:1086_20210917_La_1_1241,86,HSL:1495152,Hevossalmentie
47640,47640,0,47640,47640,0,False,SCHEDULED,1631912400,HSL:1086_20210917_La_1_1301,86,HSL:1495152,Hevossalmentie
48840,48840,0,48840,48840,0,False,SCHEDULED,1631912400,HSL:1086_20210917_La_1_1321,86,HSL:1495152,Hevossalmentie
50040,50040,0,50040,50040,0,False,SCHEDULED,1631912400,HSL:1086_20210917_La_1_1341,86,HSL:1495152,Hevossalmentie
51240,51240,0,51240,51240,0,False,SCHEDULED,1631912400,HSL:1086_20210917_La_1_1401,86,HSL:1495152,Hevossalmentie
46200,46200,0,46200,46200,0,False,SCHEDULED,1631912400,HSL:1086_20210917_La_2_1244,86,HSL:1495151,Kutteritie
47400,47400,0,47400,47400,0,False,SCHEDULED,1631912400,HSL:1086_20210917_La_2_1304,86,HSL:1495151,Kutteritie
48600,48600,0,48600,48600,0,False,SCHEDULED,1631912400,HSL:1086_20210917_La_2_1324,86,HSL:1495151,Kutteritie
49800,49800,0,49800,49800,0,False,SCHEDULED,1631912400,HSL:1086_20210917_La_2_1344,86,HSL:1495151,Kutteritie
51000,51000,0,51000,51000,0,False,SCHEDULED,1631912400,HSL:1086_20210917_La_2_1404,86,HSL:1495151,Kutteritie
45420,45429,9,45420,45442,22,True,UPDATED,1631912400,HSL:4332_20210917_La_1_1217,332,HSL:1464123,Marttila
46020,46095,75,46020,46106,86,True,UPDATED,1631912400,HSL:1037_20210917_La_1_1224,37,HSL:1464123,Marttila
46080,46142,62,46080,46154,74,True,UPDATED,1631912400,HSL:2321_20210917_La_1_1229,321,HSL:1464123,Marttila
46860,46860,0,46860,46860,0,False,SCHEDULED,1631912400,HSL:4322_20210917_La_1_1241,322,HSL:1464123,Marttila
47220,47220,0,47220,47220,0,False,SCHEDULED,1631912400,HSL:1037_20210917_La_1_1244,37,HSL:1464123,Marttila
47040,47040,0,47040,47040,0,False,SCHEDULED,1631912400,HSL:4736_20210917_La_2_1256,736,HSL:4860211,Lahnatie
48840,48840,0,48840,48840,0,False,SCHEDULED,1631912400,HSL:4739_20210917_La_2_1326,739,HSL:4860211,Lahnatie
50640,50640,0,50640,50640,0,False,SCHEDULED,1631912400,HSL:4736_20210917_La_2_1356,736,HSL:4860211,Lahnatie
52440,52440,0,52440,52440,0,False,SCHEDULED,1631912400,HSL:4739_20210917_La_2_1426,739,HSL:4860211,Lahnatie
54240,54240,0,54240,54240,0,False,SCHEDULED,1631912400,HSL:4736_20210917_La_2_1456,736,HSL:4860211,Lahnatie
46500,46500,0,46500,46500,0,False,SCHEDULED,1631912400,HSL:1086_20210917_La_1_1241,86,HSL:1495154,Hevossalmi
47700,47700,0,47700,47700,0,False,SCHEDULED,1631912400,HSL:1086_20210917_La_1_1301,86,HSL:1495154,Hevossalmi
48900,48900,0,48900,48900,0,False,SCHEDULED,1631912400,HSL:1086_20210917_La_1_1321,86,HSL:1495154,Hevossalmi
50100,50100,0,50100,50100,0,False,SCHEDULED,1631912400,HSL:1086_20210917_La_1_1341,86,HSL:1495154,Hevossalmi
51300,51300,0,51300,51300,0,False,SCHEDULED,1631912400,HSL:1086_20210917_La_1_1401,86,HSL:1495154,Hevossalmi
45300,45367,67,45300,45372,72,True,UPDATED,1631912400,HSL:4739_20210917_La_2_1226,739,HSL:4860217,Haukitie
47100,47100,0,47100,47100,0,False,SCHEDULED,1631912400,HSL:4736_20210917_La_2_1256,736,HSL:4860217,Haukitie
48900,48900,0,48900,48900,0,False,SCHEDULED,1631912400,HSL:4739_20210917_La_2_1326,739,HSL:4860217,Haukitie
50700,50700,0,50700,50700,0,False,SCHEDULED,1631912400,HSL:4736_20210917_La_2_1356,736,HSL:4860217,Haukitie
52500,52500,0,52500,52500,0,False,SCHEDULED,1631912400,HSL:4739_20210917_La_2_1426,739,HSL:4860217,Haukitie
46620,46620,0,46620,46620,0,False,SCHEDULED,1631912400,HSL:4443_20210917_La_2_1251,443,HSL:4220232,Sandbacka
50220,50220,0,50220,50220,0,False,SCHEDULED,1631912400,HSL:4443_20210917_La_2_1351,443,HSL:4220232,Sandbacka
53820,53820,0,53820,53820,0,False,SCHEDULED,1631912400,HSL:4443_20210917_La_2_1451,443,HSL:4220232,Sandbacka
57420,57420,0,57420,57420,0,False,SCHEDULED,1631912400,HSL:4443_20210917_La_2_1551,443,HSL:4220232,Sandbacka
61020,61020,0,61020,61020,0,False,SCHEDULED,1631912400,HSL:4443_20210917_La_2_1651,443,HSL:4220232,Sandbacka
46140,46140,0,46140,46140,0,False,SCHEDULED,1631912400,HSL:1086_20210917_La_2_1244,86,HSL:1495153,Hevossalmentie
47340,47340,0,47340,47340,0,False,SCHEDULED,1631912400,HSL:1086_20210917_La_2_1304,86,HSL:1495153,Hevossalmentie
48540,48540,0,48540,48540,0,False,SCHEDULED,1631912400,HSL:1086_20210917_La_2_1324,86,HSL:1495153,Hevossalmentie
49740,49740,0,49740,49740,0,False,SCHEDULED,1631912400,HSL:1086_20210917_La_2_1344,86,HSL:1495153,Hevossalmentie
50940,50940,0,50940,50940,0,False,SCHEDULED,1631912400,HSL:1086_20210917_La_2_1404,86,HSL:1495153,Hevossalmentie
45480,45476,-4,45480,45527,47,True,UPDATED,1631912400,HSL:4739_20210917_La_1_1145,739,HSL:4860218,Haukitie
47280,47311,31,47280,47311,31,True,UPDATED,1631912400,HSL:4736_20210917_La_1_1218,736,HSL:4860218,Haukitie
49080,49080,0,49080,49080,0,False,SCHEDULED,1631912400,HSL:4739_20210917_La_1_1245,739,HSL:4860218,Haukitie
50880,50880,0,50880,50880,0,False,SCHEDULED,1631912400,HSL:4736_20210917_La_1_1318,736,HSL:4860218,Haukitie
52680,52680,0,52680,52680,0,False,SCHEDULED,1631912400,HSL:4739_20210917_La_1_1344,739,HSL:4860218,Haukitie
45720,45244,-476,45720,45720,0,True,UPDATED,1631912400,HSL:4434_20210917_La_2_1242,434,HSL:4220231,Varikkopolku
46440,46440,0,46440,46440,0,False,SCHEDULED,1631912400,HSL:4434_20210917_La_1_1250,434,HSL:4220231,Varikkopolku
46920,46920,0,46920,46920,0,False,SCHEDULED,1631912400,HSL:4434_20210917_La_2_1302,434,HSL:4220231,Varikkopolku
47640,47640,0,47640,47640,0,False,SCHEDULED,1631912400,HSL:4434_20210917_La_1_1310,434,HSL:4220231,Varikkopolku
48120,48120,0,48120,48120,0,False,SCHEDULED,1631912400,HSL:4434_20210917_La_2_1322,434,HSL:4220231,Varikkopolku
46080,46080,0,46080,46080,0,False,SCHEDULED,1631912400,HSL:1086_20210917_La_2_1244,86,HSL:1495155,Hevossalmi
47280,47280,0,47280,47280,0,False,SCHEDULED,1631912400,HSL:1086_20210917_La_2_1304,86,HSL:1495155,Hevossalmi
48480,48480,0,48480,48480,0,False,SCHEDULED,1631912400,HSL:1086_20210917_La_2_1324,86,HSL:1495155,Hevossalmi
49680,49680,0,49680,49680,0,False,SCHEDULED,1631912400,HSL:1086_20210917_La_2_1344,86,HSL:1495155,Hevossalmi
50880,50880,0,50880,50880,0,False,SCHEDULED,1631912400,HSL:1086_20210917_La_2_1404,86,HSL:1495155,Hevossalmi
45420,45482,62,45420,45486,66,True,UPDATED,1631912400,HSL:4443_20210917_La_1_1231,443,HSL:4220233,Sandbacka
49020,49020,0,49020,49020,0,False,SCHEDULED,1631912400,HSL:4443_20210917_La_1_1331,443,HSL:4220233,Sandbacka
52620,52620,0,52620,52620,0,False,SCHEDULED,1631912400,HSL:4443_20210917_La_1_1431,443,HSL:4220233,Sandbacka
56220,56220,0,56220,56220,0,False,SCHEDULED,1631912400,HSL:4443_20210917_La_1_1531,443,HSL:4220233,Sandbacka
59820,59820,0,59820,59820,0,False,SCHEDULED,1631912400,HSL:4443_20210917_La_1_1631,443,HSL:4220233,Sandbacka
46380,46380,0,46380,46380,0,False,SCHEDULED,1631912400,HSL:1086_20210917_La_1_1241,86,HSL:1495157,Suomensuontie
47580,47580,0,47580,47580,0,False,SCHEDULED,1631912400,HSL:1086_20210917_La_1_1301,86,HSL:1495157,Suomensuontie
48780,48780,0,48780,48780,0,False,SCHEDULED,1631912400,HSL:1086_20210917_La_1_1321,86,HSL:1495157,Suomensuontie
49980,49980,0,49980,49980,0,False,SCHEDULED,1631912400,HSL:1086_20210917_La_1_1341,86,HSL:1495157,Suomensuontie
51180,51180,0,51180,51180,0,False,SCHEDULED,1631912400,HSL:1086_20210917_La_1_1401,86,HSL:1495157,Suomensuontie
45780,45780,0,45780,45780,0,True,UPDATED,1631912400,HSL:4434_20210917_La_2_1242,434,HSL:4220230,Ajolenkki
46980,46980,0,46980,46980,0,False,SCHEDULED,1631912400,HSL:4434_20210917_La_2_1302,434,HSL:4220230,Ajolenkki
48180,48180,0,48180,48180,0,False,SCHEDULED,1631912400,HSL:4434_20210917_La_2_1322,434,HSL:4220230,Ajolenkki
49380,49380,0,49380,49380,0,False,SCHEDULED,1631912400,HSL:4434_20210917_La_2_1342,434,HSL:4220230,Ajolenkki
50580,50580,0,50580,50580,0,False,SCHEDULED,1631912400,HSL:4434_20210917_La_2_1402,434,HSL:4220230,Ajolenkki
46500,46500,0,46500,46500,0,False,SCHEDULED,1631912400,HSL:1097V_20210917_La_2_1240,97V,HSL:1452144,Puotilan ostoskeskus
48300,48300,0,48300,48300,0,False,SCHEDULED,1631912400,HSL:1097V_20210917_La_2_1310,97V,HSL:1452144,Puotilan ostoskeskus
50100,50100,0,50100,50100,0,False,SCHEDULED,1631912400,HSL:1097V_20210917_La_2_1340,97V,HSL:1452144,Puotilan ostoskeskus
51900,51900,0,51900,51900,0,False,SCHEDULED,1631912400,HSL:1097V_20210917_La_2_1410,97V,HSL:1452144,Puotilan ostoskeskus
53700,53700,0,53700,53700,0,False,SCHEDULED,1631912400,HSL:1097V_20210917_La_2_1440,97V,HSL:1452144,Puotilan ostoskeskus
45360,45419,59,45360,45422,62,True,UPDATED,1631912400,HSL:4739_20210917_La_2_1226,739,HSL:4860219,Ahventie
47160,47160,0,47160,47160,0,False,SCHEDULED,1631912400,HSL:4736_20210917_La_2_1256,736,HSL:4860219,Ahventie
48960,48960,0,48960,48960,0,False,SCHEDULED,1631912400,HSL:4739_20210917_La_2_1326,739,HSL:4860219,Ahventie
50760,50760,0,50760,50760,0,False,SCHEDULED,1631912400,HSL:4736_20210917_La_2_1356,736,HSL:4860219,Ahventie
52560,52560,0,52560,52560,0,False,SCHEDULED,1631912400,HSL:4739_20210917_La_2_1426,739,HSL:4860219,Ahventie
46200,46200,0,46200,46200,0,False,SCHEDULED,1631912400,HSL:1097V_20210917_La_1_1244,97V,HSL:1452143,Puotilan ostoskeskus
48060,48060,0,48060,48060,0,False,SCHEDULED,1631912400,HSL:1097V_20210917_La_1_1314,97V,HSL:1452143,Puotilan ostoskeskus
49860,49860,0,49860,49860,0,False,SCHEDULED,1631912400,HSL:1097V_20210917_La_1_1344,97V,HSL:1452143,Puotilan ostoskeskus
51660,51660,0,51660,51660,0,False,SCHEDULED,1631912400,HSL:1097V_20210917_La_1_1414,97V,HSL:1452143,Puotilan ostoskeskus
53460,53460,0,53460,53460,0,False,SCHEDULED,1631912400,HSL:1097V_20210917_La_1_1444,97V,HSL:1452143,Puotilan ostoskeskus
48000,48000,0,48000,48000,0,False,SCHEDULED,1631912400,HSL:2167_20210917_La_1_1309,167,HSL:2512215,Ryttars
51600,51600,0,51600,51600,0,False,SCHEDULED,1631912400,HSL:2167_20210917_La_1_1409,167,HSL:2512215,Ryttars
55200,55200,0,55200,55200,0,False,SCHEDULED,1631912400,HSL:2167_20210917_La_1_1509,167,HSL:2512215,Ryttars
58800,58800,0,58800,58800,0,False,SCHEDULED,1631912400,HSL:2167_20210917_La_1_1609,167,HSL:2512215,Ryttars
62400,62400,0,62400,62400,0,False,SCHEDULED,1631912400,HSL:2167_20210917_La_1_1709,167,HSL:2512215,Ryttars
48300,48300,0,48300,48300,0,False,SCHEDULED,1631912400,HSL:2167_20210917_La_2_1323,167,HSL:2512216,Ryttars
51900,51900,0,51900,51900,0,False,SCHEDULED,1631912400,HSL:2167_20210917_La_2_1423,167,HSL:2512216,Ryttars
55500,55500,0,55500,55500,0,False,SCHEDULED,1631912400,HSL:2167_20210917_La_2_1523,167,HSL:2512216,Ryttars
59100,59100,0,59100,59100,0,False,SCHEDULED,1631912400,HSL:2167_20210917_La_2_1623,167,HSL:2512216,Ryttars
62700,62700,0,62700,62700,0,False,SCHEDULED,1631912400,HSL:2167_20210917_La_2_1723,167,HSL:2512216,Ryttars
47940,47940,0,47940,47940,0,False,SCHEDULED,1631912400,HSL:2167_20210917_La_1_1309,167,HSL:2512213,Espoonkartano
51540,51540,0,51540,51540,0,False,SCHEDULED,1631912400,HSL:2167_20210917_La_1_1409,167,HSL:2512213,Espoonkartano
55140,55140,0,55140,55140,0,False,SCHEDULED,1631912400,HSL:2167_20210917_La_1_1509,167,HSL:2512213,Espoonkartano
58740,58740,0,58740,58740,0,False,SCHEDULED,1631912400,HSL:2167_20210917_La_1_1609,167,HSL:2512213,Espoonkartano
62340,62340,0,62340,62340,0,False,SCHEDULED,1631912400,HSL:2167_20210917_La_1_1709,167,HSL:2512213,Espoonkartano
48360,48360,0,48360,48360,0,False,SCHEDULED,1631912400,HSL:2167_20210917_La_2_1323,167,HSL:2512214,Espoonkartano
51960,51960,0,51960,51960,0,False,SCHEDULED,1631912400,HSL:2167_20210917_La_2_1423,167,HSL:2512214,Espoonkartano
55560,55560,0,55560,55560,0,False,SCHEDULED,1631912400,HSL:2167_20210917_La_2_1523,167,HSL:2512214,Espoonkartano
59160,59160,0,59160,59160,0,False,SCHEDULED,1631912400,HSL:2167_20210917_La_2_1623,167,HSL:2512214,Espoonkartano
62760,62760,0,62760,62760,0,False,SCHEDULED,1631912400,HSL:2167_20210917_La_2_1723,167,HSL:2512214,Espoonkartano
48120,48120,0,48120,48120,0,False,SCHEDULED,1631912400,HSL:2167_20210917_La_1_1309,167,HSL:2512219,Järvikylänmäki
48180,48180,0,48180,48180,0,False,SCHEDULED,1631912400,HSL:2167_20210917_La_2_1323,167,HSL:2512219,Järvikylänmäki
51720,51720,0,51720,51720,0,False,SCHEDULED,1631912400,HSL:2167_20210917_La_1_1409,167,HSL:2512219,Järvikylänmäki
51780,51780,0,51780,51780,0,False,SCHEDULED,1631912400,HSL:2167_20210917_La_2_1423,167,HSL:2512219,Järvikylänmäki
55320,55320,0,55320,55320,0,False,SCHEDULED,1631912400,HSL:2167_20210917_La_1_1509,167,HSL:2512219,Järvikylänmäki
48060,48060,0,48060,48060,0,False,SCHEDULED,1631912400,HSL:2167_20210917_La_1_1309,167,HSL:2512217,Halujärventie
51660,51660,0,51660,51660,0,False,SCHEDULED,1631912400,HSL:2167_20210917_La_1_1409,167,HSL:2512217,Halujärventie
55260,55260,0,55260,55260,0,False,SCHEDULED,1631912400,HSL:2167_20210917_La_1_1509,167,HSL:2512217,Halujärventie
58860,58860,0,58860,58860,0,False,SCHEDULED,1631912400,HSL:2167_20210917_La_1_1609,167,HSL:2512217,Halujärventie
62460,62460,0,62460,62460,0,False,SCHEDULED,1631912400,HSL:2167_20210917_La_1_1709,167,HSL:2512217,Halujärventie
48240,48240,0,48240,48240,0,False,SCHEDULED,1631912400,HSL:2167_20210917_La_2_1323,167,HSL:2512218,Halujärventie
51840,51840,0,51840,51840,0,False,SCHEDULED,1631912400,HSL:2167_20210917_La_2_1423,167,HSL:2512218,Halujärventie
55440,55440,0,55440,55440,0,False,SCHEDULED,1631912400,HSL:2167_20210917_La_2_1523,167,HSL:2512218,Halujärventie
59040,59040,0,59040,59040,0,False,SCHEDULED,1631912400,HSL:2167_20210917_La_2_1623,167,HSL:2512218,Halujärventie
62640,62640,0,62640,62640,0,False,SCHEDULED,1631912400,HSL:2167_20210917_La_2_1723,167,HSL:2512218,Halujärventie
45420,45420,0,45420,45468,48,True,UPDATED,1631912400,HSL:4739_20210917_La_1_1145,739,HSL:4860220,Ahventie
47220,47251,31,47220,47251,31,True,UPDATED,1631912400,HSL:4736_20210917_La_1_1218,736,HSL:4860220,Ahventie
49020,49020,0,49020,49020,0,False,SCHEDULED,1631912400,HSL:4739_20210917_La_1_1245,739,HSL:4860220,Ahventie
50820,50820,0,50820,50820,0,False,SCHEDULED,1631912400,HSL:4736_20210917_La_1_1318,736,HSL:4860220,Ahventie
52620,52620,0,52620,52620,0,False,SCHEDULED,1631912400,HSL:4739_20210917_La_1_1344,739,HSL:4860220,Ahventie
46980,47011,31,46980,47011,31,True,UPDATED,1631912400,HSL:4736_20210917_La_1_1218,736,HSL:4860224,Perhotie
48780,48780,0,48780,48780,0,False,SCHEDULED,1631912400,HSL:4739_20210917_La_1_1245,739,HSL:4860224,Perhotie
50580,50580,0,50580,50580,0,False,SCHEDULED,1631912400,HSL:4736_20210917_La_1_1318,736,HSL:4860224,Perhotie
52380,52380,0,52380,52380,0,False,SCHEDULED,1631912400,HSL:4739_20210917_La_1_1344,739,HSL:4860224,Perhotie
54180,54180,0,54180,54180,0,False,SCHEDULED,1631912400,HSL:4736_20210917_La_1_1418,736,HSL:4860224,Perhotie
45660,45729,69,45660,45729,69,True,UPDATED,1631912400,HSL:4739_20210917_La_2_1226,739,HSL:4860225,Paarmarinne
47460,47460,0,47460,47460,0,False,SCHEDULED,1631912400,HSL:4736_20210917_La_2_1256,736,HSL:4860225,Paarmarinne
49260,49260,0,49260,49260,0,False,SCHEDULED,1631912400,HSL:4739_20210917_La_2_1326,739,HSL:4860225,Paarmarinne
51060,51060,0,51060,51060,0,False,SCHEDULED,1631912400,HSL:4736_20210917_La_2_1356,736,HSL:4860225,Paarmarinne
52860,52860,0,52860,52860,0,False,SCHEDULED,1631912400,HSL:4739_20210917_La_2_1426,739,HSL:4860225,Paarmarinne
46860,46891,31,46860,46891,31,True,UPDATED,1631912400,HSL:4736_20210917_La_1_1218,736,HSL:4860228,Lukkirinne
48660,48660,0,48660,48660,0,False,SCHEDULED,1631912400,HSL:4739_20210917_La_1_1245,739,HSL:4860228,Lukkirinne
50460,50460,0,50460,50460,0,False,SCHEDULED,1631912400,HSL:4736_20210917_La_1_1318,736,HSL:4860228,Lukkirinne
52260,52260,0,52260,52260,0,False,SCHEDULED,1631912400,HSL:4739_20210917_La_1_1344,739,HSL:4860228,Lukkirinne
54060,54060,0,54060,54060,0,False,SCHEDULED,1631912400,HSL:4736_20210917_La_1_1418,736,HSL:4860228,Lukkirinne
46440,46440,0,46440,46440,0,False,SCHEDULED,1631912400,HSL:1097V_20210917_La_2_1240,97V,HSL:1452138,Leikkimäki
48240,48240,0,48240,48240,0,False,SCHEDULED,1631912400,HSL:1097V_20210917_La_2_1310,97V,HSL:1452138,Leikkimäki
50040,50040,0,50040,50040,0,False,SCHEDULED,1631912400,HSL:1097V_20210917_La_2_1340,97V,HSL:1452138,Leikkimäki
51840,51840,0,51840,51840,0,False,SCHEDULED,1631912400,HSL:1097V_20210917_La_2_1410,97V,HSL:1452138,Leikkimäki
53640,53640,0,53640,53640,0,False,SCHEDULED,1631912400,HSL:1097V_20210917_La_2_1440,97V,HSL:1452138,Leikkimäki
45720,45789,69,45720,45789,69,True,UPDATED,1631912400,HSL:4739_20210917_La_2_1226,739,HSL:4860229,Lukkitie
47400,47318,-82,47400,47318,-82,True,UPDATED,1631912400,HSL:9788K_20210917_La_2_1225,788K,HSL:4860229,Lukkitie
47520,47520,0,47520,47520,0,False,SCHEDULED,1631912400,HSL:4736_20210917_La_2_1256,736,HSL:4860229,Lukkitie
49320,49320,0,49320,49320,0,False,SCHEDULED,1631912400,HSL:4739_20210917_La_2_1326,739,HSL:4860229,Lukkitie
51120,51120,0,51120,51120,0,False,SCHEDULED,1631912400,HSL:4736_20210917_La_2_1356,736,HSL:4860229,Lukkitie
46260,46260,0,46260,46260,0,False,SCHEDULED,1631912400,HSL:1097V_20210917_La_1_1244,97V,HSL:1452137,Leikkimäki
48120,48120,0,48120,48120,0,False,SCHEDULED,1631912400,HSL:1097V_20210917_La_1_1314,97V,HSL:1452137,Leikkimäki
49920,49920,0,49920,49920,0,False,SCHEDULED,1631912400,HSL:1097V_20210917_La_1_1344,97V,HSL:1452137,Leikkimäki
51720,51720,0,51720,51720,0,False,SCHEDULED,1631912400,HSL:1097V_20210917_La_1_1414,97V,HSL:1452137,Leikkimäki
53520,53520,0,53520,53520,0,False,SCHEDULED,1631912400,HSL:1097V_20210917_La_1_1444,97V,HSL:1452137,Leikkimäki
46920,46951,31,46920,46951,31,True,UPDATED,1631912400,HSL:4736_20210917_La_1_1218,736,HSL:4860226,Paarmarinne
48720,48720,0,48720,48720,0,False,SCHEDULED,1631912400,HSL:4739_20210917_La_1_1245,739,HSL:4860226,Paarmarinne
50520,50520,0,50520,50520,0,False,SCHEDULED,1631912400,HSL:4736_20210917_La_1_1318,736,HSL:4860226,Paarmarinne
52320,52320,0,52320,52320,0,False,SCHEDULED,1631912400,HSL:4739_20210917_La_1_1344,739,HSL:4860226,Paarmarinne
54120,54120,0,54120,54120,0,False,SCHEDULED,1631912400,HSL:4736_20210917_La_1_1418,736,HSL:4860226,Paarmarinne
45660,45729,69,45660,45729,69,True,UPDATED,1631912400,HSL:4739_20210917_La_2_1226,739,HSL:4860227,Lukkirinne
47460,47460,0,47460,47460,0,False,SCHEDULED,1631912400,HSL:4736_20210917_La_2_1256,736,HSL:4860227,Lukkirinne
49260,49260,0,49260,49260,0,False,SCHEDULED,1631912400,HSL:4739_20210917_La_2_1326,739,HSL:4860227,Lukkirinne
51060,51060,0,51060,51060,0,False,SCHEDULED,1631912400,HSL:4736_20210917_La_2_1356,736,HSL:4860227,Lukkirinne
52860,52860,0,52860,52860,0,False,SCHEDULED,1631912400,HSL:4739_20210917_La_2_1426,739,HSL:4860227,Lukkirinne
46560,46560,0,46560,46560,0,False,SCHEDULED,1631912400,HSL:1097V_20210917_La_2_1240,97V,HSL:1452134,Rusthollarinkuja
48360,48360,0,48360,48360,0,False,SCHEDULED,1631912400,HSL:1097V_20210917_La_2_1310,97V,HSL:1452134,Rusthollarinkuja
50160,50160,0,50160,50160,0,False,SCHEDULED,1631912400,HSL:1097V_20210917_La_2_1340,97V,HSL:1452134,Rusthollarinkuja
51960,51960,0,51960,51960,0,False,SCHEDULED,1631912400,HSL:1097V_20210917_La_2_1410,97V,HSL:1452134,Rusthollarinkuja
53760,53760,0,53760,53760,0,False,SCHEDULED,1631912400,HSL:1097V_20210917_La_2_1440,97V,HSL:1452134,Rusthollarinkuja
46140,46140,0,46140,46140,0,False,SCHEDULED,1631912400,HSL:1097V_20210917_La_1_1244,97V,HSL:1452133,Rusthollarinkuja
48000,48000,0,48000,48000,0,False,SCHEDULED,1631912400,HSL:1097V_20210917_La_1_1314,97V,HSL:1452133,Rusthollarinkuja
49800,49800,0,49800,49800,0,False,SCHEDULED,1631912400,HSL:1097V_20210917_La_1_1344,97V,HSL:1452133,Rusthollarinkuja
51600,51600,0,51600,51600,0,False,SCHEDULED,1631912400,HSL:1097V_20210917_La_1_1414,97V,HSL:1452133,Rusthollarinkuja
53400,53400,0,53400,53400,0,False,SCHEDULED,1631912400,HSL:1097V_20210917_La_1_1444,97V,HSL:1452133,Rusthollarinkuja
46440,46440,0,46440,46440,0,False,SCHEDULED,1631912400,HSL:4443_20210917_La_2_1251,443,HSL:4220218,Nummimäentie
50040,50040,0,50040,50040,0,False,SCHEDULED,1631912400,HSL:4443_20210917_La_2_1351,443,HSL:4220218,Nummimäentie
53640,53640,0,53640,53640,0,False,SCHEDULED,1631912400,HSL:4443_20210917_La_2_1451,443,HSL:4220218,Nummimäentie
57240,57240,0,57240,57240,0,False,SCHEDULED,1631912400,HSL:4443_20210917_La_2_1551,443,HSL:4220218,Nummimäentie
60840,60840,0,60840,60840,0,False,SCHEDULED,1631912400,HSL:4443_20210917_La_2_1651,443,HSL:4220218,Nummimäentie
45600,45628,28,45600,45628,28,True,UPDATED,1631912400,HSL:4443_20210917_La_1_1231,443,HSL:4220217,Åvall
49200,49200,0,49200,49200,0,False,SCHEDULED,1631912400,HSL:4443_20210917_La_1_1331,443,HSL:4220217,Åvall
52800,52800,0,52800,52800,0,False,SCHEDULED,1631912400,HSL:4443_20210917_La_1_1431,443,HSL:4220217,Åvall
56400,56400,0,56400,56400,0,False,SCHEDULED,1631912400,HSL:4443_20210917_La_1_1531,443,HSL:4220217,Åvall
60000,60000,0,60000,60000,0,False,SCHEDULED,1631912400,HSL:4443_20210917_La_1_1631,443,HSL:4220217,Åvall
45660,45669,9,45660,45669,9,True,UPDATED,1631912400,HSL:4443_20210917_La_1_1231,443,HSL:4220219,Nummimäentie
49260,49260,0,49260,49260,0,False,SCHEDULED,1631912400,HSL:4443_20210917_La_1_1331,443,HSL:4220219,Nummimäentie
52860,52860,0,52860,52860,0,False,SCHEDULED,1631912400,HSL:4443_20210917_La_1_1431,443,HSL:4220219,Nummimäentie
56460,56460,0,56460,56460,0,False,SCHEDULED,1631912400,HSL:4443_20210917_La_1_1531,443,HSL:4220219,Nummimäentie
60060,60060,0,60060,60060,0,False,SCHEDULED,1631912400,HSL:4443_20210917_La_1_1631,443,HSL:4220219,Nummimäentie
46500,46500,0,46500,46500,0,False,SCHEDULED,1631912400,HSL:4443_20210917_La_2_1251,443,HSL:4220214,Vestrantie
50100,50100,0,50100,50100,0,False,SCHEDULED,1631912400,HSL:4443_20210917_La_2_1351,443,HSL:4220214,Vestrantie
53700,53700,0,53700,53700,0,False,SCHEDULED,1631912400,HSL:4443_20210917_La_2_1451,443,HSL:4220214,Vestrantie
57300,57300,0,57300,57300,0,False,SCHEDULED,1631912400,HSL:4443_20210917_La_2_1551,443,HSL:4220214,Vestrantie
60900,60900,0,60900,60900,0,False,SCHEDULED,1631912400,HSL:4443_20210917_La_2_1651,443,HSL:4220214,Vestrantie
45480,45547,67,45480,45547,67,True,UPDATED,1631912400,HSL:4443_20210917_La_1_1231,443,HSL:4220213,Siilotie
49080,49080,0,49080,49080,0,False,SCHEDULED,1631912400,HSL:4443_20210917_La_1_1331,443,HSL:4220213,Siilotie
52680,52680,0,52680,52680,0,False,SCHEDULED,1631912400,HSL:4443_20210917_La_1_1431,443,HSL:4220213,Siilotie
56280,56280,0,56280,56280,0,False,SCHEDULED,1631912400,HSL:4443_20210917_La_1_1531,443,HSL:4220213,Siilotie
59880,59880,0,59880,59880,0,False,SCHEDULED,1631912400,HSL:4443_20210917_La_1_1631,443,HSL:4220213,Siilotie
46500,46500,0,46500,46500,0,False,SCHEDULED,1631912400,HSL:4443_20210917_La_2_1251,443,HSL:4220216,Åvall
50100,50100,0,50100,50100,0,False,SCHEDULED,1631912400,HSL:4443_20210917_La_2_1351,443,HSL:4220216,Åvall
53700,53700,0,53700,53700,0,False,SCHEDULED,1631912400,HSL:4443_20210917_La_2_1451,443,HSL:4220216,Åvall
57300,57300,0,57300,57300,0,False,SCHEDULED,1631912400,HSL:4443_20210917_La_2_1551,443,HSL:4220216,Åvall
60900,60900,0,60900,60900,0,False,SCHEDULED,1631912400,HSL:4443_20210917_La_2_1651,443,HSL:4220216,Åvall
45540,45576,36,45540,45577,37,True,UPDATED,1631912400,HSL:4443_20210917_La_1_1231,443,HSL:4220215,Vestrantie
49140,49140,0,49140,49140,0,False,SCHEDULED,1631912400,HSL:4443_20210917_La_1_1331,443,HSL:4220215,Vestrantie
52740,52740,0,52740,52740,0,False,SCHEDULED,1631912400,HSL:4443_20210917_La_1_1431,443,HSL:4220215,Vestrantie
56340,56340,0,56340,56340,0,False,SCHEDULED,1631912400,HSL:4443_20210917_La_1_1531,443,HSL:4220215,Vestrantie
59940,59940,0,59940,59940,0,False,SCHEDULED,1631912400,HSL:4443_20210917_La_1_1631,443,HSL:4220215,Vestrantie
45840,45840,0,45840,45840,0,True,UPDATED,1631912400,HSL:4434_20210917_La_2_1242,434,HSL:4220210,Vauhtikuja
47040,47040,0,47040,47040,0,False,SCHEDULED,1631912400,HSL:4434_20210917_La_2_1302,434,HSL:4220210,Vauhtikuja
48240,48240,0,48240,48240,0,False,SCHEDULED,1631912400,HSL:4434_20210917_La_2_1322,434,HSL:4220210,Vauhtikuja
49440,49440,0,49440,49440,0,False,SCHEDULED,1631912400,HSL:4434_20210917_La_2_1342,434,HSL:4220210,Vauhtikuja
50640,50640,0,50640,50640,0,False,SCHEDULED,1631912400,HSL:4434_20210917_La_2_1402,434,HSL:4220210,Vauhtikuja
46560,46560,0,46560,46560,0,False,SCHEDULED,1631912400,HSL:4443_20210917_La_2_1251,443,HSL:4220212,Siilotie
50160,50160,0,50160,50160,0,False,SCHEDULED,1631912400,HSL:4443_20210917_La_2_1351,443,HSL:4220212,Siilotie
53760,53760,0,53760,53760,0,False,SCHEDULED,1631912400,HSL:4443_20210917_La_2_1451,443,HSL:4220212,Siilotie
57360,57360,0,57360,57360,0,False,SCHEDULED,1631912400,HSL:4443_20210917_La_2_1551,443,HSL:4220212,Siilotie
60960,60960,0,60960,60960,0,False,SCHEDULED,1631912400,HSL:4443_20210917_La_2_1651,443,HSL:4220212,Siilotie
46320,46320,0,46320,46320,0,False,SCHEDULED,1631912400,HSL:4434_20210917_La_1_1250,434,HSL:4220211,Vauhtikuja
47520,47520,0,47520,47520,0,False,SCHEDULED,1631912400,HSL:4434_20210917_La_1_1310,434,HSL:4220211,Vauhtikuja
48720,48720,0,48720,48720,0,False,SCHEDULED,1631912400,HSL:4434_20210917_La_1_1330,434,HSL:4220211,Vauhtikuja
49920,49920,0,49920,49920,0,False,SCHEDULED,1631912400,HSL:4434_20210917_La_1_1350,434,HSL:4220211,Vauhtikuja
51120,51120,0,51120,51120,0,False,SCHEDULED,1631912400,HSL:4434_20210917_La_1_1410,434,HSL:4220211,Vauhtikuja
45600,45537,-63,45600,45551,-49,True,UPDATED,1631912400,HSL:2502_20210917_La_2_1228,502,HSL:1301158,Niemenmäki
45480,45560,80,45480,45566,86,True,UPDATED,1631912400,HSL:1057_20210917_La_1_1158,57,HSL:1301158,Niemenmäki
46320,45675,-645,46320,45675,-645,True,UPDATED,1631912400,HSL:1052_20210917_La_1_1216,52,HSL:1301158,Niemenmäki
45420,45682,262,45420,45682,262,True,UPDATED,1631912400,HSL:1030_20210917_La_2_1206,30,HSL:1301158,Niemenmäki
45720,45722,2,45720,45722,2,True,UPDATED,1631912400,HSL:1052_20210917_La_1_1206,52,HSL:1301158,Niemenmäki
45480,45518,38,45480,45520,40,True,UPDATED,1631912400,HSL:4443_20210917_La_1_1231,443,HSL:4220229,Vestrantie 6
49080,49080,0,49080,49080,0,False,SCHEDULED,1631912400,HSL:4443_20210917_La_1_1331,443,HSL:4220229,Vestrantie 6
52680,52680,0,52680,52680,0,False,SCHEDULED,1631912400,HSL:4443_20210917_La_1_1431,443,HSL:4220229,Vestrantie 6
56280,56280,0,56280,56280,0,False,SCHEDULED,1631912400,HSL:4443_20210917_La_1_1531,443,HSL:4220229,Vestrantie 6
59880,59880,0,59880,59880,0,False,SCHEDULED,1631912400,HSL:4443_20210917_La_1_1631,443,HSL:4220229,Vestrantie 6
46560,46560,0,46560,46560,0,False,SCHEDULED,1631912400,HSL:4443_20210917_La_2_1251,443,HSL:4220228,Vestrantie 6
50160,50160,0,50160,50160,0,False,SCHEDULED,1631912400,HSL:4443_20210917_La_2_1351,443,HSL:4220228,Vestrantie 6
53760,53760,0,53760,53760,0,False,SCHEDULED,1631912400,HSL:4443_20210917_La_2_1451,443,HSL:4220228,Vestrantie 6
57360,57360,0,57360,57360,0,False,SCHEDULED,1631912400,HSL:4443_20210917_La_2_1551,443,HSL:4220228,Vestrantie 6
60960,60960,0,60960,60960,0,False,SCHEDULED,1631912400,HSL:4443_20210917_La_2_1651,443,HSL:4220228,Vestrantie 6
45840,45909,69,45900,45969,69,True,UPDATED,1631912400,HSL:4739_20210917_La_2_1226,739,HSL:4860202,Siirakuja
47460,47498,38,47460,47498,38,True,UPDATED,1631912400,HSL:9788K_20210917_La_2_1225,788K,HSL:4860202,Siirakuja
47640,47640,0,47700,47700,0,False,SCHEDULED,1631912400,HSL:4736_20210917_La_2_1256,736,HSL:4860202,Siirakuja
49440,49440,0,49500,49500,0,False,SCHEDULED,1631912400,HSL:4739_20210917_La_2_1326,739,HSL:4860202,Siirakuja
51240,51240,0,51300,51300,0,False,SCHEDULED,1631912400,HSL:4736_20210917_La_2_1356,736,HSL:4860202,Siirakuja
45600,45577,-23,45600,45577,-23,True,UPDATED,1631912400,HSL:1052_20210917_La_1_1156,52,HSL:2222301,Kivimiehentie
46800,45675,-1125,46800,45675,-1125,True,UPDATED,1631912400,HSL:1052_20210917_La_1_1216,52,HSL:2222301,Kivimiehentie
46200,46142,-58,46200,46142,-58,True,UPDATED,1631912400,HSL:1052_20210917_La_1_1206,52,HSL:2222301,Kivimiehentie
47400,46265,-1135,47400,46265,-1135,True,UPDATED,1631912400,HSL:1052_20210917_La_1_1226,52,HSL:2222301,Kivimiehentie
48000,48000,0,48000,48000,0,False,SCHEDULED,1631912400,HSL:1052_20210917_La_1_1236,52,HSL:2222301,Kivimiehentie
45900,45900,0,45900,45900,0,False,SCHEDULED,1631912400,HSL:9842_20210917_La_1_1240,842,HSL:1452119,Puotila (M)
46500,46500,0,46500,46500,0,False,SCHEDULED,1631912400,HSL:1831_20210917_La_1_1250,831,HSL:1452119,Puotila (M)
47100,47100,0,47100,47100,0,False,SCHEDULED,1631912400,HSL:9843_20210917_La_1_1300,843,HSL:1452119,Puotila (M)
48000,48000,0,48000,48000,0,False,SCHEDULED,1631912400,HSL:9841_20210917_La_1_1315,841,HSL:1452119,Puotila (M)
49380,49380,0,49380,49380,0,False,SCHEDULED,1631912400,HSL:9842_20210917_La_1_1338,842,HSL:1452119,Puotila (M)
46680,46711,31,46680,46711,31,True,UPDATED,1631912400,HSL:4736_20210917_La_1_1218,736,HSL:4860201,Siirakuja
48420,48420,0,48420,48420,0,False,SCHEDULED,1631912400,HSL:4739_20210917_La_1_1245,739,HSL:4860201,Siirakuja
50280,50280,0,50280,50280,0,False,SCHEDULED,1631912400,HSL:4736_20210917_La_1_1318,736,HSL:4860201,Siirakuja
52020,52020,0,52020,52020,0,False,SCHEDULED,1631912400,HSL:4739_20210917_La_1_1344,739,HSL:4860201,Siirakuja
53220,53220,0,53220,53220,0,False,SCHEDULED,1631912400,HSL:9787K_20210917_La_1_1410,787K,HSL:4860201,Siirakuja
45780,45849,69,45780,45849,69,True,UPDATED,1631912400,HSL:4739_20210917_La_2_1226,739,HSL:4860207,Vaaksiaisenrinne
47460,47337,-123,47460,47338,-122,True,UPDATED,1631912400,HSL:9788K_20210917_La_2_1225,788K,HSL:4860207,Vaaksiaisenrinne
47580,47580,0,47580,47580,0,False,SCHEDULED,1631912400,HSL:4736_20210917_La_2_1256,736,HSL:4860207,Vaaksiaisenrinne
49380,49380,0,49380,49380,0,False,SCHEDULED,1631912400,HSL:4739_20210917_La_2_1326,739,HSL:4860207,Vaaksiaisenrinne
51180,51180,0,51180,51180,0,False,SCHEDULED,1631912400,HSL:4736_20210917_La_2_1356,736,HSL:4860207,Vaaksiaisenrinne
45600,45600,0,45600,45600,0,True,UPDATED,1631912400,HSL:1097_20210917_La_1_1234,97,HSL:1452112,Rantakartanontie
45900,45900,0,45900,45900,0,True,UPDATED,1631912400,HSL:1095_20210917_La_1_1240,95,HSL:1452112,Rantakartanontie
46800,46800,0,46800,46800,0,False,SCHEDULED,1631912400,HSL:1095_20210917_La_1_1255,95,HSL:1452112,Rantakartanontie
47400,47400,0,47400,47400,0,False,SCHEDULED,1631912400,HSL:1097_20210917_La_1_1304,97,HSL:1452112,Rantakartanontie
47700,47700,0,47700,47700,0,False,SCHEDULED,1631912400,HSL:1095_20210917_La_1_1310,95,HSL:1452112,Rantakartanontie
45720,45720,0,45720,45720,0,False,SCHEDULED,1631912400,HSL:1098_20210917_La_2_1239,98,HSL:1452170,Puotilantie
46920,46920,0,46920,46920,0,False,SCHEDULED,1631912400,HSL:1098_20210917_La_2_1259,98,HSL:1452170,Puotilantie
48120,48120,0,48120,48120,0,False,SCHEDULED,1631912400,HSL:1098_20210917_La_2_1319,98,HSL:1452170,Puotilantie
49320,49320,0,49320,49320,0,False,SCHEDULED,1631912400,HSL:1098_20210917_La_2_1339,98,HSL:1452170,Puotilantie
50520,50520,0,50520,50520,0,False,SCHEDULED,1631912400,HSL:1098_20210917_La_2_1359,98,HSL:1452170,Puotilantie
45600,45690,90,45600,45690,90,True,UPDATED,1631912400,HSL:1020_20210917_La_2_1217,20,HSL:1140101,Töölön kirjasto
46080,46342,262,46080,46342,262,True,UPDATED,1631912400,HSL:1030_20210917_La_2_1206,30,HSL:1140101,Töölön kirjasto
46500,46540,40,46500,46540,40,True,UPDATED,1631912400,HSL:1020_20210917_La_2_1232,20,HSL:1140101,Töölön kirjasto
46980,47187,207,46980,47187,207,True,UPDATED,1631912400,HSL:1030_20210917_La_2_1221,30,HSL:1140101,Töölön kirjasto
47400,47400,0,47400,47400,0,False,SCHEDULED,1631912400,HSL:1020_20210917_La_2_1247,20,HSL:1140101,Töölön kirjasto
45480,45491,11,45480,45503,23,True,UPDATED,1631912400,HSL:1041_20210917_La_1_1231,41,HSL:1140102,Töölöntori
45840,45840,0,45840,45840,0,False,SCHEDULED,1631912400,HSL:1042_20210917_La_1_1237,42,HSL:1140102,Töölöntori
46080,46080,0,46080,46080,0,False,SCHEDULED,1631912400,HSL:1069_20210917_La_1_1242,69,HSL:1140102,Töölöntori
46260,46260,0,46260,46260,0,False,SCHEDULED,1631912400,HSL:1037_20210917_La_1_1244,37,HSL:1140102,Töölöntori
46680,46680,0,46680,46680,0,False,SCHEDULED,1631912400,HSL:1041_20210917_La_1_1251,41,HSL:1140102,Töölöntori
45360,45375,15,45360,45378,18,True,UPDATED,1631912400,HSL:1041_20210917_La_2_1211,41,HSL:1140105,Linnankoskenkatu
45780,45850,70,45780,45850,70,True,UPDATED,1631912400,HSL:1037_20210917_La_2_1213,37,HSL:1140105,Linnankoskenkatu
46020,46413,393,46020,46431,411,True,UPDATED,1631912400,HSL:1069_20210917_La_2_1142,69,HSL:1140105,Linnankoskenkatu
46560,46507,-53,46560,46507,-53,True,UPDATED,1631912400,HSL:1041_20210917_La_2_1231,41,HSL:1140105,Linnankoskenkatu
46140,46560,420,46140,46560,420,True,UPDATED,1631912400,HSL:1042_20210917_La_2_1226,42,HSL:1140105,Linnankoskenkatu
45480,45570,90,45480,45570,90,True,UPDATED,1631912400,HSL:1020_20210917_La_2_1217,20,HSL:1140106,Kirjailijan puisto
46080,46063,-17,46080,46086,6,True,UPDATED,1631912400,HSL:2502_20210917_La_2_1228,502,HSL:1140106,Kirjailijan puisto
45960,46222,262,45960,46222,262,True,UPDATED,1631912400,HSL:1030_20210917_La_2_1206,30,HSL:1140106,Kirjailijan puisto
46380,46420,40,46380,46420,40,True,UPDATED,1631912400,HSL:1020_20210917_La_2_1232,20,HSL:1140106,Kirjailijan puisto
46860,47067,207,46860,47067,207,True,UPDATED,1631912400,HSL:1030_20210917_La_2_1221,30,HSL:1140106,Kirjailijan puisto
45660,45750,90,45660,45750,90,True,UPDATED,1631912400,HSL:1020_20210917_La_2_1217,20,HSL:1140103,Töölöntori
46140,46402,262,46140,46402,262,True,UPDATED,1631912400,HSL:1030_20210917_La_2_1206,30,HSL:1140103,Töölöntori
46560,46600,40,46560,46600,40,True,UPDATED,1631912400,HSL:1020_20210917_La_2_1232,20,HSL:1140103,Töölöntori
47040,47247,207,47040,47247,207,True,UPDATED,1631912400,HSL:1030_20210917_La_2_1221,30,HSL:1140103,Töölöntori
47460,47460,0,47460,47460,0,False,SCHEDULED,1631912400,HSL:1020_20210917_La_2_1247,20,HSL:1140103,Töölöntori
46440,46440,0,46440,46440,0,False,SCHEDULED,1631912400,HSL:1098_20210917_La_1_1247,98,HSL:1452169,Puotilantie
47640,47640,0,47640,47640,0,False,SCHEDULED,1631912400,HSL:1098_20210917_La_1_1307,98,HSL:1452169,Puotilantie
48900,48900,0,48900,48900,0,False,SCHEDULED,1631912400,HSL:1098_20210917_La_1_1327,98,HSL:1452169,Puotilantie
50100,50100,0,50100,50100,0,False,SCHEDULED,1631912400,HSL:1098_20210917_La_1_1347,98,HSL:1452169,Puotilantie
51300,51300,0,51300,51300,0,False,SCHEDULED,1631912400,HSL:1098_20210917_La_1_1407,98,HSL:1452169,Puotilantie
45000,45282,282,45000,45361,361,True,UPDATED,1631912400,HSL:1069_20210917_La_1_1222,69,HSL:1140104,Linnankoskenkatu
45480,45480,0,45480,45480,0,False,SCHEDULED,1631912400,HSL:2502_20210917_La_1_1227,502,HSL:1140104,Linnankoskenkatu
45600,45591,-9,45600,45612,12,True,UPDATED,1631912400,HSL:1041_20210917_La_1_1231,41,HSL:1140104,Linnankoskenkatu
45960,45960,0,45960,45960,0,False,SCHEDULED,1631912400,HSL:1042_20210917_La_1_1237,42,HSL:1140104,Linnankoskenkatu
46200,46200,0,46200,46200,0,False,SCHEDULED,1631912400,HSL:1069_20210917_La_1_1242,69,HSL:1140104,Linnankoskenkatu
45780,45780,0,45780,45780,0,False,SCHEDULED,1631912400,HSL:1098_20210917_La_2_1239,98,HSL:1452168,Meripellontie
46980,46980,0,46980,46980,0,False,SCHEDULED,1631912400,HSL:1098_20210917_La_2_1259,98,HSL:1452168,Meripellontie
48180,48180,0,48180,48180,0,False,SCHEDULED,1631912400,HSL:1098_20210917_La_2_1319,98,HSL:1452168,Meripellontie
49380,49380,0,49380,49380,0,False,SCHEDULED,1631912400,HSL:1098_20210917_La_2_1339,98,HSL:1452168,Meripellontie
50580,50580,0,50580,50580,0,False,SCHEDULED,1631912400,HSL:1098_20210917_La_2_1359,98,HSL:1452168,Meripellontie
45420,45420,0,45420,45420,0,False,SCHEDULED,1631912400,HSL:2502_20210917_La_1_1227,502,HSL:1140109,Ratikkamuseo
46560,46560,0,46560,46560,0,False,SCHEDULED,1631912400,HSL:2502_20210917_La_1_1246,502,HSL:1140109,Ratikkamuseo
47760,47760,0,47760,47760,0,False,SCHEDULED,1631912400,HSL:2502_20210917_La_1_1306,502,HSL:1140109,Ratikkamuseo
48900,48900,0,48900,48900,0,False,SCHEDULED,1631912400,HSL:2502_20210917_La_1_1325,502,HSL:1140109,Ratikkamuseo
50100,50100,0,50100,50100,0,False,SCHEDULED,1631912400,HSL:2502_20210917_La_1_1345,502,HSL:1140109,Ratikkamuseo
45660,45660,0,45660,45660,0,False,SCHEDULED,1631912400,HSL:1085_20210917_La_1_1231,85,HSL:1495135,Sarpapolku
46860,46860,0,46860,46860,0,False,SCHEDULED,1631912400,HSL:1085_20210917_La_1_1251,85,HSL:1495135,Sarpapolku
48060,48060,0,48060,48060,0,False,SCHEDULED,1631912400,HSL:1085_20210917_La_1_1311,85,HSL:1495135,Sarpapolku
49320,49320,0,49320,49320,0,False,SCHEDULED,1631912400,HSL:1085_20210917_La_1_1331,85,HSL:1495135,Sarpapolku
50520,50520,0,50520,50520,0,False,SCHEDULED,1631912400,HSL:1085_20210917_La_1_1351,85,HSL:1495135,Sarpapolku
45360,45360,0,45360,45360,0,False,SCHEDULED,1631912400,HSL:2502_20210917_La_1_1227,502,HSL:1140107,Töölön kisahalli
46500,46500,0,46500,46500,0,False,SCHEDULED,1631912400,HSL:2502_20210917_La_1_1246,502,HSL:1140107,Töölön kisahalli
47700,47700,0,47700,47700,0,False,SCHEDULED,1631912400,HSL:2502_20210917_La_1_1306,502,HSL:1140107,Töölön kisahalli
48840,48840,0,48840,48840,0,False,SCHEDULED,1631912400,HSL:2502_20210917_La_1_1325,502,HSL:1140107,Töölön kisahalli
50040,50040,0,50040,50040,0,False,SCHEDULED,1631912400,HSL:2502_20210917_La_1_1345,502,HSL:1140107,Töölön kisahalli
46260,46297,37,46260,46324,64,True,UPDATED,1631912400,HSL:2502_20210917_La_2_1228,502,HSL:1140108,Töölön kisahalli
47460,47460,0,47460,47460,0,False,SCHEDULED,1631912400,HSL:2502_20210917_La_2_1248,502,HSL:1140108,Töölön kisahalli
48720,48720,0,48720,48720,0,False,SCHEDULED,1631912400,HSL:2502_20210917_La_2_1308,502,HSL:1140108,Töölön kisahalli
49920,49920,0,49920,49920,0,False,SCHEDULED,1631912400,HSL:2502_20210917_La_2_1328,502,HSL:1140108,Töölön kisahalli
51120,51120,0,51120,51120,0,False,SCHEDULED,1631912400,HSL:2502_20210917_La_2_1348,502,HSL:1140108,Töölön kisahalli
45480,45307,-173,45480,45337,-143,True,UPDATED,1631912400,HSL:31M2_20210917_La_1_1238,M2,HSL:2211601,Tapiola
45720,45574,-146,45720,45604,-116,True,UPDATED,1631912400,HSL:31M1_20210917_La_1_1236,M1,HSL:2211601,Tapiola
45960,45930,-30,45960,45960,0,True,UPDATED,1631912400,HSL:31M2_20210917_La_1_1246,M2,HSL:2211601,Tapiola
46140,46138,-2,46140,46138,-2,True,UPDATED,1631912400,HSL:31M1_20210917_La_1_1244,M1,HSL:2211601,Tapiola
46380,46380,0,46380,46410,30,True,UPDATED,1631912400,HSL:31M2_20210917_La_1_1253,M2,HSL:2211601,Tapiola
45300,45296,-4,45300,45323,23,True,UPDATED,1631912400,HSL:31M1_20210917_La_2_1200,M1,HSL:2211602,Tapiola
45540,45563,23,45540,45593,53,True,UPDATED,1631912400,HSL:31M2_20210917_La_2_1204,M2,HSL:2211602,Tapiola
45720,45737,17,45720,45767,47,True,UPDATED,1631912400,HSL:31M1_20210917_La_2_1207,M1,HSL:2211602,Tapiola
45960,45997,37,45960,46027,67,True,UPDATED,1631912400,HSL:31M2_20210917_La_2_1211,M2,HSL:2211602,Tapiola
46200,46181,-19,46200,46211,11,True,UPDATED,1631912400,HSL:31M1_20210917_La_2_1215,M1,HSL:2211602,Tapiola
45840,45800,-40,45840,45818,-22,True,UPDATED,1631912400,HSL:2553K_20210917_La_1_1150,553K,HSL:1464135,Atomitie
47040,47181,141,47040,47181,141,True,UPDATED,1631912400,HSL:2553K_20210917_La_1_1209,553K,HSL:1464135,Atomitie
48240,48225,-15,48240,48229,-11,True,UPDATED,1631912400,HSL:2553K_20210917_La_1_1229,553K,HSL:1464135,Atomitie
48780,48780,0,48780,48780,0,False,SCHEDULED,1631912400,HSL:1036_20210917_La_2_1300,36,HSL:1464135,Atomitie
49440,49440,0,49440,49440,0,False,SCHEDULED,1631912400,HSL:2553K_20210917_La_1_1249,553K,HSL:1464135,Atomitie
45660,45632,-28,45660,45632,-28,True,UPDATED,1631912400,HSL:1025_20210917_La_2_1224,25,HSL:1140112,Kajanuksenkatu
46860,46860,0,46860,46860,0,False,SCHEDULED,1631912400,HSL:1025_20210917_La_2_1244,25,HSL:1140112,Kajanuksenkatu
46980,46980,0,46980,46980,0,False,SCHEDULED,1631912400,HSL:1024_20210917_La_2_1259,24,HSL:1140112,Kajanuksenkatu
48060,48060,0,48060,48060,0,False,SCHEDULED,1631912400,HSL:1025_20210917_La_2_1304,25,HSL:1140112,Kajanuksenkatu
48780,48780,0,48780,48780,0,False,SCHEDULED,1631912400,HSL:1024_20210917_La_2_1329,24,HSL:1140112,Kajanuksenkatu
45480,45546,66,45480,45546,66,True,UPDATED,1631912400,HSL:1025_20210917_La_1_1228,25,HSL:1140113,Lastenlinna
45900,45930,30,45900,45930,30,True,UPDATED,1631912400,HSL:1024_20210917_La_1_1233,24,HSL:1140113,Lastenlinna
46680,46680,0,46680,46680,0,False,SCHEDULED,1631912400,HSL:1025_20210917_La_1_1248,25,HSL:1140113,Lastenlinna
47700,47700,0,47700,47700,0,False,SCHEDULED,1631912400,HSL:1024_20210917_La_1_1303,24,HSL:1140113,Lastenlinna
47880,47880,0,47880,47880,0,False,SCHEDULED,1631912400,HSL:1025_20210917_La_1_1308,25,HSL:1140113,Lastenlinna
46200,46167,-33,46200,46184,-16,True,UPDATED,1631912400,HSL:2502_20210917_La_2_1228,502,HSL:1140110,Ratikkamuseo
47400,47400,0,47400,47400,0,False,SCHEDULED,1631912400,HSL:2502_20210917_La_2_1248,502,HSL:1140110,Ratikkamuseo
48660,48660,0,48660,48660,0,False,SCHEDULED,1631912400,HSL:2502_20210917_La_2_1308,502,HSL:1140110,Ratikkamuseo
49860,49860,0,49860,49860,0,False,SCHEDULED,1631912400,HSL:2502_20210917_La_2_1328,502,HSL:1140110,Ratikkamuseo
51060,51060,0,51060,51060,0,False,SCHEDULED,1631912400,HSL:2502_20210917_La_2_1348,502,HSL:1140110,Ratikkamuseo
45420,45486,66,45420,45486,66,True,UPDATED,1631912400,HSL:1025_20210917_La_1_1228,25,HSL:1140111,Kajanuksenkatu
45900,45930,30,45900,45930,30,True,UPDATED,1631912400,HSL:1024_20210917_La_1_1233,24,HSL:1140111,Kajanuksenkatu
46620,46620,0,46620,46620,0,False,SCHEDULED,1631912400,HSL:1025_20210917_La_1_1248,25,HSL:1140111,Kajanuksenkatu
47700,47700,0,47700,47700,0,False,SCHEDULED,1631912400,HSL:1024_20210917_La_1_1303,24,HSL:1140111,Kajanuksenkatu
47820,47820,0,47820,47820,0,False,SCHEDULED,1631912400,HSL:1025_20210917_La_1_1308,25,HSL:1140111,Kajanuksenkatu
45600,45600,0,45600,45615,15,True,UPDATED,1631912400,HSL:2200_20210917_La_1_1234,200,HSL:1140116,Töölön kisahalli
46020,46020,0,46020,46020,0,False,SCHEDULED,1631912400,HSL:4322_20210917_La_1_1241,322,HSL:1140116,Töölön kisahalli
46200,46200,0,46200,46200,0,False,SCHEDULED,1631912400,HSL:2200_20210917_La_1_1244,200,HSL:1140116,Töölön kisahalli
46680,46680,0,46680,46680,0,False,SCHEDULED,1631912400,HSL:2321_20210917_La_1_1253,321,HSL:1140116,Töölön kisahalli
46800,46800,0,46800,46800,0,False,SCHEDULED,1631912400,HSL:2200_20210917_La_1_1254,200,HSL:1140116,Töölön kisahalli
45360,45338,-22,45360,45369,9,True,UPDATED,1631912400,HSL:2321_20210917_La_1_1229,321,HSL:1140117,Kansaneläkelaitos
45540,45540,0,45540,45569,29,True,UPDATED,1631912400,HSL:2436_20210917_La_1_1232,436,HSL:1140117,Kansaneläkelaitos
45720,45720,0,45720,45720,0,True,UPDATED,1631912400,HSL:1040_20210917_La_1_1235,40,HSL:1140117,Kansaneläkelaitos
45720,45713,-7,45720,45742,22,True,UPDATED,1631912400,HSL:2200_20210917_La_1_1234,200,HSL:1140117,Kansaneläkelaitos
46140,46140,0,46140,46140,0,False,SCHEDULED,1631912400,HSL:4421_20210917_La_1_1242,421,HSL:1140117,Kansaneläkelaitos
45660,45632,-28,45660,45632,-28,True,UPDATED,1631912400,HSL:1025_20210917_La_2_1224,25,HSL:1140114,Lastenlinna
46860,46860,0,46860,46860,0,False,SCHEDULED,1631912400,HSL:1025_20210917_La_2_1244,25,HSL:1140114,Lastenlinna
46980,46980,0,46980,46980,0,False,SCHEDULED,1631912400,HSL:1024_20210917_La_2_1259,24,HSL:1140114,Lastenlinna
48060,48060,0,48060,48060,0,False,SCHEDULED,1631912400,HSL:1025_20210917_La_2_1304,25,HSL:1140114,Lastenlinna
48780,48780,0,48780,48780,0,False,SCHEDULED,1631912400,HSL:1024_20210917_La_2_1329,24,HSL:1140114,Lastenlinna
45360,45400,40,45360,45512,152,True,UPDATED,1631912400,HSL:1040_20210917_La_2_1206,40,HSL:1140115,Töölön kisahalli
45300,45534,234,45300,45534,234,True,UPDATED,1631912400,HSL:2200_20210917_La_2_1144,200,HSL:1140115,Töölön kisahalli
45420,45651,231,45420,45651,231,True,UPDATED,1631912400,HSL:4411_20210917_La_2_1205,411,HSL:1140115,Töölön kisahalli
46560,45858,-702,46560,45868,-692,True,UPDATED,1631912400,HSL:1040_20210917_La_2_1226,40,HSL:1140115,Töölön kisahalli
46020,46113,93,46020,46113,93,True,UPDATED,1631912400,HSL:1063_20210917_La_2_1213,63,HSL:1140115,Töölön kisahalli
45180,45318,138,45180,45318,138,True,UPDATED,1631912400,HSL:1040_20210917_La_2_1206,40,HSL:1140118,Kansaneläkelaitos
45120,45375,255,45120,45375,255,True,UPDATED,1631912400,HSL:2200_20210917_La_2_1144,200,HSL:1140118,Kansaneläkelaitos
45240,45531,291,45240,45531,291,True,UPDATED,1631912400,HSL:4411_20210917_La_2_1205,411,HSL:1140118,Kansaneläkelaitos
46380,45817,-563,46380,45826,-554,True,UPDATED,1631912400,HSL:1040_20210917_La_2_1226,40,HSL:1140118,Kansaneläkelaitos
45900,45993,93,45900,45993,93,True,UPDATED,1631912400,HSL:1063_20210917_La_2_1213,63,HSL:1140118,Kansaneläkelaitos
88080,88080,0,88080,88080,0,False,SCHEDULED,1631912400,HSL:1061N_20210917_La_1_2345,61N,HSL:1403131,Korsitie
89880,89880,0,89880,89880,0,False,SCHEDULED,1631912400,HSL:1061N_20210917_La_1_2415,61N,HSL:1403131,Korsitie
91680,91680,0,91680,91680,0,False,SCHEDULED,1631912400,HSL:1061N_20210917_La_1_2445,61N,HSL:1403131,Korsitie
93420,93420,0,93420,93420,0,False,SCHEDULED,1631912400,HSL:1061N_20210917_La_1_2515,61N,HSL:1403131,Korsitie
95220,95220,0,95220,95220,0,False,SCHEDULED,1631912400,HSL:1061N_20210917_La_1_2545,61N,HSL:1403131,Korsitie
45660,45730,70,45660,45736,76,True,UPDATED,1631912400,HSL:1554_20210917_La_1_1213,554,HSL:1403133,Yrttimaantie 65
46860,46909,49,46860,46914,54,True,UPDATED,1631912400,HSL:1554_20210917_La_1_1233,554,HSL:1403133,Yrttimaantie 65
48060,48060,0,48060,48060,0,False,SCHEDULED,1631912400,HSL:1554_20210917_La_1_1253,554,HSL:1403133,Yrttimaantie 65
49260,49260,0,49260,49260,0,False,SCHEDULED,1631912400,HSL:1554_20210917_La_1_1313,554,HSL:1403133,Yrttimaantie 65
50460,50460,0,50460,50460,0,False,SCHEDULED,1631912400,HSL:1554_20210917_La_1_1333,554,HSL:1403133,Yrttimaantie 65
45300,45311,11,45300,45322,22,True,UPDATED,1631912400,HSL:4611_20210917_La_1_1209,611,HSL:1403135,Peltohiirenkuja
45240,45293,53,45240,45338,98,True,UPDATED,1631912400,HSL:1554_20210917_La_1_1213,554,HSL:1403135,Peltohiirenkuja
46560,46514,-46,46560,46523,-37,True,UPDATED,1631912400,HSL:4611_20210917_La_1_1229,611,HSL:1403135,Peltohiirenkuja
46440,46527,87,46440,46532,92,True,UPDATED,1631912400,HSL:1554_20210917_La_1_1233,554,HSL:1403135,Peltohiirenkuja
47640,47640,0,47640,47640,0,False,SCHEDULED,1631912400,HSL:1554_20210917_La_1_1253,554,HSL:1403135,Peltohiirenkuja
45960,46019,59,45960,46030,70,True,UPDATED,1631912400,HSL:4561_20210917_La_1_1223,561,HSL:1403134,Kirkonkyläntie
46200,46210,10,46200,46223,23,True,UPDATED,1631912400,HSL:4611_20210917_La_2_1228,611,HSL:1403134,Kirkonkyläntie
47160,47160,0,47160,47160,0,False,SCHEDULED,1631912400,HSL:4561_20210917_La_1_1243,561,HSL:1403134,Kirkonkyläntie
47400,47400,0,47400,47400,0,False,SCHEDULED,1631912400,HSL:4611_20210917_La_2_1248,611,HSL:1403134,Kirkonkyläntie
48360,48360,0,48360,48360,0,False,SCHEDULED,1631912400,HSL:4561_20210917_La_1_1303,561,HSL:1403134,Kirkonkyläntie
45480,45506,26,45480,45514,34,True,UPDATED,1631912400,HSL:2550_20210917_La_1_1142,550,HSL:2215275,Tietäjä
46080,46108,28,46080,46128,48,True,UPDATED,1631912400,HSL:2550_20210917_La_1_1152,550,HSL:2215275,Tietäjä
46680,46746,66,46680,46757,77,True,UPDATED,1631912400,HSL:2550_20210917_La_1_1202,550,HSL:2215275,Tietäjä
47280,47311,31,47280,47311,31,True,UPDATED,1631912400,HSL:2550_20210917_La_1_1212,550,HSL:2215275,Tietäjä
47880,48045,165,47880,48045,165,True,UPDATED,1631912400,HSL:2550_20210917_La_1_1221,550,HSL:2215275,Tietäjä
45540,45556,16,45540,45563,23,True,UPDATED,1631912400,HSL:2111_20210917_La_2_1208,111,HSL:2215274,Kalevanvainio
46440,46630,190,46440,46638,198,True,UPDATED,1631912400,HSL:2111_20210917_La_2_1223,111,HSL:2215274,Kalevanvainio
47340,47340,0,47340,47340,0,True,UPDATED,1631912400,HSL:2111_20210917_La_2_1238,111,HSL:2215274,Kalevanvainio
48240,48240,0,48240,48240,0,False,SCHEDULED,1631912400,HSL:2111_20210917_La_2_1253,111,HSL:2215274,Kalevanvainio
49200,49200,0,49200,49200,0,False,SCHEDULED,1631912400,HSL:2111_20210917_La_2_1308,111,HSL:2215274,Kalevanvainio
45600,45640,40,45600,45640,40,True,UPDATED,1631912400,HSL:1052_20210917_La_2_1230,52,HSL:1301215,Gert Skytten puisto
46200,46200,0,46200,46200,0,False,SCHEDULED,1631912400,HSL:1052_20210917_La_2_1240,52,HSL:1301215,Gert Skytten puisto
46800,46800,0,46800,46800,0,False,SCHEDULED,1631912400,HSL:1052_20210917_La_2_1250,52,HSL:1301215,Gert Skytten puisto
47400,47400,0,47400,47400,0,False,SCHEDULED,1631912400,HSL:1052_20210917_La_2_1300,52,HSL:1301215,Gert Skytten puisto
48000,48000,0,48000,48000,0,False,SCHEDULED,1631912400,HSL:1052_20210917_La_2_1310,52,HSL:1301215,Gert Skytten puisto
46500,45675,-825,46500,45675,-825,True,UPDATED,1631912400,HSL:1052_20210917_La_1_1216,52,HSL:1301214,Gert Skytten puisto
45900,45902,2,45900,45902,2,True,UPDATED,1631912400,HSL:1052_20210917_La_1_1206,52,HSL:1301214,Gert Skytten puisto
47100,46265,-835,47100,46265,-835,True,UPDATED,1631912400,HSL:1052_20210917_La_1_1226,52,HSL:1301214,Gert Skytten puisto
47700,47700,0,47700,47700,0,False,SCHEDULED,1631912400,HSL:1052_20210917_La_1_1236,52,HSL:1301214,Gert Skytten puisto
48300,48300,0,48300,48300,0,False,SCHEDULED,1631912400,HSL:1052_20210917_La_1_1246,52,HSL:1301214,Gert Skytten puisto
46440,45675,-765,46440,45675,-765,True,UPDATED,1631912400,HSL:1052_20210917_La_1_1216,52,HSL:1301212,Munkkiniemen aukio
45840,45842,2,45840,45842,2,True,UPDATED,1631912400,HSL:1052_20210917_La_1_1206,52,HSL:1301212,Munkkiniemen aukio
45600,45820,220,45600,45842,242,True,UPDATED,1631912400,HSL:2510_20210917_La_1_1213,510,HSL:1301212,Munkkiniemen aukio
47040,46265,-775,47040,46265,-775,True,UPDATED,1631912400,HSL:1052_20210917_La_1_1226,52,HSL:1301212,Munkkiniemen aukio
46500,46544,44,46500,46565,65,True,UPDATED,1631912400,HSL:2510_20210917_La_1_1228,510,HSL:1301212,Munkkiniemen aukio
45540,45570,30,45540,45596,56,True,UPDATED,1631912400,HSL:1079_20210917_La_1_1201,79,HSL:1403126,Soinintie
45840,45798,-42,45840,45835,-5,True,UPDATED,1631912400,HSL:1061_20210917_La_1_1203,61,HSL:1403126,Soinintie
46140,46199,59,46140,46213,73,True,UPDATED,1631912400,HSL:1079_20210917_La_1_1211,79,HSL:1403126,Soinintie
46740,46770,30,46740,46784,44,True,UPDATED,1631912400,HSL:1079_20210917_La_1_1221,79,HSL:1403126,Soinintie
47040,46991,-49,47040,47053,13,True,UPDATED,1631912400,HSL:1061_20210917_La_1_1222,61,HSL:1403126,Soinintie
47880,47880,0,47880,47880,0,False,SCHEDULED,1631912400,HSL:9665K_20210917_La_2_1248,665K,HSL:9501009,Huvilakatu
51480,51480,0,51480,51480,0,False,SCHEDULED,1631912400,HSL:9665K_20210917_La_2_1348,665K,HSL:9501009,Huvilakatu
55080,55080,0,55080,55080,0,False,SCHEDULED,1631912400,HSL:9665K_20210917_La_2_1448,665K,HSL:9501009,Huvilakatu
58680,58680,0,58680,58680,0,False,SCHEDULED,1631912400,HSL:9665K_20210917_La_2_1548,665K,HSL:9501009,Huvilakatu
62280,62280,0,62280,62280,0,False,SCHEDULED,1631912400,HSL:9665K_20210917_La_2_1649,665K,HSL:9501009,Huvilakatu
47820,47820,0,47820,47820,0,False,SCHEDULED,1631912400,HSL:9665K_20210917_La_2_1248,665K,HSL:9501008,Helsingintie
51420,51420,0,51420,51420,0,False,SCHEDULED,1631912400,HSL:9665K_20210917_La_2_1348,665K,HSL:9501008,Helsingintie
55020,55020,0,55020,55020,0,False,SCHEDULED,1631912400,HSL:9665K_20210917_La_2_1448,665K,HSL:9501008,Helsingintie
58620,58620,0,58620,58620,0,False,SCHEDULED,1631912400,HSL:9665K_20210917_La_2_1548,665K,HSL:9501008,Helsingintie
62220,62220,0,62220,62220,0,False,SCHEDULED,1631912400,HSL:9665K_20210917_La_2_1649,665K,HSL:9501008,Helsingintie
45540,45610,70,45540,45627,87,True,UPDATED,1631912400,HSL:1079_20210917_La_2_1228,79,HSL:1403127,Soinintie
46140,46140,0,46140,46140,0,True,UPDATED,1631912400,HSL:1079_20210917_La_2_1238,79,HSL:1403127,Soinintie
46380,46380,0,46380,46380,0,False,SCHEDULED,1631912400,HSL:1061_20210917_La_2_1251,61,HSL:1403127,Soinintie
46740,46740,0,46740,46740,0,False,SCHEDULED,1631912400,HSL:1079_20210917_La_2_1248,79,HSL:1403127,Soinintie
47340,47340,0,47340,47340,0,False,SCHEDULED,1631912400,HSL:1079_20210917_La_2_1258,79,HSL:1403127,Soinintie
47460,47460,0,47460,47460,0,False,SCHEDULED,1631912400,HSL:9665K_20210917_La_2_1248,665K,HSL:9501002,Keskuskuja
51060,51060,0,51060,51060,0,False,SCHEDULED,1631912400,HSL:9665K_20210917_La_2_1348,665K,HSL:9501002,Keskuskuja
54660,54660,0,54660,54660,0,False,SCHEDULED,1631912400,HSL:9665K_20210917_La_2_1448,665K,HSL:9501002,Keskuskuja
58260,58260,0,58260,58260,0,False,SCHEDULED,1631912400,HSL:9665K_20210917_La_2_1548,665K,HSL:9501002,Keskuskuja
61860,61860,0,61860,61860,0,False,SCHEDULED,1631912400,HSL:9665K_20210917_La_2_1649,665K,HSL:9501002,Keskuskuja
47820,47820,0,47820,47820,0,False,SCHEDULED,1631912400,HSL:9665K_20210917_La_1_1256,665K,HSL:9501001,Keskuskuja
51420,51420,0,51420,51420,0,False,SCHEDULED,1631912400,HSL:9665K_20210917_La_1_1356,665K,HSL:9501001,Keskuskuja
55020,55020,0,55020,55020,0,False,SCHEDULED,1631912400,HSL:9665K_20210917_La_1_1456,665K,HSL:9501001,Keskuskuja
58620,58620,0,58620,58620,0,False,SCHEDULED,1631912400,HSL:9665K_20210917_La_1_1556,665K,HSL:9501001,Keskuskuja
62220,62220,0,62220,62220,0,False,SCHEDULED,1631912400,HSL:9665K_20210917_La_1_1656,665K,HSL:9501001,Keskuskuja
88140,88140,0,88140,88140,0,False,SCHEDULED,1631912400,HSL:1061N_20210917_La_1_2345,61N,HSL:1403129,Vallesmannintie
89940,89940,0,89940,89940,0,False,SCHEDULED,1631912400,HSL:1061N_20210917_La_1_2415,61N,HSL:1403129,Vallesmannintie
91740,91740,0,91740,91740,0,False,SCHEDULED,1631912400,HSL:1061N_20210917_La_1_2445,61N,HSL:1403129,Vallesmannintie
93480,93480,0,93480,93480,0,False,SCHEDULED,1631912400,HSL:1061N_20210917_La_1_2515,61N,HSL:1403129,Vallesmannintie
95280,95280,0,95280,95280,0,False,SCHEDULED,1631912400,HSL:1061N_20210917_La_1_2545,61N,HSL:1403129,Vallesmannintie
45180,45294,114,45240,45331,91,True,UPDATED,1631912400,HSL:1079_20210917_La_1_1211,79,HSL:1362105,Viikki
45540,45584,44,45540,45584,44,True,UPDATED,1631912400,HSL:1506_20210917_La_1_1230,506,HSL:1362105,Viikki
45480,45535,55,45480,45592,112,True,UPDATED,1631912400,HSL:1077_20210917_La_1_1220,77,HSL:1362105,Viikki
45600,45592,-8,45600,45651,51,True,UPDATED,1631912400,HSL:1074_20210917_La_1_1223,74,HSL:1362105,Viikki
45780,45876,96,45840,45900,60,True,UPDATED,1631912400,HSL:1079_20210917_La_1_1221,79,HSL:1362105,Viikki
45540,45624,84,45600,45655,55,True,UPDATED,1631912400,HSL:2113_20210917_La_2_1229,113,HSL:2252208,Laajalahden keskus
46440,46440,0,46500,46500,0,False,SCHEDULED,1631912400,HSL:2113_20210917_La_2_1244,113,HSL:2252208,Laajalahden keskus
47400,47400,0,47460,47460,0,False,SCHEDULED,1631912400,HSL:2113_20210917_La_2_1259,113,HSL:2252208,Laajalahden keskus
48300,48300,0,48360,48360,0,False,SCHEDULED,1631912400,HSL:2113_20210917_La_2_1314,113,HSL:2252208,Laajalahden keskus
49200,49200,0,49260,49260,0,False,SCHEDULED,1631912400,HSL:2113_20210917_La_2_1329,113,HSL:2252208,Laajalahden keskus
48420,48420,0,48420,48420,0,False,SCHEDULED,1631912400,HSL:7280_20210917_La_2_1303,280,HSL:2252205,Turvesolmu
51420,51420,0,51420,51420,0,False,SCHEDULED,1631912400,HSL:7280_20210917_La_2_1357,280,HSL:2252205,Turvesolmu
53820,53820,0,53820,53820,0,False,SCHEDULED,1631912400,HSL:7280_20210917_La_2_1433,280,HSL:2252205,Turvesolmu
57420,57420,0,57420,57420,0,False,SCHEDULED,1631912400,HSL:7280_20210917_La_2_1533,280,HSL:2252205,Turvesolmu
59220,59220,0,59220,59220,0,False,SCHEDULED,1631912400,HSL:7280_20210917_La_2_1607,280,HSL:2252205,Turvesolmu
47520,47520,0,47520,47520,0,False,SCHEDULED,1631912400,HSL:7280_20210917_La_1_1255,280,HSL:2252206,Turvesolmu
51000,51000,0,51000,51000,0,False,SCHEDULED,1631912400,HSL:7280_20210917_La_1_1355,280,HSL:2252206,Turvesolmu
54300,54300,0,54300,54300,0,False,SCHEDULED,1631912400,HSL:7280_20210917_La_1_1448,280,HSL:2252206,Turvesolmu
54720,54720,0,54720,54720,0,False,SCHEDULED,1631912400,HSL:7280_20210917_La_1_1455,280,HSL:2252206,Turvesolmu
58620,58620,0,58620,58620,0,False,SCHEDULED,1631912400,HSL:7280_20210917_La_1_1600,280,HSL:2252206,Turvesolmu
47040,47040,0,47040,47040,0,False,SCHEDULED,1631912400,HSL:2124_20210917_La_2_1303,124,HSL:2422203,Korkoonsilta
48840,48840,0,48840,48840,0,False,SCHEDULED,1631912400,HSL:2124_20210917_La_2_1333,124,HSL:2422203,Korkoonsilta
50640,50640,0,50640,50640,0,False,SCHEDULED,1631912400,HSL:2124_20210917_La_2_1403,124,HSL:2422203,Korkoonsilta
52440,52440,0,52440,52440,0,False,SCHEDULED,1631912400,HSL:2124_20210917_La_2_1433,124,HSL:2422203,Korkoonsilta
54240,54240,0,54240,54240,0,False,SCHEDULED,1631912400,HSL:2124_20210917_La_2_1503,124,HSL:2422203,Korkoonsilta
46260,46337,77,46260,46337,77,True,UPDATED,1631912400,HSL:2124_20210917_La_1_1217,124,HSL:2422202,Hakkapeliitantie
48120,48120,0,48120,48120,0,False,SCHEDULED,1631912400,HSL:2124_20210917_La_1_1247,124,HSL:2422202,Hakkapeliitantie
49920,49920,0,49920,49920,0,False,SCHEDULED,1631912400,HSL:2124_20210917_La_1_1317,124,HSL:2422202,Hakkapeliitantie
51720,51720,0,51720,51720,0,False,SCHEDULED,1631912400,HSL:2124_20210917_La_1_1347,124,HSL:2422202,Hakkapeliitantie
53520,53520,0,53520,53520,0,False,SCHEDULED,1631912400,HSL:2124_20210917_La_1_1417,124,HSL:2422202,Hakkapeliitantie
45480,45480,0,45480,45480,0,True,UPDATED,1631912400,HSL:2113_20210917_La_1_1227,113,HSL:2252201,Laajalahden keskus
46380,46380,0,46380,46380,0,False,SCHEDULED,1631912400,HSL:2113_20210917_La_1_1242,113,HSL:2252201,Laajalahden keskus
47280,47280,0,47280,47280,0,False,SCHEDULED,1631912400,HSL:2113_20210917_La_1_1257,113,HSL:2252201,Laajalahden keskus
48180,48180,0,48180,48180,0,False,SCHEDULED,1631912400,HSL:2113_20210917_La_1_1312,113,HSL:2252201,Laajalahden keskus
49080,49080,0,49080,49080,0,False,SCHEDULED,1631912400,HSL:2113_20210917_La_1_1327,113,HSL:2252201,Laajalahden keskus
46260,46404,144,46260,46404,144,True,UPDATED,1631912400,HSL:2124_20210917_La_1_1217,124,HSL:2422201,Tillintulli
48120,48120,0,48120,48120,0,False,SCHEDULED,1631912400,HSL:2124_20210917_La_1_1247,124,HSL:2422201,Tillintulli
49920,49920,0,49920,49920,0,False,SCHEDULED,1631912400,HSL:2124_20210917_La_1_1317,124,HSL:2422201,Tillintulli
51720,51720,0,51720,51720,0,False,SCHEDULED,1631912400,HSL:2124_20210917_La_1_1347,124,HSL:2422201,Tillintulli
53520,53520,0,53520,53520,0,False,SCHEDULED,1631912400,HSL:2124_20210917_La_1_1417,124,HSL:2422201,Tillintulli
47400,47400,0,47400,47400,0,False,SCHEDULED,1631912400,HSL:7280_20210917_La_1_1255,280,HSL:2252202,Leppäsolmu
50880,50880,0,50880,50880,0,False,SCHEDULED,1631912400,HSL:7280_20210917_La_1_1355,280,HSL:2252202,Leppäsolmu
54180,54180,0,54180,54180,0,False,SCHEDULED,1631912400,HSL:7280_20210917_La_1_1448,280,HSL:2252202,Leppäsolmu
54600,54600,0,54600,54600,0,False,SCHEDULED,1631912400,HSL:7280_20210917_La_1_1455,280,HSL:2252202,Leppäsolmu
58500,58500,0,58500,58500,0,False,SCHEDULED,1631912400,HSL:7280_20210917_La_1_1600,280,HSL:2252202,Leppäsolmu
45720,45720,0,45720,45720,0,True,UPDATED,1631912400,HSL:4570_20210917_La_2_1145,570,HSL:4950211,Rajakyläntie
46320,46351,31,46320,46351,31,True,UPDATED,1631912400,HSL:4570_20210917_La_2_1154,570,HSL:4950211,Rajakyläntie
46920,47100,180,46920,47100,180,True,UPDATED,1631912400,HSL:4570_20210917_La_2_1204,570,HSL:4950211,Rajakyläntie
47520,47579,59,47520,47579,59,True,UPDATED,1631912400,HSL:4570_20210917_La_2_1214,570,HSL:4950211,Rajakyläntie
48120,48120,0,48120,48120,0,True,UPDATED,1631912400,HSL:4570_20210917_La_2_1224,570,HSL:4950211,Rajakyläntie
45360,45389,29,45360,45399,39,True,UPDATED,1631912400,HSL:2111_20210917_La_1_1230,111,HSL:2215299,Kalevanvainio
46260,46260,0,46260,46260,0,False,SCHEDULED,1631912400,HSL:2111_20210917_La_1_1245,111,HSL:2215299,Kalevanvainio
47160,47160,0,47160,47160,0,False,SCHEDULED,1631912400,HSL:2111_20210917_La_1_1300,111,HSL:2215299,Kalevanvainio
48060,48060,0,48060,48060,0,False,SCHEDULED,1631912400,HSL:2111_20210917_La_1_1315,111,HSL:2215299,Kalevanvainio
48960,48960,0,48960,48960,0,False,SCHEDULED,1631912400,HSL:2111_20210917_La_1_1330,111,HSL:2215299,Kalevanvainio
45360,45360,0,45360,45360,0,False,SCHEDULED,1631912400,HSL:1057_20210917_La_1_1228,57,HSL:1362102,Von Daehnin katu
45960,45960,0,45960,45960,0,False,SCHEDULED,1631912400,HSL:1057_20210917_La_1_1238,57,HSL:1362102,Von Daehnin katu
46440,46440,0,46440,46440,0,False,SCHEDULED,1631912400,HSL:1506_20210917_La_1_1250,506,HSL:1362102,Von Daehnin katu
46560,46560,0,46560,46560,0,False,SCHEDULED,1631912400,HSL:1057_20210917_La_1_1248,57,HSL:1362102,Von Daehnin katu
47160,47160,0,47160,47160,0,False,SCHEDULED,1631912400,HSL:1057_20210917_La_1_1258,57,HSL:1362102,Von Daehnin katu
88500,88500,0,88500,88500,0,False,SCHEDULED,1631912400,HSL:1095N_20210917_La_1_2350,95N,HSL:4950213,Rajakylän koulu
90240,90240,0,90240,90240,0,False,SCHEDULED,1631912400,HSL:1095N_20210917_La_1_2420,95N,HSL:4950213,Rajakylän koulu
92040,92040,0,92040,92040,0,False,SCHEDULED,1631912400,HSL:1095N_20210917_La_1_2450,95N,HSL:4950213,Rajakylän koulu
93840,93840,0,93840,93840,0,False,SCHEDULED,1631912400,HSL:1095N_20210917_La_1_2520,95N,HSL:4950213,Rajakylän koulu
95640,95640,0,95640,95640,0,False,SCHEDULED,1631912400,HSL:1095N_20210917_La_1_2550,95N,HSL:4950213,Rajakylän koulu
45420,45647,227,45420,45655,235,True,UPDATED,1631912400,HSL:1057_20210917_La_2_1207,57,HSL:1362103,Von Daehnin katu
45600,45976,376,45600,45996,396,True,UPDATED,1631912400,HSL:1506_20210917_La_2_1154,506,HSL:1362103,Von Daehnin katu
46020,46470,450,46020,46470,450,True,UPDATED,1631912400,HSL:1057_20210917_La_2_1217,57,HSL:1362103,Von Daehnin katu
46680,46705,25,46680,46708,28,True,UPDATED,1631912400,HSL:1057_20210917_La_2_1227,57,HSL:1362103,Von Daehnin katu
46800,46976,176,46800,46993,193,True,UPDATED,1631912400,HSL:1506_20210917_La_2_1214,506,HSL:1362103,Von Daehnin katu
46140,46246,106,46140,46246,106,True,UPDATED,1631912400,HSL:2124_20210917_La_1_1217,124,HSL:2422204,Korkoonsilta
48000,48000,0,48000,48000,0,False,SCHEDULED,1631912400,HSL:2124_20210917_La_1_1247,124,HSL:2422204,Korkoonsilta
49800,49800,0,49800,49800,0,False,SCHEDULED,1631912400,HSL:2124_20210917_La_1_1317,124,HSL:2422204,Korkoonsilta
51600,51600,0,51600,51600,0,False,SCHEDULED,1631912400,HSL:2124_20210917_La_1_1347,124,HSL:2422204,Korkoonsilta
53400,53400,0,53400,53400,0,False,SCHEDULED,1631912400,HSL:2124_20210917_La_1_1417,124,HSL:2422204,Korkoonsilta
45720,45720,0,45720,45720,0,False,SCHEDULED,1631912400,HSL:1057_20210917_La_1_1228,57,HSL:1362116,Tilanhoitajankaari
45780,45760,-20,45780,45786,6,True,UPDATED,1631912400,HSL:1079_20210917_La_2_1208,79,HSL:1362116,Tilanhoitajankaari
46020,46020,0,46020,46020,0,False,SCHEDULED,1631912400,HSL:1078_20210917_La_2_1240,78,HSL:1362116,Tilanhoitajankaari
46320,46320,0,46320,46320,0,False,SCHEDULED,1631912400,HSL:1057_20210917_La_1_1238,57,HSL:1362116,Tilanhoitajankaari
46440,46442,2,46440,46474,34,True,UPDATED,1631912400,HSL:1079_20210917_La_2_1218,79,HSL:1362116,Tilanhoitajankaari
88560,88560,0,88560,88560,0,False,SCHEDULED,1631912400,HSL:1095N_20210917_La_1_2350,95N,HSL:4950207,Rajakyläntie
90300,90300,0,90300,90300,0,False,SCHEDULED,1631912400,HSL:1095N_20210917_La_1_2420,95N,HSL:4950207,Rajakyläntie
92100,92100,0,92100,92100,0,False,SCHEDULED,1631912400,HSL:1095N_20210917_La_1_2450,95N,HSL:4950207,Rajakyläntie
93900,93900,0,93900,93900,0,False,SCHEDULED,1631912400,HSL:1095N_20210917_La_1_2520,95N,HSL:4950207,Rajakyläntie
95700,95700,0,95700,95700,0,False,SCHEDULED,1631912400,HSL:1095N_20210917_La_1_2550,95N,HSL:4950207,Rajakyläntie
45600,45600,0,45600,45600,0,True,UPDATED,1631912400,HSL:4570_20210917_La_1_1235,570,HSL:4950206,Rajakyläntie
46200,46200,0,46200,46200,0,False,SCHEDULED,1631912400,HSL:4570_20210917_La_1_1245,570,HSL:4950206,Rajakyläntie
46800,46800,0,46800,46800,0,False,SCHEDULED,1631912400,HSL:4570_20210917_La_1_1255,570,HSL:4950206,Rajakyläntie
47400,47400,0,47400,47400,0,False,SCHEDULED,1631912400,HSL:4570_20210917_La_1_1305,570,HSL:4950206,Rajakyläntie
48000,48000,0,48000,48000,0,False,SCHEDULED,1631912400,HSL:4570_20210917_La_1_1315,570,HSL:4950206,Rajakyläntie
45060,45343,283,45060,45351,291,True,UPDATED,1631912400,HSL:1057_20210917_La_2_1207,57,HSL:1362118,Latokartano
45420,45483,63,45420,45483,63,True,UPDATED,1631912400,HSL:1079_20210917_La_1_1221,79,HSL:1362118,Latokartano
46020,45995,-25,46020,46073,53,True,UPDATED,1631912400,HSL:1079_20210917_La_1_1231,79,HSL:1362118,Latokartano
46020,46073,53,46020,46082,62,True,UPDATED,1631912400,HSL:1078_20210917_La_1_1221,78,HSL:1362118,Latokartano
45660,46088,428,45660,46259,599,True,UPDATED,1631912400,HSL:1057_20210917_La_2_1217,57,HSL:1362118,Latokartano
45120,45330,210,45120,45342,222,True,UPDATED,1631912400,HSL:2113_20210917_La_2_1214,113,HSL:2215281,Takojantie
45540,45544,4,45540,45552,12,True,UPDATED,1631912400,HSL:2111_20210917_La_1_1230,111,HSL:2215281,Takojantie
46020,46058,38,46020,46067,47,True,UPDATED,1631912400,HSL:2113_20210917_La_2_1229,113,HSL:2215281,Takojantie
46440,46440,0,46440,46440,0,False,SCHEDULED,1631912400,HSL:2111_20210917_La_1_1245,111,HSL:2215281,Takojantie
46920,46920,0,46920,46920,0,False,SCHEDULED,1631912400,HSL:2113_20210917_La_2_1244,113,HSL:2215281,Takojantie
88620,88620,0,88620,88620,0,False,SCHEDULED,1631912400,HSL:1095N_20210917_La_1_2350,95N,HSL:4950209,Kiekkotie
90360,90360,0,90360,90360,0,False,SCHEDULED,1631912400,HSL:1095N_20210917_La_1_2420,95N,HSL:4950209,Kiekkotie
92160,92160,0,92160,92160,0,False,SCHEDULED,1631912400,HSL:1095N_20210917_La_1_2450,95N,HSL:4950209,Kiekkotie
93960,93960,0,93960,93960,0,False,SCHEDULED,1631912400,HSL:1095N_20210917_La_1_2520,95N,HSL:4950209,Kiekkotie
95760,95760,0,95760,95760,0,False,SCHEDULED,1631912400,HSL:1095N_20210917_La_1_2550,95N,HSL:4950209,Kiekkotie
45360,45391,31,45360,45392,32,True,UPDATED,1631912400,HSL:2111_20210917_La_2_1208,111,HSL:2215280,Louhentori
45960,45960,0,45960,45960,0,False,SCHEDULED,1631912400,HSL:2113_20210917_La_1_1242,113,HSL:2215280,Louhentori
46260,46431,171,46260,46431,171,True,UPDATED,1631912400,HSL:2111_20210917_La_2_1223,111,HSL:2215280,Louhentori
46860,46860,0,46860,46860,0,False,SCHEDULED,1631912400,HSL:2113_20210917_La_1_1257,113,HSL:2215280,Louhentori
47160,47160,0,47160,47160,0,True,UPDATED,1631912400,HSL:2111_20210917_La_2_1238,111,HSL:2215280,Louhentori
45540,45540,0,45540,45540,0,False,SCHEDULED,1631912400,HSL:1057_20210917_La_1_1228,57,HSL:1362119,Latokartanonkaari
45600,45627,27,45600,45650,50,True,UPDATED,1631912400,HSL:1079_20210917_La_2_1208,79,HSL:1362119,Latokartanonkaari
45840,45840,0,45840,45840,0,False,SCHEDULED,1631912400,HSL:1078_20210917_La_2_1240,78,HSL:1362119,Latokartanonkaari
46140,46140,0,46140,46140,0,False,SCHEDULED,1631912400,HSL:1057_20210917_La_1_1238,57,HSL:1362119,Latokartanonkaari
46200,46261,61,46200,46261,61,True,UPDATED,1631912400,HSL:1079_20210917_La_2_1218,79,HSL:1362119,Latokartanonkaari
45600,45600,0,45600,45600,0,True,UPDATED,1631912400,HSL:4570_20210917_La_2_1145,570,HSL:4950201,Seivästie
46200,46231,31,46200,46231,31,True,UPDATED,1631912400,HSL:4570_20210917_La_2_1154,570,HSL:4950201,Seivästie
46800,46980,180,46800,46980,180,True,UPDATED,1631912400,HSL:4570_20210917_La_2_1204,570,HSL:4950201,Seivästie
47400,47459,59,47400,47459,59,True,UPDATED,1631912400,HSL:4570_20210917_La_2_1214,570,HSL:4950201,Seivästie
48000,48000,0,48000,48000,0,True,UPDATED,1631912400,HSL:4570_20210917_La_2_1224,570,HSL:4950201,Seivästie
45600,45615,15,45600,45635,35,True,UPDATED,1631912400,HSL:2550_20210917_La_1_1231,550,HSL:1362112,Latokartano
45780,45780,0,45780,45780,0,False,SCHEDULED,1631912400,HSL:1057_20210917_La_1_1228,57,HSL:1362112,Latokartano
46020,46020,0,46020,46020,0,False,SCHEDULED,1631912400,HSL:1078_20210917_La_2_1240,78,HSL:1362112,Latokartano
46200,46200,0,46200,46200,0,True,UPDATED,1631912400,HSL:2550_20210917_La_1_1241,550,HSL:1362112,Latokartano
46380,46380,0,46380,46380,0,False,SCHEDULED,1631912400,HSL:1057_20210917_La_1_1238,57,HSL:1362112,Latokartano
45480,45483,3,45480,45486,6,True,UPDATED,1631912400,HSL:2111_20210917_La_1_1230,111,HSL:2215283,Rauduntie
46380,46380,0,46380,46380,0,False,SCHEDULED,1631912400,HSL:2111_20210917_La_1_1245,111,HSL:2215283,Rauduntie
47280,47280,0,47280,47280,0,False,SCHEDULED,1631912400,HSL:2111_20210917_La_1_1300,111,HSL:2215283,Rauduntie
48180,48180,0,48180,48180,0,False,SCHEDULED,1631912400,HSL:2111_20210917_La_1_1315,111,HSL:2215283,Rauduntie
49080,49080,0,49080,49080,0,False,SCHEDULED,1631912400,HSL:2111_20210917_La_1_1330,111,HSL:2215283,Rauduntie
45480,45467,-13,45480,45474,-6,True,UPDATED,1631912400,HSL:2111_20210917_La_1_1230,111,HSL:2215282,Raudunkulma
46380,46380,0,46380,46380,0,False,SCHEDULED,1631912400,HSL:2111_20210917_La_1_1245,111,HSL:2215282,Raudunkulma
47280,47280,0,47280,47280,0,False,SCHEDULED,1631912400,HSL:2111_20210917_La_1_1300,111,HSL:2215282,Raudunkulma
48180,48180,0,48180,48180,0,False,SCHEDULED,1631912400,HSL:2111_20210917_La_1_1315,111,HSL:2215282,Raudunkulma
49080,49080,0,49080,49080,0,False,SCHEDULED,1631912400,HSL:2111_20210917_La_1_1330,111,HSL:2215282,Raudunkulma
45660,45660,0,45660,45660,0,True,UPDATED,1631912400,HSL:4570_20210917_La_1_1235,570,HSL:4950202,Seivästie
46260,46260,0,46260,46260,0,False,SCHEDULED,1631912400,HSL:4570_20210917_La_1_1245,570,HSL:4950202,Seivästie
46860,46860,0,46860,46860,0,False,SCHEDULED,1631912400,HSL:4570_20210917_La_1_1255,570,HSL:4950202,Seivästie
47460,47460,0,47460,47460,0,False,SCHEDULED,1631912400,HSL:4570_20210917_La_1_1305,570,HSL:4950202,Seivästie
48060,48060,0,48060,48060,0,False,SCHEDULED,1631912400,HSL:4570_20210917_La_1_1315,570,HSL:4950202,Seivästie
45240,45329,89,45240,45342,102,True,UPDATED,1631912400,HSL:1079_20210917_La_2_1158,79,HSL:1362113,Latokartano
45420,45692,272,45420,45692,272,True,UPDATED,1631912400,HSL:2550_20210917_La_2_1139,550,HSL:1362113,Latokartano
45840,45838,-2,45840,45846,6,True,UPDATED,1631912400,HSL:1079_20210917_La_2_1208,79,HSL:1362113,Latokartano
46500,46518,18,46500,46554,54,True,UPDATED,1631912400,HSL:1079_20210917_La_2_1218,79,HSL:1362113,Latokartano
46020,46589,569,46020,46604,584,True,UPDATED,1631912400,HSL:2550_20210917_La_2_1149,550,HSL:1362113,Latokartano
45120,45384,264,45120,45392,272,True,UPDATED,1631912400,HSL:1057_20210917_La_2_1207,57,HSL:1362115,Tilanhoitajankaari
45480,45543,63,45480,45556,76,True,UPDATED,1631912400,HSL:1079_20210917_La_1_1221,79,HSL:1362115,Tilanhoitajankaari
46080,46073,-7,46080,46086,6,True,UPDATED,1631912400,HSL:1079_20210917_La_1_1231,79,HSL:1362115,Tilanhoitajankaari
46080,46121,41,46080,46121,41,True,UPDATED,1631912400,HSL:1078_20210917_La_1_1221,78,HSL:1362115,Tilanhoitajankaari
45720,46259,539,45720,46259,539,True,UPDATED,1631912400,HSL:1057_20210917_La_2_1217,57,HSL:1362115,Tilanhoitajankaari
45420,45467,47,45420,45472,52,True,UPDATED,1631912400,HSL:2111_20210917_La_2_1208,111,HSL:2215284,Rauduntie
46320,46497,177,46320,46503,183,True,UPDATED,1631912400,HSL:2111_20210917_La_2_1223,111,HSL:2215284,Rauduntie
47220,47220,0,47220,47220,0,True,UPDATED,1631912400,HSL:2111_20210917_La_2_1238,111,HSL:2215284,Rauduntie
48120,48120,0,48120,48120,0,False,SCHEDULED,1631912400,HSL:2111_20210917_La_2_1253,111,HSL:2215284,Rauduntie
49080,49080,0,49080,49080,0,False,SCHEDULED,1631912400,HSL:2111_20210917_La_2_1308,111,HSL:2215284,Rauduntie
46320,46320,0,46320,46320,0,False,SCHEDULED,1631912400,HSL:1554_20210917_La_2_1250,554,HSL:1403175,Sidetie
47520,47520,0,47520,47520,0,False,SCHEDULED,1631912400,HSL:1554_20210917_La_2_1310,554,HSL:1403175,Sidetie
48720,48720,0,48720,48720,0,False,SCHEDULED,1631912400,HSL:1554_20210917_La_2_1330,554,HSL:1403175,Sidetie
49920,49920,0,49920,49920,0,False,SCHEDULED,1631912400,HSL:1554_20210917_La_2_1350,554,HSL:1403175,Sidetie
51120,51120,0,51120,51120,0,False,SCHEDULED,1631912400,HSL:1554_20210917_La_2_1410,554,HSL:1403175,Sidetie
45420,45454,34,45420,45494,74,True,UPDATED,1631912400,HSL:2125_20210917_La_2_1230,125,HSL:2434209,Kirkkotaival
45840,45840,0,45840,45840,0,True,UPDATED,1631912400,HSL:2158_20210917_La_2_1236,158,HSL:2434209,Kirkkotaival
46320,46320,0,46320,46320,0,False,SCHEDULED,1631912400,HSL:2125_20210917_La_2_1245,125,HSL:2434209,Kirkkotaival
46740,46740,0,46740,46740,0,False,SCHEDULED,1631912400,HSL:2158_20210917_La_2_1251,158,HSL:2434209,Kirkkotaival
47220,47220,0,47220,47220,0,False,SCHEDULED,1631912400,HSL:2125_20210917_La_2_1300,125,HSL:2434209,Kirkkotaival
45420,45410,-10,45420,45410,-10,True,UPDATED,1631912400,HSL:2111_20210917_La_1_1230,111,HSL:2215235,Keijuniitty
46320,46320,0,46320,46320,0,False,SCHEDULED,1631912400,HSL:2111_20210917_La_1_1245,111,HSL:2215235,Keijuniitty
47220,47220,0,47220,47220,0,False,SCHEDULED,1631912400,HSL:2111_20210917_La_1_1300,111,HSL:2215235,Keijuniitty
48120,48120,0,48120,48120,0,False,SCHEDULED,1631912400,HSL:2111_20210917_La_1_1315,111,HSL:2215235,Keijuniitty
49020,49020,0,49020,49020,0,False,SCHEDULED,1631912400,HSL:2111_20210917_La_1_1330,111,HSL:2215235,Keijuniitty
45240,45287,47,45240,45325,85,True,UPDATED,1631912400,HSL:2125_20210917_La_2_1230,125,HSL:2434203,Sammalvuori
45840,45772,-68,45840,45775,-65,True,UPDATED,1631912400,HSL:2157_20210917_La_1_1231,157,HSL:2434203,Sammalvuori
46080,46080,0,46080,46080,0,False,SCHEDULED,1631912400,HSL:2159_20210917_La_1_1239,159,HSL:2434203,Sammalvuori
46140,46140,0,46140,46140,0,False,SCHEDULED,1631912400,HSL:2125_20210917_La_2_1245,125,HSL:2434203,Sammalvuori
46740,46740,0,46740,46740,0,False,SCHEDULED,1631912400,HSL:2157_20210917_La_1_1246,157,HSL:2434203,Sammalvuori
45180,45378,198,45180,45381,201,True,UPDATED,1631912400,HSL:2125_20210917_La_1_1210,125,HSL:2434204,Vehas
45420,45420,0,45420,45420,0,False,SCHEDULED,1631912400,HSL:2159_20210917_La_2_1231,159,HSL:2434204,Vehas
45540,45556,16,45540,45556,16,True,UPDATED,1631912400,HSL:2157_20210917_La_2_1234,157,HSL:2434204,Vehas
46320,46320,0,46320,46320,0,False,SCHEDULED,1631912400,HSL:2159_20210917_La_2_1246,159,HSL:2434204,Vehas
46080,46388,308,46080,46390,310,True,UPDATED,1631912400,HSL:2125_20210917_La_1_1225,125,HSL:2434204,Vehas
45240,45328,88,45240,45347,107,True,UPDATED,1631912400,HSL:2159_20210917_La_1_1224,159,HSL:2434201,Vehas
45600,45591,-9,45600,45591,-9,True,UPDATED,1631912400,HSL:2158_20210917_La_1_1223,158,HSL:2434201,Vehas
45900,45813,-87,45900,45813,-87,True,UPDATED,1631912400,HSL:2157_20210917_La_1_1231,157,HSL:2434201,Vehas
46140,46140,0,46140,46140,0,False,SCHEDULED,1631912400,HSL:2159_20210917_La_1_1239,159,HSL:2434201,Vehas
46500,46500,0,46500,46500,0,False,SCHEDULED,1631912400,HSL:2158_20210917_La_1_1238,158,HSL:2434201,Vehas
45360,45360,0,45360,45360,0,False,SCHEDULED,1631912400,HSL:2159_20210917_La_2_1231,159,HSL:2434202,Oxfot
45480,45496,16,45480,45496,16,True,UPDATED,1631912400,HSL:2157_20210917_La_2_1234,157,HSL:2434202,Oxfot
45660,45660,0,45660,45660,0,True,UPDATED,1631912400,HSL:2158_20210917_La_2_1236,158,HSL:2434202,Oxfot
46260,46260,0,46260,46260,0,False,SCHEDULED,1631912400,HSL:2159_20210917_La_2_1246,159,HSL:2434202,Oxfot
46380,46380,0,46380,46380,0,False,SCHEDULED,1631912400,HSL:2157_20210917_La_2_1249,157,HSL:2434202,Oxfot
45360,45406,46,45360,45433,73,True,UPDATED,1631912400,HSL:2125_20210917_La_2_1230,125,HSL:2434207,Haltiankaari
45780,45780,0,45780,45780,0,True,UPDATED,1631912400,HSL:2158_20210917_La_2_1236,158,HSL:2434207,Haltiankaari
46260,46260,0,46260,46260,0,False,SCHEDULED,1631912400,HSL:2125_20210917_La_2_1245,125,HSL:2434207,Haltiankaari
46680,46680,0,46680,46680,0,False,SCHEDULED,1631912400,HSL:2158_20210917_La_2_1251,158,HSL:2434207,Haltiankaari
47160,47160,0,47160,47160,0,False,SCHEDULED,1631912400,HSL:2125_20210917_La_2_1300,125,HSL:2434207,Haltiankaari
45480,45477,-3,45480,45480,0,True,UPDATED,1631912400,HSL:2158_20210917_La_1_1223,158,HSL:2434208,Kirkkotaival
45960,46260,300,45960,46265,305,True,UPDATED,1631912400,HSL:2125_20210917_La_1_1225,125,HSL:2434208,Kirkkotaival
46380,46380,0,46380,46380,0,False,SCHEDULED,1631912400,HSL:2158_20210917_La_1_1238,158,HSL:2434208,Kirkkotaival
46860,46860,0,46860,46860,0,False,SCHEDULED,1631912400,HSL:2125_20210917_La_1_1240,125,HSL:2434208,Kirkkotaival
47280,47280,0,47280,47280,0,False,SCHEDULED,1631912400,HSL:2158_20210917_La_1_1253,158,HSL:2434208,Kirkkotaival
45480,45498,18,45480,45498,18,True,UPDATED,1631912400,HSL:1020_20210917_La_2_1203,20,HSL:1050110,Merimiehenkatu
45900,45900,0,45900,45900,0,False,SCHEDULED,1631912400,HSL:1030_20210917_La_2_1151,30,HSL:1050110,Merimiehenkatu
46320,46410,90,46320,46410,90,True,UPDATED,1631912400,HSL:1020_20210917_La_2_1217,20,HSL:1050110,Merimiehenkatu
46800,47062,262,46800,47062,262,True,UPDATED,1631912400,HSL:1030_20210917_La_2_1206,30,HSL:1050110,Merimiehenkatu
47220,47260,40,47220,47260,40,True,UPDATED,1631912400,HSL:1020_20210917_La_2_1232,20,HSL:1050110,Merimiehenkatu
45540,45612,72,45540,45627,87,True,UPDATED,1631912400,HSL:1554_20210917_La_1_1213,554,HSL:1403170,Yläkaskentie
46740,46791,51,46740,46805,65,True,UPDATED,1631912400,HSL:1554_20210917_La_1_1233,554,HSL:1403170,Yläkaskentie
47940,47940,0,47940,47940,0,False,SCHEDULED,1631912400,HSL:1554_20210917_La_1_1253,554,HSL:1403170,Yläkaskentie
49140,49140,0,49140,49140,0,False,SCHEDULED,1631912400,HSL:1554_20210917_La_1_1313,554,HSL:1403170,Yläkaskentie
50340,50340,0,50340,50340,0,False,SCHEDULED,1631912400,HSL:1554_20210917_La_1_1333,554,HSL:1403170,Yläkaskentie
45360,45360,0,45360,45406,46,True,UPDATED,1631912400,HSL:2125_20210917_La_2_1230,125,HSL:2434205,Vehas
45720,45720,0,45720,45720,0,True,UPDATED,1631912400,HSL:2158_20210917_La_2_1236,158,HSL:2434205,Vehas
46260,46260,0,46260,46260,0,False,SCHEDULED,1631912400,HSL:2125_20210917_La_2_1245,125,HSL:2434205,Vehas
46620,46620,0,46620,46620,0,False,SCHEDULED,1631912400,HSL:2158_20210917_La_2_1251,158,HSL:2434205,Vehas
47160,47160,0,47160,47160,0,False,SCHEDULED,1631912400,HSL:2125_20210917_La_2_1300,125,HSL:2434205,Vehas
88020,88020,0,88020,88020,0,False,SCHEDULED,1631912400,HSL:1061N_20210917_La_1_2345,61N,HSL:1403172,Sidekuja
89820,89820,0,89820,89820,0,False,SCHEDULED,1631912400,HSL:1061N_20210917_La_1_2415,61N,HSL:1403172,Sidekuja
91620,91620,0,91620,91620,0,False,SCHEDULED,1631912400,HSL:1061N_20210917_La_1_2445,61N,HSL:1403172,Sidekuja
93360,93360,0,93360,93360,0,False,SCHEDULED,1631912400,HSL:1061N_20210917_La_1_2515,61N,HSL:1403172,Sidekuja
95160,95160,0,95160,95160,0,False,SCHEDULED,1631912400,HSL:1061N_20210917_La_1_2545,61N,HSL:1403172,Sidekuja
45180,45341,161,45180,45346,166,True,UPDATED,1631912400,HSL:2125_20210917_La_1_1210,125,HSL:2434206,Haltiankaari
45540,45539,-1,45540,45543,3,True,UPDATED,1631912400,HSL:2158_20210917_La_1_1223,158,HSL:2434206,Haltiankaari
46080,46302,222,46080,46307,227,True,UPDATED,1631912400,HSL:2125_20210917_La_1_1225,125,HSL:2434206,Haltiankaari
46440,46440,0,46440,46440,0,False,SCHEDULED,1631912400,HSL:2158_20210917_La_1_1238,158,HSL:2434206,Haltiankaari
46980,46980,0,46980,46980,0,False,SCHEDULED,1631912400,HSL:2125_20210917_La_1_1240,125,HSL:2434206,Haltiankaari
85380,85380,0,85380,85380,0,False,SCHEDULED,1631912400,HSL:1095N_20210917_La_2_2333,95N,HSL:1452106,Rusthollarintie
86640,86640,0,86640,86640,0,False,SCHEDULED,1631912400,HSL:1090N_20210917_La_1_2339,90N,HSL:1452106,Rusthollarintie
86940,86940,0,86940,86940,0,False,SCHEDULED,1631912400,HSL:1096N_20210917_La_1_2349,96N,HSL:1452106,Rusthollarintie
87780,87780,0,87780,87780,0,False,SCHEDULED,1631912400,HSL:1095N_20210917_La_2_2413,95N,HSL:1452106,Rusthollarintie
87840,87840,0,87840,87840,0,False,SCHEDULED,1631912400,HSL:1090N_20210917_La_1_2359,90N,HSL:1452106,Rusthollarintie
45480,45489,9,45480,45494,14,True,UPDATED,1631912400,HSL:2111_20210917_La_2_1208,111,HSL:2215232,Keijuniitty
46380,46530,150,46380,46536,156,True,UPDATED,1631912400,HSL:2111_20210917_La_2_1223,111,HSL:2215232,Keijuniitty
47280,47280,0,47280,47280,0,True,UPDATED,1631912400,HSL:2111_20210917_La_2_1238,111,HSL:2215232,Keijuniitty
48180,48180,0,48180,48180,0,False,SCHEDULED,1631912400,HSL:2111_20210917_La_2_1253,111,HSL:2215232,Keijuniitty
49140,49140,0,49140,49140,0,False,SCHEDULED,1631912400,HSL:2111_20210917_La_2_1308,111,HSL:2215232,Keijuniitty
84300,84300,0,84300,84300,0,False,SCHEDULED,1631912400,HSL:1090N_20210917_La_2_2311,90N,HSL:1452105,Rusthollarintie
85140,85140,0,85140,85140,0,False,SCHEDULED,1631912400,HSL:1096N_20210917_La_2_2321,96N,HSL:1452105,Rusthollarintie
85740,85740,0,85740,85740,0,False,SCHEDULED,1631912400,HSL:1090A_20210917_La_2_2338,90A,HSL:1452105,Rusthollarintie
86100,86100,0,86100,86100,0,False,SCHEDULED,1631912400,HSL:1090N_20210917_La_2_2341,90N,HSL:1452105,Rusthollarintie
86940,86940,0,86940,86940,0,False,SCHEDULED,1631912400,HSL:1096N_20210917_La_2_2351,96N,HSL:1452105,Rusthollarintie
45900,45938,38,45900,45943,43,True,UPDATED,1631912400,HSL:2113_20210917_La_2_1229,113,HSL:2215231,Kivennapa
46800,46800,0,46800,46800,0,False,SCHEDULED,1631912400,HSL:2113_20210917_La_2_1244,113,HSL:2215231,Kivennapa
47760,47760,0,47760,47760,0,False,SCHEDULED,1631912400,HSL:2113_20210917_La_2_1259,113,HSL:2215231,Kivennapa
48660,48660,0,48660,48660,0,False,SCHEDULED,1631912400,HSL:2113_20210917_La_2_1314,113,HSL:2215231,Kivennapa
49560,49560,0,49560,49560,0,False,SCHEDULED,1631912400,HSL:2113_20210917_La_2_1329,113,HSL:2215231,Kivennapa
46380,46380,0,46380,46380,0,False,SCHEDULED,1631912400,HSL:1098_20210917_La_1_1247,98,HSL:1452104,Meripellontie
47580,47580,0,47580,47580,0,False,SCHEDULED,1631912400,HSL:1098_20210917_La_1_1307,98,HSL:1452104,Meripellontie
48840,48840,0,48840,48840,0,False,SCHEDULED,1631912400,HSL:1098_20210917_La_1_1327,98,HSL:1452104,Meripellontie
50040,50040,0,50040,50040,0,False,SCHEDULED,1631912400,HSL:1098_20210917_La_1_1347,98,HSL:1452104,Meripellontie
51240,51240,0,51240,51240,0,False,SCHEDULED,1631912400,HSL:1098_20210917_La_1_1407,98,HSL:1452104,Meripellontie
84240,84240,0,84240,84240,0,False,SCHEDULED,1631912400,HSL:1090N_20210917_La_2_2311,90N,HSL:1452103,Meripellontie
85080,85080,0,85080,85080,0,False,SCHEDULED,1631912400,HSL:1096N_20210917_La_2_2321,96N,HSL:1452103,Meripellontie
85740,85740,0,85740,85740,0,False,SCHEDULED,1631912400,HSL:1090A_20210917_La_2_2338,90A,HSL:1452103,Meripellontie
86040,86040,0,86040,86040,0,False,SCHEDULED,1631912400,HSL:1090N_20210917_La_2_2341,90N,HSL:1452103,Meripellontie
86880,86880,0,86880,86880,0,False,SCHEDULED,1631912400,HSL:1096N_20210917_La_2_2351,96N,HSL:1452103,Meripellontie
45840,45888,48,45840,45890,50,True,UPDATED,1631912400,HSL:2113_20210917_La_2_1229,113,HSL:2215233,Muolaanpuisto
46740,46740,0,46740,46740,0,False,SCHEDULED,1631912400,HSL:2113_20210917_La_2_1244,113,HSL:2215233,Muolaanpuisto
47700,47700,0,47700,47700,0,False,SCHEDULED,1631912400,HSL:2113_20210917_La_2_1259,113,HSL:2215233,Muolaanpuisto
48600,48600,0,48600,48600,0,False,SCHEDULED,1631912400,HSL:2113_20210917_La_2_1314,113,HSL:2215233,Muolaanpuisto
49500,49500,0,49500,49500,0,False,SCHEDULED,1631912400,HSL:2113_20210917_La_2_1329,113,HSL:2215233,Muolaanpuisto
45540,45558,18,45540,45558,18,True,UPDATED,1631912400,HSL:1020_20210917_La_2_1203,20,HSL:1050109,Viiskulma
45960,45960,0,45960,45960,0,False,SCHEDULED,1631912400,HSL:1030_20210917_La_2_1151,30,HSL:1050109,Viiskulma
46380,46470,90,46380,46470,90,True,UPDATED,1631912400,HSL:1020_20210917_La_2_1217,20,HSL:1050109,Viiskulma
46860,47122,262,46860,47122,262,True,UPDATED,1631912400,HSL:1030_20210917_La_2_1206,30,HSL:1050109,Viiskulma
47280,47320,40,47280,47320,40,True,UPDATED,1631912400,HSL:1020_20210917_La_2_1232,20,HSL:1050109,Viiskulma
46440,46440,0,46440,46440,0,False,SCHEDULED,1631912400,HSL:1098_20210917_La_1_1247,98,HSL:1452102,Vuosaaren silta
47640,47640,0,47640,47640,0,False,SCHEDULED,1631912400,HSL:1098_20210917_La_1_1307,98,HSL:1452102,Vuosaaren silta
48900,48900,0,48900,48900,0,False,SCHEDULED,1631912400,HSL:1098_20210917_La_1_1327,98,HSL:1452102,Vuosaaren silta
50100,50100,0,50100,50100,0,False,SCHEDULED,1631912400,HSL:1098_20210917_La_1_1347,98,HSL:1452102,Vuosaaren silta
51300,51300,0,51300,51300,0,False,SCHEDULED,1631912400,HSL:1098_20210917_La_1_1407,98,HSL:1452102,Vuosaaren silta
45660,45660,0,45660,45660,0,False,SCHEDULED,1631912400,HSL:1098_20210917_La_2_1239,98,HSL:1452101,Vuosaaren silta
46860,46860,0,46860,46860,0,False,SCHEDULED,1631912400,HSL:1098_20210917_La_2_1259,98,HSL:1452101,Vuosaaren silta
48060,48060,0,48060,48060,0,False,SCHEDULED,1631912400,HSL:1098_20210917_La_2_1319,98,HSL:1452101,Vuosaaren silta
49260,49260,0,49260,49260,0,False,SCHEDULED,1631912400,HSL:1098_20210917_La_2_1339,98,HSL:1452101,Vuosaaren silta
50460,50460,0,50460,50460,0,False,SCHEDULED,1631912400,HSL:1098_20210917_La_2_1359,98,HSL:1452101,Vuosaaren silta
46080,46080,0,46080,46080,0,False,SCHEDULED,1631912400,HSL:2113_20210917_La_1_1242,113,HSL:2215230,Kivennapa
46980,46980,0,46980,46980,0,False,SCHEDULED,1631912400,HSL:2113_20210917_La_1_1257,113,HSL:2215230,Kivennapa
47880,47880,0,47880,47880,0,False,SCHEDULED,1631912400,HSL:2113_20210917_La_1_1312,113,HSL:2215230,Kivennapa
48780,48780,0,48780,48780,0,False,SCHEDULED,1631912400,HSL:2113_20210917_La_1_1327,113,HSL:2215230,Kivennapa
49680,49680,0,49680,49680,0,False,SCHEDULED,1631912400,HSL:2113_20210917_La_1_1342,113,HSL:2215230,Kivennapa
46260,46260,0,46260,46260,0,False,SCHEDULED,1631912400,HSL:1554_20210917_La_2_1250,554,HSL:1403164,Kotinummentie
46320,46320,0,46320,46320,0,False,SCHEDULED,1631912400,HSL:1073_20210917_La_2_1241,73,HSL:1403164,Kotinummentie
47460,47460,0,47460,47460,0,False,SCHEDULED,1631912400,HSL:1554_20210917_La_2_1310,554,HSL:1403164,Kotinummentie
47520,47520,0,47520,47520,0,False,SCHEDULED,1631912400,HSL:1073_20210917_La_2_1301,73,HSL:1403164,Kotinummentie
48660,48660,0,48660,48660,0,False,SCHEDULED,1631912400,HSL:1554_20210917_La_2_1330,554,HSL:1403164,Kotinummentie
45900,45975,75,45900,45978,78,True,UPDATED,1631912400,HSL:2113_20210917_La_2_1229,113,HSL:2215229,Uudenkirkontie
46800,46800,0,46800,46800,0,False,SCHEDULED,1631912400,HSL:2113_20210917_La_2_1244,113,HSL:2215229,Uudenkirkontie
47760,47760,0,47760,47760,0,False,SCHEDULED,1631912400,HSL:2113_20210917_La_2_1259,113,HSL:2215229,Uudenkirkontie
48660,48660,0,48660,48660,0,False,SCHEDULED,1631912400,HSL:2113_20210917_La_2_1314,113,HSL:2215229,Uudenkirkontie
49560,49560,0,49560,49560,0,False,SCHEDULED,1631912400,HSL:2113_20210917_La_2_1329,113,HSL:2215229,Uudenkirkontie
46020,46020,0,46020,46020,0,False,SCHEDULED,1631912400,HSL:2113_20210917_La_1_1242,113,HSL:2215228,Uudenkirkontie
46920,46920,0,46920,46920,0,False,SCHEDULED,1631912400,HSL:2113_20210917_La_1_1257,113,HSL:2215228,Uudenkirkontie
47820,47820,0,47820,47820,0,False,SCHEDULED,1631912400,HSL:2113_20210917_La_1_1312,113,HSL:2215228,Uudenkirkontie
48720,48720,0,48720,48720,0,False,SCHEDULED,1631912400,HSL:2113_20210917_La_1_1327,113,HSL:2215228,Uudenkirkontie
49620,49620,0,49620,49620,0,False,SCHEDULED,1631912400,HSL:2113_20210917_La_1_1342,113,HSL:2215228,Uudenkirkontie
46380,46380,0,46380,46380,0,False,SCHEDULED,1631912400,HSL:1554_20210917_La_2_1250,554,HSL:1403166,Yrttimaantie 65
47580,47580,0,47580,47580,0,False,SCHEDULED,1631912400,HSL:1554_20210917_La_2_1310,554,HSL:1403166,Yrttimaantie 65
48780,48780,0,48780,48780,0,False,SCHEDULED,1631912400,HSL:1554_20210917_La_2_1330,554,HSL:1403166,Yrttimaantie 65
49980,49980,0,49980,49980,0,False,SCHEDULED,1631912400,HSL:1554_20210917_La_2_1350,554,HSL:1403166,Yrttimaantie 65
51180,51180,0,51180,51180,0,False,SCHEDULED,1631912400,HSL:1554_20210917_La_2_1410,554,HSL:1403166,Yrttimaantie 65
45600,45668,68,45600,45677,77,True,UPDATED,1631912400,HSL:1554_20210917_La_1_1213,554,HSL:1403168,Yläkaskenkuja
46800,46847,47,46800,46855,55,True,UPDATED,1631912400,HSL:1554_20210917_La_1_1233,554,HSL:1403168,Yläkaskenkuja
48000,48000,0,48000,48000,0,False,SCHEDULED,1631912400,HSL:1554_20210917_La_1_1253,554,HSL:1403168,Yläkaskenkuja
49200,49200,0,49200,49200,0,False,SCHEDULED,1631912400,HSL:1554_20210917_La_1_1313,554,HSL:1403168,Yläkaskenkuja
50400,50400,0,50400,50400,0,False,SCHEDULED,1631912400,HSL:1554_20210917_La_1_1333,554,HSL:1403168,Yläkaskenkuja
46440,46440,0,46440,46440,0,False,SCHEDULED,1631912400,HSL:1554_20210917_La_2_1250,554,HSL:1403167,Yläkaskenkuja
47640,47640,0,47640,47640,0,False,SCHEDULED,1631912400,HSL:1554_20210917_La_2_1310,554,HSL:1403167,Yläkaskenkuja
48840,48840,0,48840,48840,0,False,SCHEDULED,1631912400,HSL:1554_20210917_La_2_1330,554,HSL:1403167,Yläkaskenkuja
50040,50040,0,50040,50040,0,False,SCHEDULED,1631912400,HSL:1554_20210917_La_2_1350,554,HSL:1403167,Yläkaskenkuja
51240,51240,0,51240,51240,0,False,SCHEDULED,1631912400,HSL:1554_20210917_La_2_1410,554,HSL:1403167,Yläkaskenkuja
46140,46140,0,46140,46140,0,False,SCHEDULED,1631912400,HSL:2113_20210917_La_1_1242,113,HSL:2215224,Muolaanpuisto
47040,47040,0,47040,47040,0,False,SCHEDULED,1631912400,HSL:2113_20210917_La_1_1257,113,HSL:2215224,Muolaanpuisto
47940,47940,0,47940,47940,0,False,SCHEDULED,1631912400,HSL:2113_20210917_La_1_1312,113,HSL:2215224,Muolaanpuisto
48840,48840,0,48840,48840,0,False,SCHEDULED,1631912400,HSL:2113_20210917_La_1_1327,113,HSL:2215224,Muolaanpuisto
49740,49740,0,49740,49740,0,False,SCHEDULED,1631912400,HSL:2113_20210917_La_1_1342,113,HSL:2215224,Muolaanpuisto
45960,46006,46,45960,46012,52,True,UPDATED,1631912400,HSL:2113_20210917_La_2_1229,113,HSL:2215227,Terijoentie
46860,46860,0,46860,46860,0,False,SCHEDULED,1631912400,HSL:2113_20210917_La_2_1244,113,HSL:2215227,Terijoentie
47820,47820,0,47820,47820,0,False,SCHEDULED,1631912400,HSL:2113_20210917_La_2_1259,113,HSL:2215227,Terijoentie
48720,48720,0,48720,48720,0,False,SCHEDULED,1631912400,HSL:2113_20210917_La_2_1314,113,HSL:2215227,Terijoentie
49620,49620,0,49620,49620,0,False,SCHEDULED,1631912400,HSL:2113_20210917_La_2_1329,113,HSL:2215227,Terijoentie
45300,45303,3,45300,45322,22,True,UPDATED,1631912400,HSL:1554_20210917_La_2_1230,554,HSL:1403169,Yläkaskentie
46500,46500,0,46500,46500,0,False,SCHEDULED,1631912400,HSL:1554_20210917_La_2_1250,554,HSL:1403169,Yläkaskentie
47700,47700,0,47700,47700,0,False,SCHEDULED,1631912400,HSL:1554_20210917_La_2_1310,554,HSL:1403169,Yläkaskentie
48900,48900,0,48900,48900,0,False,SCHEDULED,1631912400,HSL:1554_20210917_La_2_1330,554,HSL:1403169,Yläkaskentie
50100,50100,0,50100,50100,0,False,SCHEDULED,1631912400,HSL:1554_20210917_La_2_1350,554,HSL:1403169,Yläkaskentie
46020,46020,0,46020,46020,0,False,SCHEDULED,1631912400,HSL:2113_20210917_La_1_1242,113,HSL:2215226,Terijoentie
46920,46920,0,46920,46920,0,False,SCHEDULED,1631912400,HSL:2113_20210917_La_1_1257,113,HSL:2215226,Terijoentie
47820,47820,0,47820,47820,0,False,SCHEDULED,1631912400,HSL:2113_20210917_La_1_1312,113,HSL:2215226,Terijoentie
48720,48720,0,48720,48720,0,False,SCHEDULED,1631912400,HSL:2113_20210917_La_1_1327,113,HSL:2215226,Terijoentie
49620,49620,0,49620,49620,0,False,SCHEDULED,1631912400,HSL:2113_20210917_La_1_1342,113,HSL:2215226,Terijoentie
45180,45387,207,45180,45398,218,True,UPDATED,1631912400,HSL:2113_20210917_La_2_1214,113,HSL:2215221,Pohjantori
45600,45593,-7,45600,45598,-2,True,UPDATED,1631912400,HSL:2111_20210917_La_1_1230,111,HSL:2215221,Pohjantori
46080,46109,29,46080,46117,37,True,UPDATED,1631912400,HSL:2113_20210917_La_2_1229,113,HSL:2215221,Pohjantori
46500,46500,0,46500,46500,0,False,SCHEDULED,1631912400,HSL:2111_20210917_La_1_1245,111,HSL:2215221,Pohjantori
46980,46980,0,46980,46980,0,False,SCHEDULED,1631912400,HSL:2113_20210917_La_2_1244,113,HSL:2215221,Pohjantori
46860,46860,0,46860,46860,0,False,SCHEDULED,1631912400,HSL:7456A_20210917_La_1_1230,456A,HSL:5000230,Metsäkyläntie
47760,47760,0,47760,47760,0,False,SCHEDULED,1631912400,HSL:7455A_20210917_La_1_1245,455A,HSL:5000230,Metsäkyläntie
51960,51960,0,51960,51960,0,False,SCHEDULED,1631912400,HSL:7457A_20210917_La_1_1355,457A,HSL:5000230,Metsäkyläntie
54960,54960,0,54960,54960,0,False,SCHEDULED,1631912400,HSL:7455_20210917_La_1_1445,455,HSL:5000230,Metsäkyläntie
57360,57360,0,57360,57360,0,False,SCHEDULED,1631912400,HSL:7456_20210917_La_1_1525,456,HSL:5000230,Metsäkyläntie
45300,45334,34,45300,45339,39,True,UPDATED,1631912400,HSL:2111_20210917_La_2_1208,111,HSL:2215220,Pohjantori
45900,45900,0,45900,45900,0,False,SCHEDULED,1631912400,HSL:2113_20210917_La_1_1242,113,HSL:2215220,Pohjantori
46200,46384,184,46200,46390,190,True,UPDATED,1631912400,HSL:2111_20210917_La_2_1223,111,HSL:2215220,Pohjantori
46800,46800,0,46800,46800,0,False,SCHEDULED,1631912400,HSL:2113_20210917_La_1_1257,113,HSL:2215220,Pohjantori
47100,47100,0,47100,47100,0,True,UPDATED,1631912400,HSL:2111_20210917_La_2_1238,111,HSL:2215220,Pohjantori
47040,47040,0,47040,47040,0,False,SCHEDULED,1631912400,HSL:2124_20210917_La_2_1303,124,HSL:2422212,Tillinkuja
48840,48840,0,48840,48840,0,False,SCHEDULED,1631912400,HSL:2124_20210917_La_2_1333,124,HSL:2422212,Tillinkuja
50640,50640,0,50640,50640,0,False,SCHEDULED,1631912400,HSL:2124_20210917_La_2_1403,124,HSL:2422212,Tillinkuja
52440,52440,0,52440,52440,0,False,SCHEDULED,1631912400,HSL:2124_20210917_La_2_1433,124,HSL:2422212,Tillinkuja
54240,54240,0,54240,54240,0,False,SCHEDULED,1631912400,HSL:2124_20210917_La_2_1503,124,HSL:2422212,Tillinkuja
45360,45370,10,45360,45391,31,True,UPDATED,1631912400,HSL:2111_20210917_La_2_1208,111,HSL:2215222,Takojantie
45960,45960,0,45960,45960,0,False,SCHEDULED,1631912400,HSL:2113_20210917_La_1_1242,113,HSL:2215222,Takojantie
46260,46425,165,46260,46431,171,True,UPDATED,1631912400,HSL:2111_20210917_La_2_1223,111,HSL:2215222,Takojantie
46860,46860,0,46860,46860,0,False,SCHEDULED,1631912400,HSL:2113_20210917_La_1_1257,113,HSL:2215222,Takojantie
47160,47160,0,47160,47160,0,True,UPDATED,1631912400,HSL:2111_20210917_La_2_1238,111,HSL:2215222,Takojantie
46200,46290,90,46200,46290,90,True,UPDATED,1631912400,HSL:2124_20210917_La_1_1217,124,HSL:2422211,Tillinkuja
48060,48060,0,48060,48060,0,False,SCHEDULED,1631912400,HSL:2124_20210917_La_1_1247,124,HSL:2422211,Tillinkuja
49860,49860,0,49860,49860,0,False,SCHEDULED,1631912400,HSL:2124_20210917_La_1_1317,124,HSL:2422211,Tillinkuja
51660,51660,0,51660,51660,0,False,SCHEDULED,1631912400,HSL:2124_20210917_La_1_1347,124,HSL:2422211,Tillinkuja
53460,53460,0,53460,53460,0,False,SCHEDULED,1631912400,HSL:2124_20210917_La_1_1417,124,HSL:2422211,Tillinkuja
46320,46320,0,46320,46320,0,False,SCHEDULED,1631912400,HSL:1073_20210917_La_2_1241,73,HSL:1403197,Sidetie
47520,47520,0,47520,47520,0,False,SCHEDULED,1631912400,HSL:1073_20210917_La_2_1301,73,HSL:1403197,Sidetie
48720,48720,0,48720,48720,0,False,SCHEDULED,1631912400,HSL:1073_20210917_La_2_1321,73,HSL:1403197,Sidetie
49920,49920,0,49920,49920,0,False,SCHEDULED,1631912400,HSL:1073_20210917_La_2_1341,73,HSL:1403197,Sidetie
51120,51120,0,51120,51120,0,False,SCHEDULED,1631912400,HSL:1073_20210917_La_2_1401,73,HSL:1403197,Sidetie
45480,45480,0,45480,45480,0,True,UPDATED,1631912400,HSL:2549_20210917_La_1_1235,549,HSL:2215257,Pohjankulma
45960,45960,0,45960,45960,0,False,SCHEDULED,1631912400,HSL:2548_20210917_La_1_1243,548,HSL:2215257,Pohjankulma
46380,46380,0,46380,46380,0,False,SCHEDULED,1631912400,HSL:2549_20210917_La_1_1250,549,HSL:2215257,Pohjankulma
46860,46860,0,46860,46860,0,False,SCHEDULED,1631912400,HSL:2548_20210917_La_1_1258,548,HSL:2215257,Pohjankulma
47280,47280,0,47280,47280,0,False,SCHEDULED,1631912400,HSL:2549_20210917_La_1_1305,549,HSL:2215257,Pohjankulma
45360,45491,131,45360,45497,137,True,UPDATED,1631912400,HSL:2549_20210917_La_2_1214,549,HSL:2215259,Tuohimäki
45780,45772,-8,45780,45776,-4,True,UPDATED,1631912400,HSL:2548_20210917_La_2_1215,548,HSL:2215259,Tuohimäki
46260,46306,46,46260,46312,52,True,UPDATED,1631912400,HSL:2549_20210917_La_2_1229,549,HSL:2215259,Tuohimäki
46680,46717,37,46680,46722,42,True,UPDATED,1631912400,HSL:2548_20210917_La_2_1230,548,HSL:2215259,Tuohimäki
47160,47160,0,47160,47160,0,False,SCHEDULED,1631912400,HSL:2549_20210917_La_2_1244,549,HSL:2215259,Tuohimäki
45720,45616,-104,45720,45622,-98,True,UPDATED,1631912400,HSL:2157_20210917_La_1_1231,157,HSL:2434225,Nöykkiönpuro
46080,46140,60,46080,46145,65,True,UPDATED,1631912400,HSL:2124K_20210917_La_1_1232,124K,HSL:2434225,Nöykkiönpuro
46620,46620,0,46620,46620,0,False,SCHEDULED,1631912400,HSL:2157_20210917_La_1_1246,157,HSL:2434225,Nöykkiönpuro
46980,46980,0,46980,46980,0,False,SCHEDULED,1631912400,HSL:2124_20210917_La_1_1247,124,HSL:2434225,Nöykkiönpuro
47520,47520,0,47520,47520,0,False,SCHEDULED,1631912400,HSL:2157_20210917_La_1_1301,157,HSL:2434225,Nöykkiönpuro
45300,45401,101,45300,45423,123,True,UPDATED,1631912400,HSL:2124K_20210917_La_2_1218,124K,HSL:2434229,Sillankorva
45720,45736,16,45720,45736,16,True,UPDATED,1631912400,HSL:2157_20210917_La_2_1234,157,HSL:2434229,Sillankorva
46200,46200,0,46200,46200,0,False,SCHEDULED,1631912400,HSL:2124_20210917_La_2_1233,124,HSL:2434229,Sillankorva
46620,46620,0,46620,46620,0,False,SCHEDULED,1631912400,HSL:2157_20210917_La_2_1249,157,HSL:2434229,Sillankorva
47100,47100,0,47100,47100,0,False,SCHEDULED,1631912400,HSL:2124K_20210917_La_2_1248,124K,HSL:2434229,Sillankorva
46380,46380,0,46380,46380,0,False,SCHEDULED,1631912400,HSL:1073_20210917_La_2_1241,73,HSL:1403195,Kottaraistie
47580,47580,0,47580,47580,0,False,SCHEDULED,1631912400,HSL:1073_20210917_La_2_1301,73,HSL:1403195,Kottaraistie
48780,48780,0,48780,48780,0,False,SCHEDULED,1631912400,HSL:1073_20210917_La_2_1321,73,HSL:1403195,Kottaraistie
49980,49980,0,49980,49980,0,False,SCHEDULED,1631912400,HSL:1073_20210917_La_2_1341,73,HSL:1403195,Kottaraistie
51180,51180,0,51180,51180,0,False,SCHEDULED,1631912400,HSL:1073_20210917_La_2_1401,73,HSL:1403195,Kottaraistie
45360,45423,63,45360,45452,92,True,UPDATED,1631912400,HSL:2124K_20210917_La_2_1218,124K,HSL:2434227,Järvisilta
45720,45736,16,45720,45736,16,True,UPDATED,1631912400,HSL:2157_20210917_La_2_1234,157,HSL:2434227,Järvisilta
46260,46260,0,46260,46260,0,False,SCHEDULED,1631912400,HSL:2124_20210917_La_2_1233,124,HSL:2434227,Järvisilta
46620,46620,0,46620,46620,0,False,SCHEDULED,1631912400,HSL:2157_20210917_La_2_1249,157,HSL:2434227,Järvisilta
47160,47160,0,47160,47160,0,False,SCHEDULED,1631912400,HSL:2124K_20210917_La_2_1248,124K,HSL:2434227,Järvisilta
45720,45659,-61,45720,45662,-58,True,UPDATED,1631912400,HSL:2157_20210917_La_1_1231,157,HSL:2434228,Järvisilta
46140,46183,43,46140,46185,45,True,UPDATED,1631912400,HSL:2124K_20210917_La_1_1232,124K,HSL:2434228,Järvisilta
46620,46620,0,46620,46620,0,False,SCHEDULED,1631912400,HSL:2157_20210917_La_1_1246,157,HSL:2434228,Järvisilta
47040,47040,0,47040,47040,0,False,SCHEDULED,1631912400,HSL:2124_20210917_La_1_1247,124,HSL:2434228,Järvisilta
47520,47520,0,47520,47520,0,False,SCHEDULED,1631912400,HSL:2157_20210917_La_1_1301,157,HSL:2434228,Järvisilta
45840,45989,149,45840,45998,158,True,UPDATED,1631912400,HSL:1073_20210917_La_1_1213,73,HSL:1403194,Kottaraistie
47040,47150,110,47040,47160,120,True,UPDATED,1631912400,HSL:1073_20210917_La_1_1232,73,HSL:1403194,Kottaraistie
48240,48240,0,48240,48240,0,False,SCHEDULED,1631912400,HSL:1073_20210917_La_1_1252,73,HSL:1403194,Kottaraistie
49440,49440,0,49440,49440,0,False,SCHEDULED,1631912400,HSL:1073_20210917_La_1_1312,73,HSL:1403194,Kottaraistie
50640,50640,0,50640,50640,0,False,SCHEDULED,1631912400,HSL:1073_20210917_La_1_1332,73,HSL:1403194,Kottaraistie
46980,46980,0,46980,46980,0,False,SCHEDULED,1631912400,HSL:7455A_20210917_La_2_1303,455A,HSL:5000229,Metsäkyläntie
49980,49980,0,49980,49980,0,False,SCHEDULED,1631912400,HSL:7455A_20210917_La_2_1353,455A,HSL:5000229,Metsäkyläntie
52680,52680,0,52680,52680,0,False,SCHEDULED,1631912400,HSL:7457_20210917_La_2_1438,457,HSL:5000229,Metsäkyläntie
56340,56340,0,56340,56340,0,False,SCHEDULED,1631912400,HSL:7457A_20210917_La_2_1539,457A,HSL:5000229,Metsäkyläntie
59040,59040,0,59040,59040,0,False,SCHEDULED,1631912400,HSL:7455_20210917_La_2_1624,455,HSL:5000229,Metsäkyläntie
45360,45435,75,45360,45435,75,True,UPDATED,1631912400,HSL:1083_20210917_La_2_1236,83,HSL:1440101,Väylänsuu
45360,45435,75,45360,45451,91,True,UPDATED,1631912400,HSL:1083_20210917_La_1_1231,83,HSL:1440101,Väylänsuu
46260,46260,0,46260,46260,0,False,SCHEDULED,1631912400,HSL:1083_20210917_La_2_1251,83,HSL:1440101,Väylänsuu
46260,46260,0,46260,46260,0,False,SCHEDULED,1631912400,HSL:1083_20210917_La_1_1246,83,HSL:1440101,Väylänsuu
47160,47160,0,47160,47160,0,False,SCHEDULED,1631912400,HSL:1083_20210917_La_2_1306,83,HSL:1440101,Väylänsuu
79260,79260,0,79260,79260,0,False,SCHEDULED,1631912400,HSL:1082B_20210917_La_2_2150,82B,HSL:1440102,Väylänsuu
81060,81060,0,81060,81060,0,False,SCHEDULED,1631912400,HSL:1082B_20210917_La_2_2220,82B,HSL:1440102,Väylänsuu
82860,82860,0,82860,82860,0,False,SCHEDULED,1631912400,HSL:1082B_20210917_La_2_2250,82B,HSL:1440102,Väylänsuu
84600,84600,0,84600,84600,0,False,SCHEDULED,1631912400,HSL:1082B_20210917_La_2_2320,82B,HSL:1440102,Väylänsuu
86220,86220,0,86220,86220,0,False,SCHEDULED,1631912400,HSL:1095N_20210917_La_2_2333,95N,HSL:1440102,Väylänsuu
45420,45471,51,45420,45477,57,True,UPDATED,1631912400,HSL:1083_20210917_La_2_1236,83,HSL:1440103,Kummeltie
46320,46320,0,46320,46320,0,False,SCHEDULED,1631912400,HSL:1083_20210917_La_2_1251,83,HSL:1440103,Kummeltie
47220,47220,0,47220,47220,0,False,SCHEDULED,1631912400,HSL:1083_20210917_La_2_1306,83,HSL:1440103,Kummeltie
48120,48120,0,48120,48120,0,False,SCHEDULED,1631912400,HSL:1083_20210917_La_2_1321,83,HSL:1440103,Kummeltie
49020,49020,0,49020,49020,0,False,SCHEDULED,1631912400,HSL:1083_20210917_La_2_1336,83,HSL:1440103,Kummeltie
79200,79200,0,79200,79200,0,False,SCHEDULED,1631912400,HSL:1082B_20210917_La_2_2150,82B,HSL:1440104,Kummeltie
81000,81000,0,81000,81000,0,False,SCHEDULED,1631912400,HSL:1082B_20210917_La_2_2220,82B,HSL:1440104,Kummeltie
82800,82800,0,82800,82800,0,False,SCHEDULED,1631912400,HSL:1082B_20210917_La_2_2250,82B,HSL:1440104,Kummeltie
84540,84540,0,84540,84540,0,False,SCHEDULED,1631912400,HSL:1082B_20210917_La_2_2320,82B,HSL:1440104,Kummeltie
86160,86160,0,86160,86160,0,False,SCHEDULED,1631912400,HSL:1095N_20210917_La_2_2333,95N,HSL:1440104,Kummeltie
45480,45509,29,45480,45524,44,True,UPDATED,1631912400,HSL:1083_20210917_La_2_1236,83,HSL:1440105,Leppisaarenkuja
46380,46380,0,46380,46380,0,False,SCHEDULED,1631912400,HSL:1083_20210917_La_2_1251,83,HSL:1440105,Leppisaarenkuja
47280,47280,0,47280,47280,0,False,SCHEDULED,1631912400,HSL:1083_20210917_La_2_1306,83,HSL:1440105,Leppisaarenkuja
48180,48180,0,48180,48180,0,False,SCHEDULED,1631912400,HSL:1083_20210917_La_2_1321,83,HSL:1440105,Leppisaarenkuja
49080,49080,0,49080,49080,0,False,SCHEDULED,1631912400,HSL:1083_20210917_La_2_1336,83,HSL:1440105,Leppisaarenkuja
79200,79200,0,79200,79200,0,False,SCHEDULED,1631912400,HSL:1082B_20210917_La_2_2150,82B,HSL:1440106,Leppisaarenkuja
81000,81000,0,81000,81000,0,False,SCHEDULED,1631912400,HSL:1082B_20210917_La_2_2220,82B,HSL:1440106,Leppisaarenkuja
82800,82800,0,82800,82800,0,False,SCHEDULED,1631912400,HSL:1082B_20210917_La_2_2250,82B,HSL:1440106,Leppisaarenkuja
84540,84540,0,84540,84540,0,False,SCHEDULED,1631912400,HSL:1082B_20210917_La_2_2320,82B,HSL:1440106,Leppisaarenkuja
86160,86160,0,86160,86160,0,False,SCHEDULED,1631912400,HSL:1095N_20210917_La_2_2333,95N,HSL:1440106,Leppisaarenkuja
45600,45600,0,45600,45600,0,True,UPDATED,1631912400,HSL:2549_20210917_La_1_1235,549,HSL:2215254,Visamäki
45960,45960,0,45960,45960,0,False,SCHEDULED,1631912400,HSL:2114_20210917_La_1_1238,114,HSL:2215254,Visamäki
46080,46080,0,46080,46080,0,False,SCHEDULED,1631912400,HSL:2548_20210917_La_1_1243,548,HSL:2215254,Visamäki
46500,46500,0,46500,46500,0,False,SCHEDULED,1631912400,HSL:2549_20210917_La_1_1250,549,HSL:2215254,Visamäki
46860,46860,0,46860,46860,0,False,SCHEDULED,1631912400,HSL:2114_20210917_La_1_1253,114,HSL:2215254,Visamäki
45480,45556,76,45480,45573,93,True,UPDATED,1631912400,HSL:1083_20210917_La_2_1236,83,HSL:1440107,Pellonperäntie
46380,46380,0,46380,46380,0,False,SCHEDULED,1631912400,HSL:1083_20210917_La_2_1251,83,HSL:1440107,Pellonperäntie
47280,47280,0,47280,47280,0,False,SCHEDULED,1631912400,HSL:1083_20210917_La_2_1306,83,HSL:1440107,Pellonperäntie
48180,48180,0,48180,48180,0,False,SCHEDULED,1631912400,HSL:1083_20210917_La_2_1321,83,HSL:1440107,Pellonperäntie
49080,49080,0,49080,49080,0,False,SCHEDULED,1631912400,HSL:1083_20210917_La_2_1336,83,HSL:1440107,Pellonperäntie
45540,45540,0,45540,45540,0,True,UPDATED,1631912400,HSL:2549_20210917_La_1_1235,549,HSL:2215253,Koivu-Mankkaa
45900,45900,0,45900,45900,0,False,SCHEDULED,1631912400,HSL:2114_20210917_La_1_1238,114,HSL:2215253,Koivu-Mankkaa
46020,46020,0,46020,46020,0,False,SCHEDULED,1631912400,HSL:2548_20210917_La_1_1243,548,HSL:2215253,Koivu-Mankkaa
46440,46440,0,46440,46440,0,False,SCHEDULED,1631912400,HSL:2549_20210917_La_1_1250,549,HSL:2215253,Koivu-Mankkaa
46800,46800,0,46800,46800,0,False,SCHEDULED,1631912400,HSL:2114_20210917_La_1_1253,114,HSL:2215253,Koivu-Mankkaa
79140,79140,0,79140,79140,0,False,SCHEDULED,1631912400,HSL:1082B_20210917_La_2_2150,82B,HSL:1440108,Pellonperäntie
80940,80940,0,80940,80940,0,False,SCHEDULED,1631912400,HSL:1082B_20210917_La_2_2220,82B,HSL:1440108,Pellonperäntie
82740,82740,0,82740,82740,0,False,SCHEDULED,1631912400,HSL:1082B_20210917_La_2_2250,82B,HSL:1440108,Pellonperäntie
84480,84480,0,84480,84480,0,False,SCHEDULED,1631912400,HSL:1082B_20210917_La_2_2320,82B,HSL:1440108,Pellonperäntie
86100,86100,0,86100,86100,0,False,SCHEDULED,1631912400,HSL:1095N_20210917_La_2_2333,95N,HSL:1440108,Pellonperäntie
45540,45609,69,45540,45625,85,True,UPDATED,1631912400,HSL:1083_20210917_La_2_1236,83,HSL:1440109,Mäntypaadentie
46440,46440,0,46440,46440,0,False,SCHEDULED,1631912400,HSL:1083_20210917_La_2_1251,83,HSL:1440109,Mäntypaadentie
47340,47340,0,47340,47340,0,False,SCHEDULED,1631912400,HSL:1083_20210917_La_2_1306,83,HSL:1440109,Mäntypaadentie
48240,48240,0,48240,48240,0,False,SCHEDULED,1631912400,HSL:1083_20210917_La_2_1321,83,HSL:1440109,Mäntypaadentie
49140,49140,0,49140,49140,0,False,SCHEDULED,1631912400,HSL:1083_20210917_La_2_1336,83,HSL:1440109,Mäntypaadentie
45300,45404,104,45300,45412,112,True,UPDATED,1631912400,HSL:2549_20210917_La_2_1214,549,HSL:2215255,Visamäki
45720,45695,-25,45720,45695,-25,True,UPDATED,1631912400,HSL:2548_20210917_La_2_1215,548,HSL:2215255,Visamäki
45840,45896,56,45840,45900,60,True,UPDATED,1631912400,HSL:2114_20210917_La_2_1225,114,HSL:2215255,Visamäki
46200,46226,26,46200,46232,32,True,UPDATED,1631912400,HSL:2549_20210917_La_2_1229,549,HSL:2215255,Visamäki
46620,46634,14,46620,46642,22,True,UPDATED,1631912400,HSL:2548_20210917_La_2_1230,548,HSL:2215255,Visamäki
45960,46002,42,45960,46006,46,True,UPDATED,1631912400,HSL:2114_20210917_La_2_1225,114,HSL:2215252,Koivuviita
46860,46860,0,46860,46860,0,False,SCHEDULED,1631912400,HSL:2114_20210917_La_2_1240,114,HSL:2215252,Koivuviita
47760,47760,0,47760,47760,0,False,SCHEDULED,1631912400,HSL:2114_20210917_La_2_1255,114,HSL:2215252,Koivuviita
48660,48660,0,48660,48660,0,False,SCHEDULED,1631912400,HSL:2114_20210917_La_2_1310,114,HSL:2215252,Koivuviita
49560,49560,0,49560,49560,0,False,SCHEDULED,1631912400,HSL:2114_20210917_La_2_1325,114,HSL:2215252,Koivuviita
45600,45600,0,45600,45600,0,True,UPDATED,1631912400,HSL:1030_20210917_La_1_1237,30,HSL:1050108,Viiskulma
46080,46080,0,46080,46080,0,False,SCHEDULED,1631912400,HSL:1020_20210917_La_1_1245,20,HSL:1050108,Viiskulma
46500,46500,0,46500,46500,0,False,SCHEDULED,1631912400,HSL:1030_20210917_La_1_1252,30,HSL:1050108,Viiskulma
46980,46980,0,46980,46980,0,False,SCHEDULED,1631912400,HSL:1020_20210917_La_1_1300,20,HSL:1050108,Viiskulma
47400,47400,0,47400,47400,0,False,SCHEDULED,1631912400,HSL:1030_20210917_La_1_1307,30,HSL:1050108,Viiskulma
46320,46258,-62,46320,46309,-11,True,UPDATED,1631912400,HSL:1022_20210917_La_2_1230,22,HSL:1050107,Iso Roobertinkatu
47520,47520,0,47520,47520,0,False,SCHEDULED,1631912400,HSL:1022_20210917_La_2_1250,22,HSL:1050107,Iso Roobertinkatu
48720,48720,0,48720,48720,0,False,SCHEDULED,1631912400,HSL:1022_20210917_La_2_1310,22,HSL:1050107,Iso Roobertinkatu
49920,49920,0,49920,49920,0,False,SCHEDULED,1631912400,HSL:1022_20210917_La_2_1330,22,HSL:1050107,Iso Roobertinkatu
51120,51120,0,51120,51120,0,False,SCHEDULED,1631912400,HSL:1022_20210917_La_2_1350,22,HSL:1050107,Iso Roobertinkatu
45660,45660,0,45660,45660,0,True,UPDATED,1631912400,HSL:1030_20210917_La_1_1237,30,HSL:1050106,Iso Roobertinkatu
46140,46140,0,46140,46140,0,False,SCHEDULED,1631912400,HSL:1020_20210917_La_1_1245,20,HSL:1050106,Iso Roobertinkatu
46320,46320,0,46320,46320,0,False,SCHEDULED,1631912400,HSL:1022_20210917_La_1_1251,22,HSL:1050106,Iso Roobertinkatu
46560,46560,0,46560,46560,0,False,SCHEDULED,1631912400,HSL:1030_20210917_La_1_1252,30,HSL:1050106,Iso Roobertinkatu
47040,47040,0,47040,47040,0,False,SCHEDULED,1631912400,HSL:1020_20210917_La_1_1300,20,HSL:1050106,Iso Roobertinkatu
46260,46260,0,46260,46260,0,False,SCHEDULED,1631912400,HSL:1022_20210917_La_1_1251,22,HSL:1050105,Fredrikintori
46380,46349,-31,46380,46349,-31,True,UPDATED,1631912400,HSL:1022_20210917_La_2_1230,22,HSL:1050105,Fredrikintori
47460,47460,0,47460,47460,0,False,SCHEDULED,1631912400,HSL:1022_20210917_La_1_1311,22,HSL:1050105,Fredrikintori
47580,47580,0,47580,47580,0,False,SCHEDULED,1631912400,HSL:1022_20210917_La_2_1250,22,HSL:1050105,Fredrikintori
48660,48660,0,48660,48660,0,False,SCHEDULED,1631912400,HSL:1022_20210917_La_1_1331,22,HSL:1050105,Fredrikintori
46020,45953,-67,46020,45955,-65,True,UPDATED,1631912400,HSL:2157_20210917_La_1_1231,157,HSL:2434214,Kyläkartano
46920,46920,0,46920,46920,0,False,SCHEDULED,1631912400,HSL:2157_20210917_La_1_1246,157,HSL:2434214,Kyläkartano
47820,47820,0,47820,47820,0,False,SCHEDULED,1631912400,HSL:2157_20210917_La_1_1301,157,HSL:2434214,Kyläkartano
48720,48720,0,48720,48720,0,False,SCHEDULED,1631912400,HSL:2157_20210917_La_1_1316,157,HSL:2434214,Kyläkartano
49620,49620,0,49620,49620,0,False,SCHEDULED,1631912400,HSL:2157_20210917_La_1_1331,157,HSL:2434214,Kyläkartano
46080,45982,-98,46080,45988,-92,True,UPDATED,1631912400,HSL:2157_20210917_La_1_1231,157,HSL:2434212,Kaskihaka
46980,46980,0,46980,46980,0,False,SCHEDULED,1631912400,HSL:2157_20210917_La_1_1246,157,HSL:2434212,Kaskihaka
47880,47880,0,47880,47880,0,False,SCHEDULED,1631912400,HSL:2157_20210917_La_1_1301,157,HSL:2434212,Kaskihaka
48780,48780,0,48780,48780,0,False,SCHEDULED,1631912400,HSL:2157_20210917_La_1_1316,157,HSL:2434212,Kaskihaka
49680,49680,0,49680,49680,0,False,SCHEDULED,1631912400,HSL:2157_20210917_La_1_1331,157,HSL:2434212,Kaskihaka
45420,45436,16,45420,45436,16,True,UPDATED,1631912400,HSL:2157_20210917_La_2_1234,157,HSL:2434213,Kyläkartano
46320,46320,0,46320,46320,0,False,SCHEDULED,1631912400,HSL:2157_20210917_La_2_1249,157,HSL:2434213,Kyläkartano
47220,47220,0,47220,47220,0,False,SCHEDULED,1631912400,HSL:2157_20210917_La_2_1304,157,HSL:2434213,Kyläkartano
48120,48120,0,48120,48120,0,False,SCHEDULED,1631912400,HSL:2157_20210917_La_2_1319,157,HSL:2434213,Kyläkartano
49020,49020,0,49020,49020,0,False,SCHEDULED,1631912400,HSL:2157_20210917_La_2_1334,157,HSL:2434213,Kyläkartano
45660,45660,0,45660,45660,0,True,UPDATED,1631912400,HSL:2158_20210917_La_2_1236,158,HSL:2434211,Isokivi
45900,46001,101,45900,46003,103,True,UPDATED,1631912400,HSL:2542_20210917_La_1_1229,542,HSL:2434211,Isokivi
46560,46560,0,46560,46560,0,False,SCHEDULED,1631912400,HSL:2158_20210917_La_2_1251,158,HSL:2434211,Isokivi
46800,46800,0,46800,46800,0,False,SCHEDULED,1631912400,HSL:2542_20210917_La_1_1244,542,HSL:2434211,Isokivi
47460,47460,0,47460,47460,0,False,SCHEDULED,1631912400,HSL:2158_20210917_La_2_1306,158,HSL:2434211,Isokivi
45360,45382,22,45360,45388,28,True,UPDATED,1631912400,HSL:2158_20210917_La_1_1223,158,HSL:2434245,Reittimäki
45900,46144,244,45900,46153,253,True,UPDATED,1631912400,HSL:2125_20210917_La_1_1225,125,HSL:2434245,Reittimäki
46260,46260,0,46260,46260,0,False,SCHEDULED,1631912400,HSL:2158_20210917_La_1_1238,158,HSL:2434245,Reittimäki
46800,46800,0,46800,46800,0,False,SCHEDULED,1631912400,HSL:2125_20210917_La_1_1240,125,HSL:2434245,Reittimäki
47160,47160,0,47160,47160,0,False,SCHEDULED,1631912400,HSL:2158_20210917_La_1_1253,158,HSL:2434245,Reittimäki
45540,45553,13,45540,45600,60,True,UPDATED,1631912400,HSL:2125_20210917_La_2_1230,125,HSL:2434246,Reittimäki
45960,45960,0,45960,45960,0,True,UPDATED,1631912400,HSL:2158_20210917_La_2_1236,158,HSL:2434246,Reittimäki
46440,46440,0,46440,46440,0,False,SCHEDULED,1631912400,HSL:2125_20210917_La_2_1245,125,HSL:2434246,Reittimäki
46860,46860,0,46860,46860,0,False,SCHEDULED,1631912400,HSL:2158_20210917_La_2_1251,158,HSL:2434246,Reittimäki
47340,47340,0,47340,47340,0,False,SCHEDULED,1631912400,HSL:2125_20210917_La_2_1300,125,HSL:2434246,Reittimäki
47940,47940,0,47940,47940,0,False,SCHEDULED,1631912400,HSL:4332_20210917_La_2_1306,332,HSL:4130298,Kierrekuja
51540,51540,0,51540,51540,0,False,SCHEDULED,1631912400,HSL:4332_20210917_La_2_1406,332,HSL:4130298,Kierrekuja
55140,55140,0,55140,55140,0,False,SCHEDULED,1631912400,HSL:4332_20210917_La_2_1506,332,HSL:4130298,Kierrekuja
58740,58740,0,58740,58740,0,False,SCHEDULED,1631912400,HSL:4332_20210917_La_2_1606,332,HSL:4130298,Kierrekuja
62340,62340,0,62340,62340,0,False,SCHEDULED,1631912400,HSL:4332_20210917_La_2_1706,332,HSL:4130298,Kierrekuja
45480,45506,26,45480,45553,73,True,UPDATED,1631912400,HSL:2125_20210917_La_2_1230,125,HSL:2434244,Kiertotie
45900,45900,0,45900,45900,0,True,UPDATED,1631912400,HSL:2158_20210917_La_2_1236,158,HSL:2434244,Kiertotie
46380,46380,0,46380,46380,0,False,SCHEDULED,1631912400,HSL:2125_20210917_La_2_1245,125,HSL:2434244,Kiertotie
46800,46800,0,46800,46800,0,False,SCHEDULED,1631912400,HSL:2158_20210917_La_2_1251,158,HSL:2434244,Kiertotie
47280,47280,0,47280,47280,0,False,SCHEDULED,1631912400,HSL:2125_20210917_La_2_1300,125,HSL:2434244,Kiertotie
46260,46260,0,46260,46260,0,False,SCHEDULED,1631912400,HSL:2246K_20210917_La_1_1242,246K,HSL:2633202,Vesirattaanmäki
49860,49860,0,49860,49860,0,False,SCHEDULED,1631912400,HSL:2246K_20210917_La_1_1342,246K,HSL:2633202,Vesirattaanmäki
53460,53460,0,53460,53460,0,False,SCHEDULED,1631912400,HSL:2246K_20210917_La_1_1442,246K,HSL:2633202,Vesirattaanmäki
57060,57060,0,57060,57060,0,False,SCHEDULED,1631912400,HSL:2246K_20210917_La_1_1542,246K,HSL:2633202,Vesirattaanmäki
60660,60660,0,60660,60660,0,False,SCHEDULED,1631912400,HSL:2246K_20210917_La_1_1642,246K,HSL:2633202,Vesirattaanmäki
45660,45644,-16,45660,45648,-12,True,UPDATED,1631912400,HSL:2158_20210917_La_1_1223,158,HSL:2434232,Oxfot
45840,45903,63,45840,45932,92,True,UPDATED,1631912400,HSL:2542_20210917_La_2_1222,542,HSL:2434232,Oxfot
46560,46560,0,46560,46560,0,False,SCHEDULED,1631912400,HSL:2158_20210917_La_1_1238,158,HSL:2434232,Oxfot
46740,46740,0,46740,46740,0,False,SCHEDULED,1631912400,HSL:2542_20210917_La_2_1237,542,HSL:2434232,Oxfot
47460,47460,0,47460,47460,0,False,SCHEDULED,1631912400,HSL:2158_20210917_La_1_1253,158,HSL:2434232,Oxfot
45780,46037,257,45780,46045,265,True,UPDATED,1631912400,HSL:2125_20210917_La_1_1225,125,HSL:2434233,Eestinlaakso
46200,46200,0,46200,46200,0,False,SCHEDULED,1631912400,HSL:2158_20210917_La_1_1238,158,HSL:2434233,Eestinlaakso
46680,46680,0,46680,46680,0,False,SCHEDULED,1631912400,HSL:2125_20210917_La_1_1240,125,HSL:2434233,Eestinlaakso
47100,47100,0,47100,47100,0,False,SCHEDULED,1631912400,HSL:2158_20210917_La_1_1253,158,HSL:2434233,Eestinlaakso
47580,47580,0,47580,47580,0,False,SCHEDULED,1631912400,HSL:2125_20210917_La_1_1255,125,HSL:2434233,Eestinlaakso
45240,45306,66,45240,45309,69,True,UPDATED,1631912400,HSL:2124_20210917_La_1_1217,124,HSL:2434230,Sillankorva
45780,45684,-96,45780,45687,-93,True,UPDATED,1631912400,HSL:2157_20210917_La_1_1231,157,HSL:2434230,Sillankorva
46200,46234,34,46200,46238,38,True,UPDATED,1631912400,HSL:2124K_20210917_La_1_1232,124K,HSL:2434230,Sillankorva
46680,46680,0,46680,46680,0,False,SCHEDULED,1631912400,HSL:2157_20210917_La_1_1246,157,HSL:2434230,Sillankorva
47100,47100,0,47100,47100,0,False,SCHEDULED,1631912400,HSL:2124_20210917_La_1_1247,124,HSL:2434230,Sillankorva
45300,45395,95,45300,45403,103,True,UPDATED,1631912400,HSL:2159_20210917_La_1_1224,159,HSL:2434231,Oxfot
45960,45863,-97,45960,45871,-89,True,UPDATED,1631912400,HSL:2157_20210917_La_1_1231,157,HSL:2434231,Oxfot
45960,46053,93,45960,46084,124,True,UPDATED,1631912400,HSL:2542_20210917_La_1_1229,542,HSL:2434231,Oxfot
46200,46200,0,46200,46200,0,False,SCHEDULED,1631912400,HSL:2159_20210917_La_1_1239,159,HSL:2434231,Oxfot
46860,46860,0,46860,46860,0,False,SCHEDULED,1631912400,HSL:2157_20210917_La_1_1246,157,HSL:2434231,Oxfot
46200,46171,-29,46200,46212,12,True,UPDATED,1631912400,HSL:1022_20210917_La_2_1230,22,HSL:1050132,Hietalahdentori
47400,47400,0,47400,47400,0,False,SCHEDULED,1631912400,HSL:1022_20210917_La_2_1250,22,HSL:1050132,Hietalahdentori
48600,48600,0,48600,48600,0,False,SCHEDULED,1631912400,HSL:1022_20210917_La_2_1310,22,HSL:1050132,Hietalahdentori
49800,49800,0,49800,49800,0,False,SCHEDULED,1631912400,HSL:1022_20210917_La_2_1330,22,HSL:1050132,Hietalahdentori
51000,51000,0,51000,51000,0,False,SCHEDULED,1631912400,HSL:1022_20210917_La_2_1350,22,HSL:1050132,Hietalahdentori
45300,45364,64,45300,45364,64,True,UPDATED,1631912400,HSL:3001I_20210917_La_1_1226,I,HSL:1285501,Oulunkylä
45600,45628,28,45600,45628,28,True,UPDATED,1631912400,HSL:3001K_20210917_La_1_1231,K,HSL:1285501,Oulunkylä
45900,45900,0,45900,45900,0,False,SCHEDULED,1631912400,HSL:3001I_20210917_La_1_1236,I,HSL:1285501,Oulunkylä
46200,46200,0,46200,46200,0,False,SCHEDULED,1631912400,HSL:3001K_20210917_La_1_1241,K,HSL:1285501,Oulunkylä
46500,46500,0,46500,46500,0,False,SCHEDULED,1631912400,HSL:3001I_20210917_La_1_1246,I,HSL:1285501,Oulunkylä
45660,45621,-39,45660,45621,-39,True,UPDATED,1631912400,HSL:2244_20210917_La_2_1217,244,HSL:2633222,Ylämyllyntie
46800,46800,0,46800,46800,0,True,UPDATED,1631912400,HSL:2245A_20210917_La_2_1234,245A,HSL:2633222,Ylämyllyntie
48660,48660,0,48660,48660,0,False,SCHEDULED,1631912400,HSL:2245A_20210917_La_2_1304,245A,HSL:2633222,Ylämyllyntie
49320,49320,0,49320,49320,0,False,SCHEDULED,1631912400,HSL:2244_20210917_La_2_1318,244,HSL:2633222,Ylämyllyntie
50520,50520,0,50520,50520,0,False,SCHEDULED,1631912400,HSL:2245A_20210917_La_2_1335,245A,HSL:2633222,Ylämyllyntie
46200,46200,0,46200,46200,0,False,SCHEDULED,1631912400,HSL:2244_20210917_La_1_1243,244,HSL:2633220,Ylämyllyntie
47040,47040,0,47040,47040,0,False,SCHEDULED,1631912400,HSL:2245A_20210917_La_1_1256,245A,HSL:2633220,Ylämyllyntie
48780,48780,0,48780,48780,0,False,SCHEDULED,1631912400,HSL:2245A_20210917_La_1_1325,245A,HSL:2633220,Ylämyllyntie
49860,49860,0,49860,49860,0,False,SCHEDULED,1631912400,HSL:2244_20210917_La_1_1344,244,HSL:2633220,Ylämyllyntie
50640,50640,0,50640,50640,0,False,SCHEDULED,1631912400,HSL:2245A_20210917_La_1_1356,245A,HSL:2633220,Ylämyllyntie
45420,45429,9,45420,45436,16,True,UPDATED,1631912400,HSL:2158_20210917_La_1_1223,158,HSL:2434250,Kiertotie
45960,46190,230,45960,46198,238,True,UPDATED,1631912400,HSL:2125_20210917_La_1_1225,125,HSL:2434250,Kiertotie
46320,46320,0,46320,46320,0,False,SCHEDULED,1631912400,HSL:2158_20210917_La_1_1238,158,HSL:2434250,Kiertotie
46860,46860,0,46860,46860,0,False,SCHEDULED,1631912400,HSL:2125_20210917_La_1_1240,125,HSL:2434250,Kiertotie
47220,47220,0,47220,47220,0,False,SCHEDULED,1631912400,HSL:2158_20210917_La_1_1253,158,HSL:2434250,Kiertotie
46680,46747,67,46680,46749,69,True,UPDATED,1631912400,HSL:4571_20210917_La_2_1211,571,HSL:4690201,Ylästöntie
48480,48480,0,48480,48480,0,False,SCHEDULED,1631912400,HSL:4571_20210917_La_2_1241,571,HSL:4690201,Ylästöntie
50280,50280,0,50280,50280,0,False,SCHEDULED,1631912400,HSL:4571_20210917_La_2_1311,571,HSL:4690201,Ylästöntie
52080,52080,0,52080,52080,0,False,SCHEDULED,1631912400,HSL:4571_20210917_La_2_1341,571,HSL:4690201,Ylästöntie
53820,53820,0,53820,53820,0,False,SCHEDULED,1631912400,HSL:4571_20210917_La_2_1411,571,HSL:4690201,Ylästöntie
48480,48480,0,48480,48480,0,False,SCHEDULED,1631912400,HSL:6243_20210917_La_1_1310,243,HSL:2645201,Ämmässuo
52080,52080,0,52080,52080,0,False,SCHEDULED,1631912400,HSL:6243_20210917_La_1_1410,243,HSL:2645201,Ämmässuo
55680,55680,0,55680,55680,0,False,SCHEDULED,1631912400,HSL:6243_20210917_La_1_1510,243,HSL:2645201,Ämmässuo
59280,59280,0,59280,59280,0,False,SCHEDULED,1631912400,HSL:6243_20210917_La_1_1610,243,HSL:2645201,Ämmässuo
62880,62880,0,62880,62880,0,False,SCHEDULED,1631912400,HSL:6243_20210917_La_1_1710,243,HSL:2645201,Ämmässuo
45960,45956,-4,45960,45986,26,True,UPDATED,1631912400,HSL:4571_20210917_La_1_1228,571,HSL:4690205,Helsinge skola
47760,47760,0,47760,47760,0,False,SCHEDULED,1631912400,HSL:4571_20210917_La_1_1258,571,HSL:4690205,Helsinge skola
49560,49560,0,49560,49560,0,False,SCHEDULED,1631912400,HSL:4571_20210917_La_1_1328,571,HSL:4690205,Helsinge skola
51360,51360,0,51360,51360,0,False,SCHEDULED,1631912400,HSL:4571_20210917_La_1_1358,571,HSL:4690205,Helsinge skola
53100,53100,0,53100,53100,0,False,SCHEDULED,1631912400,HSL:4571_20210917_La_1_1428,571,HSL:4690205,Helsinge skola
46860,46860,0,46860,46860,0,False,SCHEDULED,1631912400,HSL:6243_20210917_La_2_1246,243,HSL:2645202,Ämmässuo
50460,50460,0,50460,50460,0,False,SCHEDULED,1631912400,HSL:6243_20210917_La_2_1346,243,HSL:2645202,Ämmässuo
54060,54060,0,54060,54060,0,False,SCHEDULED,1631912400,HSL:6243_20210917_La_2_1446,243,HSL:2645202,Ämmässuo
57660,57660,0,57660,57660,0,False,SCHEDULED,1631912400,HSL:6243_20210917_La_2_1546,243,HSL:2645202,Ämmässuo
61260,61260,0,61260,61260,0,False,SCHEDULED,1631912400,HSL:6243_20210917_La_2_1646,243,HSL:2645202,Ämmässuo
45900,45894,-6,45900,45903,3,True,UPDATED,1631912400,HSL:4571_20210917_La_1_1228,571,HSL:4690204,Hels.pit. kirkko
47700,47700,0,47700,47700,0,False,SCHEDULED,1631912400,HSL:4571_20210917_La_1_1258,571,HSL:4690204,Hels.pit. kirkko
49500,49500,0,49500,49500,0,False,SCHEDULED,1631912400,HSL:4571_20210917_La_1_1328,571,HSL:4690204,Hels.pit. kirkko
51300,51300,0,51300,51300,0,False,SCHEDULED,1631912400,HSL:4571_20210917_La_1_1358,571,HSL:4690204,Hels.pit. kirkko
53040,53040,0,53040,53040,0,False,SCHEDULED,1631912400,HSL:4571_20210917_La_1_1428,571,HSL:4690204,Hels.pit. kirkko
46740,46769,29,46740,46775,35,True,UPDATED,1631912400,HSL:4571_20210917_La_2_1211,571,HSL:4690203,Hels.pit. kirkko
48540,48540,0,48540,48540,0,False,SCHEDULED,1631912400,HSL:4571_20210917_La_2_1241,571,HSL:4690203,Hels.pit. kirkko
50340,50340,0,50340,50340,0,False,SCHEDULED,1631912400,HSL:4571_20210917_La_2_1311,571,HSL:4690203,Hels.pit. kirkko
52140,52140,0,52140,52140,0,False,SCHEDULED,1631912400,HSL:4571_20210917_La_2_1341,571,HSL:4690203,Hels.pit. kirkko
53880,53880,0,53880,53880,0,False,SCHEDULED,1631912400,HSL:4571_20210917_La_2_1411,571,HSL:4690203,Hels.pit. kirkko
46440,46356,-84,46440,46357,-83,True,UPDATED,1631912400,HSL:9788K_20210917_La_2_1225,788K,HSL:9223206,Laaksosuontie
61140,61140,0,61140,61140,0,False,SCHEDULED,1631912400,HSL:9788K_20210917_La_2_1630,788K,HSL:9223206,Laaksosuontie
45180,45432,252,45180,45444,264,True,UPDATED,1631912400,HSL:1057_20210917_La_2_1207,57,HSL:1362127,Viikin normaalikoulu
45540,45596,56,45540,45615,75,True,UPDATED,1631912400,HSL:1079_20210917_La_1_1221,79,HSL:1362127,Viikin normaalikoulu
46140,46086,-54,46140,46144,4,True,UPDATED,1631912400,HSL:1079_20210917_La_1_1231,79,HSL:1362127,Viikin normaalikoulu
46140,46174,34,46140,46174,34,True,UPDATED,1631912400,HSL:1078_20210917_La_1_1221,78,HSL:1362127,Viikin normaalikoulu
45780,46259,479,45780,46259,479,True,UPDATED,1631912400,HSL:1057_20210917_La_2_1217,57,HSL:1362127,Viikin normaalikoulu
57240,57240,0,57240,57240,0,False,SCHEDULED,1631912400,HSL:9788B_20210917_La_1_1550,788B,HSL:9223207,Laaksosuontie
45660,45660,0,45660,45660,0,False,SCHEDULED,1631912400,HSL:1057_20210917_La_1_1228,57,HSL:1362128,Viikin normaalikoulu
45720,45734,14,45720,45752,32,True,UPDATED,1631912400,HSL:1079_20210917_La_2_1208,79,HSL:1362128,Viikin normaalikoulu
45960,45960,0,45960,45960,0,False,SCHEDULED,1631912400,HSL:1078_20210917_La_2_1240,78,HSL:1362128,Viikin normaalikoulu
46260,46260,0,46260,46260,0,False,SCHEDULED,1631912400,HSL:1057_20210917_La_1_1238,57,HSL:1362128,Viikin normaalikoulu
46320,46373,53,46320,46373,53,True,UPDATED,1631912400,HSL:1079_20210917_La_2_1218,79,HSL:1362128,Viikin normaalikoulu
45180,45455,275,45180,45455,275,True,UPDATED,1631912400,HSL:1057_20210917_La_2_1207,57,HSL:1362129,Erik Spåren tie
45600,45659,59,45600,45676,76,True,UPDATED,1631912400,HSL:1079_20210917_La_1_1221,79,HSL:1362129,Erik Spåren tie
46200,46144,-56,46200,46203,3,True,UPDATED,1631912400,HSL:1079_20210917_La_1_1231,79,HSL:1362129,Erik Spåren tie
46200,46228,28,46200,46228,28,True,UPDATED,1631912400,HSL:1078_20210917_La_1_1221,78,HSL:1362129,Erik Spåren tie
45780,46259,479,45780,46259,479,True,UPDATED,1631912400,HSL:1057_20210917_La_2_1217,57,HSL:1362129,Erik Spåren tie
46500,46414,-86,46500,46425,-75,True,UPDATED,1631912400,HSL:9788K_20210917_La_2_1225,788K,HSL:9223202,Itäinen Jokipuisto
49140,49140,0,49140,49140,0,False,SCHEDULED,1631912400,HSL:9985_20210917_La_1_1335,985,HSL:9223202,Itäinen Jokipuisto
52740,52740,0,52740,52740,0,False,SCHEDULED,1631912400,HSL:9985_20210917_La_1_1435,985,HSL:9223202,Itäinen Jokipuisto
56340,56340,0,56340,56340,0,False,SCHEDULED,1631912400,HSL:9985_20210917_La_1_1535,985,HSL:9223202,Itäinen Jokipuisto
57360,57360,0,57360,57360,0,False,SCHEDULED,1631912400,HSL:9787B_20210917_La_2_1535,787B,HSL:9223202,Itäinen Jokipuisto
48360,48360,0,48360,48360,0,False,SCHEDULED,1631912400,HSL:9985_20210917_La_2_1303,985,HSL:9223203,Itäinen Jokipuisto
51960,51960,0,51960,51960,0,False,SCHEDULED,1631912400,HSL:9985_20210917_La_2_1402,985,HSL:9223203,Itäinen Jokipuisto
54180,54180,0,54180,54180,0,False,SCHEDULED,1631912400,HSL:9787K_20210917_La_1_1410,787K,HSL:9223203,Itäinen Jokipuisto
55560,55560,0,55560,55560,0,False,SCHEDULED,1631912400,HSL:9985_20210917_La_2_1501,985,HSL:9223203,Itäinen Jokipuisto
57180,57180,0,57180,57180,0,False,SCHEDULED,1631912400,HSL:9788B_20210917_La_1_1550,788B,HSL:9223203,Itäinen Jokipuisto
45180,45307,127,45180,45310,130,True,UPDATED,1631912400,HSL:9985_20210917_La_1_1228,985,HSL:9223201,Kirkkoniityntie
46620,46508,-112,46620,46510,-110,True,UPDATED,1631912400,HSL:9788K_20210917_La_2_1225,788K,HSL:9223201,Kirkkoniityntie
49200,49200,0,49200,49200,0,False,SCHEDULED,1631912400,HSL:9985_20210917_La_1_1335,985,HSL:9223201,Kirkkoniityntie
52800,52800,0,52800,52800,0,False,SCHEDULED,1631912400,HSL:9985_20210917_La_1_1435,985,HSL:9223201,Kirkkoniityntie
56400,56400,0,56400,56400,0,False,SCHEDULED,1631912400,HSL:9985_20210917_La_1_1535,985,HSL:9223201,Kirkkoniityntie
47520,47520,0,47520,47520,0,False,SCHEDULED,1631912400,HSL:1831K_20210917_La_2_1310,831K,HSL:1602111,Miilumäentie
51720,51720,0,51720,51720,0,False,SCHEDULED,1631912400,HSL:1831_20210917_La_2_1420,831,HSL:1602111,Miilumäentie
54780,54780,0,54780,54780,0,False,SCHEDULED,1631912400,HSL:1831K_20210917_La_2_1511,831K,HSL:1602111,Miilumäentie
58920,58920,0,58920,58920,0,False,SCHEDULED,1631912400,HSL:1831_20210917_La_2_1620,831,HSL:1602111,Miilumäentie
61980,61980,0,61980,61980,0,False,SCHEDULED,1631912400,HSL:1831K_20210917_La_2_1711,831K,HSL:1602111,Miilumäentie
47460,47460,0,47460,47460,0,False,SCHEDULED,1631912400,HSL:1831K_20210917_La_2_1310,831K,HSL:1602110,Karhunevantie
51660,51660,0,51660,51660,0,False,SCHEDULED,1631912400,HSL:1831_20210917_La_2_1420,831,HSL:1602110,Karhunevantie
54720,54720,0,54720,54720,0,False,SCHEDULED,1631912400,HSL:1831K_20210917_La_2_1511,831K,HSL:1602110,Karhunevantie
58860,58860,0,58860,58860,0,False,SCHEDULED,1631912400,HSL:1831_20210917_La_2_1620,831,HSL:1602110,Karhunevantie
61920,61920,0,61920,61920,0,False,SCHEDULED,1631912400,HSL:1831K_20210917_La_2_1711,831K,HSL:1602110,Karhunevantie
45420,45402,-18,45480,45499,19,True,UPDATED,1631912400,HSL:1079_20210917_La_2_1208,79,HSL:1362125,Viikki
45360,45813,453,45360,45813,453,True,UPDATED,1631912400,HSL:1506_20210917_La_2_1154,506,HSL:1362125,Viikki
46020,46054,34,46080,46136,56,True,UPDATED,1631912400,HSL:1079_20210917_La_2_1218,79,HSL:1362125,Viikki
46620,46657,37,46680,46721,41,True,UPDATED,1631912400,HSL:1079_20210917_La_2_1228,79,HSL:1362125,Viikki
46560,46766,206,46560,46766,206,True,UPDATED,1631912400,HSL:1506_20210917_La_2_1214,506,HSL:1362125,Viikki
46440,46332,-108,46440,46332,-108,True,UPDATED,1631912400,HSL:9788K_20210917_La_2_1225,788K,HSL:9223209,Mehuasema
61140,61140,0,61140,61140,0,False,SCHEDULED,1631912400,HSL:9788K_20210917_La_2_1630,788K,HSL:9223209,Mehuasema
48360,48360,0,48360,48360,0,False,SCHEDULED,1631912400,HSL:9985_20210917_La_2_1303,985,HSL:9223213,Nikkilän juhlatalo
51960,51960,0,51960,51960,0,False,SCHEDULED,1631912400,HSL:9985_20210917_La_2_1402,985,HSL:9223213,Nikkilän juhlatalo
54120,54120,0,54120,54120,0,False,SCHEDULED,1631912400,HSL:9787K_20210917_La_1_1410,787K,HSL:9223213,Nikkilän juhlatalo
55560,55560,0,55560,55560,0,False,SCHEDULED,1631912400,HSL:9985_20210917_La_2_1501,985,HSL:9223213,Nikkilän juhlatalo
57120,57120,0,57120,57120,0,False,SCHEDULED,1631912400,HSL:9788B_20210917_La_1_1550,788B,HSL:9223213,Nikkilän juhlatalo
46560,46464,-96,46560,46473,-87,True,UPDATED,1631912400,HSL:9788K_20210917_La_2_1225,788K,HSL:9223212,Nikkilän juhlatalo
49200,49200,0,49200,49200,0,False,SCHEDULED,1631912400,HSL:9985_20210917_La_1_1335,985,HSL:9223212,Nikkilän juhlatalo
52800,52800,0,52800,52800,0,False,SCHEDULED,1631912400,HSL:9985_20210917_La_1_1435,985,HSL:9223212,Nikkilän juhlatalo
56400,56400,0,56400,56400,0,False,SCHEDULED,1631912400,HSL:9985_20210917_La_1_1535,985,HSL:9223212,Nikkilän juhlatalo
57420,57420,0,57420,57420,0,False,SCHEDULED,1631912400,HSL:9787B_20210917_La_2_1535,787B,HSL:9223212,Nikkilän juhlatalo
45600,45600,0,45600,45600,0,False,SCHEDULED,1631912400,HSL:1057_20210917_La_1_1228,57,HSL:1362130,Erik Spåren tie
45660,45686,26,45660,45699,39,True,UPDATED,1631912400,HSL:1079_20210917_La_2_1208,79,HSL:1362130,Erik Spåren tie
45900,45900,0,45900,45900,0,False,SCHEDULED,1631912400,HSL:1078_20210917_La_2_1240,78,HSL:1362130,Erik Spåren tie
46200,46200,0,46200,46200,0,False,SCHEDULED,1631912400,HSL:1057_20210917_La_1_1238,57,HSL:1362130,Erik Spåren tie
46260,46320,60,46260,46320,60,True,UPDATED,1631912400,HSL:1079_20210917_La_2_1218,79,HSL:1362130,Erik Spåren tie
57240,57240,0,57240,57240,0,False,SCHEDULED,1631912400,HSL:9788B_20210917_La_1_1550,788B,HSL:9223210,Mehuasema
45480,45524,44,45480,45524,44,True,UPDATED,1631912400,HSL:1506_20210917_La_1_1230,506,HSL:1362131,Ylioppilaskylä
45720,45806,86,45720,45820,100,True,UPDATED,1631912400,HSL:1079_20210917_La_1_1221,79,HSL:1362131,Ylioppilaskylä
46320,46289,-31,46320,46345,25,True,UPDATED,1631912400,HSL:1079_20210917_La_1_1231,79,HSL:1362131,Ylioppilaskylä
46680,46680,0,46680,46680,0,False,SCHEDULED,1631912400,HSL:1506_20210917_La_1_1250,506,HSL:1362131,Ylioppilaskylä
46920,46920,0,46920,46920,0,False,SCHEDULED,1631912400,HSL:1079_20210917_La_1_1241,79,HSL:1362131,Ylioppilaskylä
45540,45546,6,45540,45556,16,True,UPDATED,1631912400,HSL:1079_20210917_La_2_1208,79,HSL:1362132,Ylioppilaskylä
45420,45897,477,45420,45897,477,True,UPDATED,1631912400,HSL:1506_20210917_La_2_1154,506,HSL:1362132,Ylioppilaskylä
46140,46180,40,46140,46192,52,True,UPDATED,1631912400,HSL:1079_20210917_La_2_1218,79,HSL:1362132,Ylioppilaskylä
46620,46766,146,46620,46776,156,True,UPDATED,1631912400,HSL:1506_20210917_La_2_1214,506,HSL:1362132,Ylioppilaskylä
46740,46768,28,46740,46778,38,True,UPDATED,1631912400,HSL:1079_20210917_La_2_1228,79,HSL:1362132,Ylioppilaskylä
45240,45504,264,45240,45517,277,True,UPDATED,1631912400,HSL:1057_20210917_La_2_1207,57,HSL:1362133,Latokartanonkaari
45660,45710,50,45660,45739,79,True,UPDATED,1631912400,HSL:1079_20210917_La_1_1221,79,HSL:1362133,Latokartanonkaari
46260,46203,-57,46260,46264,4,True,UPDATED,1631912400,HSL:1079_20210917_La_1_1231,79,HSL:1362133,Latokartanonkaari
46260,46280,20,46260,46280,20,True,UPDATED,1631912400,HSL:1078_20210917_La_1_1221,78,HSL:1362133,Latokartanonkaari
45840,46259,419,45840,46470,630,True,UPDATED,1631912400,HSL:1057_20210917_La_2_1217,57,HSL:1362133,Latokartanonkaari
45360,45470,110,45360,45470,110,True,UPDATED,1631912400,HSL:3001K_20210917_La_2_1211,K,HSL:1285551,Oulunkylä
45660,45686,26,45660,45686,26,True,UPDATED,1631912400,HSL:3002P_20210917_La_1_1148,P,HSL:1285551,Oulunkylä
45960,46027,67,45960,46027,67,True,UPDATED,1631912400,HSL:3001K_20210917_La_2_1221,K,HSL:1285551,Oulunkylä
46260,46364,104,46260,46364,104,True,UPDATED,1631912400,HSL:3002P_20210917_La_1_1158,P,HSL:1285551,Oulunkylä
46560,46686,126,46560,46686,126,True,UPDATED,1631912400,HSL:3001K_20210917_La_2_1231,K,HSL:1285551,Oulunkylä
49620,49620,0,49620,49620,0,False,SCHEDULED,1631912400,HSL:9843_20210917_La_2_1345,843,HSL:9211213,Nuottakodantie
60420,60420,0,60420,60420,0,False,SCHEDULED,1631912400,HSL:9843_20210917_La_2_1645,843,HSL:9211213,Nuottakodantie
48900,48900,0,48900,48900,0,False,SCHEDULED,1631912400,HSL:9843_20210917_La_1_1300,843,HSL:9211212,Nuottakodantie
59820,59820,0,59820,59820,0,False,SCHEDULED,1631912400,HSL:9843_20210917_La_1_1600,843,HSL:9211212,Nuottakodantie
45600,45596,-4,45600,45607,7,True,UPDATED,1631912400,HSL:1554_20210917_La_2_1230,554,HSL:1403115,Niemitie
46140,46151,11,46140,46158,18,True,UPDATED,1631912400,HSL:4611_20210917_La_2_1228,611,HSL:1403115,Niemitie
46800,46800,0,46800,46800,0,False,SCHEDULED,1631912400,HSL:1554_20210917_La_2_1250,554,HSL:1403115,Niemitie
47340,47340,0,47340,47340,0,False,SCHEDULED,1631912400,HSL:4611_20210917_La_2_1248,611,HSL:1403115,Niemitie
48000,48000,0,48000,48000,0,False,SCHEDULED,1631912400,HSL:1554_20210917_La_2_1310,554,HSL:1403115,Niemitie
49560,49560,0,49560,49560,0,False,SCHEDULED,1631912400,HSL:9843_20210917_La_2_1345,843,HSL:9211211,Linnäsintie
60360,60360,0,60360,60360,0,False,SCHEDULED,1631912400,HSL:9843_20210917_La_2_1645,843,HSL:9211211,Linnäsintie
49020,49020,0,49020,49020,0,False,SCHEDULED,1631912400,HSL:9843_20210917_La_1_1300,843,HSL:9211210,Kassivikintie
59940,59940,0,59940,59940,0,False,SCHEDULED,1631912400,HSL:9843_20210917_La_1_1600,843,HSL:9211210,Kassivikintie
46440,46432,-8,46440,46444,4,True,UPDATED,1631912400,HSL:1078_20210917_La_1_1221,78,HSL:1362149,Agronominraitti
47640,47640,0,47640,47640,0,False,SCHEDULED,1631912400,HSL:1078_20210917_La_1_1241,78,HSL:1362149,Agronominraitti
48840,48840,0,48840,48840,0,False,SCHEDULED,1631912400,HSL:1078_20210917_La_1_1301,78,HSL:1362149,Agronominraitti
50040,50040,0,50040,50040,0,False,SCHEDULED,1631912400,HSL:1078_20210917_La_1_1321,78,HSL:1362149,Agronominraitti
51300,51300,0,51300,51300,0,False,SCHEDULED,1631912400,HSL:1078_20210917_La_1_1341,78,HSL:1362149,Agronominraitti
48060,48060,0,48060,48060,0,False,SCHEDULED,1631912400,HSL:4332_20210917_La_2_1306,332,HSL:4130230,Kairakuja
51660,51660,0,51660,51660,0,False,SCHEDULED,1631912400,HSL:4332_20210917_La_2_1406,332,HSL:4130230,Kairakuja
55260,55260,0,55260,55260,0,False,SCHEDULED,1631912400,HSL:4332_20210917_La_2_1506,332,HSL:4130230,Kairakuja
58860,58860,0,58860,58860,0,False,SCHEDULED,1631912400,HSL:4332_20210917_La_2_1606,332,HSL:4130230,Kairakuja
62460,62460,0,62460,62460,0,False,SCHEDULED,1631912400,HSL:4332_20210917_La_2_1706,332,HSL:4130230,Kairakuja
45240,45292,52,45240,45327,87,True,UPDATED,1631912400,HSL:4717_20210917_La_1_1215,717,HSL:1362141,Viikki
45420,45420,0,45420,45420,0,False,SCHEDULED,1631912400,HSL:7848_20210917_La_1_1218,848,HSL:1362141,Viikki
45600,45600,0,45600,45600,0,False,SCHEDULED,1631912400,HSL:4721_20210917_La_1_1227,721,HSL:1362141,Viikki
46320,46320,0,46320,46320,0,False,SCHEDULED,1631912400,HSL:4731_20210917_La_1_1239,731,HSL:1362141,Viikki
46020,46379,359,46020,46400,380,True,UPDATED,1631912400,HSL:1075_20210917_La_1_1228,75,HSL:1362141,Viikki
45780,45754,-26,45780,45762,-18,True,UPDATED,1631912400,HSL:4731_20210917_La_2_1205,731,HSL:1362142,Viikki
45840,45840,0,45840,45840,0,False,SCHEDULED,1631912400,HSL:7848_20210917_La_2_1205,848,HSL:1362142,Viikki
45900,45900,0,45900,45900,0,False,SCHEDULED,1631912400,HSL:4717_20210917_La_2_1210,717,HSL:1362142,Viikki
46260,46246,-14,46260,46261,1,True,UPDATED,1631912400,HSL:1075_20210917_La_2_1232,75,HSL:1362142,Viikki
46260,46405,145,46260,46405,145,True,UPDATED,1631912400,HSL:4711_20210917_La_2_1231,711,HSL:1362142,Viikki
45240,45517,277,45240,45521,281,True,UPDATED,1631912400,HSL:1057_20210917_La_2_1207,57,HSL:1362143,Agronominkatu
45480,45897,417,45480,45897,417,True,UPDATED,1631912400,HSL:1506_20210917_La_2_1154,506,HSL:1362143,Agronominkatu
46260,46307,47,46260,46307,47,True,UPDATED,1631912400,HSL:1078_20210917_La_1_1221,78,HSL:1362143,Agronominkatu
45840,46470,630,45840,46470,630,True,UPDATED,1631912400,HSL:1057_20210917_La_2_1217,57,HSL:1362143,Agronominkatu
46500,46578,78,46500,46578,78,True,UPDATED,1631912400,HSL:1057_20210917_La_2_1227,57,HSL:1362143,Agronominkatu
47460,47460,0,47460,47460,0,False,SCHEDULED,1631912400,HSL:9665K_20210917_La_1_1256,665K,HSL:9501013,Helsingintie
51060,51060,0,51060,51060,0,False,SCHEDULED,1631912400,HSL:9665K_20210917_La_1_1356,665K,HSL:9501013,Helsingintie
54660,54660,0,54660,54660,0,False,SCHEDULED,1631912400,HSL:9665K_20210917_La_1_1456,665K,HSL:9501013,Helsingintie
58260,58260,0,58260,58260,0,False,SCHEDULED,1631912400,HSL:9665K_20210917_La_1_1556,665K,HSL:9501013,Helsingintie
61860,61860,0,61860,61860,0,False,SCHEDULED,1631912400,HSL:9665K_20210917_La_1_1656,665K,HSL:9501013,Helsingintie
45360,45414,54,45360,45425,65,True,UPDATED,1631912400,HSL:1506_20210917_La_1_1230,506,HSL:1362144,Agronominkatu
45540,45540,0,45540,45540,0,False,SCHEDULED,1631912400,HSL:1057_20210917_La_1_1228,57,HSL:1362144,Agronominkatu
45780,45780,0,45780,45780,0,False,SCHEDULED,1631912400,HSL:1078_20210917_La_2_1240,78,HSL:1362144,Agronominkatu
46140,46140,0,46140,46140,0,False,SCHEDULED,1631912400,HSL:1057_20210917_La_1_1238,57,HSL:1362144,Agronominkatu
46560,46560,0,46560,46560,0,False,SCHEDULED,1631912400,HSL:1506_20210917_La_1_1250,506,HSL:1362144,Agronominkatu
47460,47460,0,47460,47460,0,False,SCHEDULED,1631912400,HSL:9665K_20210917_La_1_1256,665K,HSL:9501012,Huvilakatu
51060,51060,0,51060,51060,0,False,SCHEDULED,1631912400,HSL:9665K_20210917_La_1_1356,665K,HSL:9501012,Huvilakatu
54660,54660,0,54660,54660,0,False,SCHEDULED,1631912400,HSL:9665K_20210917_La_1_1456,665K,HSL:9501012,Huvilakatu
58260,58260,0,58260,58260,0,False,SCHEDULED,1631912400,HSL:9665K_20210917_La_1_1556,665K,HSL:9501012,Huvilakatu
61860,61860,0,61860,61860,0,False,SCHEDULED,1631912400,HSL:9665K_20210917_La_1_1656,665K,HSL:9501012,Huvilakatu
45360,45614,254,45360,45619,259,True,UPDATED,1631912400,HSL:1057_20210917_La_2_1207,57,HSL:1362145,Biologinkatu
45540,45903,363,45540,45913,373,True,UPDATED,1631912400,HSL:1506_20210917_La_2_1154,506,HSL:1362145,Biologinkatu
46320,46361,41,46320,46361,41,True,UPDATED,1631912400,HSL:1078_20210917_La_1_1221,78,HSL:1362145,Biologinkatu
45960,46470,510,45960,46470,510,True,UPDATED,1631912400,HSL:1057_20210917_La_2_1217,57,HSL:1362145,Biologinkatu
46620,46701,81,46620,46705,85,True,UPDATED,1631912400,HSL:1057_20210917_La_2_1227,57,HSL:1362145,Biologinkatu
47400,47400,0,47400,47400,0,False,SCHEDULED,1631912400,HSL:9665K_20210917_La_1_1256,665K,HSL:9501011,Urheilukatu
51000,51000,0,51000,51000,0,False,SCHEDULED,1631912400,HSL:9665K_20210917_La_1_1356,665K,HSL:9501011,Urheilukatu
54600,54600,0,54600,54600,0,False,SCHEDULED,1631912400,HSL:9665K_20210917_La_1_1456,665K,HSL:9501011,Urheilukatu
58200,58200,0,58200,58200,0,False,SCHEDULED,1631912400,HSL:9665K_20210917_La_1_1556,665K,HSL:9501011,Urheilukatu
61800,61800,0,61800,61800,0,False,SCHEDULED,1631912400,HSL:9665K_20210917_La_1_1656,665K,HSL:9501011,Urheilukatu
49620,49620,0,49620,49620,0,False,SCHEDULED,1631912400,HSL:9843_20210917_La_2_1345,843,HSL:9211209,Lisebergintie
60420,60420,0,60420,60420,0,False,SCHEDULED,1631912400,HSL:9843_20210917_La_2_1645,843,HSL:9211209,Lisebergintie
45300,45369,69,45300,45374,74,True,UPDATED,1631912400,HSL:1506_20210917_La_1_1230,506,HSL:1362146,Biologinkatu
45480,45480,0,45480,45480,0,False,SCHEDULED,1631912400,HSL:1057_20210917_La_1_1228,57,HSL:1362146,Biologinkatu
45720,45720,0,45720,45720,0,False,SCHEDULED,1631912400,HSL:1078_20210917_La_2_1240,78,HSL:1362146,Biologinkatu
46080,46080,0,46080,46080,0,False,SCHEDULED,1631912400,HSL:1057_20210917_La_1_1238,57,HSL:1362146,Biologinkatu
46500,46500,0,46500,46500,0,False,SCHEDULED,1631912400,HSL:1506_20210917_La_1_1250,506,HSL:1362146,Biologinkatu
47940,47940,0,47940,47940,0,False,SCHEDULED,1631912400,HSL:9665K_20210917_La_2_1248,665K,HSL:9501010,Urheilukatu
51540,51540,0,51540,51540,0,False,SCHEDULED,1631912400,HSL:9665K_20210917_La_2_1348,665K,HSL:9501010,Urheilukatu
55140,55140,0,55140,55140,0,False,SCHEDULED,1631912400,HSL:9665K_20210917_La_2_1448,665K,HSL:9501010,Urheilukatu
58740,58740,0,58740,58740,0,False,SCHEDULED,1631912400,HSL:9665K_20210917_La_2_1548,665K,HSL:9501010,Urheilukatu
62340,62340,0,62340,62340,0,False,SCHEDULED,1631912400,HSL:9665K_20210917_La_2_1649,665K,HSL:9501010,Urheilukatu
49500,49500,0,49500,49500,0,False,SCHEDULED,1631912400,HSL:9843_20210917_La_2_1345,843,HSL:9211208,Kassivikintie
60300,60300,0,60300,60300,0,False,SCHEDULED,1631912400,HSL:9843_20210917_La_2_1645,843,HSL:9211208,Kassivikintie
45360,45619,259,45360,45624,264,True,UPDATED,1631912400,HSL:1057_20210917_La_2_1207,57,HSL:1362147,Metsänhoitajankatu
45540,45945,405,45540,45962,422,True,UPDATED,1631912400,HSL:1506_20210917_La_2_1154,506,HSL:1362147,Metsänhoitajankatu
46380,46392,12,46380,46392,12,True,UPDATED,1631912400,HSL:1078_20210917_La_1_1221,78,HSL:1362147,Metsänhoitajankatu
45960,46470,510,45960,46470,510,True,UPDATED,1631912400,HSL:1057_20210917_La_2_1217,57,HSL:1362147,Metsänhoitajankatu
46620,46705,85,46620,46705,85,True,UPDATED,1631912400,HSL:1057_20210917_La_2_1227,57,HSL:1362147,Metsänhoitajankatu
48900,48900,0,48900,48900,0,False,SCHEDULED,1631912400,HSL:9843_20210917_La_1_1300,843,HSL:9211207,Lisebergintie
59820,59820,0,59820,59820,0,False,SCHEDULED,1631912400,HSL:9843_20210917_La_1_1600,843,HSL:9211207,Lisebergintie
45300,45312,12,45300,45327,27,True,UPDATED,1631912400,HSL:1506_20210917_La_1_1230,506,HSL:1362148,Metsänhoitajankatu
45420,45420,0,45420,45420,0,False,SCHEDULED,1631912400,HSL:1057_20210917_La_1_1228,57,HSL:1362148,Metsänhoitajankatu
45720,45720,0,45720,45720,0,False,SCHEDULED,1631912400,HSL:1078_20210917_La_2_1240,78,HSL:1362148,Metsänhoitajankatu
46020,46020,0,46020,46020,0,False,SCHEDULED,1631912400,HSL:1057_20210917_La_1_1238,57,HSL:1362148,Metsänhoitajankatu
46500,46500,0,46500,46500,0,False,SCHEDULED,1631912400,HSL:1506_20210917_La_1_1250,506,HSL:1362148,Metsänhoitajankatu
48960,48960,0,48960,48960,0,False,SCHEDULED,1631912400,HSL:9843_20210917_La_1_1300,843,HSL:9211206,Linnäsintie
59880,59880,0,59880,59880,0,False,SCHEDULED,1631912400,HSL:9843_20210917_La_1_1600,843,HSL:9211206,Linnäsintie
49020,49020,0,49020,49020,0,False,SCHEDULED,1631912400,HSL:9843_20210917_La_1_1300,843,HSL:9211205,Kalkkiranta
49500,49500,0,49500,49500,0,False,SCHEDULED,1631912400,HSL:9843_20210917_La_2_1345,843,HSL:9211205,Kalkkiranta
59940,59940,0,59940,59940,0,False,SCHEDULED,1631912400,HSL:9843_20210917_La_1_1600,843,HSL:9211205,Kalkkiranta
60300,60300,0,60300,60300,0,False,SCHEDULED,1631912400,HSL:9843_20210917_La_2_1645,843,HSL:9211205,Kalkkiranta
47460,47460,0,47460,47460,0,False,SCHEDULED,1631912400,HSL:1831K_20210917_La_2_1310,831K,HSL:1602109,Landbonpolku
51660,51660,0,51660,51660,0,False,SCHEDULED,1631912400,HSL:1831_20210917_La_2_1420,831,HSL:1602109,Landbonpolku
54720,54720,0,54720,54720,0,False,SCHEDULED,1631912400,HSL:1831K_20210917_La_2_1511,831K,HSL:1602109,Landbonpolku
58860,58860,0,58860,58860,0,False,SCHEDULED,1631912400,HSL:1831_20210917_La_2_1620,831,HSL:1602109,Landbonpolku
61920,61920,0,61920,61920,0,False,SCHEDULED,1631912400,HSL:1831K_20210917_La_2_1711,831K,HSL:1602109,Landbonpolku
49560,49560,0,49560,49560,0,False,SCHEDULED,1631912400,HSL:9843_20210917_La_2_1345,843,HSL:9211204,Nikolsbergantie
60360,60360,0,60360,60360,0,False,SCHEDULED,1631912400,HSL:9843_20210917_La_2_1645,843,HSL:9211204,Nikolsbergantie
49680,49680,0,49680,49680,0,False,SCHEDULED,1631912400,HSL:9843_20210917_La_2_1345,843,HSL:9211203,Salpar skola
60480,60480,0,60480,60480,0,False,SCHEDULED,1631912400,HSL:9843_20210917_La_2_1645,843,HSL:9211203,Salpar skola
48960,48960,0,48960,48960,0,False,SCHEDULED,1631912400,HSL:9843_20210917_La_1_1300,843,HSL:9211202,Nikolsbergantie
59880,59880,0,59880,59880,0,False,SCHEDULED,1631912400,HSL:9843_20210917_La_1_1600,843,HSL:9211202,Nikolsbergantie
48840,48840,0,48840,48840,0,False,SCHEDULED,1631912400,HSL:9843_20210917_La_1_1300,843,HSL:9211201,Salpar skola
59760,59760,0,59760,59760,0,False,SCHEDULED,1631912400,HSL:9843_20210917_La_1_1600,843,HSL:9211201,Salpar skola
45660,45660,0,45660,45660,0,False,SCHEDULED,1631912400,HSL:1078_20210917_La_2_1240,78,HSL:1362150,Agronominraitti
46860,46860,0,46860,46860,0,False,SCHEDULED,1631912400,HSL:1078_20210917_La_2_1300,78,HSL:1362150,Agronominraitti
48060,48060,0,48060,48060,0,False,SCHEDULED,1631912400,HSL:1078_20210917_La_2_1320,78,HSL:1362150,Agronominraitti
49260,49260,0,49260,49260,0,False,SCHEDULED,1631912400,HSL:1078_20210917_La_2_1340,78,HSL:1362150,Agronominraitti
50460,50460,0,50460,50460,0,False,SCHEDULED,1631912400,HSL:1078_20210917_La_2_1400,78,HSL:1362150,Agronominraitti
48120,48120,0,48120,48120,0,False,SCHEDULED,1631912400,HSL:4332_20210917_La_2_1306,332,HSL:4130219,Kierretie
51720,51720,0,51720,51720,0,False,SCHEDULED,1631912400,HSL:4332_20210917_La_2_1406,332,HSL:4130219,Kierretie
55320,55320,0,55320,55320,0,False,SCHEDULED,1631912400,HSL:4332_20210917_La_2_1506,332,HSL:4130219,Kierretie
58920,58920,0,58920,58920,0,False,SCHEDULED,1631912400,HSL:4332_20210917_La_2_1606,332,HSL:4130219,Kierretie
62520,62520,0,62520,62520,0,False,SCHEDULED,1631912400,HSL:4332_20210917_La_2_1706,332,HSL:4130219,Kierretie
45240,45288,48,45240,45354,114,True,UPDATED,1631912400,HSL:1078_20210917_La_1_1201,78,HSL:1362151,Von Daehnin katu 14
45600,45600,0,45600,45600,0,False,SCHEDULED,1631912400,HSL:1078_20210917_La_2_1240,78,HSL:1362151,Von Daehnin katu 14
46500,46484,-16,46500,46555,55,True,UPDATED,1631912400,HSL:1078_20210917_La_1_1221,78,HSL:1362151,Von Daehnin katu 14
46800,46800,0,46800,46800,0,False,SCHEDULED,1631912400,HSL:1078_20210917_La_2_1300,78,HSL:1362151,Von Daehnin katu 14
47700,47700,0,47700,47700,0,False,SCHEDULED,1631912400,HSL:1078_20210917_La_1_1241,78,HSL:1362151,Von Daehnin katu 14
46200,46233,33,46200,46234,34,True,UPDATED,1631912400,HSL:4332_20210917_La_1_1217,332,HSL:4130220,Kairakuja
49800,49800,0,49800,49800,0,False,SCHEDULED,1631912400,HSL:4332_20210917_La_1_1317,332,HSL:4130220,Kairakuja
53400,53400,0,53400,53400,0,False,SCHEDULED,1631912400,HSL:4332_20210917_La_1_1417,332,HSL:4130220,Kairakuja
57000,57000,0,57000,57000,0,False,SCHEDULED,1631912400,HSL:4332_20210917_La_1_1517,332,HSL:4130220,Kairakuja
60600,60600,0,60600,60600,0,False,SCHEDULED,1631912400,HSL:4332_20210917_La_1_1617,332,HSL:4130220,Kairakuja
46200,46248,48,46200,46251,51,True,UPDATED,1631912400,HSL:4332_20210917_La_1_1217,332,HSL:4130221,Vapaalantie
49800,49800,0,49800,49800,0,False,SCHEDULED,1631912400,HSL:4332_20210917_La_1_1317,332,HSL:4130221,Vapaalantie
53400,53400,0,53400,53400,0,False,SCHEDULED,1631912400,HSL:4332_20210917_La_1_1417,332,HSL:4130221,Vapaalantie
57000,57000,0,57000,57000,0,False,SCHEDULED,1631912400,HSL:4332_20210917_La_1_1517,332,HSL:4130221,Vapaalantie
60600,60600,0,60600,60600,0,False,SCHEDULED,1631912400,HSL:4332_20210917_La_1_1617,332,HSL:4130221,Vapaalantie
48000,48000,0,48000,48000,0,False,SCHEDULED,1631912400,HSL:4332_20210917_La_2_1306,332,HSL:4130229,Ilpolantie
51600,51600,0,51600,51600,0,False,SCHEDULED,1631912400,HSL:4332_20210917_La_2_1406,332,HSL:4130229,Ilpolantie
55200,55200,0,55200,55200,0,False,SCHEDULED,1631912400,HSL:4332_20210917_La_2_1506,332,HSL:4130229,Ilpolantie
58800,58800,0,58800,58800,0,False,SCHEDULED,1631912400,HSL:4332_20210917_La_2_1606,332,HSL:4130229,Ilpolantie
62400,62400,0,62400,62400,0,False,SCHEDULED,1631912400,HSL:4332_20210917_La_2_1706,332,HSL:4130229,Ilpolantie
48120,48120,0,48120,48120,0,False,SCHEDULED,1631912400,HSL:4332_20210917_La_2_1306,332,HSL:4130226,Naulakuja
51720,51720,0,51720,51720,0,False,SCHEDULED,1631912400,HSL:4332_20210917_La_2_1406,332,HSL:4130226,Naulakuja
55320,55320,0,55320,55320,0,False,SCHEDULED,1631912400,HSL:4332_20210917_La_2_1506,332,HSL:4130226,Naulakuja
58920,58920,0,58920,58920,0,False,SCHEDULED,1631912400,HSL:4332_20210917_La_2_1606,332,HSL:4130226,Naulakuja
62520,62520,0,62520,62520,0,False,SCHEDULED,1631912400,HSL:4332_20210917_La_2_1706,332,HSL:4130226,Naulakuja
46260,46295,35,46260,46297,37,True,UPDATED,1631912400,HSL:4332_20210917_La_1_1217,332,HSL:4130227,Kierrekuja
49860,49860,0,49860,49860,0,False,SCHEDULED,1631912400,HSL:4332_20210917_La_1_1317,332,HSL:4130227,Kierrekuja
53460,53460,0,53460,53460,0,False,SCHEDULED,1631912400,HSL:4332_20210917_La_1_1417,332,HSL:4130227,Kierrekuja
57060,57060,0,57060,57060,0,False,SCHEDULED,1631912400,HSL:4332_20210917_La_1_1517,332,HSL:4130227,Kierrekuja
60660,60660,0,60660,60660,0,False,SCHEDULED,1631912400,HSL:4332_20210917_La_1_1617,332,HSL:4130227,Kierrekuja
46140,46181,41,46140,46181,41,True,UPDATED,1631912400,HSL:4332_20210917_La_1_1217,332,HSL:4130225,Terätie
49740,49740,0,49740,49740,0,False,SCHEDULED,1631912400,HSL:4332_20210917_La_1_1317,332,HSL:4130225,Terätie
53340,53340,0,53340,53340,0,False,SCHEDULED,1631912400,HSL:4332_20210917_La_1_1417,332,HSL:4130225,Terätie
56940,56940,0,56940,56940,0,False,SCHEDULED,1631912400,HSL:4332_20210917_La_1_1517,332,HSL:4130225,Terätie
60540,60540,0,60540,60540,0,False,SCHEDULED,1631912400,HSL:4332_20210917_La_1_1617,332,HSL:4130225,Terätie
47580,47580,0,47580,47580,0,False,SCHEDULED,1631912400,HSL:1831K_20210917_La_2_1310,831K,HSL:1602102,Landbo
51780,51780,0,51780,51780,0,False,SCHEDULED,1631912400,HSL:1831_20210917_La_2_1420,831,HSL:1602102,Landbo
54840,54840,0,54840,54840,0,False,SCHEDULED,1631912400,HSL:1831K_20210917_La_2_1511,831K,HSL:1602102,Landbo
59040,59040,0,59040,59040,0,False,SCHEDULED,1631912400,HSL:1831_20210917_La_2_1620,831,HSL:1602102,Landbo
62040,62040,0,62040,62040,0,False,SCHEDULED,1631912400,HSL:1831K_20210917_La_2_1711,831K,HSL:1602102,Landbo
46860,46871,11,46860,46871,11,True,UPDATED,1631912400,HSL:2236_20210917_La_1_1226,236,HSL:2721294,Kallionsyrjä
46920,46941,21,46920,46941,21,True,UPDATED,1631912400,HSL:2582_20210917_La_1_1230,582,HSL:2721294,Kallionsyrjä
48120,48179,59,48120,48179,59,True,UPDATED,1631912400,HSL:2436_20210917_La_1_1232,436,HSL:2721294,Kallionsyrjä
48360,48360,0,48360,48360,0,False,SCHEDULED,1631912400,HSL:2239_20210917_La_1_1246,239,HSL:2721294,Kallionsyrjä
48720,48720,0,48720,48720,0,False,SCHEDULED,1631912400,HSL:2582_20210917_La_1_1300,582,HSL:2721294,Kallionsyrjä
45960,45936,-24,45960,45952,-8,True,UPDATED,1631912400,HSL:1088_20210917_La_1_1233,88,HSL:1494105,Haakoninlahdenkatu
46560,46560,0,46560,46560,0,False,SCHEDULED,1631912400,HSL:1088_20210917_La_1_1243,88,HSL:1494105,Haakoninlahdenkatu
47160,47160,0,47160,47160,0,False,SCHEDULED,1631912400,HSL:1088_20210917_La_1_1253,88,HSL:1494105,Haakoninlahdenkatu
47760,47760,0,47760,47760,0,False,SCHEDULED,1631912400,HSL:1088_20210917_La_1_1303,88,HSL:1494105,Haakoninlahdenkatu
48360,48360,0,48360,48360,0,False,SCHEDULED,1631912400,HSL:1088_20210917_La_1_1313,88,HSL:1494105,Haakoninlahdenkatu
45900,45898,-2,45900,45901,1,True,UPDATED,1631912400,HSL:1088_20210917_La_1_1233,88,HSL:1494107,Stansvikintie
46500,46500,0,46500,46500,0,False,SCHEDULED,1631912400,HSL:1088_20210917_La_1_1243,88,HSL:1494107,Stansvikintie
47100,47100,0,47100,47100,0,False,SCHEDULED,1631912400,HSL:1088_20210917_La_1_1253,88,HSL:1494107,Stansvikintie
47700,47700,0,47700,47700,0,False,SCHEDULED,1631912400,HSL:1088_20210917_La_1_1303,88,HSL:1494107,Stansvikintie
48300,48300,0,48300,48300,0,False,SCHEDULED,1631912400,HSL:1088_20210917_La_1_1313,88,HSL:1494107,Stansvikintie
45420,45420,0,45420,45420,0,True,UPDATED,1631912400,HSL:1088_20210917_La_2_1236,88,HSL:1494102,Hopealaakso
46020,46020,0,46020,46020,0,False,SCHEDULED,1631912400,HSL:1088_20210917_La_2_1246,88,HSL:1494102,Hopealaakso
46620,46620,0,46620,46620,0,False,SCHEDULED,1631912400,HSL:1088_20210917_La_2_1256,88,HSL:1494102,Hopealaakso
47220,47220,0,47220,47220,0,False,SCHEDULED,1631912400,HSL:1088_20210917_La_2_1306,88,HSL:1494102,Hopealaakso
47820,47820,0,47820,47820,0,False,SCHEDULED,1631912400,HSL:1088_20210917_La_2_1316,88,HSL:1494102,Hopealaakso
45420,45325,-95,45420,45328,-92,True,UPDATED,1631912400,HSL:1088_20210917_La_1_1223,88,HSL:1494103,Hopealaakso
46020,46025,5,46020,46027,7,True,UPDATED,1631912400,HSL:1088_20210917_La_1_1233,88,HSL:1494103,Hopealaakso
46620,46620,0,46620,46620,0,False,SCHEDULED,1631912400,HSL:1088_20210917_La_1_1243,88,HSL:1494103,Hopealaakso
47220,47220,0,47220,47220,0,False,SCHEDULED,1631912400,HSL:1088_20210917_La_1_1253,88,HSL:1494103,Hopealaakso
47820,47820,0,47820,47820,0,False,SCHEDULED,1631912400,HSL:1088_20210917_La_1_1303,88,HSL:1494103,Hopealaakso
45480,45480,0,45480,45480,0,True,UPDATED,1631912400,HSL:1088_20210917_La_2_1236,88,HSL:1494104,Haakoninlahdenkatu
46080,46080,0,46080,46080,0,False,SCHEDULED,1631912400,HSL:1088_20210917_La_2_1246,88,HSL:1494104,Haakoninlahdenkatu
46680,46680,0,46680,46680,0,False,SCHEDULED,1631912400,HSL:1088_20210917_La_2_1256,88,HSL:1494104,Haakoninlahdenkatu
47280,47280,0,47280,47280,0,False,SCHEDULED,1631912400,HSL:1088_20210917_La_2_1306,88,HSL:1494104,Haakoninlahdenkatu
47880,47880,0,47880,47880,0,False,SCHEDULED,1631912400,HSL:1088_20210917_La_2_1316,88,HSL:1494104,Haakoninlahdenkatu
45780,45852,72,45780,45852,72,True,UPDATED,1631912400,HSL:3001R_20210917_La_1_1210,R,HSL:5010510,Saunakallio
47580,47580,0,47580,47580,0,False,SCHEDULED,1631912400,HSL:3001R_20210917_La_1_1240,R,HSL:5010510,Saunakallio
49380,49380,0,49380,49380,0,False,SCHEDULED,1631912400,HSL:3001R_20210917_La_1_1310,R,HSL:5010510,Saunakallio
51180,51180,0,51180,51180,0,False,SCHEDULED,1631912400,HSL:3001R_20210917_La_1_1340,R,HSL:5010510,Saunakallio
52980,52980,0,52980,52980,0,False,SCHEDULED,1631912400,HSL:3001R_20210917_La_1_1410,R,HSL:5010510,Saunakallio
45420,45499,79,45420,45499,79,True,UPDATED,1631912400,HSL:3001R_20210917_La_1_1210,R,HSL:5010509,Ainola
47220,47220,0,47220,47220,0,False,SCHEDULED,1631912400,HSL:3001R_20210917_La_1_1240,R,HSL:5010509,Ainola
49020,49020,0,49020,49020,0,False,SCHEDULED,1631912400,HSL:3001R_20210917_La_1_1310,R,HSL:5010509,Ainola
50820,50820,0,50820,50820,0,False,SCHEDULED,1631912400,HSL:3001R_20210917_La_1_1340,R,HSL:5010509,Ainola
52620,52620,0,52620,52620,0,False,SCHEDULED,1631912400,HSL:3001R_20210917_La_1_1410,R,HSL:5010509,Ainola
46560,46650,90,46560,46650,90,True,UPDATED,1631912400,HSL:3001R_20210917_La_1_1210,R,HSL:5010505,Hyvinkää
48360,48360,0,48360,48360,0,False,SCHEDULED,1631912400,HSL:3001R_20210917_La_1_1240,R,HSL:5010505,Hyvinkää
50160,50160,0,50160,50160,0,False,SCHEDULED,1631912400,HSL:3001R_20210917_La_1_1310,R,HSL:5010505,Hyvinkää
51960,51960,0,51960,51960,0,False,SCHEDULED,1631912400,HSL:3001R_20210917_La_1_1340,R,HSL:5010505,Hyvinkää
53760,53760,0,53760,53760,0,False,SCHEDULED,1631912400,HSL:3001R_20210917_La_1_1410,R,HSL:5010505,Hyvinkää
47100,47100,0,47100,47100,0,True,UPDATED,1631912400,HSL:3001R_20210917_La_1_1210,R,HSL:5010506,Riihimäki
48900,48900,0,48900,48900,0,False,SCHEDULED,1631912400,HSL:3001R_20210917_La_1_1240,R,HSL:5010506,Riihimäki
51240,51240,0,51240,51240,0,False,SCHEDULED,1631912400,HSL:3001R_20210917_La_1_1310,R,HSL:5010506,Riihimäki
52500,52500,0,52500,52500,0,False,SCHEDULED,1631912400,HSL:3001R_20210917_La_1_1340,R,HSL:5010506,Riihimäki
54300,54300,0,54300,54300,0,False,SCHEDULED,1631912400,HSL:3001R_20210917_La_1_1410,R,HSL:5010506,Riihimäki
45360,45340,-20,45360,45347,-13,True,UPDATED,1631912400,HSL:1079_20210917_La_2_1148,79,HSL:1433105,Asentajanpuisto
45960,45960,0,45960,45960,0,False,SCHEDULED,1631912400,HSL:1500_20210917_La_1_1240,500,HSL:1433105,Asentajanpuisto
45960,45963,3,45960,45970,10,True,UPDATED,1631912400,HSL:1079_20210917_La_2_1158,79,HSL:1433105,Asentajanpuisto
46560,46508,-52,46560,46515,-45,True,UPDATED,1631912400,HSL:1079_20210917_La_2_1208,79,HSL:1433105,Asentajanpuisto
46860,46860,0,46860,46860,0,False,SCHEDULED,1631912400,HSL:1500_20210917_La_1_1255,500,HSL:1433105,Asentajanpuisto
45540,45511,-29,45540,45520,-20,True,UPDATED,1631912400,HSL:2227_20210917_La_2_1228,227,HSL:2152234,Riistatie
45780,45780,0,45780,45780,0,False,SCHEDULED,1631912400,HSL:2533_20210917_La_2_1238,533,HSL:2152234,Riistatie
45660,45980,320,45660,45987,327,True,UPDATED,1631912400,HSL:5565_20210917_La_1_1208,565,HSL:2152234,Riistatie
46680,46680,0,46680,46680,0,False,SCHEDULED,1631912400,HSL:2533_20210917_La_2_1253,533,HSL:2152234,Riistatie
47340,47340,0,47340,47340,0,False,SCHEDULED,1631912400,HSL:2227_20210917_La_2_1258,227,HSL:2152234,Riistatie
45840,45877,37,45840,45885,45,True,UPDATED,1631912400,HSL:1079_20210917_La_2_1158,79,HSL:1433104,Valurinkatu
45900,45900,0,45900,45900,0,False,SCHEDULED,1631912400,HSL:1500_20210917_La_1_1240,500,HSL:1433104,Valurinkatu
46440,46437,-3,46440,46443,3,True,UPDATED,1631912400,HSL:1079_20210917_La_2_1208,79,HSL:1433104,Valurinkatu
46800,46800,0,46800,46800,0,False,SCHEDULED,1631912400,HSL:1500_20210917_La_1_1255,500,HSL:1433104,Valurinkatu
47100,47128,28,47100,47132,32,True,UPDATED,1631912400,HSL:1079_20210917_La_2_1218,79,HSL:1433104,Valurinkatu
45420,45524,104,45420,45541,121,True,UPDATED,1631912400,HSL:2533_20210917_La_1_1203,533,HSL:2152233,Riistatie
45900,45864,-36,45900,45871,-29,True,UPDATED,1631912400,HSL:2227_20210917_La_1_1231,227,HSL:2152233,Riistatie
46320,46306,-14,46320,46311,-9,True,UPDATED,1631912400,HSL:2533_20210917_La_1_1218,533,HSL:2152233,Riistatie
46620,46620,0,46620,46620,0,False,SCHEDULED,1631912400,HSL:5565_20210917_La_2_1242,565,HSL:2152233,Riistatie
47220,47233,13,47220,47240,20,True,UPDATED,1631912400,HSL:2533_20210917_La_1_1233,533,HSL:2152233,Riistatie
45360,45400,40,45360,45404,44,True,UPDATED,1631912400,HSL:1079_20210917_La_1_1231,79,HSL:1433103,Valurinkatu
45720,45765,45,45720,45773,53,True,UPDATED,1631912400,HSL:1500_20210917_La_2_1206,500,HSL:1433103,Valurinkatu
45960,45960,0,45960,45960,0,False,SCHEDULED,1631912400,HSL:1079_20210917_La_1_1241,79,HSL:1433103,Valurinkatu
46560,46560,0,46560,46560,0,False,SCHEDULED,1631912400,HSL:1079_20210917_La_1_1251,79,HSL:1433103,Valurinkatu
46620,46783,163,46620,46790,170,True,UPDATED,1631912400,HSL:1500_20210917_La_2_1221,500,HSL:1433103,Valurinkatu
45540,45544,4,45540,45549,9,True,UPDATED,1631912400,HSL:2227_20210917_La_2_1228,227,HSL:2152232,Kolkeranta
45840,45840,0,45840,45840,0,False,SCHEDULED,1631912400,HSL:2533_20210917_La_2_1238,533,HSL:2152232,Kolkeranta
45720,46026,306,45720,46029,309,True,UPDATED,1631912400,HSL:5565_20210917_La_1_1208,565,HSL:2152232,Kolkeranta
46740,46740,0,46740,46740,0,False,SCHEDULED,1631912400,HSL:2533_20210917_La_2_1253,533,HSL:2152232,Kolkeranta
47340,47340,0,47340,47340,0,False,SCHEDULED,1631912400,HSL:2227_20210917_La_2_1258,227,HSL:2152232,Kolkeranta
45600,45677,77,45600,45677,77,True,UPDATED,1631912400,HSL:3001R_20210917_La_1_1210,R,HSL:5010503,Järvenpää
47400,47400,0,47400,47400,0,False,SCHEDULED,1631912400,HSL:3001R_20210917_La_1_1240,R,HSL:5010503,Järvenpää
49200,49200,0,49200,49200,0,False,SCHEDULED,1631912400,HSL:3001R_20210917_La_1_1310,R,HSL:5010503,Järvenpää
51000,51000,0,51000,51000,0,False,SCHEDULED,1631912400,HSL:3001R_20210917_La_1_1340,R,HSL:5010503,Järvenpää
52800,52800,0,52800,52800,0,False,SCHEDULED,1631912400,HSL:3001R_20210917_La_1_1410,R,HSL:5010503,Järvenpää
45360,45460,100,45360,45460,100,True,UPDATED,1631912400,HSL:2533_20210917_La_1_1203,533,HSL:2152231,Kolkeranta
45840,45831,-9,45840,45831,-9,True,UPDATED,1631912400,HSL:2227_20210917_La_1_1231,227,HSL:2152231,Kolkeranta
46260,46268,8,46260,46270,10,True,UPDATED,1631912400,HSL:2533_20210917_La_1_1218,533,HSL:2152231,Kolkeranta
46560,46560,0,46560,46560,0,False,SCHEDULED,1631912400,HSL:5565_20210917_La_2_1242,565,HSL:2152231,Kolkeranta
47160,47196,36,47160,47198,38,True,UPDATED,1631912400,HSL:2533_20210917_La_1_1233,533,HSL:2152231,Kolkeranta
46080,46165,85,46140,46225,85,True,UPDATED,1631912400,HSL:3001R_20210917_La_1_1210,R,HSL:5010504,Jokela
47880,47880,0,47940,47940,0,False,SCHEDULED,1631912400,HSL:3001R_20210917_La_1_1240,R,HSL:5010504,Jokela
49680,49680,0,49740,49740,0,False,SCHEDULED,1631912400,HSL:3001R_20210917_La_1_1310,R,HSL:5010504,Jokela
51480,51480,0,51540,51540,0,False,SCHEDULED,1631912400,HSL:3001R_20210917_La_1_1340,R,HSL:5010504,Jokela
53280,53280,0,53340,53340,0,False,SCHEDULED,1631912400,HSL:3001R_20210917_La_1_1410,R,HSL:5010504,Jokela
45600,45592,-8,45600,45597,-3,True,UPDATED,1631912400,HSL:2227_20210917_La_2_1228,227,HSL:2152230,Linnustaja
45900,45900,0,45900,45900,0,False,SCHEDULED,1631912400,HSL:2533_20210917_La_2_1238,533,HSL:2152230,Linnustaja
45720,46055,335,45720,46060,340,True,UPDATED,1631912400,HSL:5565_20210917_La_1_1208,565,HSL:2152230,Linnustaja
46800,46800,0,46800,46800,0,False,SCHEDULED,1631912400,HSL:2533_20210917_La_2_1253,533,HSL:2152230,Linnustaja
47400,47400,0,47400,47400,0,False,SCHEDULED,1631912400,HSL:2227_20210917_La_2_1258,227,HSL:2152230,Linnustaja
45600,45628,28,45600,45650,50,True,UPDATED,1631912400,HSL:1500_20210917_La_2_1206,500,HSL:1433108,Puusepänportti
45780,45780,0,45780,45780,0,False,SCHEDULED,1631912400,HSL:1079_20210917_La_1_1241,79,HSL:1433108,Puusepänportti
46380,46380,0,46380,46380,0,False,SCHEDULED,1631912400,HSL:1079_20210917_La_1_1251,79,HSL:1433108,Puusepänportti
46500,46649,149,46500,46671,171,True,UPDATED,1631912400,HSL:1500_20210917_La_2_1221,500,HSL:1433108,Puusepänportti
46980,46980,0,46980,46980,0,False,SCHEDULED,1631912400,HSL:1079_20210917_La_1_1301,79,HSL:1433108,Puusepänportti
45480,45412,-68,45480,45412,-68,True,UPDATED,1631912400,HSL:1079_20210917_La_2_1148,79,HSL:1433107,Työnjohtajankatu
46020,46020,0,46020,46020,0,False,SCHEDULED,1631912400,HSL:1500_20210917_La_1_1240,500,HSL:1433107,Työnjohtajankatu
46080,46028,-52,46080,46038,-42,True,UPDATED,1631912400,HSL:1079_20210917_La_2_1158,79,HSL:1433107,Työnjohtajankatu
46680,46595,-85,46680,46624,-56,True,UPDATED,1631912400,HSL:1079_20210917_La_2_1208,79,HSL:1433107,Työnjohtajankatu
46920,46920,0,46920,46920,0,False,SCHEDULED,1631912400,HSL:1500_20210917_La_1_1255,500,HSL:1433107,Työnjohtajankatu
45300,45339,39,45300,45349,49,True,UPDATED,1631912400,HSL:1079_20210917_La_1_1231,79,HSL:1433106,Asentajanpuisto
45660,45706,46,45660,45719,59,True,UPDATED,1631912400,HSL:1500_20210917_La_2_1206,500,HSL:1433106,Asentajanpuisto
45900,45900,0,45900,45900,0,False,SCHEDULED,1631912400,HSL:1079_20210917_La_1_1241,79,HSL:1433106,Asentajanpuisto
46500,46500,0,46500,46500,0,False,SCHEDULED,1631912400,HSL:1079_20210917_La_1_1251,79,HSL:1433106,Asentajanpuisto
46560,46726,166,46560,46737,177,True,UPDATED,1631912400,HSL:1500_20210917_La_2_1221,500,HSL:1433106,Asentajanpuisto
45720,45819,99,45720,45819,99,True,UPDATED,1631912400,HSL:9642_20210917_La_1_1216,642,HSL:9650902,Koskenmäki
46980,46980,0,46980,46980,0,False,SCHEDULED,1631912400,HSL:9963_20210917_La_1_1300,963,HSL:9650902,Koskenmäki
49380,49380,0,49380,49380,0,False,SCHEDULED,1631912400,HSL:9642_20210917_La_1_1316,642,HSL:9650902,Koskenmäki
50700,50700,0,50700,50700,0,False,SCHEDULED,1631912400,HSL:9963_20210917_La_1_1402,963,HSL:9650902,Koskenmäki
52980,52980,0,52980,52980,0,False,SCHEDULED,1631912400,HSL:9642_20210917_La_1_1416,642,HSL:9650902,Koskenmäki
45180,45467,287,45180,45473,293,True,UPDATED,1631912400,HSL:2321_20210917_La_1_1153,321,HSL:2152239,Heiniemenpolku
45480,45601,121,45480,45601,121,True,UPDATED,1631912400,HSL:2533_20210917_La_1_1203,533,HSL:2152239,Heiniemenpolku
45780,45765,-15,45780,45771,-9,True,UPDATED,1631912400,HSL:2236_20210917_La_1_1226,236,HSL:2152239,Heiniemenpolku
45960,45946,-14,45960,45949,-11,True,UPDATED,1631912400,HSL:2227_20210917_La_1_1231,227,HSL:2152239,Heiniemenpolku
46380,46382,2,46380,46384,4,True,UPDATED,1631912400,HSL:2533_20210917_La_1_1218,533,HSL:2152239,Heiniemenpolku
46500,46500,0,46500,46500,0,True,UPDATED,1631912400,HSL:9963_20210917_La_2_1236,963,HSL:9650905,Paijalannummi
50220,50220,0,50220,50220,0,False,SCHEDULED,1631912400,HSL:9963_20210917_La_2_1338,963,HSL:9650905,Paijalannummi
53820,53820,0,53820,53820,0,False,SCHEDULED,1631912400,HSL:9963_20210917_La_2_1438,963,HSL:9650905,Paijalannummi
57420,57420,0,57420,57420,0,False,SCHEDULED,1631912400,HSL:9963_20210917_La_2_1538,963,HSL:9650905,Paijalannummi
61020,61020,0,61020,61020,0,False,SCHEDULED,1631912400,HSL:9963_20210917_La_2_1638,963,HSL:9650905,Paijalannummi
45420,45430,10,45420,45436,16,True,UPDATED,1631912400,HSL:2227_20210917_La_2_1228,227,HSL:2152238,Tammihaantie
45720,45720,0,45720,45720,0,False,SCHEDULED,1631912400,HSL:2533_20210917_La_2_1238,533,HSL:2152238,Tammihaantie
45600,45856,256,45600,45890,290,True,UPDATED,1631912400,HSL:5565_20210917_La_1_1208,565,HSL:2152238,Tammihaantie
46620,46620,0,46620,46620,0,False,SCHEDULED,1631912400,HSL:2533_20210917_La_2_1253,533,HSL:2152238,Tammihaantie
47220,47220,0,47220,47220,0,False,SCHEDULED,1631912400,HSL:2227_20210917_La_2_1258,227,HSL:2152238,Tammihaantie
46920,46920,0,46920,46920,0,False,SCHEDULED,1631912400,HSL:9963_20210917_La_1_1300,963,HSL:9650906,Paijalannummi
50640,50640,0,50640,50640,0,False,SCHEDULED,1631912400,HSL:9963_20210917_La_1_1402,963,HSL:9650906,Paijalannummi
54240,54240,0,54240,54240,0,False,SCHEDULED,1631912400,HSL:9963_20210917_La_1_1502,963,HSL:9650906,Paijalannummi
57840,57840,0,57840,57840,0,False,SCHEDULED,1631912400,HSL:9963_20210917_La_1_1602,963,HSL:9650906,Paijalannummi
61440,61440,0,61440,61440,0,False,SCHEDULED,1631912400,HSL:9963_20210917_La_1_1702,963,HSL:9650906,Paijalannummi
45360,45311,-49,45360,45318,-42,True,UPDATED,1631912400,HSL:2321_20210917_La_2_1229,321,HSL:2152237,Heiniemenpolku
45780,45780,0,45780,45780,0,False,SCHEDULED,1631912400,HSL:2236B_20210917_La_2_1236,236B,HSL:2152237,Heiniemenpolku
46680,46680,0,46680,46680,0,False,SCHEDULED,1631912400,HSL:5565_20210917_La_2_1242,565,HSL:2152237,Heiniemenpolku
46800,46800,0,46800,46800,0,False,SCHEDULED,1631912400,HSL:2321_20210917_La_2_1253,321,HSL:2152237,Heiniemenpolku
46980,46980,0,46980,46980,0,True,UPDATED,1631912400,HSL:2239_20210917_La_2_1237,239,HSL:2152237,Heiniemenpolku
45480,45478,-2,45480,45485,5,True,UPDATED,1631912400,HSL:2227_20210917_La_2_1228,227,HSL:2152236,Auroran koulu
45720,45720,0,45720,45720,0,False,SCHEDULED,1631912400,HSL:2533_20210917_La_2_1238,533,HSL:2152236,Auroran koulu
45600,45942,342,45600,45948,348,True,UPDATED,1631912400,HSL:5565_20210917_La_1_1208,565,HSL:2152236,Auroran koulu
46620,46620,0,46620,46620,0,False,SCHEDULED,1631912400,HSL:2533_20210917_La_2_1253,533,HSL:2152236,Auroran koulu
47280,47280,0,47280,47280,0,False,SCHEDULED,1631912400,HSL:2227_20210917_La_2_1258,227,HSL:2152236,Auroran koulu
45600,45600,0,45600,45600,0,True,UPDATED,1631912400,HSL:9642_20210917_La_2_1238,642,HSL:9650903,Koskenmäki
46380,46380,0,46380,46380,0,True,UPDATED,1631912400,HSL:9963_20210917_La_2_1236,963,HSL:9650903,Koskenmäki
49200,49200,0,49200,49200,0,False,SCHEDULED,1631912400,HSL:9642_20210917_La_2_1338,642,HSL:9650903,Koskenmäki
50100,50100,0,50100,50100,0,False,SCHEDULED,1631912400,HSL:9963_20210917_La_2_1338,963,HSL:9650903,Koskenmäki
52800,52800,0,52800,52800,0,False,SCHEDULED,1631912400,HSL:9642_20210917_La_2_1438,642,HSL:9650903,Koskenmäki
45420,45541,121,45420,45541,121,True,UPDATED,1631912400,HSL:2533_20210917_La_1_1203,533,HSL:2152235,Auroran koulu
45900,45889,-11,45900,45892,-8,True,UPDATED,1631912400,HSL:2227_20210917_La_1_1231,227,HSL:2152235,Auroran koulu
46320,46327,7,46320,46329,9,True,UPDATED,1631912400,HSL:2533_20210917_La_1_1218,533,HSL:2152235,Auroran koulu
46620,46620,0,46620,46620,0,False,SCHEDULED,1631912400,HSL:5565_20210917_La_2_1242,565,HSL:2152235,Auroran koulu
47220,47253,33,47220,47257,37,True,UPDATED,1631912400,HSL:2533_20210917_La_1_1233,533,HSL:2152235,Auroran koulu
45360,45360,0,45360,45360,0,False,SCHEDULED,1631912400,HSL:2147_20210917_La_2_1233,147,HSL:2414270,Laurinlahden koulu
46260,46260,0,46260,46260,0,False,SCHEDULED,1631912400,HSL:2147_20210917_La_2_1248,147,HSL:2414270,Laurinlahden koulu
47160,47160,0,47160,47160,0,False,SCHEDULED,1631912400,HSL:2147_20210917_La_2_1303,147,HSL:2414270,Laurinlahden koulu
48060,48060,0,48060,48060,0,False,SCHEDULED,1631912400,HSL:2147_20210917_La_2_1318,147,HSL:2414270,Laurinlahden koulu
48960,48960,0,48960,48960,0,False,SCHEDULED,1631912400,HSL:2147_20210917_La_2_1333,147,HSL:2414270,Laurinlahden koulu
45660,45631,-29,45660,45641,-19,True,UPDATED,1631912400,HSL:2147_20210917_La_1_1223,147,HSL:2414271,Laurinlahden koulu
46560,46560,0,46560,46560,0,False,SCHEDULED,1631912400,HSL:2147_20210917_La_1_1238,147,HSL:2414271,Laurinlahden koulu
47460,47460,0,47460,47460,0,False,SCHEDULED,1631912400,HSL:2147_20210917_La_1_1253,147,HSL:2414271,Laurinlahden koulu
48360,48360,0,48360,48360,0,False,SCHEDULED,1631912400,HSL:2147_20210917_La_1_1308,147,HSL:2414271,Laurinlahden koulu
49320,49320,0,49320,49320,0,False,SCHEDULED,1631912400,HSL:2147_20210917_La_1_1323,147,HSL:2414271,Laurinlahden koulu
45540,45490,-50,45540,45515,-25,True,UPDATED,1631912400,HSL:1079_20210917_La_2_1148,79,HSL:1433113,Laivalahdenportti
45360,45500,140,45360,45540,180,True,UPDATED,1631912400,HSL:1084_20210917_La_2_1220,84,HSL:1433113,Laivalahdenportti
45600,45621,21,45600,45621,21,True,UPDATED,1631912400,HSL:1086_20210917_La_2_1224,86,HSL:1433113,Laivalahdenportti
45600,45633,33,45600,45633,33,True,UPDATED,1631912400,HSL:1088_20210917_La_2_1226,88,HSL:1433113,Laivalahdenportti
45660,45712,52,45660,45712,52,True,UPDATED,1631912400,HSL:1082_20210917_La_2_1228,82,HSL:1433113,Laivalahdenportti
45840,45840,0,45840,45840,0,False,SCHEDULED,1631912400,HSL:1500_20210917_La_1_1240,500,HSL:1433119,Muuntajankatu
46740,46740,0,46740,46740,0,False,SCHEDULED,1631912400,HSL:1500_20210917_La_1_1255,500,HSL:1433119,Muuntajankatu
47640,47640,0,47640,47640,0,False,SCHEDULED,1631912400,HSL:1500_20210917_La_1_1310,500,HSL:1433119,Muuntajankatu
48540,48540,0,48540,48540,0,False,SCHEDULED,1631912400,HSL:1500_20210917_La_1_1325,500,HSL:1433119,Muuntajankatu
49440,49440,0,49440,49440,0,False,SCHEDULED,1631912400,HSL:1500_20210917_La_1_1340,500,HSL:1433119,Muuntajankatu
45780,45856,76,45780,45868,88,True,UPDATED,1631912400,HSL:1500_20210917_La_2_1206,500,HSL:1433118,Muuntajankatu
46680,46865,185,46680,46876,196,True,UPDATED,1631912400,HSL:1500_20210917_La_2_1221,500,HSL:1433118,Muuntajankatu
47580,47580,0,47580,47580,0,False,SCHEDULED,1631912400,HSL:1500_20210917_La_2_1236,500,HSL:1433118,Muuntajankatu
48480,48480,0,48480,48480,0,False,SCHEDULED,1631912400,HSL:1500_20210917_La_2_1251,500,HSL:1433118,Muuntajankatu
49380,49380,0,49380,49380,0,False,SCHEDULED,1631912400,HSL:1500_20210917_La_2_1306,500,HSL:1433118,Muuntajankatu
45360,45438,78,45360,45438,78,True,UPDATED,1631912400,HSL:2533_20210917_La_1_1203,533,HSL:2152229,Linnustaja
45840,45831,-9,45840,45831,-9,True,UPDATED,1631912400,HSL:2227_20210917_La_1_1231,227,HSL:2152229,Linnustaja
46260,46246,-14,46260,46249,-11,True,UPDATED,1631912400,HSL:2533_20210917_La_1_1218,533,HSL:2152229,Linnustaja
46500,46500,0,46500,46500,0,False,SCHEDULED,1631912400,HSL:5565_20210917_La_2_1242,565,HSL:2152229,Linnustaja
47160,47175,15,47160,47178,18,True,UPDATED,1631912400,HSL:2533_20210917_La_1_1233,533,HSL:2152229,Linnustaja
45900,45900,0,45900,45900,0,False,SCHEDULED,1631912400,HSL:2549_20210917_La_1_1220,549,HSL:2152228,Ingas
45840,46155,315,45840,46181,341,True,UPDATED,1631912400,HSL:5565_20210917_La_1_1208,565,HSL:2152228,Ingas
46800,46800,0,46800,46800,0,True,UPDATED,1631912400,HSL:2549_20210917_La_1_1235,549,HSL:2152228,Ingas
47640,47640,0,47640,47640,0,True,UPDATED,1631912400,HSL:5565_20210917_La_1_1238,565,HSL:2152228,Ingas
47700,47700,0,47700,47700,0,False,SCHEDULED,1631912400,HSL:2549_20210917_La_1_1250,549,HSL:2152228,Ingas
45960,45960,0,45960,45960,0,False,SCHEDULED,1631912400,HSL:2549_20210917_La_2_1244,549,HSL:2152227,Ingas
46380,46380,0,46380,46380,0,False,SCHEDULED,1631912400,HSL:5565_20210917_La_2_1242,565,HSL:2152227,Ingas
46860,46860,0,46860,46860,0,False,SCHEDULED,1631912400,HSL:2549_20210917_La_2_1259,549,HSL:2152227,Ingas
47760,47760,0,47760,47760,0,False,SCHEDULED,1631912400,HSL:2549_20210917_La_2_1314,549,HSL:2152227,Ingas
48180,48180,0,48180,48180,0,False,SCHEDULED,1631912400,HSL:5565_20210917_La_2_1312,565,HSL:2152227,Ingas
45480,45646,166,45480,45659,179,True,UPDATED,1631912400,HSL:2200_20210917_La_1_1154,200,HSL:2152226,Petas
45840,45840,0,45840,45840,0,False,SCHEDULED,1631912400,HSL:2549_20210917_La_1_1220,549,HSL:2152226,Petas
45780,46121,341,45780,46127,347,True,UPDATED,1631912400,HSL:5565_20210917_La_1_1208,565,HSL:2152226,Petas
46140,46318,178,46140,46333,193,True,UPDATED,1631912400,HSL:2200_20210917_La_1_1204,200,HSL:2152226,Petas
46740,46740,0,46740,46740,0,True,UPDATED,1631912400,HSL:2549_20210917_La_1_1235,549,HSL:2152226,Petas
45420,45453,33,45420,45465,45,True,UPDATED,1631912400,HSL:1079_20210917_La_1_1231,79,HSL:1433127,Mekaanikonkatu
46020,46020,0,46020,46020,0,False,SCHEDULED,1631912400,HSL:1079_20210917_La_1_1241,79,HSL:1433127,Mekaanikonkatu
46620,46620,0,46620,46620,0,False,SCHEDULED,1631912400,HSL:1079_20210917_La_1_1251,79,HSL:1433127,Mekaanikonkatu
47220,47220,0,47220,47220,0,False,SCHEDULED,1631912400,HSL:1079_20210917_La_1_1301,79,HSL:1433127,Mekaanikonkatu
47820,47820,0,47820,47820,0,False,SCHEDULED,1631912400,HSL:1079_20210917_La_1_1311,79,HSL:1433127,Mekaanikonkatu
45780,45854,74,45780,45855,75,True,UPDATED,1631912400,HSL:2145_20210917_La_1_1222,145,HSL:2451203,Suinonkuja
47580,47580,0,47580,47580,0,False,SCHEDULED,1631912400,HSL:2145_20210917_La_1_1252,145,HSL:2451203,Suinonkuja
49380,49380,0,49380,49380,0,False,SCHEDULED,1631912400,HSL:2145_20210917_La_1_1322,145,HSL:2451203,Suinonkuja
51180,51180,0,51180,51180,0,False,SCHEDULED,1631912400,HSL:2145_20210917_La_1_1352,145,HSL:2451203,Suinonkuja
52980,52980,0,52980,52980,0,False,SCHEDULED,1631912400,HSL:2145_20210917_La_1_1422,145,HSL:2451203,Suinonkuja
45780,45830,50,45780,45834,54,True,UPDATED,1631912400,HSL:1079_20210917_La_2_1158,79,HSL:1433128,Mekaanikonkatu
46380,46387,7,46380,46392,12,True,UPDATED,1631912400,HSL:1079_20210917_La_2_1208,79,HSL:1433128,Mekaanikonkatu
47040,47077,37,47040,47080,40,True,UPDATED,1631912400,HSL:1079_20210917_La_2_1218,79,HSL:1433128,Mekaanikonkatu
47640,47661,21,47640,47665,25,True,UPDATED,1631912400,HSL:1079_20210917_La_2_1228,79,HSL:1433128,Mekaanikonkatu
48240,48240,0,48240,48240,0,True,UPDATED,1631912400,HSL:1079_20210917_La_2_1238,79,HSL:1433128,Mekaanikonkatu
45840,45946,106,45840,45946,106,True,UPDATED,1631912400,HSL:2145_20210917_La_1_1222,145,HSL:2451209,Reiviikintie
47640,47640,0,47640,47640,0,False,SCHEDULED,1631912400,HSL:2145_20210917_La_1_1252,145,HSL:2451209,Reiviikintie
49440,49440,0,49440,49440,0,False,SCHEDULED,1631912400,HSL:2145_20210917_La_1_1322,145,HSL:2451209,Reiviikintie
51240,51240,0,51240,51240,0,False,SCHEDULED,1631912400,HSL:2145_20210917_La_1_1352,145,HSL:2451209,Reiviikintie
53040,53040,0,53040,53040,0,False,SCHEDULED,1631912400,HSL:2145_20210917_La_1_1422,145,HSL:2451209,Reiviikintie
46680,46680,0,46680,46680,0,False,SCHEDULED,1631912400,HSL:2145_20210917_La_2_1254,145,HSL:2451208,Skatantie
48480,48480,0,48480,48480,0,False,SCHEDULED,1631912400,HSL:2145_20210917_La_2_1324,145,HSL:2451208,Skatantie
50280,50280,0,50280,50280,0,False,SCHEDULED,1631912400,HSL:2145_20210917_La_2_1354,145,HSL:2451208,Skatantie
52080,52080,0,52080,52080,0,False,SCHEDULED,1631912400,HSL:2145_20210917_La_2_1424,145,HSL:2451208,Skatantie
53880,53880,0,53880,53880,0,False,SCHEDULED,1631912400,HSL:2145_20210917_La_2_1454,145,HSL:2451208,Skatantie
45780,45855,75,45780,45855,75,True,UPDATED,1631912400,HSL:2145_20210917_La_1_1222,145,HSL:2451205,Kanavaniemi
47580,47580,0,47580,47580,0,False,SCHEDULED,1631912400,HSL:2145_20210917_La_1_1252,145,HSL:2451205,Kanavaniemi
49380,49380,0,49380,49380,0,False,SCHEDULED,1631912400,HSL:2145_20210917_La_1_1322,145,HSL:2451205,Kanavaniemi
51180,51180,0,51180,51180,0,False,SCHEDULED,1631912400,HSL:2145_20210917_La_1_1352,145,HSL:2451205,Kanavaniemi
52980,52980,0,52980,52980,0,False,SCHEDULED,1631912400,HSL:2145_20210917_La_1_1422,145,HSL:2451205,Kanavaniemi
46740,46740,0,46740,46740,0,False,SCHEDULED,1631912400,HSL:2145_20210917_La_2_1254,145,HSL:2451204,Suinonkuja
48540,48540,0,48540,48540,0,False,SCHEDULED,1631912400,HSL:2145_20210917_La_2_1324,145,HSL:2451204,Suinonkuja
50340,50340,0,50340,50340,0,False,SCHEDULED,1631912400,HSL:2145_20210917_La_2_1354,145,HSL:2451204,Suinonkuja
52140,52140,0,52140,52140,0,False,SCHEDULED,1631912400,HSL:2145_20210917_La_2_1424,145,HSL:2451204,Suinonkuja
53940,53940,0,53940,53940,0,False,SCHEDULED,1631912400,HSL:2145_20210917_La_2_1454,145,HSL:2451204,Suinonkuja
45840,45936,96,45840,45946,106,True,UPDATED,1631912400,HSL:2145_20210917_La_1_1222,145,HSL:2451207,Skatantie
47640,47640,0,47640,47640,0,False,SCHEDULED,1631912400,HSL:2145_20210917_La_1_1252,145,HSL:2451207,Skatantie
49440,49440,0,49440,49440,0,False,SCHEDULED,1631912400,HSL:2145_20210917_La_1_1322,145,HSL:2451207,Skatantie
51240,51240,0,51240,51240,0,False,SCHEDULED,1631912400,HSL:2145_20210917_La_1_1352,145,HSL:2451207,Skatantie
53040,53040,0,53040,53040,0,False,SCHEDULED,1631912400,HSL:2145_20210917_La_1_1422,145,HSL:2451207,Skatantie
46740,46740,0,46740,46740,0,False,SCHEDULED,1631912400,HSL:2145_20210917_La_2_1254,145,HSL:2451206,Kanavaniemi
48540,48540,0,48540,48540,0,False,SCHEDULED,1631912400,HSL:2145_20210917_La_2_1324,145,HSL:2451206,Kanavaniemi
50340,50340,0,50340,50340,0,False,SCHEDULED,1631912400,HSL:2145_20210917_La_2_1354,145,HSL:2451206,Kanavaniemi
52140,52140,0,52140,52140,0,False,SCHEDULED,1631912400,HSL:2145_20210917_La_2_1424,145,HSL:2451206,Kanavaniemi
53940,53940,0,53940,53940,0,False,SCHEDULED,1631912400,HSL:2145_20210917_La_2_1454,145,HSL:2451206,Kanavaniemi
45480,45480,0,45480,45480,0,False,SCHEDULED,1631912400,HSL:2147_20210917_La_2_1233,147,HSL:2414255,Krattivuori
46380,46380,0,46380,46380,0,False,SCHEDULED,1631912400,HSL:2147_20210917_La_2_1248,147,HSL:2414255,Krattivuori
47280,47280,0,47280,47280,0,False,SCHEDULED,1631912400,HSL:2147_20210917_La_2_1303,147,HSL:2414255,Krattivuori
48180,48180,0,48180,48180,0,False,SCHEDULED,1631912400,HSL:2147_20210917_La_2_1318,147,HSL:2414255,Krattivuori
49080,49080,0,49080,49080,0,False,SCHEDULED,1631912400,HSL:2147_20210917_La_2_1333,147,HSL:2414255,Krattivuori
45780,45780,0,45780,45780,0,False,SCHEDULED,1631912400,HSL:1500_20210917_La_1_1240,500,HSL:1433121,Pikkupurontie
46680,46680,0,46680,46680,0,False,SCHEDULED,1631912400,HSL:1500_20210917_La_1_1255,500,HSL:1433121,Pikkupurontie
47580,47580,0,47580,47580,0,False,SCHEDULED,1631912400,HSL:1500_20210917_La_1_1310,500,HSL:1433121,Pikkupurontie
48480,48480,0,48480,48480,0,False,SCHEDULED,1631912400,HSL:1500_20210917_La_1_1325,500,HSL:1433121,Pikkupurontie
49380,49380,0,49380,49380,0,False,SCHEDULED,1631912400,HSL:1500_20210917_La_1_1340,500,HSL:1433121,Pikkupurontie
45840,45891,51,45840,45913,73,True,UPDATED,1631912400,HSL:1500_20210917_La_2_1206,500,HSL:1433120,Pikkupurontie
46740,46900,160,46740,46921,181,True,UPDATED,1631912400,HSL:1500_20210917_La_2_1221,500,HSL:1433120,Pikkupurontie
47640,47640,0,47640,47640,0,False,SCHEDULED,1631912400,HSL:1500_20210917_La_2_1236,500,HSL:1433120,Pikkupurontie
48540,48540,0,48540,48540,0,False,SCHEDULED,1631912400,HSL:1500_20210917_La_2_1251,500,HSL:1433120,Pikkupurontie
49440,49440,0,49440,49440,0,False,SCHEDULED,1631912400,HSL:1500_20210917_La_2_1306,500,HSL:1433120,Pikkupurontie
46620,46620,0,46620,46620,0,False,SCHEDULED,1631912400,HSL:2145_20210917_La_2_1254,145,HSL:2451212,Bosund
48420,48420,0,48420,48420,0,False,SCHEDULED,1631912400,HSL:2145_20210917_La_2_1324,145,HSL:2451212,Bosund
50220,50220,0,50220,50220,0,False,SCHEDULED,1631912400,HSL:2145_20210917_La_2_1354,145,HSL:2451212,Bosund
52020,52020,0,52020,52020,0,False,SCHEDULED,1631912400,HSL:2145_20210917_La_2_1424,145,HSL:2451212,Bosund
53820,53820,0,53820,53820,0,False,SCHEDULED,1631912400,HSL:2145_20210917_La_2_1454,145,HSL:2451212,Bosund
45480,45596,116,45480,45601,121,True,UPDATED,1631912400,HSL:2533_20210917_La_1_1203,533,HSL:2152245,Tammihaantie
45960,45928,-32,45960,45932,-28,True,UPDATED,1631912400,HSL:2227_20210917_La_1_1231,227,HSL:2152245,Tammihaantie
46380,46366,-14,46380,46369,-11,True,UPDATED,1631912400,HSL:2533_20210917_La_1_1218,533,HSL:2152245,Tammihaantie
46620,46620,0,46620,46620,0,False,SCHEDULED,1631912400,HSL:5565_20210917_La_2_1242,565,HSL:2152245,Tammihaantie
47280,47310,30,47280,47315,35,True,UPDATED,1631912400,HSL:2533_20210917_La_1_1233,533,HSL:2152245,Tammihaantie
45900,45971,71,45900,45971,71,True,UPDATED,1631912400,HSL:2145_20210917_La_1_1222,145,HSL:2451211,Bosund
47700,47700,0,47700,47700,0,False,SCHEDULED,1631912400,HSL:2145_20210917_La_1_1252,145,HSL:2451211,Bosund
49500,49500,0,49500,49500,0,False,SCHEDULED,1631912400,HSL:2145_20210917_La_1_1322,145,HSL:2451211,Bosund
51300,51300,0,51300,51300,0,False,SCHEDULED,1631912400,HSL:2145_20210917_La_1_1352,145,HSL:2451211,Bosund
53100,53100,0,53100,53100,0,False,SCHEDULED,1631912400,HSL:2145_20210917_La_1_1422,145,HSL:2451211,Bosund
46560,46560,0,46560,46560,0,False,SCHEDULED,1631912400,HSL:2145_20210917_La_2_1254,145,HSL:2451214,Sävasund
48360,48360,0,48360,48360,0,False,SCHEDULED,1631912400,HSL:2145_20210917_La_2_1324,145,HSL:2451214,Sävasund
50160,50160,0,50160,50160,0,False,SCHEDULED,1631912400,HSL:2145_20210917_La_2_1354,145,HSL:2451214,Sävasund
51960,51960,0,51960,51960,0,False,SCHEDULED,1631912400,HSL:2145_20210917_La_2_1424,145,HSL:2451214,Sävasund
53760,53760,0,53760,53760,0,False,SCHEDULED,1631912400,HSL:2145_20210917_La_2_1454,145,HSL:2451214,Sävasund
45300,45399,99,45300,45399,99,True,UPDATED,1631912400,HSL:2533_20210917_La_1_1203,533,HSL:2152243,Petas
45780,45786,6,45780,45795,15,True,UPDATED,1631912400,HSL:2227_20210917_La_1_1231,227,HSL:2152243,Petas
46200,46205,5,46200,46211,11,True,UPDATED,1631912400,HSL:2533_20210917_La_1_1218,533,HSL:2152243,Petas
46500,46500,0,46500,46500,0,False,SCHEDULED,1631912400,HSL:5565_20210917_La_2_1242,565,HSL:2152243,Petas
47100,47132,32,47100,47141,41,True,UPDATED,1631912400,HSL:2533_20210917_La_1_1233,533,HSL:2152243,Petas
86520,86520,0,86520,86520,0,False,SCHEDULED,1631912400,HSL:1090N_20210917_La_1_2339,90N,HSL:1457107,Itäkeskus
86820,86820,0,86820,86820,0,False,SCHEDULED,1631912400,HSL:1096N_20210917_La_1_2349,96N,HSL:1457107,Itäkeskus
87720,87720,0,87720,87720,0,False,SCHEDULED,1631912400,HSL:1090N_20210917_La_1_2359,90N,HSL:1457107,Itäkeskus
87960,87960,0,87960,87960,0,False,SCHEDULED,1631912400,HSL:1096N_20210917_La_1_2409,96N,HSL:1457107,Itäkeskus
88920,88920,0,88920,88920,0,False,SCHEDULED,1631912400,HSL:1090N_20210917_La_1_2419,90N,HSL:1457107,Itäkeskus
84420,84420,0,84420,84420,0,False,SCHEDULED,1631912400,HSL:1090N_20210917_La_2_2311,90N,HSL:1457106,Itäkeskus
85260,85260,0,85260,85260,0,False,SCHEDULED,1631912400,HSL:1096N_20210917_La_2_2321,96N,HSL:1457106,Itäkeskus
85860,85860,0,85860,85860,0,False,SCHEDULED,1631912400,HSL:1090A_20210917_La_2_2338,90A,HSL:1457106,Itäkeskus
86220,86220,0,86220,86220,0,False,SCHEDULED,1631912400,HSL:1090N_20210917_La_2_2341,90N,HSL:1457106,Itäkeskus
87060,87060,0,87060,87060,0,False,SCHEDULED,1631912400,HSL:1096N_20210917_La_2_2351,96N,HSL:1457106,Itäkeskus
45960,46019,59,45960,46021,61,True,UPDATED,1631912400,HSL:2145_20210917_La_1_1222,145,HSL:2451213,Sävasund
47760,47760,0,47760,47760,0,False,SCHEDULED,1631912400,HSL:2145_20210917_La_1_1252,145,HSL:2451213,Sävasund
49560,49560,0,49560,49560,0,False,SCHEDULED,1631912400,HSL:2145_20210917_La_1_1322,145,HSL:2451213,Sävasund
51360,51360,0,51360,51360,0,False,SCHEDULED,1631912400,HSL:2145_20210917_La_1_1352,145,HSL:2451213,Sävasund
53160,53160,0,53160,53160,0,False,SCHEDULED,1631912400,HSL:2145_20210917_La_1_1422,145,HSL:2451213,Sävasund
45180,45425,245,45180,45434,254,True,UPDATED,1631912400,HSL:2321_20210917_La_1_1153,321,HSL:2152242,Vilniemi
45720,45707,-13,45720,45718,-2,True,UPDATED,1631912400,HSL:2236_20210917_La_1_1226,236,HSL:2152242,Vilniemi
45540,45818,278,45540,45856,316,True,UPDATED,1631912400,HSL:5565_20210917_La_1_1208,565,HSL:2152242,Vilniemi
46920,46920,0,46920,46920,0,False,SCHEDULED,1631912400,HSL:2239_20210917_La_1_1246,239,HSL:2152242,Vilniemi
47340,47340,0,47340,47340,0,True,UPDATED,1631912400,HSL:5565_20210917_La_1_1238,565,HSL:2152242,Vilniemi
45780,45872,92,45780,45872,92,True,UPDATED,1631912400,HSL:1040_20210917_La_1_1215,40,HSL:1331109,Kannelkallio
46380,46490,110,46380,46490,110,True,UPDATED,1631912400,HSL:1040_20210917_La_1_1225,40,HSL:1331109,Kannelkallio
46980,46980,0,46980,46980,0,True,UPDATED,1631912400,HSL:1040_20210917_La_1_1235,40,HSL:1331109,Kannelkallio
47580,47580,0,47580,47580,0,False,SCHEDULED,1631912400,HSL:1040_20210917_La_1_1245,40,HSL:1331109,Kannelkallio
48240,48240,0,48240,48240,0,False,SCHEDULED,1631912400,HSL:1040_20210917_La_1_1255,40,HSL:1331109,Kannelkallio
45420,45363,-57,45420,45383,-37,True,UPDATED,1631912400,HSL:2321_20210917_La_2_1229,321,HSL:2152241,Vilniemi
45840,45840,0,45840,45840,0,False,SCHEDULED,1631912400,HSL:2236B_20210917_La_2_1236,236B,HSL:2152241,Vilniemi
46740,46740,0,46740,46740,0,False,SCHEDULED,1631912400,HSL:5565_20210917_La_2_1242,565,HSL:2152241,Vilniemi
46860,46860,0,46860,46860,0,False,SCHEDULED,1631912400,HSL:2321_20210917_La_2_1253,321,HSL:2152241,Vilniemi
47040,47040,0,47040,47040,0,True,UPDATED,1631912400,HSL:2239_20210917_La_2_1237,239,HSL:2152241,Vilniemi
45420,45420,0,45420,45420,0,True,UPDATED,1631912400,HSL:1040_20210917_La_2_1236,40,HSL:1331107,Klaneettitie
46020,46020,0,46020,46020,0,False,SCHEDULED,1631912400,HSL:1040_20210917_La_2_1246,40,HSL:1331107,Klaneettitie
46620,46620,0,46620,46620,0,False,SCHEDULED,1631912400,HSL:1040_20210917_La_2_1256,40,HSL:1331107,Klaneettitie
47220,47220,0,47220,47220,0,False,SCHEDULED,1631912400,HSL:1040_20210917_La_2_1306,40,HSL:1331107,Klaneettitie
47820,47820,0,47820,47820,0,False,SCHEDULED,1631912400,HSL:1040_20210917_La_2_1316,40,HSL:1331107,Klaneettitie
46680,46680,0,46680,46680,0,False,SCHEDULED,1631912400,HSL:2145_20210917_La_2_1254,145,HSL:2451210,Reiviikintie
48480,48480,0,48480,48480,0,False,SCHEDULED,1631912400,HSL:2145_20210917_La_2_1324,145,HSL:2451210,Reiviikintie
50280,50280,0,50280,50280,0,False,SCHEDULED,1631912400,HSL:2145_20210917_La_2_1354,145,HSL:2451210,Reiviikintie
52080,52080,0,52080,52080,0,False,SCHEDULED,1631912400,HSL:2145_20210917_La_2_1424,145,HSL:2451210,Reiviikintie
53880,53880,0,53880,53880,0,False,SCHEDULED,1631912400,HSL:2145_20210917_La_2_1454,145,HSL:2451210,Reiviikintie
45360,45209,-151,45360,45360,0,True,UPDATED,1631912400,HSL:1040_20210917_La_2_1236,40,HSL:1331108,Pelimannintie 23
45960,45960,0,45960,45960,0,False,SCHEDULED,1631912400,HSL:1040_20210917_La_2_1246,40,HSL:1331108,Pelimannintie 23
46560,46560,0,46560,46560,0,False,SCHEDULED,1631912400,HSL:1040_20210917_La_2_1256,40,HSL:1331108,Pelimannintie 23
47160,47160,0,47160,47160,0,False,SCHEDULED,1631912400,HSL:1040_20210917_La_2_1306,40,HSL:1331108,Pelimannintie 23
47760,47760,0,47760,47760,0,False,SCHEDULED,1631912400,HSL:1040_20210917_La_2_1316,40,HSL:1331108,Pelimannintie 23
45300,45313,13,45300,45319,19,True,UPDATED,1631912400,HSL:1056_20210917_La_2_1231,56,HSL:1331105,Kaustisentie
45600,45623,23,45600,45623,23,True,UPDATED,1631912400,HSL:1052_20210917_La_1_1226,52,HSL:1331105,Kaustisentie
45900,45900,0,45900,45900,0,False,SCHEDULED,1631912400,HSL:1056_20210917_La_2_1241,56,HSL:1331105,Kaustisentie
46200,46200,0,46200,46200,0,False,SCHEDULED,1631912400,HSL:1052_20210917_La_1_1236,52,HSL:1331105,Kaustisentie
46500,46500,0,46500,46500,0,False,SCHEDULED,1631912400,HSL:1056_20210917_La_2_1251,56,HSL:1331105,Kaustisentie
45480,45500,20,45480,45500,20,True,UPDATED,1631912400,HSL:1040_20210917_La_1_1205,40,HSL:1331106,Klaneettitie
46080,46172,92,46080,46172,92,True,UPDATED,1631912400,HSL:1040_20210917_La_1_1215,40,HSL:1331106,Klaneettitie
46680,46790,110,46680,46790,110,True,UPDATED,1631912400,HSL:1040_20210917_La_1_1225,40,HSL:1331106,Klaneettitie
47280,47280,0,47280,47280,0,True,UPDATED,1631912400,HSL:1040_20210917_La_1_1235,40,HSL:1331106,Klaneettitie
47880,47880,0,47880,47880,0,False,SCHEDULED,1631912400,HSL:1040_20210917_La_1_1245,40,HSL:1331106,Klaneettitie
46440,46440,0,46440,46440,0,False,SCHEDULED,1631912400,HSL:2145_20210917_La_2_1254,145,HSL:2451219,Mellilänkuja
48240,48240,0,48240,48240,0,False,SCHEDULED,1631912400,HSL:2145_20210917_La_2_1324,145,HSL:2451219,Mellilänkuja
50040,50040,0,50040,50040,0,False,SCHEDULED,1631912400,HSL:2145_20210917_La_2_1354,145,HSL:2451219,Mellilänkuja
51840,51840,0,51840,51840,0,False,SCHEDULED,1631912400,HSL:2145_20210917_La_2_1424,145,HSL:2451219,Mellilänkuja
53640,53640,0,53640,53640,0,False,SCHEDULED,1631912400,HSL:2145_20210917_La_2_1454,145,HSL:2451219,Mellilänkuja
45360,45366,6,45360,45397,37,True,UPDATED,1631912400,HSL:1056_20210917_La_2_1231,56,HSL:1331103,Pelimannintie
45660,45683,23,45720,45743,23,True,UPDATED,1631912400,HSL:1052_20210917_La_1_1226,52,HSL:1331103,Pelimannintie
45840,45840,0,45840,45840,0,True,UPDATED,1631912400,HSL:1040_20210917_La_2_1236,40,HSL:1331103,Pelimannintie
45960,45960,0,45960,45960,0,False,SCHEDULED,1631912400,HSL:1056_20210917_La_2_1241,56,HSL:1331103,Pelimannintie
46260,46260,0,46320,46320,0,False,SCHEDULED,1631912400,HSL:1052_20210917_La_1_1236,52,HSL:1331103,Pelimannintie
45660,45627,-33,45660,45630,-30,True,UPDATED,1631912400,HSL:1056_20210917_La_1_1210,56,HSL:1331104,Kaustisentie
45300,45796,496,45300,45796,496,True,UPDATED,1631912400,HSL:1052_20210917_La_2_1200,52,HSL:1331104,Kaustisentie
45900,45928,28,45900,45928,28,True,UPDATED,1631912400,HSL:1052_20210917_La_2_1210,52,HSL:1331104,Kaustisentie
46260,46328,68,46260,46332,72,True,UPDATED,1631912400,HSL:1056_20210917_La_1_1220,56,HSL:1331104,Kaustisentie
46500,46579,79,46500,46579,79,True,UPDATED,1631912400,HSL:1052_20210917_La_2_1220,52,HSL:1331104,Kaustisentie
46500,46500,0,46500,46500,0,False,SCHEDULED,1631912400,HSL:2145_20210917_La_2_1254,145,HSL:2451216,Bergö
48300,48300,0,48300,48300,0,False,SCHEDULED,1631912400,HSL:2145_20210917_La_2_1324,145,HSL:2451216,Bergö
50100,50100,0,50100,50100,0,False,SCHEDULED,1631912400,HSL:2145_20210917_La_2_1354,145,HSL:2451216,Bergö
51900,51900,0,51900,51900,0,False,SCHEDULED,1631912400,HSL:2145_20210917_La_2_1424,145,HSL:2451216,Bergö
53700,53700,0,53700,53700,0,False,SCHEDULED,1631912400,HSL:2145_20210917_La_2_1454,145,HSL:2451216,Bergö
45600,45561,-39,45600,45578,-22,True,UPDATED,1631912400,HSL:1056_20210917_La_1_1210,56,HSL:1331102,Pelimannintie
45180,45676,496,45240,45736,496,True,UPDATED,1631912400,HSL:1052_20210917_La_2_1200,52,HSL:1331102,Pelimannintie
45720,45812,92,45720,45812,92,True,UPDATED,1631912400,HSL:1040_20210917_La_1_1215,40,HSL:1331102,Pelimannintie
45780,45808,28,45840,45868,28,True,UPDATED,1631912400,HSL:1052_20210917_La_2_1210,52,HSL:1331102,Pelimannintie
46200,46258,58,46200,46275,75,True,UPDATED,1631912400,HSL:1056_20210917_La_1_1220,56,HSL:1331102,Pelimannintie
46020,46091,71,46020,46091,71,True,UPDATED,1631912400,HSL:2145_20210917_La_1_1222,145,HSL:2451215,Bergö
47820,47820,0,47820,47820,0,False,SCHEDULED,1631912400,HSL:2145_20210917_La_1_1252,145,HSL:2451215,Bergö
49620,49620,0,49620,49620,0,False,SCHEDULED,1631912400,HSL:2145_20210917_La_1_1322,145,HSL:2451215,Bergö
51420,51420,0,51420,51420,0,False,SCHEDULED,1631912400,HSL:2145_20210917_La_1_1352,145,HSL:2451215,Bergö
53220,53220,0,53220,53220,0,False,SCHEDULED,1631912400,HSL:2145_20210917_La_1_1422,145,HSL:2451215,Bergö
45600,45590,-10,45600,45602,2,True,UPDATED,1631912400,HSL:2147_20210917_La_1_1223,147,HSL:2414269,Kourakuja
46500,46500,0,46500,46500,0,False,SCHEDULED,1631912400,HSL:2147_20210917_La_1_1238,147,HSL:2414269,Kourakuja
47400,47400,0,47400,47400,0,False,SCHEDULED,1631912400,HSL:2147_20210917_La_1_1253,147,HSL:2414269,Kourakuja
48300,48300,0,48300,48300,0,False,SCHEDULED,1631912400,HSL:2147_20210917_La_1_1308,147,HSL:2414269,Kourakuja
49260,49260,0,49260,49260,0,False,SCHEDULED,1631912400,HSL:2147_20210917_La_1_1323,147,HSL:2414269,Kourakuja
46500,46500,0,46500,46500,0,False,SCHEDULED,1631912400,HSL:2145_20210917_La_2_1254,145,HSL:2451218,Kylänlahdentie
48300,48300,0,48300,48300,0,False,SCHEDULED,1631912400,HSL:2145_20210917_La_2_1324,145,HSL:2451218,Kylänlahdentie
50100,50100,0,50100,50100,0,False,SCHEDULED,1631912400,HSL:2145_20210917_La_2_1354,145,HSL:2451218,Kylänlahdentie
51900,51900,0,51900,51900,0,False,SCHEDULED,1631912400,HSL:2145_20210917_La_2_1424,145,HSL:2451218,Kylänlahdentie
53700,53700,0,53700,53700,0,False,SCHEDULED,1631912400,HSL:2145_20210917_La_2_1454,145,HSL:2451218,Kylänlahdentie
46020,46091,71,46020,46091,71,True,UPDATED,1631912400,HSL:2145_20210917_La_1_1222,145,HSL:2451217,Kylänlahdentie
47820,47820,0,47820,47820,0,False,SCHEDULED,1631912400,HSL:2145_20210917_La_1_1252,145,HSL:2451217,Kylänlahdentie
49620,49620,0,49620,49620,0,False,SCHEDULED,1631912400,HSL:2145_20210917_La_1_1322,145,HSL:2451217,Kylänlahdentie
51420,51420,0,51420,51420,0,False,SCHEDULED,1631912400,HSL:2145_20210917_La_1_1352,145,HSL:2451217,Kylänlahdentie
53220,53220,0,53220,53220,0,False,SCHEDULED,1631912400,HSL:2145_20210917_La_1_1422,145,HSL:2451217,Kylänlahdentie
48180,48180,0,48180,48180,0,False,SCHEDULED,1631912400,HSL:1036_20210917_La_2_1300,36,HSL:1331100,Kannelmäen terv.as.
52080,52080,0,52080,52080,0,False,SCHEDULED,1631912400,HSL:1036_20210917_La_1_1400,36,HSL:1331100,Kannelmäen terv.as.
55380,55380,0,55380,55380,0,False,SCHEDULED,1631912400,HSL:1036_20210917_La_2_1500,36,HSL:1331100,Kannelmäen terv.as.
59220,59220,0,59220,59220,0,False,SCHEDULED,1631912400,HSL:1036_20210917_La_1_1600,36,HSL:1331100,Kannelmäen terv.as.
45540,45532,-8,45540,45532,-8,True,UPDATED,1631912400,HSL:2147_20210917_La_1_1223,147,HSL:2414267,Krattivuori
46440,46440,0,46440,46440,0,False,SCHEDULED,1631912400,HSL:2147_20210917_La_1_1238,147,HSL:2414267,Krattivuori
47340,47340,0,47340,47340,0,False,SCHEDULED,1631912400,HSL:2147_20210917_La_1_1253,147,HSL:2414267,Krattivuori
48240,48240,0,48240,48240,0,False,SCHEDULED,1631912400,HSL:2147_20210917_La_1_1308,147,HSL:2414267,Krattivuori
49200,49200,0,49200,49200,0,False,SCHEDULED,1631912400,HSL:2147_20210917_La_1_1323,147,HSL:2414267,Krattivuori
45420,45420,0,45420,45420,0,False,SCHEDULED,1631912400,HSL:2147_20210917_La_2_1233,147,HSL:2414268,Kourakuja
46320,46320,0,46320,46320,0,False,SCHEDULED,1631912400,HSL:2147_20210917_La_2_1248,147,HSL:2414268,Kourakuja
47220,47220,0,47220,47220,0,False,SCHEDULED,1631912400,HSL:2147_20210917_La_2_1303,147,HSL:2414268,Kourakuja
48120,48120,0,48120,48120,0,False,SCHEDULED,1631912400,HSL:2147_20210917_La_2_1318,147,HSL:2414268,Kourakuja
49020,49020,0,49020,49020,0,False,SCHEDULED,1631912400,HSL:2147_20210917_La_2_1333,147,HSL:2414268,Kourakuja
45660,45660,0,45660,45660,0,False,SCHEDULED,1631912400,HSL:2147_20210917_La_2_1233,147,HSL:2414265,Ristiniementie
45660,45776,116,45660,45779,119,True,UPDATED,1631912400,HSL:2542_20210917_La_2_1207,542,HSL:2414265,Ristiniementie
46560,46560,0,46560,46560,0,False,SCHEDULED,1631912400,HSL:2147_20210917_La_2_1248,147,HSL:2414265,Ristiniementie
46560,46625,65,46560,46628,68,True,UPDATED,1631912400,HSL:2542_20210917_La_2_1222,542,HSL:2414265,Ristiniementie
46680,46680,0,46680,46680,0,False,SCHEDULED,1631912400,HSL:2543_20210917_La_2_1252,543,HSL:2414265,Ristiniementie
46920,46920,0,46920,46920,0,False,SCHEDULED,1631912400,HSL:2244_20210917_La_1_1243,244,HSL:2643280,Kihi
50580,50580,0,50580,50580,0,False,SCHEDULED,1631912400,HSL:2244_20210917_La_1_1344,244,HSL:2643280,Kihi
54240,54240,0,54240,54240,0,False,SCHEDULED,1631912400,HSL:2244_20210917_La_1_1444,244,HSL:2643280,Kihi
57840,57840,0,57840,57840,0,False,SCHEDULED,1631912400,HSL:2244_20210917_La_1_1545,244,HSL:2643280,Kihi
61380,61380,0,61380,61380,0,False,SCHEDULED,1631912400,HSL:2244_20210917_La_1_1644,244,HSL:2643280,Kihi
47100,47100,0,47100,47100,0,False,SCHEDULED,1631912400,HSL:2244_20210917_La_1_1243,244,HSL:2643282,Hirsnummi
50760,50760,0,50760,50760,0,False,SCHEDULED,1631912400,HSL:2244_20210917_La_1_1344,244,HSL:2643282,Hirsnummi
54420,54420,0,54420,54420,0,False,SCHEDULED,1631912400,HSL:2244_20210917_La_1_1444,244,HSL:2643282,Hirsnummi
58020,58020,0,58020,58020,0,False,SCHEDULED,1631912400,HSL:2244_20210917_La_1_1545,244,HSL:2643282,Hirsnummi
61560,61560,0,61560,61560,0,False,SCHEDULED,1631912400,HSL:2244_20210917_La_1_1644,244,HSL:2643282,Hirsnummi
48540,48540,0,48540,48540,0,False,SCHEDULED,1631912400,HSL:2244_20210917_La_2_1318,244,HSL:2643281,Kihi
52200,52200,0,52200,52200,0,False,SCHEDULED,1631912400,HSL:2244_20210917_La_2_1419,244,HSL:2643281,Kihi
55860,55860,0,55860,55860,0,False,SCHEDULED,1631912400,HSL:2244_20210917_La_2_1520,244,HSL:2643281,Kihi
59460,59460,0,59460,59460,0,False,SCHEDULED,1631912400,HSL:2244_20210917_La_2_1620,244,HSL:2643281,Kihi
63000,63000,0,63000,63000,0,False,SCHEDULED,1631912400,HSL:2244_20210917_La_2_1719,244,HSL:2643281,Kihi
48420,48420,0,48420,48420,0,False,SCHEDULED,1631912400,HSL:2244_20210917_La_2_1318,244,HSL:2643283,Hirsnummi
52080,52080,0,52080,52080,0,False,SCHEDULED,1631912400,HSL:2244_20210917_La_2_1419,244,HSL:2643283,Hirsnummi
55740,55740,0,55740,55740,0,False,SCHEDULED,1631912400,HSL:2244_20210917_La_2_1520,244,HSL:2643283,Hirsnummi
59340,59340,0,59340,59340,0,False,SCHEDULED,1631912400,HSL:2244_20210917_La_2_1620,244,HSL:2643283,Hirsnummi
62880,62880,0,62880,62880,0,False,SCHEDULED,1631912400,HSL:2244_20210917_La_2_1719,244,HSL:2643283,Hirsnummi
45840,45840,0,45840,45840,0,False,SCHEDULED,1631912400,HSL:1006_20210917_La_2_1242,6,HSL:1230410,Kumtähdenkenttä
46560,46560,0,46560,46560,0,False,SCHEDULED,1631912400,HSL:1006_20210917_La_2_1254,6,HSL:1230410,Kumtähdenkenttä
47280,47280,0,47280,47280,0,False,SCHEDULED,1631912400,HSL:1006_20210917_La_2_1306,6,HSL:1230410,Kumtähdenkenttä
48060,48060,0,48060,48060,0,False,SCHEDULED,1631912400,HSL:1006_20210917_La_2_1319,6,HSL:1230410,Kumtähdenkenttä
48780,48780,0,48780,48780,0,False,SCHEDULED,1631912400,HSL:1006_20210917_La_2_1331,6,HSL:1230410,Kumtähdenkenttä
48000,48000,0,48000,48000,0,False,SCHEDULED,1631912400,HSL:7192V_20210917_La_2_1315,192V,HSL:6307008,Solvikintie
59340,59340,0,59340,59340,0,False,SCHEDULED,1631912400,HSL:7192V_20210917_La_2_1623,192V,HSL:6307008,Solvikintie
60540,60540,0,60540,60540,0,False,SCHEDULED,1631912400,HSL:6182A_20210917_La_2_1630,182A,HSL:6307008,Solvikintie
62400,62400,0,62400,62400,0,False,SCHEDULED,1631912400,HSL:7192V_20210917_La_2_1715,192V,HSL:6307008,Solvikintie
77040,77040,0,77040,77040,0,False,SCHEDULED,1631912400,HSL:7191_20210917_La_2_2113,191,HSL:6307008,Solvikintie
46080,46130,50,46080,46131,51,True,UPDATED,1631912400,HSL:2145_20210917_La_1_1222,145,HSL:2451222,Mellilänkuja
47880,47880,0,47880,47880,0,False,SCHEDULED,1631912400,HSL:2145_20210917_La_1_1252,145,HSL:2451222,Mellilänkuja
49680,49680,0,49680,49680,0,False,SCHEDULED,1631912400,HSL:2145_20210917_La_1_1322,145,HSL:2451222,Mellilänkuja
51480,51480,0,51480,51480,0,False,SCHEDULED,1631912400,HSL:2145_20210917_La_1_1352,145,HSL:2451222,Mellilänkuja
53280,53280,0,53280,53280,0,False,SCHEDULED,1631912400,HSL:2145_20210917_La_1_1422,145,HSL:2451222,Mellilänkuja
48300,48300,0,48300,48300,0,False,SCHEDULED,1631912400,HSL:7192V_20210917_La_1_1240,192V,HSL:6307005,Pikkala
56760,56760,0,56760,56760,0,False,SCHEDULED,1631912400,HSL:7192T_20210917_La_1_1500,192T,HSL:6307005,Pikkala
58320,58320,0,58320,58320,0,False,SCHEDULED,1631912400,HSL:7191_20210917_La_1_1605,191,HSL:6307005,Pikkala
58320,58320,0,58320,58320,0,False,SCHEDULED,1631912400,HSL:6182A_20210917_La_1_1600,182A,HSL:6307005,Pikkala
65700,65700,0,65700,65700,0,False,SCHEDULED,1631912400,HSL:7192V_20210917_La_1_1740,192V,HSL:6307005,Pikkala
47940,47940,0,47940,47940,0,False,SCHEDULED,1631912400,HSL:7192V_20210917_La_2_1315,192V,HSL:6307004,Pikkala
59220,59220,0,59220,59220,0,False,SCHEDULED,1631912400,HSL:7192V_20210917_La_2_1623,192V,HSL:6307004,Pikkala
60420,60420,0,60420,60420,0,False,SCHEDULED,1631912400,HSL:6182A_20210917_La_2_1630,182A,HSL:6307004,Pikkala
62340,62340,0,62340,62340,0,False,SCHEDULED,1631912400,HSL:7192V_20210917_La_2_1715,192V,HSL:6307004,Pikkala
76860,76860,0,76860,76860,0,False,SCHEDULED,1631912400,HSL:7191_20210917_La_2_2113,191,HSL:6307004,Pikkala
48120,48120,0,48120,48120,0,False,SCHEDULED,1631912400,HSL:7192V_20210917_La_1_1240,192V,HSL:6307007,Solvikintie
56580,56580,0,56580,56580,0,False,SCHEDULED,1631912400,HSL:7192T_20210917_La_1_1500,192T,HSL:6307007,Solvikintie
58200,58200,0,58200,58200,0,False,SCHEDULED,1631912400,HSL:6182A_20210917_La_1_1600,182A,HSL:6307007,Solvikintie
58260,58260,0,58260,58260,0,False,SCHEDULED,1631912400,HSL:7191_20210917_La_1_1605,191,HSL:6307007,Solvikintie
65640,65640,0,65640,65640,0,False,SCHEDULED,1631912400,HSL:7192V_20210917_La_1_1740,192V,HSL:6307007,Solvikintie
46080,46131,51,46080,46199,119,True,UPDATED,1631912400,HSL:2145_20210917_La_1_1222,145,HSL:2451220,Ramsiontie
46440,46440,0,46440,46440,0,False,SCHEDULED,1631912400,HSL:2145_20210917_La_2_1254,145,HSL:2451220,Ramsiontie
47880,47880,0,47880,47880,0,False,SCHEDULED,1631912400,HSL:2145_20210917_La_1_1252,145,HSL:2451220,Ramsiontie
48240,48240,0,48240,48240,0,False,SCHEDULED,1631912400,HSL:2145_20210917_La_2_1324,145,HSL:2451220,Ramsiontie
49680,49680,0,49680,49680,0,False,SCHEDULED,1631912400,HSL:2145_20210917_La_1_1322,145,HSL:2451220,Ramsiontie
45360,45360,0,45360,45360,0,False,SCHEDULED,1631912400,HSL:1006_20210917_La_1_1204,6,HSL:1230405,Arabiankatu
46080,46160,80,46080,46230,150,True,UPDATED,1631912400,HSL:1006_20210917_La_1_1216,6,HSL:1230405,Arabiankatu
46800,46947,147,46800,46964,164,True,UPDATED,1631912400,HSL:1006_20210917_La_1_1228,6,HSL:1230405,Arabiankatu
47520,47520,0,47520,47520,0,True,UPDATED,1631912400,HSL:1006_20210917_La_1_1240,6,HSL:1230405,Arabiankatu
48240,48240,0,48240,48240,0,False,SCHEDULED,1631912400,HSL:1006_20210917_La_1_1252,6,HSL:1230405,Arabiankatu
45780,45780,0,45780,45780,0,False,SCHEDULED,1631912400,HSL:1006_20210917_La_2_1242,6,HSL:1230406,Arabiankatu
46500,46500,0,46500,46500,0,False,SCHEDULED,1631912400,HSL:1006_20210917_La_2_1254,6,HSL:1230406,Arabiankatu
47220,47220,0,47220,47220,0,False,SCHEDULED,1631912400,HSL:1006_20210917_La_2_1306,6,HSL:1230406,Arabiankatu
48000,48000,0,48000,48000,0,False,SCHEDULED,1631912400,HSL:1006_20210917_La_2_1319,6,HSL:1230406,Arabiankatu
48720,48720,0,48720,48720,0,False,SCHEDULED,1631912400,HSL:1006_20210917_La_2_1331,6,HSL:1230406,Arabiankatu
45480,45480,0,45480,45480,0,False,SCHEDULED,1631912400,HSL:1006_20210917_La_1_1204,6,HSL:1230407,Arabianranta
45720,45720,0,45720,45720,0,False,SCHEDULED,1631912400,HSL:1006_20210917_La_2_1242,6,HSL:1230407,Arabianranta
46200,46230,30,46200,46282,82,True,UPDATED,1631912400,HSL:1006_20210917_La_1_1216,6,HSL:1230407,Arabianranta
46440,46440,0,46440,46440,0,False,SCHEDULED,1631912400,HSL:1006_20210917_La_2_1254,6,HSL:1230407,Arabianranta
46920,47016,96,46920,47068,148,True,UPDATED,1631912400,HSL:1006_20210917_La_1_1228,6,HSL:1230407,Arabianranta
46020,46098,78,46020,46160,140,True,UPDATED,1631912400,HSL:1006_20210917_La_1_1216,6,HSL:1230409,Kumtähdenkenttä
46740,46877,137,46740,46890,150,True,UPDATED,1631912400,HSL:1006_20210917_La_1_1228,6,HSL:1230409,Kumtähdenkenttä
47460,47460,0,47460,47460,0,True,UPDATED,1631912400,HSL:1006_20210917_La_1_1240,6,HSL:1230409,Kumtähdenkenttä
48180,48180,0,48180,48180,0,False,SCHEDULED,1631912400,HSL:1006_20210917_La_1_1252,6,HSL:1230409,Kumtähdenkenttä
48900,48900,0,48900,48900,0,False,SCHEDULED,1631912400,HSL:1006_20210917_La_1_1304,6,HSL:1230409,Kumtähdenkenttä
45780,45892,112,45780,45897,117,True,UPDATED,1631912400,HSL:4711_20210917_La_2_1231,711,HSL:4640295,Nevatie
47640,47640,0,47640,47640,0,False,SCHEDULED,1631912400,HSL:4711_20210917_La_2_1301,711,HSL:4640295,Nevatie
49440,49440,0,49440,49440,0,False,SCHEDULED,1631912400,HSL:4711_20210917_La_2_1331,711,HSL:4640295,Nevatie
51240,51240,0,51240,51240,0,False,SCHEDULED,1631912400,HSL:4711_20210917_La_2_1401,711,HSL:4640295,Nevatie
53040,53040,0,53040,53040,0,False,SCHEDULED,1631912400,HSL:4711_20210917_La_2_1431,711,HSL:4640295,Nevatie
46080,46235,155,46080,46235,155,True,UPDATED,1631912400,HSL:4736_20210917_La_2_1156,736,HSL:4640292,Sepänpiha
49680,49680,0,49680,49680,0,False,SCHEDULED,1631912400,HSL:4736_20210917_La_2_1256,736,HSL:4640292,Sepänpiha
53280,53280,0,53280,53280,0,False,SCHEDULED,1631912400,HSL:4736_20210917_La_2_1356,736,HSL:4640292,Sepänpiha
56880,56880,0,56880,56880,0,False,SCHEDULED,1631912400,HSL:4736_20210917_La_2_1456,736,HSL:4640292,Sepänpiha
60480,60480,0,60480,60480,0,False,SCHEDULED,1631912400,HSL:4736_20210917_La_2_1556,736,HSL:4640292,Sepänpiha
45840,45977,137,45840,45998,158,True,UPDATED,1631912400,HSL:4711_20210917_La_2_1231,711,HSL:4640291,Kuusikkokuja
47700,47700,0,47700,47700,0,False,SCHEDULED,1631912400,HSL:4711_20210917_La_2_1301,711,HSL:4640291,Kuusikkokuja
49500,49500,0,49500,49500,0,False,SCHEDULED,1631912400,HSL:4711_20210917_La_2_1331,711,HSL:4640291,Kuusikkokuja
51300,51300,0,51300,51300,0,False,SCHEDULED,1631912400,HSL:4711_20210917_La_2_1401,711,HSL:4640291,Kuusikkokuja
53100,53100,0,53100,53100,0,False,SCHEDULED,1631912400,HSL:4711_20210917_La_2_1431,711,HSL:4640291,Kuusikkokuja
45360,45678,318,45360,45678,318,True,UPDATED,1631912400,HSL:4711_20210917_La_1_1215,711,HSL:4640294,Nevatie
47160,47160,0,47160,47160,0,False,SCHEDULED,1631912400,HSL:4711_20210917_La_1_1245,711,HSL:4640294,Nevatie
48960,48960,0,48960,48960,0,False,SCHEDULED,1631912400,HSL:4711_20210917_La_1_1315,711,HSL:4640294,Nevatie
50760,50760,0,50760,50760,0,False,SCHEDULED,1631912400,HSL:4711_20210917_La_1_1345,711,HSL:4640294,Nevatie
52560,52560,0,52560,52560,0,False,SCHEDULED,1631912400,HSL:4711_20210917_La_1_1415,711,HSL:4640294,Nevatie
48300,48300,0,48300,48300,0,False,SCHEDULED,1631912400,HSL:4736_20210917_La_1_1318,736,HSL:4640293,Sepänpiha
51900,51900,0,51900,51900,0,False,SCHEDULED,1631912400,HSL:4736_20210917_La_1_1418,736,HSL:4640293,Sepänpiha
55500,55500,0,55500,55500,0,False,SCHEDULED,1631912400,HSL:4736_20210917_La_1_1518,736,HSL:4640293,Sepänpiha
59100,59100,0,59100,59100,0,False,SCHEDULED,1631912400,HSL:4736_20210917_La_1_1618,736,HSL:4640293,Sepänpiha
62700,62700,0,62700,62700,0,False,SCHEDULED,1631912400,HSL:4736_20210917_La_1_1718,736,HSL:4640293,Sepänpiha
45300,45618,318,45300,45618,318,True,UPDATED,1631912400,HSL:4711_20210917_La_1_1215,711,HSL:4640290,Kuusikkokuja
47100,47100,0,47100,47100,0,False,SCHEDULED,1631912400,HSL:4711_20210917_La_1_1245,711,HSL:4640290,Kuusikkokuja
48900,48900,0,48900,48900,0,False,SCHEDULED,1631912400,HSL:4711_20210917_La_1_1315,711,HSL:4640290,Kuusikkokuja
50700,50700,0,50700,50700,0,False,SCHEDULED,1631912400,HSL:4711_20210917_La_1_1345,711,HSL:4640290,Kuusikkokuja
52500,52500,0,52500,52500,0,False,SCHEDULED,1631912400,HSL:4711_20210917_La_1_1415,711,HSL:4640290,Kuusikkokuja
45480,45543,63,45480,45543,63,True,UPDATED,1631912400,HSL:1082_20210917_La_2_1228,82,HSL:1433156,Porolahti
45780,45855,75,45780,45866,86,True,UPDATED,1631912400,HSL:1083_20210917_La_2_1236,83,HSL:1433156,Porolahti
45900,45900,0,45900,45900,0,True,UPDATED,1631912400,HSL:1080_20210917_La_2_1235,80,HSL:1433156,Porolahti
46380,46380,0,46380,46380,0,False,SCHEDULED,1631912400,HSL:1082_20210917_La_2_1243,82,HSL:1433156,Porolahti
46680,46680,0,46680,46680,0,False,SCHEDULED,1631912400,HSL:1083_20210917_La_2_1251,83,HSL:1433156,Porolahti
45420,45663,243,45420,45663,243,True,UPDATED,1631912400,HSL:2553K_20210917_La_2_1143,553K,HSL:4640209,Pelto-ojan tie
46620,46637,17,46620,46678,58,True,UPDATED,1631912400,HSL:2553K_20210917_La_2_1203,553K,HSL:4640209,Pelto-ojan tie
47820,47873,53,47820,47873,53,True,UPDATED,1631912400,HSL:2553K_20210917_La_2_1223,553K,HSL:4640209,Pelto-ojan tie
48720,48720,0,48720,48720,0,False,SCHEDULED,1631912400,HSL:4736_20210917_La_1_1318,736,HSL:4640209,Pelto-ojan tie
49020,49020,0,49020,49020,0,False,SCHEDULED,1631912400,HSL:2553K_20210917_La_2_1242,553K,HSL:4640209,Pelto-ojan tie
45720,45753,33,45720,45763,43,True,UPDATED,1631912400,HSL:1074_20210917_La_2_1232,74,HSL:1392151,Tapanilan asema
46920,46920,0,46920,46920,0,False,SCHEDULED,1631912400,HSL:1074_20210917_La_2_1252,74,HSL:1392151,Tapanilan asema
48120,48120,0,48120,48120,0,False,SCHEDULED,1631912400,HSL:1074_20210917_La_2_1312,74,HSL:1392151,Tapanilan asema
49320,49320,0,49320,49320,0,False,SCHEDULED,1631912400,HSL:1074_20210917_La_2_1332,74,HSL:1392151,Tapanilan asema
50520,50520,0,50520,50520,0,False,SCHEDULED,1631912400,HSL:1074_20210917_La_2_1352,74,HSL:1392151,Tapanilan asema
45900,45917,17,45900,45959,59,True,UPDATED,1631912400,HSL:4570_20210917_La_1_1225,570,HSL:4640208,Kyytitie
46140,46140,0,46140,46140,0,False,SCHEDULED,1631912400,HSL:4721_20210917_La_1_1227,721,HSL:4640208,Kyytitie
46500,46500,0,46500,46500,0,True,UPDATED,1631912400,HSL:4570_20210917_La_1_1235,570,HSL:4640208,Kyytitie
47100,47100,0,47100,47100,0,False,SCHEDULED,1631912400,HSL:4570_20210917_La_1_1245,570,HSL:4640208,Kyytitie
47700,47700,0,47700,47700,0,False,SCHEDULED,1631912400,HSL:4570_20210917_La_1_1255,570,HSL:4640208,Kyytitie
45360,45353,-7,45360,45359,-1,True,UPDATED,1631912400,HSL:1074_20210917_La_1_1203,74,HSL:1392150,Tapanilan asema
46560,46574,14,46560,46574,14,True,UPDATED,1631912400,HSL:1074_20210917_La_1_1223,74,HSL:1392150,Tapanilan asema
47760,47760,0,47760,47760,0,False,SCHEDULED,1631912400,HSL:1074_20210917_La_1_1242,74,HSL:1392150,Tapanilan asema
49020,49020,0,49020,49020,0,False,SCHEDULED,1631912400,HSL:1074_20210917_La_1_1302,74,HSL:1392150,Tapanilan asema
50220,50220,0,50220,50220,0,False,SCHEDULED,1631912400,HSL:1074_20210917_La_1_1322,74,HSL:1392150,Tapanilan asema
46860,46860,0,46860,46860,0,False,SCHEDULED,1631912400,HSL:2236_20210917_La_2_1254,236,HSL:2721210,Kalajärvenranta
47940,47940,0,47940,47940,0,False,SCHEDULED,1631912400,HSL:2345N_20210917_La_2_1308,345N,HSL:2721210,Kalajärvenranta
50460,50460,0,50460,50460,0,False,SCHEDULED,1631912400,HSL:2236_20210917_La_2_1354,236,HSL:2721210,Kalajärvenranta
51540,51540,0,51540,51540,0,False,SCHEDULED,1631912400,HSL:2345N_20210917_La_2_1408,345N,HSL:2721210,Kalajärvenranta
54060,54060,0,54060,54060,0,False,SCHEDULED,1631912400,HSL:2236_20210917_La_2_1454,236,HSL:2721210,Kalajärvenranta
45720,45725,5,45720,45728,8,True,UPDATED,1631912400,HSL:1074_20210917_La_2_1232,74,HSL:1392155,Tapanilan tori
46920,46920,0,46920,46920,0,False,SCHEDULED,1631912400,HSL:1074_20210917_La_2_1252,74,HSL:1392155,Tapanilan tori
48120,48120,0,48120,48120,0,False,SCHEDULED,1631912400,HSL:1074_20210917_La_2_1312,74,HSL:1392155,Tapanilan tori
49320,49320,0,49320,49320,0,False,SCHEDULED,1631912400,HSL:1074_20210917_La_2_1332,74,HSL:1392155,Tapanilan tori
50520,50520,0,50520,50520,0,False,SCHEDULED,1631912400,HSL:1074_20210917_La_2_1352,74,HSL:1392155,Tapanilan tori
45840,45995,155,45840,45995,155,True,UPDATED,1631912400,HSL:4736_20210917_La_2_1156,736,HSL:4640204,Lindmaninkorpi
49440,49440,0,49440,49440,0,False,SCHEDULED,1631912400,HSL:4736_20210917_La_2_1256,736,HSL:4640204,Lindmaninkorpi
53040,53040,0,53040,53040,0,False,SCHEDULED,1631912400,HSL:4736_20210917_La_2_1356,736,HSL:4640204,Lindmaninkorpi
56640,56640,0,56640,56640,0,False,SCHEDULED,1631912400,HSL:4736_20210917_La_2_1456,736,HSL:4640204,Lindmaninkorpi
60240,60240,0,60240,60240,0,False,SCHEDULED,1631912400,HSL:4736_20210917_La_2_1556,736,HSL:4640204,Lindmaninkorpi
45900,46080,180,45900,46080,180,True,UPDATED,1631912400,HSL:4570_20210917_La_2_1204,570,HSL:4640207,Kyytitie
46500,46559,59,46500,46559,59,True,UPDATED,1631912400,HSL:4570_20210917_La_2_1214,570,HSL:4640207,Kyytitie
47100,47100,0,47100,47100,0,True,UPDATED,1631912400,HSL:4570_20210917_La_2_1224,570,HSL:4640207,Kyytitie
47700,47700,0,47700,47700,0,True,UPDATED,1631912400,HSL:4570_20210917_La_2_1234,570,HSL:4640207,Kyytitie
48300,48300,0,48300,48300,0,False,SCHEDULED,1631912400,HSL:4570_20210917_La_2_1244,570,HSL:4640207,Kyytitie
46980,46976,-4,46980,46985,5,True,UPDATED,1631912400,HSL:2236_20210917_La_1_1226,236,HSL:2721212,Ruskatie
50640,50640,0,50640,50640,0,False,SCHEDULED,1631912400,HSL:2236_20210917_La_1_1326,236,HSL:2721212,Ruskatie
54240,54240,0,54240,54240,0,False,SCHEDULED,1631912400,HSL:2236_20210917_La_1_1426,236,HSL:2721212,Ruskatie
57840,57840,0,57840,57840,0,False,SCHEDULED,1631912400,HSL:2236_20210917_La_1_1526,236,HSL:2721212,Ruskatie
61380,61380,0,61380,61380,0,False,SCHEDULED,1631912400,HSL:2236_20210917_La_1_1626,236,HSL:2721212,Ruskatie
45780,45861,81,45780,45865,85,True,UPDATED,1631912400,HSL:2549_20210917_La_2_1229,549,HSL:2242237,Nygrannaksentie
46680,46680,0,46680,46680,0,False,SCHEDULED,1631912400,HSL:2549_20210917_La_2_1244,549,HSL:2242237,Nygrannaksentie
47580,47580,0,47580,47580,0,False,SCHEDULED,1631912400,HSL:2549_20210917_La_2_1259,549,HSL:2242237,Nygrannaksentie
48480,48480,0,48480,48480,0,False,SCHEDULED,1631912400,HSL:2549_20210917_La_2_1314,549,HSL:2242237,Nygrannaksentie
49380,49380,0,49380,49380,0,False,SCHEDULED,1631912400,HSL:2549_20210917_La_2_1329,549,HSL:2242237,Nygrannaksentie
45840,45875,35,45840,45875,35,True,UPDATED,1631912400,HSL:1554_20210917_La_1_1213,554,HSL:1392154,Tapanilan urheiluk.
46200,46200,0,46200,46200,0,False,SCHEDULED,1631912400,HSL:1554_20210917_La_2_1250,554,HSL:1392154,Tapanilan urheiluk.
47040,47071,31,47040,47193,153,True,UPDATED,1631912400,HSL:1554_20210917_La_1_1233,554,HSL:1392154,Tapanilan urheiluk.
47400,47400,0,47400,47400,0,False,SCHEDULED,1631912400,HSL:1554_20210917_La_2_1310,554,HSL:1392154,Tapanilan urheiluk.
48240,48240,0,48240,48240,0,False,SCHEDULED,1631912400,HSL:1554_20210917_La_1_1253,554,HSL:1392154,Tapanilan urheiluk.
46140,46140,0,46140,46140,0,False,SCHEDULED,1631912400,HSL:4721_20210917_La_1_1227,721,HSL:4640206,Sadolin
47940,47940,0,47940,47940,0,False,SCHEDULED,1631912400,HSL:4721_20210917_La_1_1257,721,HSL:4640206,Sadolin
49740,49740,0,49740,49740,0,False,SCHEDULED,1631912400,HSL:4721_20210917_La_1_1327,721,HSL:4640206,Sadolin
51540,51540,0,51540,51540,0,False,SCHEDULED,1631912400,HSL:4721_20210917_La_1_1357,721,HSL:4640206,Sadolin
53400,53400,0,53400,53400,0,False,SCHEDULED,1631912400,HSL:4721_20210917_La_1_1427,721,HSL:4640206,Sadolin
48120,48120,0,48120,48120,0,False,SCHEDULED,1631912400,HSL:2345N_20210917_La_2_1308,345N,HSL:2721211,Alaniementie
51720,51720,0,51720,51720,0,False,SCHEDULED,1631912400,HSL:2345N_20210917_La_2_1408,345N,HSL:2721211,Alaniementie
55320,55320,0,55320,55320,0,False,SCHEDULED,1631912400,HSL:2345N_20210917_La_2_1507,345N,HSL:2721211,Alaniementie
58920,58920,0,58920,58920,0,False,SCHEDULED,1631912400,HSL:2345N_20210917_La_2_1607,345N,HSL:2721211,Alaniementie
62520,62520,0,62520,62520,0,False,SCHEDULED,1631912400,HSL:2345N_20210917_La_2_1707,345N,HSL:2721211,Alaniementie
46080,46080,0,46080,46080,0,True,UPDATED,1631912400,HSL:2549_20210917_La_1_1235,549,HSL:2242235,Vanha-Stens
46980,46980,0,46980,46980,0,False,SCHEDULED,1631912400,HSL:2549_20210917_La_1_1250,549,HSL:2242235,Vanha-Stens
47880,47880,0,47880,47880,0,False,SCHEDULED,1631912400,HSL:2549_20210917_La_1_1305,549,HSL:2242235,Vanha-Stens
48780,48780,0,48780,48780,0,False,SCHEDULED,1631912400,HSL:2549_20210917_La_1_1320,549,HSL:2242235,Vanha-Stens
49680,49680,0,49680,49680,0,False,SCHEDULED,1631912400,HSL:2549_20210917_La_1_1335,549,HSL:2242235,Vanha-Stens
48180,48180,0,48180,48180,0,False,SCHEDULED,1631912400,HSL:4736_20210917_La_1_1318,736,HSL:4640201,Vanha Kuninkaalantie
51780,51780,0,51780,51780,0,False,SCHEDULED,1631912400,HSL:4736_20210917_La_1_1418,736,HSL:4640201,Vanha Kuninkaalantie
55380,55380,0,55380,55380,0,False,SCHEDULED,1631912400,HSL:4736_20210917_La_1_1518,736,HSL:4640201,Vanha Kuninkaalantie
58980,58980,0,58980,58980,0,False,SCHEDULED,1631912400,HSL:4736_20210917_La_1_1618,736,HSL:4640201,Vanha Kuninkaalantie
62580,62580,0,62580,62580,0,False,SCHEDULED,1631912400,HSL:4736_20210917_La_1_1718,736,HSL:4640201,Vanha Kuninkaalantie
45960,45960,0,45960,45960,0,True,UPDATED,1631912400,HSL:2549_20210917_La_1_1235,549,HSL:2242236,Nygrannaksentie
46860,46860,0,46860,46860,0,False,SCHEDULED,1631912400,HSL:2549_20210917_La_1_1250,549,HSL:2242236,Nygrannaksentie
47760,47760,0,47760,47760,0,False,SCHEDULED,1631912400,HSL:2549_20210917_La_1_1305,549,HSL:2242236,Nygrannaksentie
48660,48660,0,48660,48660,0,False,SCHEDULED,1631912400,HSL:2549_20210917_La_1_1320,549,HSL:2242236,Nygrannaksentie
49560,49560,0,49560,49560,0,False,SCHEDULED,1631912400,HSL:2549_20210917_La_1_1335,549,HSL:2242236,Nygrannaksentie
46020,46024,4,46020,46038,18,True,UPDATED,1631912400,HSL:1074_20210917_La_2_1232,74,HSL:1392158,Huhtakuja
47220,47220,0,47220,47220,0,False,SCHEDULED,1631912400,HSL:1074_20210917_La_2_1252,74,HSL:1392158,Huhtakuja
48420,48420,0,48420,48420,0,False,SCHEDULED,1631912400,HSL:1074_20210917_La_2_1312,74,HSL:1392158,Huhtakuja
49620,49620,0,49620,49620,0,False,SCHEDULED,1631912400,HSL:1074_20210917_La_2_1332,74,HSL:1392158,Huhtakuja
50820,50820,0,50820,50820,0,False,SCHEDULED,1631912400,HSL:1074_20210917_La_2_1352,74,HSL:1392158,Huhtakuja
48600,48600,0,48600,48600,0,False,SCHEDULED,1631912400,HSL:4736_20210917_La_1_1318,736,HSL:4640203,Lindmaninkorpi
52200,52200,0,52200,52200,0,False,SCHEDULED,1631912400,HSL:4736_20210917_La_1_1418,736,HSL:4640203,Lindmaninkorpi
55800,55800,0,55800,55800,0,False,SCHEDULED,1631912400,HSL:4736_20210917_La_1_1518,736,HSL:4640203,Lindmaninkorpi
59400,59400,0,59400,59400,0,False,SCHEDULED,1631912400,HSL:4736_20210917_La_1_1618,736,HSL:4640203,Lindmaninkorpi
63000,63000,0,63000,63000,0,False,SCHEDULED,1631912400,HSL:4736_20210917_La_1_1718,736,HSL:4640203,Lindmaninkorpi
46320,46360,40,46320,46392,72,True,UPDATED,1631912400,HSL:1074_20210917_La_1_1223,74,HSL:1392157,Huhtakuja
47520,47520,0,47520,47520,0,False,SCHEDULED,1631912400,HSL:1074_20210917_La_1_1242,74,HSL:1392157,Huhtakuja
48720,48720,0,48720,48720,0,False,SCHEDULED,1631912400,HSL:1074_20210917_La_1_1302,74,HSL:1392157,Huhtakuja
49920,49920,0,49920,49920,0,False,SCHEDULED,1631912400,HSL:1074_20210917_La_1_1322,74,HSL:1392157,Huhtakuja
51120,51120,0,51120,51120,0,False,SCHEDULED,1631912400,HSL:1074_20210917_La_1_1342,74,HSL:1392157,Huhtakuja
46200,46355,155,46200,46355,155,True,UPDATED,1631912400,HSL:4736_20210917_La_2_1156,736,HSL:4640202,Vanha Kuninkaalantie
49800,49800,0,49800,49800,0,False,SCHEDULED,1631912400,HSL:4736_20210917_La_2_1256,736,HSL:4640202,Vanha Kuninkaalantie
53400,53400,0,53400,53400,0,False,SCHEDULED,1631912400,HSL:4736_20210917_La_2_1356,736,HSL:4640202,Vanha Kuninkaalantie
57000,57000,0,57000,57000,0,False,SCHEDULED,1631912400,HSL:4736_20210917_La_2_1456,736,HSL:4640202,Vanha Kuninkaalantie
60600,60600,0,60600,60600,0,False,SCHEDULED,1631912400,HSL:4736_20210917_La_2_1556,736,HSL:4640202,Vanha Kuninkaalantie
45660,45767,107,45660,45767,107,True,UPDATED,1631912400,HSL:2549_20210917_La_2_1229,549,HSL:2242234,Vanha-Stens
46560,46560,0,46560,46560,0,False,SCHEDULED,1631912400,HSL:2549_20210917_La_2_1244,549,HSL:2242234,Vanha-Stens
47460,47460,0,47460,47460,0,False,SCHEDULED,1631912400,HSL:2549_20210917_La_2_1259,549,HSL:2242234,Vanha-Stens
48360,48360,0,48360,48360,0,False,SCHEDULED,1631912400,HSL:2549_20210917_La_2_1314,549,HSL:2242234,Vanha-Stens
49260,49260,0,49260,49260,0,False,SCHEDULED,1631912400,HSL:2549_20210917_La_2_1329,549,HSL:2242234,Vanha-Stens
46980,46980,0,46980,46980,0,False,SCHEDULED,1631912400,HSL:2236_20210917_La_2_1254,236,HSL:2721213,Ruskatie
50580,50580,0,50580,50580,0,False,SCHEDULED,1631912400,HSL:2236_20210917_La_2_1354,236,HSL:2721213,Ruskatie
54180,54180,0,54180,54180,0,False,SCHEDULED,1631912400,HSL:2236_20210917_La_2_1454,236,HSL:2721213,Ruskatie
57780,57780,0,57780,57780,0,False,SCHEDULED,1631912400,HSL:2236_20210917_La_2_1554,236,HSL:2721213,Ruskatie
61440,61440,0,61440,61440,0,False,SCHEDULED,1631912400,HSL:2236_20210917_La_2_1655,236,HSL:2721213,Ruskatie
45900,45874,-26,45900,45886,-14,True,UPDATED,1631912400,HSL:1074_20210917_La_2_1232,74,HSL:1392144,Kotinummentie
47100,47100,0,47100,47100,0,False,SCHEDULED,1631912400,HSL:1074_20210917_La_2_1252,74,HSL:1392144,Kotinummentie
48300,48300,0,48300,48300,0,False,SCHEDULED,1631912400,HSL:1074_20210917_La_2_1312,74,HSL:1392144,Kotinummentie
49500,49500,0,49500,49500,0,False,SCHEDULED,1631912400,HSL:1074_20210917_La_2_1332,74,HSL:1392144,Kotinummentie
50700,50700,0,50700,50700,0,False,SCHEDULED,1631912400,HSL:1074_20210917_La_2_1352,74,HSL:1392144,Kotinummentie
46380,46403,23,46380,46453,73,True,UPDATED,1631912400,HSL:1074_20210917_La_1_1223,74,HSL:1392143,Kotinummentie
47580,47580,0,47580,47580,0,False,SCHEDULED,1631912400,HSL:1074_20210917_La_1_1242,74,HSL:1392143,Kotinummentie
48840,48840,0,48840,48840,0,False,SCHEDULED,1631912400,HSL:1074_20210917_La_1_1302,74,HSL:1392143,Kotinummentie
50040,50040,0,50040,50040,0,False,SCHEDULED,1631912400,HSL:1074_20210917_La_1_1322,74,HSL:1392143,Kotinummentie
51240,51240,0,51240,51240,0,False,SCHEDULED,1631912400,HSL:1074_20210917_La_1_1342,74,HSL:1392143,Kotinummentie
45840,45816,-24,45840,45816,-24,True,UPDATED,1631912400,HSL:1074_20210917_La_2_1232,74,HSL:1392149,Viertolantie
47040,47040,0,47040,47040,0,False,SCHEDULED,1631912400,HSL:1074_20210917_La_2_1252,74,HSL:1392149,Viertolantie
48240,48240,0,48240,48240,0,False,SCHEDULED,1631912400,HSL:1074_20210917_La_2_1312,74,HSL:1392149,Viertolantie
49440,49440,0,49440,49440,0,False,SCHEDULED,1631912400,HSL:1074_20210917_La_2_1332,74,HSL:1392149,Viertolantie
50640,50640,0,50640,50640,0,False,SCHEDULED,1631912400,HSL:1074_20210917_La_2_1352,74,HSL:1392149,Viertolantie
45300,45295,-5,45300,45323,23,True,UPDATED,1631912400,HSL:1074_20210917_La_1_1203,74,HSL:1392148,Viertolantie
46500,46502,2,46500,46574,74,True,UPDATED,1631912400,HSL:1074_20210917_La_1_1223,74,HSL:1392148,Viertolantie
47700,47700,0,47700,47700,0,False,SCHEDULED,1631912400,HSL:1074_20210917_La_1_1242,74,HSL:1392148,Viertolantie
48900,48900,0,48900,48900,0,False,SCHEDULED,1631912400,HSL:1074_20210917_La_1_1302,74,HSL:1392148,Viertolantie
50100,50100,0,50100,50100,0,False,SCHEDULED,1631912400,HSL:1074_20210917_La_1_1322,74,HSL:1392148,Viertolantie
45840,45866,26,45840,45871,31,True,UPDATED,1631912400,HSL:1074_20210917_La_2_1232,74,HSL:1392147,Halmetie
47040,47040,0,47040,47040,0,False,SCHEDULED,1631912400,HSL:1074_20210917_La_2_1252,74,HSL:1392147,Halmetie
48240,48240,0,48240,48240,0,False,SCHEDULED,1631912400,HSL:1074_20210917_La_2_1312,74,HSL:1392147,Halmetie
49440,49440,0,49440,49440,0,False,SCHEDULED,1631912400,HSL:1074_20210917_La_2_1332,74,HSL:1392147,Halmetie
50640,50640,0,50640,50640,0,False,SCHEDULED,1631912400,HSL:1074_20210917_La_2_1352,74,HSL:1392147,Halmetie
46440,46454,14,46440,46454,14,True,UPDATED,1631912400,HSL:1074_20210917_La_1_1223,74,HSL:1392146,Halmetie
47640,47640,0,47640,47640,0,False,SCHEDULED,1631912400,HSL:1074_20210917_La_1_1242,74,HSL:1392146,Halmetie
48900,48900,0,48900,48900,0,False,SCHEDULED,1631912400,HSL:1074_20210917_La_1_1302,74,HSL:1392146,Halmetie
50100,50100,0,50100,50100,0,False,SCHEDULED,1631912400,HSL:1074_20210917_La_1_1322,74,HSL:1392146,Halmetie
51300,51300,0,51300,51300,0,False,SCHEDULED,1631912400,HSL:1074_20210917_La_1_1342,74,HSL:1392146,Halmetie
45660,45700,40,45720,45760,40,True,UPDATED,1631912400,HSL:1052_20210917_La_2_1230,52,HSL:1301299,Munkkiniemen aukio
46260,46260,0,46320,46320,0,False,SCHEDULED,1631912400,HSL:1052_20210917_La_2_1240,52,HSL:1301299,Munkkiniemen aukio
46860,46860,0,46920,46920,0,False,SCHEDULED,1631912400,HSL:1052_20210917_La_2_1250,52,HSL:1301299,Munkkiniemen aukio
47460,47460,0,47520,47520,0,False,SCHEDULED,1631912400,HSL:1052_20210917_La_2_1300,52,HSL:1301299,Munkkiniemen aukio
48060,48060,0,48120,48120,0,False,SCHEDULED,1631912400,HSL:1052_20210917_La_2_1310,52,HSL:1301299,Munkkiniemen aukio
45420,45413,-7,45420,45416,-4,True,UPDATED,1631912400,HSL:1074_20210917_La_1_1203,74,HSL:1392138,Tapanilan tori
46620,46635,15,46620,46635,15,True,UPDATED,1631912400,HSL:1074_20210917_La_1_1223,74,HSL:1392138,Tapanilan tori
47820,47820,0,47820,47820,0,False,SCHEDULED,1631912400,HSL:1074_20210917_La_1_1242,74,HSL:1392138,Tapanilan tori
49080,49080,0,49080,49080,0,False,SCHEDULED,1631912400,HSL:1074_20210917_La_1_1302,74,HSL:1392138,Tapanilan tori
50280,50280,0,50280,50280,0,False,SCHEDULED,1631912400,HSL:1074_20210917_La_1_1322,74,HSL:1392138,Tapanilan tori
45660,45659,-1,45660,45670,10,True,UPDATED,1631912400,HSL:1074_20210917_La_2_1232,74,HSL:1392136,Päivöläntie
46860,46860,0,46860,46860,0,False,SCHEDULED,1631912400,HSL:1074_20210917_La_2_1252,74,HSL:1392136,Päivöläntie
48060,48060,0,48060,48060,0,False,SCHEDULED,1631912400,HSL:1074_20210917_La_2_1312,74,HSL:1392136,Päivöläntie
49260,49260,0,49260,49260,0,False,SCHEDULED,1631912400,HSL:1074_20210917_La_2_1332,74,HSL:1392136,Päivöläntie
50460,50460,0,50460,50460,0,False,SCHEDULED,1631912400,HSL:1074_20210917_La_2_1352,74,HSL:1392136,Päivöläntie
46800,46800,0,46800,46800,0,False,SCHEDULED,1631912400,HSL:3002A_20210917_La_2_1256,A,HSL:1465552,Pitäjänmäki
48600,48600,0,48600,48600,0,False,SCHEDULED,1631912400,HSL:3002A_20210917_La_2_1326,A,HSL:1465552,Pitäjänmäki
50400,50400,0,50400,50400,0,False,SCHEDULED,1631912400,HSL:3002A_20210917_La_2_1356,A,HSL:1465552,Pitäjänmäki
52200,52200,0,52200,52200,0,False,SCHEDULED,1631912400,HSL:3002A_20210917_La_2_1426,A,HSL:1465552,Pitäjänmäki
54000,54000,0,54000,54000,0,False,SCHEDULED,1631912400,HSL:3002A_20210917_La_2_1456,A,HSL:1465552,Pitäjänmäki
46860,46860,0,46860,46860,0,False,SCHEDULED,1631912400,HSL:3002A_20210917_La_2_1256,A,HSL:1465551,Valimo
48660,48660,0,48660,48660,0,False,SCHEDULED,1631912400,HSL:3002A_20210917_La_2_1326,A,HSL:1465551,Valimo
50460,50460,0,50460,50460,0,False,SCHEDULED,1631912400,HSL:3002A_20210917_La_2_1356,A,HSL:1465551,Valimo
52260,52260,0,52260,52260,0,False,SCHEDULED,1631912400,HSL:3002A_20210917_La_2_1426,A,HSL:1465551,Valimo
54060,54060,0,54060,54060,0,False,SCHEDULED,1631912400,HSL:3002A_20210917_La_2_1456,A,HSL:1465551,Valimo
45900,45997,97,45900,45997,97,True,UPDATED,1631912400,HSL:3001R_20210917_La_2_1225,R,HSL:5010560,Saunakallio
47700,47700,0,47700,47700,0,False,SCHEDULED,1631912400,HSL:3001R_20210917_La_2_1255,R,HSL:5010560,Saunakallio
49500,49500,0,49500,49500,0,False,SCHEDULED,1631912400,HSL:3001R_20210917_La_2_1325,R,HSL:5010560,Saunakallio
51300,51300,0,51300,51300,0,False,SCHEDULED,1631912400,HSL:3001R_20210917_La_2_1355,R,HSL:5010560,Saunakallio
53100,53100,0,53100,53100,0,False,SCHEDULED,1631912400,HSL:3001R_20210917_La_2_1425,R,HSL:5010560,Saunakallio
45720,45720,0,45720,45720,0,False,SCHEDULED,1631912400,HSL:4721_20210917_La_1_1158,721,HSL:4730296,Kustaantie
46800,46800,0,46800,46800,0,False,SCHEDULED,1631912400,HSL:4631_20210917_La_2_1245,631,HSL:4730296,Kustaantie
47520,47520,0,47520,47520,0,False,SCHEDULED,1631912400,HSL:4721_20210917_La_1_1227,721,HSL:4730296,Kustaantie
48600,48600,0,48600,48600,0,False,SCHEDULED,1631912400,HSL:4631_20210917_La_2_1315,631,HSL:4730296,Kustaantie
49320,49320,0,49320,49320,0,False,SCHEDULED,1631912400,HSL:4721_20210917_La_1_1257,721,HSL:4730296,Kustaantie
86820,86820,0,86820,86820,0,False,SCHEDULED,1631912400,HSL:2231N_20210917_La_2_2350,231N,HSL:2115210,Lintulaakson koulu
88620,88620,0,88620,88620,0,False,SCHEDULED,1631912400,HSL:2231N_20210917_La_2_2420,231N,HSL:2115210,Lintulaakson koulu
90420,90420,0,90420,90420,0,False,SCHEDULED,1631912400,HSL:2231N_20210917_La_2_2450,231N,HSL:2115210,Lintulaakson koulu
92220,92220,0,92220,92220,0,False,SCHEDULED,1631912400,HSL:2231N_20210917_La_2_2520,231N,HSL:2115210,Lintulaakson koulu
94020,94020,0,94020,94020,0,False,SCHEDULED,1631912400,HSL:2231N_20210917_La_2_2550,231N,HSL:2115210,Lintulaakson koulu
46860,46891,31,46860,46902,42,True,UPDATED,1631912400,HSL:2202_20210917_La_1_1238,202,HSL:2115211,Kirkkalankuja
48720,48720,0,48720,48720,0,False,SCHEDULED,1631912400,HSL:2202_20210917_La_1_1307,202,HSL:2115211,Kirkkalankuja
50580,50580,0,50580,50580,0,False,SCHEDULED,1631912400,HSL:2202_20210917_La_1_1338,202,HSL:2115211,Kirkkalankuja
52320,52320,0,52320,52320,0,False,SCHEDULED,1631912400,HSL:2202_20210917_La_1_1407,202,HSL:2115211,Kirkkalankuja
54120,54120,0,54120,54120,0,False,SCHEDULED,1631912400,HSL:2202_20210917_La_1_1438,202,HSL:2115211,Kirkkalankuja
45780,45780,0,45780,45780,0,False,SCHEDULED,1631912400,HSL:2202_20210917_La_2_1239,202,HSL:2115212,Kirkkalankuja
47640,47640,0,47640,47640,0,False,SCHEDULED,1631912400,HSL:2202_20210917_La_2_1310,202,HSL:2115212,Kirkkalankuja
49380,49380,0,49380,49380,0,False,SCHEDULED,1631912400,HSL:2202_20210917_La_2_1339,202,HSL:2115212,Kirkkalankuja
51240,51240,0,51240,51240,0,False,SCHEDULED,1631912400,HSL:2202_20210917_La_2_1410,202,HSL:2115212,Kirkkalankuja
52980,52980,0,52980,52980,0,False,SCHEDULED,1631912400,HSL:2202_20210917_La_2_1439,202,HSL:2115212,Kirkkalankuja
46620,46620,0,46620,46620,0,True,UPDATED,1631912400,HSL:4631_20210917_La_1_1234,631,HSL:4730299,Laurintie
48420,48420,0,48420,48420,0,False,SCHEDULED,1631912400,HSL:4631_20210917_La_1_1304,631,HSL:4730299,Laurintie
50220,50220,0,50220,50220,0,False,SCHEDULED,1631912400,HSL:4631_20210917_La_1_1334,631,HSL:4730299,Laurintie
52020,52020,0,52020,52020,0,False,SCHEDULED,1631912400,HSL:4631_20210917_La_1_1404,631,HSL:4730299,Laurintie
53820,53820,0,53820,53820,0,False,SCHEDULED,1631912400,HSL:4631_20210917_La_1_1434,631,HSL:4730299,Laurintie
46740,46740,0,46740,46740,0,False,SCHEDULED,1631912400,HSL:4631_20210917_La_2_1245,631,HSL:4730298,Rekolan koulu
48540,48540,0,48540,48540,0,False,SCHEDULED,1631912400,HSL:4631_20210917_La_2_1315,631,HSL:4730298,Rekolan koulu
50340,50340,0,50340,50340,0,False,SCHEDULED,1631912400,HSL:4631_20210917_La_2_1345,631,HSL:4730298,Rekolan koulu
52140,52140,0,52140,52140,0,False,SCHEDULED,1631912400,HSL:4631_20210917_La_2_1415,631,HSL:4730298,Rekolan koulu
53940,53940,0,53940,53940,0,False,SCHEDULED,1631912400,HSL:4631_20210917_La_2_1445,631,HSL:4730298,Rekolan koulu
87780,87780,0,87780,87780,0,False,SCHEDULED,1631912400,HSL:2231N_20210917_La_1_2350,231N,HSL:2115214,Reserviläisentie
89520,89520,0,89520,89520,0,False,SCHEDULED,1631912400,HSL:2231N_20210917_La_1_2420,231N,HSL:2115214,Reserviläisentie
91260,91260,0,91260,91260,0,False,SCHEDULED,1631912400,HSL:2231N_20210917_La_1_2450,231N,HSL:2115214,Reserviläisentie
93060,93060,0,93060,93060,0,False,SCHEDULED,1631912400,HSL:2231N_20210917_La_1_2520,231N,HSL:2115214,Reserviläisentie
94800,94800,0,94800,94800,0,False,SCHEDULED,1631912400,HSL:2231N_20210917_La_1_2550,231N,HSL:2115214,Reserviläisentie
46680,46680,0,46680,46680,0,True,UPDATED,1631912400,HSL:4631_20210917_La_1_1234,631,HSL:4730297,Karintie
48480,48480,0,48480,48480,0,False,SCHEDULED,1631912400,HSL:4631_20210917_La_1_1304,631,HSL:4730297,Karintie
50280,50280,0,50280,50280,0,False,SCHEDULED,1631912400,HSL:4631_20210917_La_1_1334,631,HSL:4730297,Karintie
52080,52080,0,52080,52080,0,False,SCHEDULED,1631912400,HSL:4631_20210917_La_1_1404,631,HSL:4730297,Karintie
53880,53880,0,53880,53880,0,False,SCHEDULED,1631912400,HSL:4631_20210917_La_1_1434,631,HSL:4730297,Karintie
45660,45660,0,45660,45660,0,True,UPDATED,1631912400,HSL:1010_20210917_La_2_1240,10,HSL:1291402,Haapalahdenkatu
46260,46260,0,46260,46260,0,False,SCHEDULED,1631912400,HSL:1010_20210917_La_2_1250,10,HSL:1291402,Haapalahdenkatu
46860,46860,0,46860,46860,0,False,SCHEDULED,1631912400,HSL:1010_20210917_La_2_1300,10,HSL:1291402,Haapalahdenkatu
47460,47460,0,47460,47460,0,False,SCHEDULED,1631912400,HSL:1010_20210917_La_2_1310,10,HSL:1291402,Haapalahdenkatu
48060,48060,0,48060,48060,0,False,SCHEDULED,1631912400,HSL:1010_20210917_La_2_1320,10,HSL:1291402,Haapalahdenkatu
46500,46500,0,46500,46500,0,False,SCHEDULED,1631912400,HSL:3001R_20210917_La_2_1255,R,HSL:5010556,Riihimäki
48300,48300,0,48300,48300,0,False,SCHEDULED,1631912400,HSL:3001R_20210917_La_2_1325,R,HSL:5010556,Riihimäki
50100,50100,0,50100,50100,0,False,SCHEDULED,1631912400,HSL:3001R_20210917_La_2_1355,R,HSL:5010556,Riihimäki
51900,51900,0,51900,51900,0,False,SCHEDULED,1631912400,HSL:3001R_20210917_La_2_1425,R,HSL:5010556,Riihimäki
53700,53700,0,53700,53700,0,False,SCHEDULED,1631912400,HSL:3001R_20210917_La_2_1455,R,HSL:5010556,Riihimäki
45840,45901,61,45840,45923,83,True,UPDATED,1631912400,HSL:1010_20210917_La_1_1220,10,HSL:1291401,Haapalahdenkatu
46440,46430,-10,46440,46452,12,True,UPDATED,1631912400,HSL:1010_20210917_La_1_1230,10,HSL:1291401,Haapalahdenkatu
47040,47040,0,47040,47040,0,False,SCHEDULED,1631912400,HSL:1010_20210917_La_1_1240,10,HSL:1291401,Haapalahdenkatu
47640,47640,0,47640,47640,0,False,SCHEDULED,1631912400,HSL:1010_20210917_La_1_1250,10,HSL:1291401,Haapalahdenkatu
48300,48300,0,48300,48300,0,False,SCHEDULED,1631912400,HSL:1010_20210917_La_1_1300,10,HSL:1291401,Haapalahdenkatu
45600,45265,-335,45600,45600,0,True,UPDATED,1631912400,HSL:1010_20210917_La_2_1240,10,HSL:1291404,Korppaanmäki
46200,46200,0,46200,46200,0,False,SCHEDULED,1631912400,HSL:1010_20210917_La_2_1250,10,HSL:1291404,Korppaanmäki
46800,46800,0,46800,46800,0,False,SCHEDULED,1631912400,HSL:1010_20210917_La_2_1300,10,HSL:1291404,Korppaanmäki
47400,47400,0,47400,47400,0,False,SCHEDULED,1631912400,HSL:1010_20210917_La_2_1310,10,HSL:1291404,Korppaanmäki
48000,48000,0,48000,48000,0,False,SCHEDULED,1631912400,HSL:1010_20210917_La_2_1320,10,HSL:1291404,Korppaanmäki
45360,45330,-30,45360,45336,-24,True,UPDATED,1631912400,HSL:2548_20210917_La_2_1215,548,HSL:2242208,Kruununtie
45600,45666,66,45600,45670,70,True,UPDATED,1631912400,HSL:2114_20210917_La_2_1225,114,HSL:2242208,Kruununtie
45660,45720,60,45660,45723,63,True,UPDATED,1631912400,HSL:2543_20210917_La_1_1225,543,HSL:2242208,Kruununtie
45840,45954,114,45840,45981,141,True,UPDATED,1631912400,HSL:2549_20210917_La_2_1229,549,HSL:2242208,Kruununtie
46260,46366,106,46260,46371,111,True,UPDATED,1631912400,HSL:2548_20210917_La_2_1230,548,HSL:2242208,Kruununtie
45420,45376,-44,45420,45384,-36,True,UPDATED,1631912400,HSL:2114_20210917_La_1_1223,114,HSL:2242209,Klovinristi
45540,45528,-12,45540,45547,7,True,UPDATED,1631912400,HSL:2548_20210917_La_1_1228,548,HSL:2242209,Klovinristi
46320,46320,0,46320,46320,0,False,SCHEDULED,1631912400,HSL:2114_20210917_La_1_1238,114,HSL:2242209,Klovinristi
46440,46440,0,46440,46440,0,False,SCHEDULED,1631912400,HSL:2548_20210917_La_1_1243,548,HSL:2242209,Klovinristi
46500,46535,35,46500,46560,60,True,UPDATED,1631912400,HSL:2543_20210917_La_2_1222,543,HSL:2242209,Klovinristi
45900,45972,72,45900,45977,77,True,UPDATED,1631912400,HSL:1010_20210917_La_1_1220,10,HSL:1291403,Korppaanmäki
46500,46502,2,46500,46521,21,True,UPDATED,1631912400,HSL:1010_20210917_La_1_1230,10,HSL:1291403,Korppaanmäki
47100,47100,0,47100,47100,0,False,SCHEDULED,1631912400,HSL:1010_20210917_La_1_1240,10,HSL:1291403,Korppaanmäki
47700,47700,0,47700,47700,0,False,SCHEDULED,1631912400,HSL:1010_20210917_La_1_1250,10,HSL:1291403,Korppaanmäki
48360,48360,0,48360,48360,0,False,SCHEDULED,1631912400,HSL:1010_20210917_La_1_1300,10,HSL:1291403,Korppaanmäki
46260,46351,91,46260,46351,91,True,UPDATED,1631912400,HSL:3001R_20210917_La_2_1225,R,HSL:5010559,Ainola
48060,48060,0,48060,48060,0,False,SCHEDULED,1631912400,HSL:3001R_20210917_La_2_1255,R,HSL:5010559,Ainola
49860,49860,0,49860,49860,0,False,SCHEDULED,1631912400,HSL:3001R_20210917_La_2_1325,R,HSL:5010559,Ainola
51660,51660,0,51660,51660,0,False,SCHEDULED,1631912400,HSL:3001R_20210917_La_2_1355,R,HSL:5010559,Ainola
53460,53460,0,53460,53460,0,False,SCHEDULED,1631912400,HSL:3001R_20210917_La_2_1425,R,HSL:5010559,Ainola
46080,46172,92,46080,46172,92,True,UPDATED,1631912400,HSL:3001R_20210917_La_2_1225,R,HSL:5010553,Järvenpää
47880,47880,0,47880,47880,0,False,SCHEDULED,1631912400,HSL:3001R_20210917_La_2_1255,R,HSL:5010553,Järvenpää
49680,49680,0,49680,49680,0,False,SCHEDULED,1631912400,HSL:3001R_20210917_La_2_1325,R,HSL:5010553,Järvenpää
51480,51480,0,51480,51480,0,False,SCHEDULED,1631912400,HSL:3001R_20210917_La_2_1355,R,HSL:5010553,Järvenpää
53280,53280,0,53280,53280,0,False,SCHEDULED,1631912400,HSL:3001R_20210917_La_2_1425,R,HSL:5010553,Järvenpää
45360,45287,-73,45360,45318,-42,True,UPDATED,1631912400,HSL:2114_20210917_La_1_1223,114,HSL:2242207,Kruununtie
45480,45465,-15,45480,45468,-12,True,UPDATED,1631912400,HSL:2548_20210917_La_1_1228,548,HSL:2242207,Kruununtie
46260,46260,0,46260,46260,0,False,SCHEDULED,1631912400,HSL:2114_20210917_La_1_1238,114,HSL:2242207,Kruununtie
46380,46380,0,46380,46380,0,False,SCHEDULED,1631912400,HSL:2548_20210917_La_1_1243,548,HSL:2242207,Kruununtie
46440,46478,38,46440,46480,40,True,UPDATED,1631912400,HSL:2543_20210917_La_2_1222,543,HSL:2242207,Kruununtie
45540,45629,89,45540,45629,89,True,UPDATED,1631912400,HSL:3001R_20210917_La_2_1225,R,HSL:5010554,Jokela
47340,47340,0,47340,47340,0,False,SCHEDULED,1631912400,HSL:3001R_20210917_La_2_1255,R,HSL:5010554,Jokela
49140,49140,0,49140,49140,0,False,SCHEDULED,1631912400,HSL:3001R_20210917_La_2_1325,R,HSL:5010554,Jokela
50940,50940,0,50940,50940,0,False,SCHEDULED,1631912400,HSL:3001R_20210917_La_2_1355,R,HSL:5010554,Jokela
52740,52740,0,52740,52740,0,False,SCHEDULED,1631912400,HSL:3001R_20210917_La_2_1425,R,HSL:5010554,Jokela
46980,46980,0,46980,46980,0,False,SCHEDULED,1631912400,HSL:3001R_20210917_La_2_1255,R,HSL:5010555,Hyvinkää
48780,48780,0,48780,48780,0,False,SCHEDULED,1631912400,HSL:3001R_20210917_La_2_1325,R,HSL:5010555,Hyvinkää
50580,50580,0,50580,50580,0,False,SCHEDULED,1631912400,HSL:3001R_20210917_La_2_1355,R,HSL:5010555,Hyvinkää
52380,52380,0,52380,52380,0,False,SCHEDULED,1631912400,HSL:3001R_20210917_La_2_1425,R,HSL:5010555,Hyvinkää
54180,54180,0,54180,54180,0,False,SCHEDULED,1631912400,HSL:3001R_20210917_La_2_1455,R,HSL:5010555,Hyvinkää
46380,46380,0,46380,46380,0,False,SCHEDULED,1631912400,HSL:2553K_20210917_La_1_1249,553K,HSL:4640233,Pelto-ojan tie
47520,47520,0,47520,47520,0,False,SCHEDULED,1631912400,HSL:2553K_20210917_La_1_1308,553K,HSL:4640233,Pelto-ojan tie
48720,48720,0,48720,48720,0,False,SCHEDULED,1631912400,HSL:2553K_20210917_La_1_1328,553K,HSL:4640233,Pelto-ojan tie
49920,49920,0,49920,49920,0,False,SCHEDULED,1631912400,HSL:2553K_20210917_La_1_1348,553K,HSL:4640233,Pelto-ojan tie
51120,51120,0,51120,51120,0,False,SCHEDULED,1631912400,HSL:2553K_20210917_La_1_1408,553K,HSL:4640233,Pelto-ojan tie
45360,45376,16,45360,45380,20,True,UPDATED,1631912400,HSL:2553K_20210917_La_1_1229,553K,HSL:4640231,Porttisuo
46560,46560,0,46560,46560,0,False,SCHEDULED,1631912400,HSL:2553K_20210917_La_1_1249,553K,HSL:4640231,Porttisuo
47700,47700,0,47700,47700,0,False,SCHEDULED,1631912400,HSL:2553K_20210917_La_1_1308,553K,HSL:4640231,Porttisuo
48900,48900,0,48900,48900,0,False,SCHEDULED,1631912400,HSL:2553K_20210917_La_1_1328,553K,HSL:4640231,Porttisuo
50100,50100,0,50100,50100,0,False,SCHEDULED,1631912400,HSL:2553K_20210917_La_1_1348,553K,HSL:4640231,Porttisuo
45300,45572,272,45300,45572,272,True,UPDATED,1631912400,HSL:2553K_20210917_La_2_1143,553K,HSL:4640227,Ikea Vantaa
46500,46542,42,46500,46590,90,True,UPDATED,1631912400,HSL:2553K_20210917_La_2_1203,553K,HSL:4640227,Ikea Vantaa
47700,47785,85,47700,47785,85,True,UPDATED,1631912400,HSL:2553K_20210917_La_2_1223,553K,HSL:4640227,Ikea Vantaa
48900,48900,0,48900,48900,0,False,SCHEDULED,1631912400,HSL:2553K_20210917_La_2_1242,553K,HSL:4640227,Ikea Vantaa
50100,50100,0,50100,50100,0,False,SCHEDULED,1631912400,HSL:2553K_20210917_La_2_1302,553K,HSL:4640227,Ikea Vantaa
45420,45420,0,45420,45420,0,True,UPDATED,1631912400,HSL:2239_20210917_La_2_1237,239,HSL:2721276,Kalajärven keskus
45720,45720,0,45720,45720,0,False,SCHEDULED,1631912400,HSL:2582_20210917_La_2_1242,582,HSL:2721276,Kalajärven keskus
47040,47000,-40,47040,47049,9,True,UPDATED,1631912400,HSL:2582_20210917_La_1_1230,582,HSL:2721276,Kalajärven keskus
47520,47520,0,47520,47520,0,False,SCHEDULED,1631912400,HSL:2582_20210917_La_2_1312,582,HSL:2721276,Kalajärven keskus
48240,48271,31,48240,48320,80,True,UPDATED,1631912400,HSL:2436_20210917_La_1_1232,436,HSL:2721276,Kalajärven keskus
45420,45738,318,45420,45738,318,True,UPDATED,1631912400,HSL:4711_20210917_La_1_1215,711,HSL:4640226,Hovitie
47220,47220,0,47220,47220,0,False,SCHEDULED,1631912400,HSL:4711_20210917_La_1_1245,711,HSL:4640226,Hovitie
49020,49020,0,49020,49020,0,False,SCHEDULED,1631912400,HSL:4711_20210917_La_1_1315,711,HSL:4640226,Hovitie
50820,50820,0,50820,50820,0,False,SCHEDULED,1631912400,HSL:4711_20210917_La_1_1345,711,HSL:4640226,Hovitie
52620,52620,0,52620,52620,0,False,SCHEDULED,1631912400,HSL:4711_20210917_La_1_1415,711,HSL:4640226,Hovitie
46440,46440,0,46440,46440,0,False,SCHEDULED,1631912400,HSL:2553K_20210917_La_1_1249,553K,HSL:4640229,Ikea Vantaa
47580,47580,0,47580,47580,0,False,SCHEDULED,1631912400,HSL:2553K_20210917_La_1_1308,553K,HSL:4640229,Ikea Vantaa
48780,48780,0,48780,48780,0,False,SCHEDULED,1631912400,HSL:2553K_20210917_La_1_1328,553K,HSL:4640229,Ikea Vantaa
49980,49980,0,49980,49980,0,False,SCHEDULED,1631912400,HSL:2553K_20210917_La_1_1348,553K,HSL:4640229,Ikea Vantaa
51180,51180,0,51180,51180,0,False,SCHEDULED,1631912400,HSL:2553K_20210917_La_1_1408,553K,HSL:4640229,Ikea Vantaa
86220,86220,0,86220,86220,0,False,SCHEDULED,1631912400,HSL:4721N_20210917_La_1_2330,721N,HSL:4640228,Santaradantie
89760,89760,0,89760,89760,0,False,SCHEDULED,1631912400,HSL:4721N_20210917_La_1_2430,721N,HSL:4640228,Santaradantie
93360,93360,0,93360,93360,0,False,SCHEDULED,1631912400,HSL:4721N_20210917_La_1_2530,721N,HSL:4640228,Santaradantie
96900,96900,0,96900,96900,0,False,SCHEDULED,1631912400,HSL:4721N_20210917_La_1_2630,721N,HSL:4640228,Santaradantie
100500,100500,0,100500,100500,0,False,SCHEDULED,1631912400,HSL:4721N_20210917_La_1_2730,721N,HSL:4640228,Santaradantie
48480,48480,0,48480,48480,0,False,SCHEDULED,1631912400,HSL:4736_20210917_La_1_1318,736,HSL:4640223,Markkulantie
52080,52080,0,52080,52080,0,False,SCHEDULED,1631912400,HSL:4736_20210917_La_1_1418,736,HSL:4640223,Markkulantie
55680,55680,0,55680,55680,0,False,SCHEDULED,1631912400,HSL:4736_20210917_La_1_1518,736,HSL:4640223,Markkulantie
59280,59280,0,59280,59280,0,False,SCHEDULED,1631912400,HSL:4736_20210917_La_1_1618,736,HSL:4640223,Markkulantie
62880,62880,0,62880,62880,0,False,SCHEDULED,1631912400,HSL:4736_20210917_La_1_1718,736,HSL:4640223,Markkulantie
45900,46055,155,45900,46055,155,True,UPDATED,1631912400,HSL:4736_20210917_La_2_1156,736,HSL:4640222,Markkulantie
49500,49500,0,49500,49500,0,False,SCHEDULED,1631912400,HSL:4736_20210917_La_2_1256,736,HSL:4640222,Markkulantie
53100,53100,0,53100,53100,0,False,SCHEDULED,1631912400,HSL:4736_20210917_La_2_1356,736,HSL:4640222,Markkulantie
56700,56700,0,56700,56700,0,False,SCHEDULED,1631912400,HSL:4736_20210917_La_2_1456,736,HSL:4640222,Markkulantie
60300,60300,0,60300,60300,0,False,SCHEDULED,1631912400,HSL:4736_20210917_La_2_1556,736,HSL:4640222,Markkulantie
45660,45816,156,45660,45823,163,True,UPDATED,1631912400,HSL:4711_20210917_La_2_1231,711,HSL:4640225,Hovitie
47520,47520,0,47520,47520,0,False,SCHEDULED,1631912400,HSL:4711_20210917_La_2_1301,711,HSL:4640225,Hovitie
49320,49320,0,49320,49320,0,False,SCHEDULED,1631912400,HSL:4711_20210917_La_2_1331,711,HSL:4640225,Hovitie
51120,51120,0,51120,51120,0,False,SCHEDULED,1631912400,HSL:4711_20210917_La_2_1401,711,HSL:4640225,Hovitie
52920,52920,0,52920,52920,0,False,SCHEDULED,1631912400,HSL:4711_20210917_La_2_1431,711,HSL:4640225,Hovitie
45900,46055,155,45900,46055,155,True,UPDATED,1631912400,HSL:4736_20210917_La_2_1156,736,HSL:4640224,Sammaltie
49500,49500,0,49500,49500,0,False,SCHEDULED,1631912400,HSL:4736_20210917_La_2_1256,736,HSL:4640224,Sammaltie
53100,53100,0,53100,53100,0,False,SCHEDULED,1631912400,HSL:4736_20210917_La_2_1356,736,HSL:4640224,Sammaltie
56700,56700,0,56700,56700,0,False,SCHEDULED,1631912400,HSL:4736_20210917_La_2_1456,736,HSL:4640224,Sammaltie
60300,60300,0,60300,60300,0,False,SCHEDULED,1631912400,HSL:4736_20210917_La_2_1556,736,HSL:4640224,Sammaltie
48300,48300,0,48300,48300,0,False,SCHEDULED,1631912400,HSL:7280_20210917_La_2_1303,280,HSL:2242212,Nihtisilta
51360,51360,0,51360,51360,0,False,SCHEDULED,1631912400,HSL:7280_20210917_La_2_1357,280,HSL:2242212,Nihtisilta
53700,53700,0,53700,53700,0,False,SCHEDULED,1631912400,HSL:7280_20210917_La_2_1433,280,HSL:2242212,Nihtisilta
57300,57300,0,57300,57300,0,False,SCHEDULED,1631912400,HSL:7280_20210917_La_2_1533,280,HSL:2242212,Nihtisilta
59160,59160,0,59160,59160,0,False,SCHEDULED,1631912400,HSL:7280_20210917_La_2_1607,280,HSL:2242212,Nihtisilta
45540,45602,62,45540,45612,72,True,UPDATED,1631912400,HSL:2114_20210917_La_2_1225,114,HSL:2242210,Klovinristi
45600,45628,28,45600,45689,89,True,UPDATED,1631912400,HSL:2543_20210917_La_1_1225,543,HSL:2242210,Klovinristi
46200,46280,80,46200,46309,109,True,UPDATED,1631912400,HSL:2548_20210917_La_2_1230,548,HSL:2242210,Klovinristi
46440,46440,0,46440,46440,0,False,SCHEDULED,1631912400,HSL:2114_20210917_La_2_1240,114,HSL:2242210,Klovinristi
47100,47100,0,47100,47100,0,False,SCHEDULED,1631912400,HSL:2548_20210917_La_2_1245,548,HSL:2242210,Klovinristi
48480,48480,0,48480,48480,0,False,SCHEDULED,1631912400,HSL:4736_20210917_La_1_1318,736,HSL:4640221,Santaradantie
52080,52080,0,52080,52080,0,False,SCHEDULED,1631912400,HSL:4736_20210917_La_1_1418,736,HSL:4640221,Santaradantie
55680,55680,0,55680,55680,0,False,SCHEDULED,1631912400,HSL:4736_20210917_La_1_1518,736,HSL:4640221,Santaradantie
59280,59280,0,59280,59280,0,False,SCHEDULED,1631912400,HSL:4736_20210917_La_1_1618,736,HSL:4640221,Santaradantie
62880,62880,0,62880,62880,0,False,SCHEDULED,1631912400,HSL:4736_20210917_La_1_1718,736,HSL:4640221,Santaradantie
45960,46115,155,45960,46115,155,True,UPDATED,1631912400,HSL:4736_20210917_La_2_1156,736,HSL:4640220,Santaradantie
49560,49560,0,49560,49560,0,False,SCHEDULED,1631912400,HSL:4736_20210917_La_2_1256,736,HSL:4640220,Santaradantie
53160,53160,0,53160,53160,0,False,SCHEDULED,1631912400,HSL:4736_20210917_La_2_1356,736,HSL:4640220,Santaradantie
56760,56760,0,56760,56760,0,False,SCHEDULED,1631912400,HSL:4736_20210917_La_2_1456,736,HSL:4640220,Santaradantie
60360,60360,0,60360,60360,0,False,SCHEDULED,1631912400,HSL:4736_20210917_La_2_1556,736,HSL:4640220,Santaradantie
45360,44891,-469,45360,45360,0,True,UPDATED,1631912400,HSL:1088_20210917_La_2_1236,88,HSL:1494167,Kaitalahti
45480,45375,-105,45480,45450,-30,True,UPDATED,1631912400,HSL:1088_20210917_La_1_1223,88,HSL:1494167,Kaitalahti
45960,45960,0,45960,45960,0,False,SCHEDULED,1631912400,HSL:1088_20210917_La_2_1246,88,HSL:1494167,Kaitalahti
46080,46061,-19,46080,46145,65,True,UPDATED,1631912400,HSL:1088_20210917_La_1_1233,88,HSL:1494167,Kaitalahti
46560,46560,0,46560,46560,0,False,SCHEDULED,1631912400,HSL:1088_20210917_La_2_1256,88,HSL:1494167,Kaitalahti
48000,48000,0,48000,48000,0,False,SCHEDULED,1631912400,HSL:9665K_20210917_La_1_1256,665K,HSL:9507005,Lukio
51600,51600,0,51600,51600,0,False,SCHEDULED,1631912400,HSL:9665K_20210917_La_1_1356,665K,HSL:9507005,Lukio
55200,55200,0,55200,55200,0,False,SCHEDULED,1631912400,HSL:9665K_20210917_La_1_1456,665K,HSL:9507005,Lukio
58800,58800,0,58800,58800,0,False,SCHEDULED,1631912400,HSL:9665K_20210917_La_1_1556,665K,HSL:9507005,Lukio
62400,62400,0,62400,62400,0,False,SCHEDULED,1631912400,HSL:9665K_20210917_La_1_1656,665K,HSL:9507005,Lukio
47940,47940,0,47940,47940,0,False,SCHEDULED,1631912400,HSL:9665K_20210917_La_1_1256,665K,HSL:9507006,Neste
51540,51540,0,51540,51540,0,False,SCHEDULED,1631912400,HSL:9665K_20210917_La_1_1356,665K,HSL:9507006,Neste
55140,55140,0,55140,55140,0,False,SCHEDULED,1631912400,HSL:9665K_20210917_La_1_1456,665K,HSL:9507006,Neste
58740,58740,0,58740,58740,0,False,SCHEDULED,1631912400,HSL:9665K_20210917_La_1_1556,665K,HSL:9507006,Neste
62340,62340,0,62340,62340,0,False,SCHEDULED,1631912400,HSL:9665K_20210917_La_1_1656,665K,HSL:9507006,Neste
48420,48420,0,48420,48420,0,False,SCHEDULED,1631912400,HSL:4736_20210917_La_1_1318,736,HSL:4640219,Heidehofinpolku
52020,52020,0,52020,52020,0,False,SCHEDULED,1631912400,HSL:4736_20210917_La_1_1418,736,HSL:4640219,Heidehofinpolku
55620,55620,0,55620,55620,0,False,SCHEDULED,1631912400,HSL:4736_20210917_La_1_1518,736,HSL:4640219,Heidehofinpolku
59220,59220,0,59220,59220,0,False,SCHEDULED,1631912400,HSL:4736_20210917_La_1_1618,736,HSL:4640219,Heidehofinpolku
62820,62820,0,62820,62820,0,False,SCHEDULED,1631912400,HSL:4736_20210917_La_1_1718,736,HSL:4640219,Heidehofinpolku
48060,48060,0,48060,48060,0,False,SCHEDULED,1631912400,HSL:9665K_20210917_La_1_1256,665K,HSL:9507003,Ammattikoulu
51660,51660,0,51660,51660,0,False,SCHEDULED,1631912400,HSL:9665K_20210917_La_1_1356,665K,HSL:9507003,Ammattikoulu
55260,55260,0,55260,55260,0,False,SCHEDULED,1631912400,HSL:9665K_20210917_La_1_1456,665K,HSL:9507003,Ammattikoulu
58860,58860,0,58860,58860,0,False,SCHEDULED,1631912400,HSL:9665K_20210917_La_1_1556,665K,HSL:9507003,Ammattikoulu
62460,62460,0,62460,62460,0,False,SCHEDULED,1631912400,HSL:9665K_20210917_La_1_1656,665K,HSL:9507003,Ammattikoulu
45480,45480,0,45480,45480,0,True,UPDATED,1631912400,HSL:2239_20210917_La_2_1237,239,HSL:2721285,Taka-Niipperi
45780,45780,0,45780,45780,0,False,SCHEDULED,1631912400,HSL:2582_20210917_La_2_1242,582,HSL:2721285,Taka-Niipperi
46980,46980,0,46980,46980,0,False,SCHEDULED,1631912400,HSL:2236_20210917_La_2_1254,236,HSL:2721285,Taka-Niipperi
47580,47580,0,47580,47580,0,False,SCHEDULED,1631912400,HSL:2582_20210917_La_2_1312,582,HSL:2721285,Taka-Niipperi
48600,48600,0,48600,48600,0,False,SCHEDULED,1631912400,HSL:2436_20210917_La_2_1329,436,HSL:2721285,Taka-Niipperi
47280,47280,0,47280,47280,0,False,SCHEDULED,1631912400,HSL:9665K_20210917_La_2_1248,665K,HSL:9507004,Lukio
50880,50880,0,50880,50880,0,False,SCHEDULED,1631912400,HSL:9665K_20210917_La_2_1348,665K,HSL:9507004,Lukio
54480,54480,0,54480,54480,0,False,SCHEDULED,1631912400,HSL:9665K_20210917_La_2_1448,665K,HSL:9507004,Lukio
58080,58080,0,58080,58080,0,False,SCHEDULED,1631912400,HSL:9665K_20210917_La_2_1548,665K,HSL:9507004,Lukio
61740,61740,0,61740,61740,0,False,SCHEDULED,1631912400,HSL:9665K_20210917_La_2_1649,665K,HSL:9507004,Lukio
46920,46929,9,46920,46933,13,True,UPDATED,1631912400,HSL:2236_20210917_La_1_1226,236,HSL:2721284,Taka-Niipperi
46980,46978,-2,46980,46980,0,True,UPDATED,1631912400,HSL:2582_20210917_La_1_1230,582,HSL:2721284,Taka-Niipperi
48180,48199,19,48180,48204,24,True,UPDATED,1631912400,HSL:2436_20210917_La_1_1232,436,HSL:2721284,Taka-Niipperi
48420,48420,0,48420,48420,0,False,SCHEDULED,1631912400,HSL:2239_20210917_La_1_1246,239,HSL:2721284,Taka-Niipperi
48780,48780,0,48780,48780,0,False,SCHEDULED,1631912400,HSL:2582_20210917_La_1_1300,582,HSL:2721284,Taka-Niipperi
45660,45753,93,45660,45753,93,True,UPDATED,1631912400,HSL:2549_20210917_La_2_1229,549,HSL:2242228,Stensinsilta
46560,46560,0,46560,46560,0,False,SCHEDULED,1631912400,HSL:2549_20210917_La_2_1244,549,HSL:2242228,Stensinsilta
47460,47460,0,47460,47460,0,False,SCHEDULED,1631912400,HSL:2549_20210917_La_2_1259,549,HSL:2242228,Stensinsilta
48360,48360,0,48360,48360,0,False,SCHEDULED,1631912400,HSL:2549_20210917_La_2_1314,549,HSL:2242228,Stensinsilta
49260,49260,0,49260,49260,0,False,SCHEDULED,1631912400,HSL:2549_20210917_La_2_1329,549,HSL:2242228,Stensinsilta
46020,46175,155,46020,46175,155,True,UPDATED,1631912400,HSL:4736_20210917_La_2_1156,736,HSL:4640216,Heidehofinkuja
49620,49620,0,49620,49620,0,False,SCHEDULED,1631912400,HSL:4736_20210917_La_2_1256,736,HSL:4640216,Heidehofinkuja
53220,53220,0,53220,53220,0,False,SCHEDULED,1631912400,HSL:4736_20210917_La_2_1356,736,HSL:4640216,Heidehofinkuja
56820,56820,0,56820,56820,0,False,SCHEDULED,1631912400,HSL:4736_20210917_La_2_1456,736,HSL:4640216,Heidehofinkuja
60420,60420,0,60420,60420,0,False,SCHEDULED,1631912400,HSL:4736_20210917_La_2_1556,736,HSL:4640216,Heidehofinkuja
48540,48540,0,48540,48540,0,False,SCHEDULED,1631912400,HSL:4736_20210917_La_1_1318,736,HSL:4640215,Sammaltie
52140,52140,0,52140,52140,0,False,SCHEDULED,1631912400,HSL:4736_20210917_La_1_1418,736,HSL:4640215,Sammaltie
55740,55740,0,55740,55740,0,False,SCHEDULED,1631912400,HSL:4736_20210917_La_1_1518,736,HSL:4640215,Sammaltie
59340,59340,0,59340,59340,0,False,SCHEDULED,1631912400,HSL:4736_20210917_La_1_1618,736,HSL:4640215,Sammaltie
62940,62940,0,62940,62940,0,False,SCHEDULED,1631912400,HSL:4736_20210917_La_1_1718,736,HSL:4640215,Sammaltie
46020,46020,0,46020,46020,0,True,UPDATED,1631912400,HSL:2549_20210917_La_1_1235,549,HSL:2242226,Klovi
46920,46920,0,46920,46920,0,False,SCHEDULED,1631912400,HSL:2549_20210917_La_1_1250,549,HSL:2242226,Klovi
47820,47820,0,47820,47820,0,False,SCHEDULED,1631912400,HSL:2549_20210917_La_1_1305,549,HSL:2242226,Klovi
48720,48720,0,48720,48720,0,False,SCHEDULED,1631912400,HSL:2549_20210917_La_1_1320,549,HSL:2242226,Klovi
49620,49620,0,49620,49620,0,False,SCHEDULED,1631912400,HSL:2549_20210917_La_1_1335,549,HSL:2242226,Klovi
45960,46115,155,45960,46115,155,True,UPDATED,1631912400,HSL:4736_20210917_La_2_1156,736,HSL:4640218,Heidehofinpolku
49560,49560,0,49560,49560,0,False,SCHEDULED,1631912400,HSL:4736_20210917_La_2_1256,736,HSL:4640218,Heidehofinpolku
53160,53160,0,53160,53160,0,False,SCHEDULED,1631912400,HSL:4736_20210917_La_2_1356,736,HSL:4640218,Heidehofinpolku
56760,56760,0,56760,56760,0,False,SCHEDULED,1631912400,HSL:4736_20210917_La_2_1456,736,HSL:4640218,Heidehofinpolku
60360,60360,0,60360,60360,0,False,SCHEDULED,1631912400,HSL:4736_20210917_La_2_1556,736,HSL:4640218,Heidehofinpolku
26940,26940,0,26940,26940,0,False,SCHEDULED,1631998800,HSL:9665A1_20210917_Su_1_0708,665A,HSL:9507007,Jäähalli
48360,48360,0,48360,48360,0,False,SCHEDULED,1631912400,HSL:4736_20210917_La_1_1318,736,HSL:4640217,Heidehofinkuja
51960,51960,0,51960,51960,0,False,SCHEDULED,1631912400,HSL:4736_20210917_La_1_1418,736,HSL:4640217,Heidehofinkuja
55560,55560,0,55560,55560,0,False,SCHEDULED,1631912400,HSL:4736_20210917_La_1_1518,736,HSL:4640217,Heidehofinkuja
59160,59160,0,59160,59160,0,False,SCHEDULED,1631912400,HSL:4736_20210917_La_1_1618,736,HSL:4640217,Heidehofinkuja
62760,62760,0,62760,62760,0,False,SCHEDULED,1631912400,HSL:4736_20210917_La_1_1718,736,HSL:4640217,Heidehofinkuja
45720,45796,76,45720,45816,96,True,UPDATED,1631912400,HSL:2549_20210917_La_2_1229,549,HSL:2242227,Klovi
46620,46620,0,46620,46620,0,False,SCHEDULED,1631912400,HSL:2549_20210917_La_2_1244,549,HSL:2242227,Klovi
47520,47520,0,47520,47520,0,False,SCHEDULED,1631912400,HSL:2549_20210917_La_2_1259,549,HSL:2242227,Klovi
48420,48420,0,48420,48420,0,False,SCHEDULED,1631912400,HSL:2549_20210917_La_2_1314,549,HSL:2242227,Klovi
49320,49320,0,49320,49320,0,False,SCHEDULED,1631912400,HSL:2549_20210917_La_2_1329,549,HSL:2242227,Klovi
45240,45489,249,45240,45489,249,True,UPDATED,1631912400,HSL:2553K_20210917_La_2_1143,553K,HSL:4640212,Kuusikkotie
46080,46080,0,46080,46080,0,False,SCHEDULED,1631912400,HSL:4721_20210917_La_1_1227,721,HSL:4640212,Kuusikkotie
46440,46507,67,46440,46507,67,True,UPDATED,1631912400,HSL:2553K_20210917_La_2_1203,553K,HSL:4640212,Kuusikkotie
47640,47702,62,47640,47702,62,True,UPDATED,1631912400,HSL:2553K_20210917_La_2_1223,553K,HSL:4640212,Kuusikkotie
47880,47880,0,47880,47880,0,False,SCHEDULED,1631912400,HSL:4721_20210917_La_1_1257,721,HSL:4640212,Kuusikkotie
45900,45900,0,45900,45900,0,True,UPDATED,1631912400,HSL:2549_20210917_La_1_1235,549,HSL:2242224,Taavinkylä
46800,46800,0,46800,46800,0,False,SCHEDULED,1631912400,HSL:2549_20210917_La_1_1250,549,HSL:2242224,Taavinkylä
47700,47700,0,47700,47700,0,False,SCHEDULED,1631912400,HSL:2549_20210917_La_1_1305,549,HSL:2242224,Taavinkylä
48600,48600,0,48600,48600,0,False,SCHEDULED,1631912400,HSL:2549_20210917_La_1_1320,549,HSL:2242224,Taavinkylä
49500,49500,0,49500,49500,0,False,SCHEDULED,1631912400,HSL:2549_20210917_La_1_1335,549,HSL:2242224,Taavinkylä
45420,45479,59,45420,45487,67,True,UPDATED,1631912400,HSL:2553K_20210917_La_1_1229,553K,HSL:4640211,Kyytitie
46620,46620,0,46620,46620,0,False,SCHEDULED,1631912400,HSL:2553K_20210917_La_1_1249,553K,HSL:4640211,Kyytitie
46680,46741,61,46680,46741,61,True,UPDATED,1631912400,HSL:4721_20210917_La_2_1230,721,HSL:4640211,Kyytitie
47760,47760,0,47760,47760,0,False,SCHEDULED,1631912400,HSL:2553K_20210917_La_1_1308,553K,HSL:4640211,Kyytitie
48480,48480,0,48480,48480,0,False,SCHEDULED,1631912400,HSL:4721_20210917_La_2_1300,721,HSL:4640211,Kyytitie
45780,45884,104,45780,45891,111,True,UPDATED,1631912400,HSL:2549_20210917_La_2_1229,549,HSL:2242225,Taavinkylä
46680,46680,0,46680,46680,0,False,SCHEDULED,1631912400,HSL:2549_20210917_La_2_1244,549,HSL:2242225,Taavinkylä
47580,47580,0,47580,47580,0,False,SCHEDULED,1631912400,HSL:2549_20210917_La_2_1259,549,HSL:2242225,Taavinkylä
48480,48480,0,48480,48480,0,False,SCHEDULED,1631912400,HSL:2549_20210917_La_2_1314,549,HSL:2242225,Taavinkylä
49380,49380,0,49380,49380,0,False,SCHEDULED,1631912400,HSL:2549_20210917_La_2_1329,549,HSL:2242225,Taavinkylä
45780,45935,155,45780,45935,155,True,UPDATED,1631912400,HSL:4736_20210917_La_2_1156,736,HSL:4640214,Kyytitie
49380,49380,0,49380,49380,0,False,SCHEDULED,1631912400,HSL:4736_20210917_La_2_1256,736,HSL:4640214,Kyytitie
52980,52980,0,52980,52980,0,False,SCHEDULED,1631912400,HSL:4736_20210917_La_2_1356,736,HSL:4640214,Kyytitie
56580,56580,0,56580,56580,0,False,SCHEDULED,1631912400,HSL:4736_20210917_La_2_1456,736,HSL:4640214,Kyytitie
60180,60180,0,60180,60180,0,False,SCHEDULED,1631912400,HSL:4736_20210917_La_2_1556,736,HSL:4640214,Kyytitie
45900,45900,0,45900,45900,0,True,UPDATED,1631912400,HSL:2549_20210917_La_1_1235,549,HSL:2242222,Kruununkuja
46800,46800,0,46800,46800,0,False,SCHEDULED,1631912400,HSL:2549_20210917_La_1_1250,549,HSL:2242222,Kruununkuja
47700,47700,0,47700,47700,0,False,SCHEDULED,1631912400,HSL:2549_20210917_La_1_1305,549,HSL:2242222,Kruununkuja
48600,48600,0,48600,48600,0,False,SCHEDULED,1631912400,HSL:2549_20210917_La_1_1320,549,HSL:2242222,Kruununkuja
49500,49500,0,49500,49500,0,False,SCHEDULED,1631912400,HSL:2549_20210917_La_1_1335,549,HSL:2242222,Kruununkuja
45540,45576,36,45540,45581,41,True,UPDATED,1631912400,HSL:2553K_20210917_La_1_1229,553K,HSL:4640213,Kuusikkotie
45840,45998,158,45840,45998,158,True,UPDATED,1631912400,HSL:4711_20210917_La_2_1231,711,HSL:4640213,Kuusikkotie
46740,46740,0,46740,46740,0,False,SCHEDULED,1631912400,HSL:2553K_20210917_La_1_1249,553K,HSL:4640213,Kuusikkotie
46740,46801,61,46740,46801,61,True,UPDATED,1631912400,HSL:4721_20210917_La_2_1230,721,HSL:4640213,Kuusikkotie
47700,47700,0,47700,47700,0,False,SCHEDULED,1631912400,HSL:4711_20210917_La_2_1301,711,HSL:4640213,Kuusikkotie
45840,45930,90,45840,45932,92,True,UPDATED,1631912400,HSL:2549_20210917_La_2_1229,549,HSL:2242223,Kruununkuja
46740,46740,0,46740,46740,0,False,SCHEDULED,1631912400,HSL:2549_20210917_La_2_1244,549,HSL:2242223,Kruununkuja
47640,47640,0,47640,47640,0,False,SCHEDULED,1631912400,HSL:2549_20210917_La_2_1259,549,HSL:2242223,Kruununkuja
48540,48540,0,48540,48540,0,False,SCHEDULED,1631912400,HSL:2549_20210917_La_2_1314,549,HSL:2242223,Kruununkuja
49440,49440,0,49440,49440,0,False,SCHEDULED,1631912400,HSL:2549_20210917_La_2_1329,549,HSL:2242223,Kruununkuja
45720,45875,155,45720,45875,155,True,UPDATED,1631912400,HSL:4736_20210917_La_2_1156,736,HSL:4640210,Pelto-ojan tie
49320,49320,0,49320,49320,0,False,SCHEDULED,1631912400,HSL:4736_20210917_La_2_1256,736,HSL:4640210,Pelto-ojan tie
52920,52920,0,52920,52920,0,False,SCHEDULED,1631912400,HSL:4736_20210917_La_2_1356,736,HSL:4640210,Pelto-ojan tie
56520,56520,0,56520,56520,0,False,SCHEDULED,1631912400,HSL:4736_20210917_La_2_1456,736,HSL:4640210,Pelto-ojan tie
60120,60120,0,60120,60120,0,False,SCHEDULED,1631912400,HSL:4736_20210917_La_2_1556,736,HSL:4640210,Pelto-ojan tie
45360,45492,132,45360,45498,138,True,UPDATED,1631912400,HSL:2203_20210917_La_1_1228,203,HSL:2115202,Mäkkylänmetsä
46560,46560,0,46560,46560,0,False,SCHEDULED,1631912400,HSL:2203_20210917_La_1_1248,203,HSL:2115202,Mäkkylänmetsä
47760,47760,0,47760,47760,0,False,SCHEDULED,1631912400,HSL:2203_20210917_La_1_1308,203,HSL:2115202,Mäkkylänmetsä
48960,48960,0,48960,48960,0,False,SCHEDULED,1631912400,HSL:2203_20210917_La_1_1328,203,HSL:2115202,Mäkkylänmetsä
50160,50160,0,50160,50160,0,False,SCHEDULED,1631912400,HSL:2203_20210917_La_1_1348,203,HSL:2115202,Mäkkylänmetsä
46380,46380,0,46380,46380,0,False,SCHEDULED,1631912400,HSL:2203_20210917_La_2_1247,203,HSL:2115205,Mäkkylänmetsä
47580,47580,0,47580,47580,0,False,SCHEDULED,1631912400,HSL:2203_20210917_La_2_1307,203,HSL:2115205,Mäkkylänmetsä
48780,48780,0,48780,48780,0,False,SCHEDULED,1631912400,HSL:2203_20210917_La_2_1327,203,HSL:2115205,Mäkkylänmetsä
49980,49980,0,49980,49980,0,False,SCHEDULED,1631912400,HSL:2203_20210917_La_2_1347,203,HSL:2115205,Mäkkylänmetsä
51120,51120,0,51120,51120,0,False,SCHEDULED,1631912400,HSL:2203_20210917_La_2_1407,203,HSL:2115205,Mäkkylänmetsä
45720,45720,0,45720,45720,0,False,SCHEDULED,1631912400,HSL:2202_20210917_La_2_1239,202,HSL:2115208,Lintulaakson koulu
47580,47580,0,47580,47580,0,False,SCHEDULED,1631912400,HSL:2202_20210917_La_2_1310,202,HSL:2115208,Lintulaakson koulu
49320,49320,0,49320,49320,0,False,SCHEDULED,1631912400,HSL:2202_20210917_La_2_1339,202,HSL:2115208,Lintulaakson koulu
51180,51180,0,51180,51180,0,False,SCHEDULED,1631912400,HSL:2202_20210917_La_2_1410,202,HSL:2115208,Lintulaakson koulu
52920,52920,0,52920,52920,0,False,SCHEDULED,1631912400,HSL:2202_20210917_La_2_1439,202,HSL:2115208,Lintulaakson koulu
46920,46945,25,46920,46950,30,True,UPDATED,1631912400,HSL:2202_20210917_La_1_1238,202,HSL:2115209,Lintulaakson koulu
48780,48780,0,48780,48780,0,False,SCHEDULED,1631912400,HSL:2202_20210917_La_1_1307,202,HSL:2115209,Lintulaakson koulu
50640,50640,0,50640,50640,0,False,SCHEDULED,1631912400,HSL:2202_20210917_La_1_1338,202,HSL:2115209,Lintulaakson koulu
52380,52380,0,52380,52380,0,False,SCHEDULED,1631912400,HSL:2202_20210917_La_1_1407,202,HSL:2115209,Lintulaakson koulu
54180,54180,0,54180,54180,0,False,SCHEDULED,1631912400,HSL:2202_20210917_La_1_1438,202,HSL:2115209,Lintulaakson koulu
27000,27000,0,27000,27000,0,False,SCHEDULED,1631998800,HSL:9665A1_20210917_Su_1_0708,665A,HSL:9507001,Pajalantie
45540,45540,0,45540,45540,0,True,UPDATED,1631912400,HSL:1088_20210917_La_2_1236,88,HSL:1494157,Stansvikintie
46140,46140,0,46140,46140,0,False,SCHEDULED,1631912400,HSL:1088_20210917_La_2_1246,88,HSL:1494157,Stansvikintie
46740,46740,0,46740,46740,0,False,SCHEDULED,1631912400,HSL:1088_20210917_La_2_1256,88,HSL:1494157,Stansvikintie
47340,47340,0,47340,47340,0,False,SCHEDULED,1631912400,HSL:1088_20210917_La_2_1306,88,HSL:1494157,Stansvikintie
47940,47940,0,47940,47940,0,False,SCHEDULED,1631912400,HSL:1088_20210917_La_2_1316,88,HSL:1494157,Stansvikintie
47220,47220,0,47220,47220,0,False,SCHEDULED,1631912400,HSL:9665K_20210917_La_2_1248,665K,HSL:9507002,Ammattikoulu
50820,50820,0,50820,50820,0,False,SCHEDULED,1631912400,HSL:9665K_20210917_La_2_1348,665K,HSL:9507002,Ammattikoulu
54420,54420,0,54420,54420,0,False,SCHEDULED,1631912400,HSL:9665K_20210917_La_2_1448,665K,HSL:9507002,Ammattikoulu
58020,58020,0,58020,58020,0,False,SCHEDULED,1631912400,HSL:9665K_20210917_La_2_1548,665K,HSL:9507002,Ammattikoulu
61680,61680,0,61680,61680,0,False,SCHEDULED,1631912400,HSL:9665K_20210917_La_2_1649,665K,HSL:9507002,Ammattikoulu
45720,45679,-41,45720,45724,4,True,UPDATED,1631912400,HSL:4571_20210917_La_1_1159,571,HSL:4170203,Laajametsänkuja
45900,45900,0,45900,45900,0,True,UPDATED,1631912400,HSL:5565_20210917_La_1_1238,565,HSL:4170203,Laajametsänkuja
46560,46560,0,46560,46560,0,False,SCHEDULED,1631912400,HSL:4421_20210917_La_2_1254,421,HSL:4170203,Laajametsänkuja
47520,47535,15,47520,47546,26,True,UPDATED,1631912400,HSL:4571_20210917_La_1_1228,571,HSL:4170203,Laajametsänkuja
47700,47700,0,47700,47700,0,False,SCHEDULED,1631912400,HSL:5565_20210917_La_1_1308,565,HSL:4170203,Laajametsänkuja
45840,45840,0,45840,45840,0,False,SCHEDULED,1631912400,HSL:4335B_20210917_La_1_1238,335B,HSL:4170202,Laajametsänkuja
45900,46140,240,45900,46143,243,True,UPDATED,1631912400,HSL:4421_20210917_La_1_1212,421,HSL:4170202,Laajametsänkuja
46320,46642,322,46320,46648,328,True,UPDATED,1631912400,HSL:5565_20210917_La_2_1212,565,HSL:4170202,Laajametsänkuja
46920,46920,0,46920,46920,0,False,SCHEDULED,1631912400,HSL:4571_20210917_La_2_1241,571,HSL:4170202,Laajametsänkuja
47760,47760,0,47760,47760,0,False,SCHEDULED,1631912400,HSL:4421_20210917_La_1_1242,421,HSL:4170202,Laajametsänkuja
45840,45840,0,45840,45840,0,False,SCHEDULED,1631912400,HSL:4335B_20210917_La_1_1238,335B,HSL:4170201,Raappavuorenreuna
45840,46090,250,45840,46094,254,True,UPDATED,1631912400,HSL:4421_20210917_La_1_1212,421,HSL:4170201,Raappavuorenreuna
46320,46591,271,46320,46596,276,True,UPDATED,1631912400,HSL:5565_20210917_La_2_1212,565,HSL:4170201,Raappavuorenreuna
46920,46920,0,46920,46920,0,False,SCHEDULED,1631912400,HSL:4571_20210917_La_2_1241,571,HSL:4170201,Raappavuorenreuna
47700,47700,0,47700,47700,0,False,SCHEDULED,1631912400,HSL:4421_20210917_La_1_1242,421,HSL:4170201,Raappavuorenreuna
45660,45980,320,45660,45980,320,True,UPDATED,1631912400,HSL:6173_20210917_La_2_1202,173,HSL:6040250,Gesterby
46260,46306,46,46260,46307,47,True,UPDATED,1631912400,HSL:6171_20210917_La_1_1216,171,HSL:6040250,Gesterby
47820,47820,0,47820,47820,0,False,SCHEDULED,1631912400,HSL:6171_20210917_La_2_1306,171,HSL:6040250,Gesterby
48000,48000,0,48000,48000,0,False,SCHEDULED,1631912400,HSL:6173_20210917_La_1_1251,173,HSL:6040250,Gesterby
49260,49260,0,49260,49260,0,False,SCHEDULED,1631912400,HSL:6173_20210917_La_2_1301,173,HSL:6040250,Gesterby
46080,46105,25,46080,46105,25,True,UPDATED,1631912400,HSL:2436_20210917_La_2_1229,436,HSL:4170214,Martinkyläntie
46680,46680,0,46680,46680,0,False,SCHEDULED,1631912400,HSL:4421_20210917_La_2_1254,421,HSL:4170214,Martinkyläntie
48240,48240,0,48240,48240,0,False,SCHEDULED,1631912400,HSL:4335B_20210917_La_2_1311,335B,HSL:4170214,Martinkyläntie
48360,48360,0,48360,48360,0,False,SCHEDULED,1631912400,HSL:4322_20210917_La_1_1241,322,HSL:4170214,Martinkyläntie
48480,48480,0,48480,48480,0,False,SCHEDULED,1631912400,HSL:4421_20210917_La_2_1324,421,HSL:4170214,Martinkyläntie
45780,46036,256,45780,46045,265,True,UPDATED,1631912400,HSL:4421_20210917_La_1_1212,421,HSL:4170213,Raappavuorenkuja
47640,47640,0,47640,47640,0,False,SCHEDULED,1631912400,HSL:4421_20210917_La_1_1242,421,HSL:4170213,Raappavuorenkuja
49500,49500,0,49500,49500,0,False,SCHEDULED,1631912400,HSL:4421_20210917_La_1_1312,421,HSL:4170213,Raappavuorenkuja
51360,51360,0,51360,51360,0,False,SCHEDULED,1631912400,HSL:4421_20210917_La_1_1342,421,HSL:4170213,Raappavuorenkuja
53160,53160,0,53160,53160,0,False,SCHEDULED,1631912400,HSL:4421_20210917_La_1_1412,421,HSL:4170213,Raappavuorenkuja
46620,46620,0,46620,46620,0,False,SCHEDULED,1631912400,HSL:4421_20210917_La_2_1254,421,HSL:4170212,Raappavuorenkuja
48420,48420,0,48420,48420,0,False,SCHEDULED,1631912400,HSL:4421_20210917_La_2_1324,421,HSL:4170212,Raappavuorenkuja
50220,50220,0,50220,50220,0,False,SCHEDULED,1631912400,HSL:4421_20210917_La_2_1354,421,HSL:4170212,Raappavuorenkuja
52020,52020,0,52020,52020,0,False,SCHEDULED,1631912400,HSL:4421_20210917_La_2_1424,421,HSL:4170212,Raappavuorenkuja
53820,53820,0,53820,53820,0,False,SCHEDULED,1631912400,HSL:4421_20210917_La_2_1454,421,HSL:4170212,Raappavuorenkuja
46020,46014,-6,46020,46073,53,True,UPDATED,1631912400,HSL:4433K_20210917_La_2_1220,433K,HSL:4170211,Martinlaakson asema
49620,49620,0,49620,49620,0,False,SCHEDULED,1631912400,HSL:4433K_20210917_La_2_1320,433K,HSL:4170211,Martinlaakson asema
53160,53160,0,53160,53160,0,False,SCHEDULED,1631912400,HSL:4433K_20210917_La_2_1420,433K,HSL:4170211,Martinlaakson asema
56760,56760,0,56760,56760,0,False,SCHEDULED,1631912400,HSL:4433K_20210917_La_2_1520,433K,HSL:4170211,Martinlaakson asema
60360,60360,0,60360,60360,0,False,SCHEDULED,1631912400,HSL:4433K_20210917_La_2_1620,433K,HSL:4170211,Martinlaakson asema
45480,45428,-52,45480,45428,-52,True,UPDATED,1631912400,HSL:4571_20210917_La_1_1159,571,HSL:4170210,Kukintie
47280,47284,4,47280,47295,15,True,UPDATED,1631912400,HSL:4571_20210917_La_1_1228,571,HSL:4170210,Kukintie
49080,49080,0,49080,49080,0,False,SCHEDULED,1631912400,HSL:4571_20210917_La_1_1258,571,HSL:4170210,Kukintie
50880,50880,0,50880,50880,0,False,SCHEDULED,1631912400,HSL:4571_20210917_La_1_1328,571,HSL:4170210,Kukintie
52680,52680,0,52680,52680,0,False,SCHEDULED,1631912400,HSL:4571_20210917_La_1_1358,571,HSL:4170210,Kukintie
46620,46722,102,46620,46722,102,True,UPDATED,1631912400,HSL:6171_20210917_La_1_1216,171,HSL:6040269,Ravals
48360,48360,0,48360,48360,0,False,SCHEDULED,1631912400,HSL:6173_20210917_La_1_1251,173,HSL:6040269,Ravals
50160,50160,0,50160,50160,0,False,SCHEDULED,1631912400,HSL:6171_20210917_La_1_1313,171,HSL:6040269,Ravals
51900,51900,0,51900,51900,0,False,SCHEDULED,1631912400,HSL:6173_20210917_La_1_1349,173,HSL:6040269,Ravals
53760,53760,0,53760,53760,0,False,SCHEDULED,1631912400,HSL:6171_20210917_La_1_1413,171,HSL:6040269,Ravals
45420,45464,44,45420,45469,49,True,UPDATED,1631912400,HSL:1057_20210917_La_1_1208,57,HSL:1174149,Veturitie
46020,46110,90,46020,46110,90,True,UPDATED,1631912400,HSL:1057_20210917_La_1_1218,57,HSL:1174149,Veturitie
46620,46620,0,46620,46620,0,False,SCHEDULED,1631912400,HSL:1057_20210917_La_1_1228,57,HSL:1174149,Veturitie
47220,47220,0,47220,47220,0,False,SCHEDULED,1631912400,HSL:1057_20210917_La_1_1238,57,HSL:1174149,Veturitie
47820,47820,0,47820,47820,0,False,SCHEDULED,1631912400,HSL:1057_20210917_La_1_1248,57,HSL:1174149,Veturitie
45300,45385,85,45360,45433,73,True,UPDATED,1631912400,HSL:1500_20210917_La_1_1210,500,HSL:1174147,Pasilan asema
45600,45768,168,45600,45803,203,True,UPDATED,1631912400,HSL:1023_20210917_La_1_1223,23,HSL:1174147,Pasilan asema
45720,45726,6,45780,45805,25,True,UPDATED,1631912400,HSL:2510_20210917_La_1_1228,510,HSL:1174147,Pasilan asema
46020,46098,78,46020,46132,112,True,UPDATED,1631912400,HSL:1059_20210917_La_1_1231,59,HSL:1174147,Pasilan asema
46140,46145,5,46140,46200,60,True,UPDATED,1631912400,HSL:1506_20210917_La_1_1210,506,HSL:1174147,Pasilan asema
48540,48540,0,48540,48540,0,False,SCHEDULED,1631912400,HSL:6173_20210917_La_2_1301,173,HSL:6040260,Munkinmäentie
52140,52140,0,52140,52140,0,False,SCHEDULED,1631912400,HSL:6173_20210917_La_2_1401,173,HSL:6040260,Munkinmäentie
55740,55740,0,55740,55740,0,False,SCHEDULED,1631912400,HSL:6173_20210917_La_2_1502,173,HSL:6040260,Munkinmäentie
59340,59340,0,59340,59340,0,False,SCHEDULED,1631912400,HSL:6173_20210917_La_2_1602,173,HSL:6040260,Munkinmäentie
61140,61140,0,61140,61140,0,False,SCHEDULED,1631912400,HSL:6182A_20210917_La_2_1630,182A,HSL:6040260,Munkinmäentie
45360,45370,10,45360,45379,19,True,UPDATED,1631912400,HSL:4571_20210917_La_2_1211,571,HSL:4170209,Kukintie
47160,47160,0,47160,47160,0,False,SCHEDULED,1631912400,HSL:4571_20210917_La_2_1241,571,HSL:4170209,Kukintie
48960,48960,0,48960,48960,0,False,SCHEDULED,1631912400,HSL:4571_20210917_La_2_1311,571,HSL:4170209,Kukintie
50760,50760,0,50760,50760,0,False,SCHEDULED,1631912400,HSL:4571_20210917_La_2_1341,571,HSL:4170209,Kukintie
52560,52560,0,52560,52560,0,False,SCHEDULED,1631912400,HSL:4571_20210917_La_2_1411,571,HSL:4170209,Kukintie
45060,45544,484,45060,45544,484,True,UPDATED,1631912400,HSL:6173_20210917_La_1_1151,173,HSL:6040261,Munkinmäentie
48660,48660,0,48660,48660,0,False,SCHEDULED,1631912400,HSL:6173_20210917_La_1_1251,173,HSL:6040261,Munkinmäentie
52260,52260,0,52260,52260,0,False,SCHEDULED,1631912400,HSL:6173_20210917_La_1_1349,173,HSL:6040261,Munkinmäentie
55860,55860,0,55860,55860,0,False,SCHEDULED,1631912400,HSL:6173_20210917_La_1_1448,173,HSL:6040261,Munkinmäentie
57660,57660,0,57660,57660,0,False,SCHEDULED,1631912400,HSL:6182A_20210917_La_1_1600,182A,HSL:6040261,Munkinmäentie
45600,45600,0,45600,45600,0,True,UPDATED,1631912400,HSL:5565_20210917_La_1_1238,565,HSL:4170208,Myllynkivenkuja
46740,46740,0,46740,46740,0,False,SCHEDULED,1631912400,HSL:4421_20210917_La_2_1254,421,HSL:4170208,Myllynkivenkuja
47400,47400,0,47400,47400,0,False,SCHEDULED,1631912400,HSL:5565_20210917_La_1_1308,565,HSL:4170208,Myllynkivenkuja
48000,48047,47,48000,48053,53,True,UPDATED,1631912400,HSL:4574_20210917_La_1_1233,574,HSL:4170208,Myllynkivenkuja
48300,48300,0,48300,48300,0,False,SCHEDULED,1631912400,HSL:4335B_20210917_La_2_1311,335B,HSL:4170208,Myllynkivenkuja
45300,45328,28,45300,45339,39,True,UPDATED,1631912400,HSL:4571_20210917_La_2_1211,571,HSL:4170207,Louhelantie
47100,47100,0,47100,47100,0,False,SCHEDULED,1631912400,HSL:4571_20210917_La_2_1241,571,HSL:4170207,Louhelantie
48900,48900,0,48900,48900,0,False,SCHEDULED,1631912400,HSL:4571_20210917_La_2_1311,571,HSL:4170207,Louhelantie
50700,50700,0,50700,50700,0,False,SCHEDULED,1631912400,HSL:4571_20210917_La_2_1341,571,HSL:4170207,Louhelantie
52500,52500,0,52500,52500,0,False,SCHEDULED,1631912400,HSL:4571_20210917_La_2_1411,571,HSL:4170207,Louhelantie
45660,45636,-24,45660,45679,19,True,UPDATED,1631912400,HSL:4571_20210917_La_1_1159,571,HSL:4170205,Martinkeskus
45840,45840,0,45840,45840,0,True,UPDATED,1631912400,HSL:5565_20210917_La_1_1238,565,HSL:4170205,Martinkeskus
46500,46500,0,46500,46500,0,False,SCHEDULED,1631912400,HSL:4421_20210917_La_2_1254,421,HSL:4170205,Martinkeskus
47460,47510,50,47460,47517,57,True,UPDATED,1631912400,HSL:4571_20210917_La_1_1228,571,HSL:4170205,Martinkeskus
47640,47640,0,47640,47640,0,False,SCHEDULED,1631912400,HSL:5565_20210917_La_1_1308,565,HSL:4170205,Martinkeskus
45900,45900,0,45900,45900,0,False,SCHEDULED,1631912400,HSL:4335B_20210917_La_1_1238,335B,HSL:4170204,Martinkeskus
45900,46143,243,45900,46146,246,True,UPDATED,1631912400,HSL:4421_20210917_La_1_1212,421,HSL:4170204,Martinkeskus
46380,46658,278,46380,46664,284,True,UPDATED,1631912400,HSL:5565_20210917_La_2_1212,565,HSL:4170204,Martinkeskus
46980,46980,0,46980,46980,0,False,SCHEDULED,1631912400,HSL:4571_20210917_La_2_1241,571,HSL:4170204,Martinkeskus
47760,47760,0,47760,47760,0,False,SCHEDULED,1631912400,HSL:4421_20210917_La_1_1242,421,HSL:4170204,Martinkeskus
45900,45880,-20,45900,45882,-18,True,UPDATED,1631912400,HSL:6171_20210917_La_1_1216,171,HSL:6040226,Hirvitie
47700,47700,0,47700,47700,0,False,SCHEDULED,1631912400,HSL:6173_20210917_La_1_1251,173,HSL:6040226,Hirvitie
49440,49440,0,49440,49440,0,False,SCHEDULED,1631912400,HSL:6171_20210917_La_1_1313,171,HSL:6040226,Hirvitie
51240,51240,0,51240,51240,0,False,SCHEDULED,1631912400,HSL:6173_20210917_La_1_1349,173,HSL:6040226,Hirvitie
53040,53040,0,53040,53040,0,False,SCHEDULED,1631912400,HSL:6171_20210917_La_1_1413,171,HSL:6040226,Hirvitie
46140,46557,417,46140,46564,424,True,UPDATED,1631912400,HSL:6173_20210917_La_2_1202,173,HSL:6040227,Killinmäki
48360,48360,0,48360,48360,0,False,SCHEDULED,1631912400,HSL:6171_20210917_La_2_1306,171,HSL:6040227,Killinmäki
49800,49800,0,49800,49800,0,False,SCHEDULED,1631912400,HSL:6173_20210917_La_2_1301,173,HSL:6040227,Killinmäki
52020,52020,0,52020,52020,0,False,SCHEDULED,1631912400,HSL:6171_20210917_La_2_1406,171,HSL:6040227,Killinmäki
53400,53400,0,53400,53400,0,False,SCHEDULED,1631912400,HSL:6173_20210917_La_2_1401,173,HSL:6040227,Killinmäki
45780,45801,21,45780,45805,25,True,UPDATED,1631912400,HSL:6171_20210917_La_1_1216,171,HSL:6040228,Killinmäki
47580,47580,0,47580,47580,0,False,SCHEDULED,1631912400,HSL:6173_20210917_La_1_1251,173,HSL:6040228,Killinmäki
49320,49320,0,49320,49320,0,False,SCHEDULED,1631912400,HSL:6171_20210917_La_1_1313,171,HSL:6040228,Killinmäki
51120,51120,0,51120,51120,0,False,SCHEDULED,1631912400,HSL:6173_20210917_La_1_1349,173,HSL:6040228,Killinmäki
52920,52920,0,52920,52920,0,False,SCHEDULED,1631912400,HSL:6171_20210917_La_1_1413,171,HSL:6040228,Killinmäki
46680,46830,150,46680,46831,151,True,UPDATED,1631912400,HSL:6171_20210917_La_1_1216,171,HSL:6040233,Ravalsinkuja
48420,48420,0,48420,48420,0,False,SCHEDULED,1631912400,HSL:6173_20210917_La_1_1251,173,HSL:6040233,Ravalsinkuja
50220,50220,0,50220,50220,0,False,SCHEDULED,1631912400,HSL:6171_20210917_La_1_1313,171,HSL:6040233,Ravalsinkuja
52020,52020,0,52020,52020,0,False,SCHEDULED,1631912400,HSL:6173_20210917_La_1_1349,173,HSL:6040233,Ravalsinkuja
53820,53820,0,53820,53820,0,False,SCHEDULED,1631912400,HSL:6171_20210917_La_1_1413,171,HSL:6040233,Ravalsinkuja
45180,45614,434,45180,45618,438,True,UPDATED,1631912400,HSL:6173_20210917_La_2_1202,173,HSL:6040234,Ravalsinkuja
47340,47340,0,47340,47340,0,False,SCHEDULED,1631912400,HSL:6171_20210917_La_2_1306,171,HSL:6040234,Ravalsinkuja
48780,48780,0,48780,48780,0,False,SCHEDULED,1631912400,HSL:6173_20210917_La_2_1301,173,HSL:6040234,Ravalsinkuja
50940,50940,0,50940,50940,0,False,SCHEDULED,1631912400,HSL:6171_20210917_La_2_1406,171,HSL:6040234,Ravalsinkuja
52380,52380,0,52380,52380,0,False,SCHEDULED,1631912400,HSL:6173_20210917_La_2_1401,173,HSL:6040234,Ravalsinkuja
45480,45470,-10,45480,45490,10,True,UPDATED,1631912400,HSL:1036_20210917_La_1_1200,36,HSL:1331192,Kannelkoti
47640,47640,0,47640,47640,0,False,SCHEDULED,1631912400,HSL:1036_20210917_La_2_1300,36,HSL:1331192,Kannelkoti
52680,52680,0,52680,52680,0,False,SCHEDULED,1631912400,HSL:1036_20210917_La_1_1400,36,HSL:1331192,Kannelkoti
54840,54840,0,54840,54840,0,False,SCHEDULED,1631912400,HSL:1036_20210917_La_2_1500,36,HSL:1331192,Kannelkoti
59820,59820,0,59820,59820,0,False,SCHEDULED,1631912400,HSL:1036_20210917_La_1_1600,36,HSL:1331192,Kannelkoti
46620,46722,102,46620,46722,102,True,UPDATED,1631912400,HSL:6171_20210917_La_1_1216,171,HSL:6040231,Lindalintie
48360,48360,0,48360,48360,0,False,SCHEDULED,1631912400,HSL:6173_20210917_La_1_1251,173,HSL:6040231,Lindalintie
50160,50160,0,50160,50160,0,False,SCHEDULED,1631912400,HSL:6171_20210917_La_1_1313,171,HSL:6040231,Lindalintie
51960,51960,0,51960,51960,0,False,SCHEDULED,1631912400,HSL:6173_20210917_La_1_1349,173,HSL:6040231,Lindalintie
53760,53760,0,53760,53760,0,False,SCHEDULED,1631912400,HSL:6171_20210917_La_1_1413,171,HSL:6040231,Lindalintie
45480,45861,381,45480,45861,381,True,UPDATED,1631912400,HSL:6173_20210917_La_2_1202,173,HSL:6040244,Vilhontie
47640,47640,0,47640,47640,0,False,SCHEDULED,1631912400,HSL:6171_20210917_La_2_1306,171,HSL:6040244,Vilhontie
49080,49080,0,49080,49080,0,False,SCHEDULED,1631912400,HSL:6173_20210917_La_2_1301,173,HSL:6040244,Vilhontie
51300,51300,0,51300,51300,0,False,SCHEDULED,1631912400,HSL:6171_20210917_La_2_1406,171,HSL:6040244,Vilhontie
52740,52740,0,52740,52740,0,False,SCHEDULED,1631912400,HSL:6173_20210917_La_2_1401,173,HSL:6040244,Vilhontie
45600,45861,261,45600,45861,261,True,UPDATED,1631912400,HSL:6173_20210917_La_2_1202,173,HSL:6040246,Papinmäen koulu
47760,47760,0,47760,47760,0,False,SCHEDULED,1631912400,HSL:6171_20210917_La_2_1306,171,HSL:6040246,Papinmäen koulu
49200,49200,0,49200,49200,0,False,SCHEDULED,1631912400,HSL:6173_20210917_La_2_1301,173,HSL:6040246,Papinmäen koulu
51420,51420,0,51420,51420,0,False,SCHEDULED,1631912400,HSL:6171_20210917_La_2_1406,171,HSL:6040246,Papinmäen koulu
52860,52860,0,52860,52860,0,False,SCHEDULED,1631912400,HSL:6173_20210917_La_2_1401,173,HSL:6040246,Papinmäen koulu
46320,46370,50,46320,46372,52,True,UPDATED,1631912400,HSL:6171_20210917_La_1_1216,171,HSL:6040247,Papinmäen koulu
48060,48060,0,48060,48060,0,False,SCHEDULED,1631912400,HSL:6173_20210917_La_1_1251,173,HSL:6040247,Papinmäen koulu
49860,49860,0,49860,49860,0,False,SCHEDULED,1631912400,HSL:6171_20210917_La_1_1313,171,HSL:6040247,Papinmäen koulu
51600,51600,0,51600,51600,0,False,SCHEDULED,1631912400,HSL:6173_20210917_La_1_1349,173,HSL:6040247,Papinmäen koulu
53460,53460,0,53460,53460,0,False,SCHEDULED,1631912400,HSL:6171_20210917_La_1_1413,171,HSL:6040247,Papinmäen koulu
45540,45637,97,45600,45723,123,True,UPDATED,1631912400,HSL:1500_20210917_La_2_1221,500,HSL:1174128,Pasilan asema
45120,45629,509,45180,45730,550,True,UPDATED,1631912400,HSL:2510_20210917_La_2_1202,510,HSL:1174128,Pasilan asema
45480,45709,229,45480,45765,285,True,UPDATED,1631912400,HSL:1059_20210917_La_2_1209,59,HSL:1174128,Pasilan asema
46020,46051,31,46020,46051,31,True,UPDATED,1631912400,HSL:1506_20210917_La_2_1234,506,HSL:1174128,Pasilan asema
46020,46164,144,46080,46236,156,True,UPDATED,1631912400,HSL:2510_20210917_La_2_1217,510,HSL:1174128,Pasilan asema
45480,45858,378,45480,45861,381,True,UPDATED,1631912400,HSL:6173_20210917_La_2_1202,173,HSL:6040242,Vilhonkummuntie
47640,47640,0,47640,47640,0,False,SCHEDULED,1631912400,HSL:6171_20210917_La_2_1306,171,HSL:6040242,Vilhonkummuntie
49080,49080,0,49080,49080,0,False,SCHEDULED,1631912400,HSL:6173_20210917_La_2_1301,173,HSL:6040242,Vilhonkummuntie
51300,51300,0,51300,51300,0,False,SCHEDULED,1631912400,HSL:6171_20210917_La_2_1406,171,HSL:6040242,Vilhonkummuntie
52740,52740,0,52740,52740,0,False,SCHEDULED,1631912400,HSL:6173_20210917_La_2_1401,173,HSL:6040242,Vilhonkummuntie
46440,46440,0,46440,46445,5,True,UPDATED,1631912400,HSL:6171_20210917_La_1_1216,171,HSL:6040243,Vilhonkummuntie
48180,48180,0,48180,48180,0,False,SCHEDULED,1631912400,HSL:6173_20210917_La_1_1251,173,HSL:6040243,Vilhonkummuntie
49980,49980,0,49980,49980,0,False,SCHEDULED,1631912400,HSL:6171_20210917_La_1_1313,171,HSL:6040243,Vilhonkummuntie
51720,51720,0,51720,51720,0,False,SCHEDULED,1631912400,HSL:6173_20210917_La_1_1349,173,HSL:6040243,Vilhonkummuntie
53580,53580,0,53580,53580,0,False,SCHEDULED,1631912400,HSL:6171_20210917_La_1_1413,171,HSL:6040243,Vilhonkummuntie
48420,48420,0,48420,48420,0,False,SCHEDULED,1631912400,HSL:6173_20210917_La_2_1301,173,HSL:6040208,Jerikonmäki
52020,52020,0,52020,52020,0,False,SCHEDULED,1631912400,HSL:6173_20210917_La_2_1401,173,HSL:6040208,Jerikonmäki
55680,55680,0,55680,55680,0,False,SCHEDULED,1631912400,HSL:6173_20210917_La_2_1502,173,HSL:6040208,Jerikonmäki
59280,59280,0,59280,59280,0,False,SCHEDULED,1631912400,HSL:6173_20210917_La_2_1602,173,HSL:6040208,Jerikonmäki
62880,62880,0,62880,62880,0,False,SCHEDULED,1631912400,HSL:6173_20210917_La_2_1659,173,HSL:6040208,Jerikonmäki
48300,48300,0,48300,48300,0,False,SCHEDULED,1631912400,HSL:7192V_20210917_La_2_1315,192V,HSL:6040209,Pedersinpolku
59640,59640,0,59640,59640,0,False,SCHEDULED,1631912400,HSL:7192V_20210917_La_2_1623,192V,HSL:6040209,Pedersinpolku
60960,60960,0,60960,60960,0,False,SCHEDULED,1631912400,HSL:6182A_20210917_La_2_1630,182A,HSL:6040209,Pedersinpolku
62700,62700,0,62700,62700,0,False,SCHEDULED,1631912400,HSL:7192V_20210917_La_2_1715,192V,HSL:6040209,Pedersinpolku
77280,77280,0,77280,77280,0,False,SCHEDULED,1631912400,HSL:7191_20210917_La_2_2113,191,HSL:6040209,Pedersinpolku
48360,48360,0,48360,48360,0,False,SCHEDULED,1631912400,HSL:6173_20210917_La_2_1301,173,HSL:6040204,Eestinkyläntie
51960,51960,0,51960,51960,0,False,SCHEDULED,1631912400,HSL:6173_20210917_La_2_1401,173,HSL:6040204,Eestinkyläntie
55560,55560,0,55560,55560,0,False,SCHEDULED,1631912400,HSL:6173_20210917_La_2_1502,173,HSL:6040204,Eestinkyläntie
59160,59160,0,59160,59160,0,False,SCHEDULED,1631912400,HSL:6173_20210917_La_2_1602,173,HSL:6040204,Eestinkyläntie
62760,62760,0,62760,62760,0,False,SCHEDULED,1631912400,HSL:6173_20210917_La_2_1659,173,HSL:6040204,Eestinkyläntie
45180,45644,464,45180,45645,465,True,UPDATED,1631912400,HSL:6173_20210917_La_1_1151,173,HSL:6040205,Naissaarentie
48780,48780,0,48780,48780,0,False,SCHEDULED,1631912400,HSL:6173_20210917_La_1_1251,173,HSL:6040205,Naissaarentie
52380,52380,0,52380,52380,0,False,SCHEDULED,1631912400,HSL:6173_20210917_La_1_1349,173,HSL:6040205,Naissaarentie
55980,55980,0,55980,55980,0,False,SCHEDULED,1631912400,HSL:6173_20210917_La_1_1448,173,HSL:6040205,Naissaarentie
59520,59520,0,59520,59520,0,False,SCHEDULED,1631912400,HSL:6173_20210917_La_1_1548,173,HSL:6040205,Naissaarentie
48360,48360,0,48360,48360,0,False,SCHEDULED,1631912400,HSL:6173_20210917_La_2_1301,173,HSL:6040206,Naissaarentie
51960,51960,0,51960,51960,0,False,SCHEDULED,1631912400,HSL:6173_20210917_La_2_1401,173,HSL:6040206,Naissaarentie
55620,55620,0,55620,55620,0,False,SCHEDULED,1631912400,HSL:6173_20210917_La_2_1502,173,HSL:6040206,Naissaarentie
59220,59220,0,59220,59220,0,False,SCHEDULED,1631912400,HSL:6173_20210917_La_2_1602,173,HSL:6040206,Naissaarentie
62820,62820,0,62820,62820,0,False,SCHEDULED,1631912400,HSL:6173_20210917_La_2_1659,173,HSL:6040206,Naissaarentie
45180,45597,417,45180,45597,417,True,UPDATED,1631912400,HSL:6173_20210917_La_1_1151,173,HSL:6040207,Jerikonmäki
48780,48780,0,48780,48780,0,False,SCHEDULED,1631912400,HSL:6173_20210917_La_1_1251,173,HSL:6040207,Jerikonmäki
52380,52380,0,52380,52380,0,False,SCHEDULED,1631912400,HSL:6173_20210917_La_1_1349,173,HSL:6040207,Jerikonmäki
55980,55980,0,55980,55980,0,False,SCHEDULED,1631912400,HSL:6173_20210917_La_1_1448,173,HSL:6040207,Jerikonmäki
59520,59520,0,59520,59520,0,False,SCHEDULED,1631912400,HSL:6173_20210917_La_1_1548,173,HSL:6040207,Jerikonmäki
48420,48420,0,48420,48420,0,False,SCHEDULED,1631912400,HSL:7192V_20210917_La_2_1315,192V,HSL:6040211,Kirkkonummenportti
59700,59700,0,59700,59700,0,False,SCHEDULED,1631912400,HSL:7192V_20210917_La_2_1623,192V,HSL:6040211,Kirkkonummenportti
62820,62820,0,62820,62820,0,False,SCHEDULED,1631912400,HSL:7192V_20210917_La_2_1715,192V,HSL:6040211,Kirkkonummenportti
80820,80820,0,80820,80820,0,False,SCHEDULED,1631912400,HSL:7192V_20210917_La_2_2215,192V,HSL:6040211,Kirkkonummenportti
37500,37500,0,37500,37500,0,False,SCHEDULED,1631998800,HSL:7192_20210917_Su_2_1013,192,HSL:6040211,Kirkkonummenportti
48360,48360,0,48360,48360,0,False,SCHEDULED,1631912400,HSL:7192V_20210917_La_2_1315,192V,HSL:6040212,Munkinmäki
59640,59640,0,59640,59640,0,False,SCHEDULED,1631912400,HSL:7192V_20210917_La_2_1623,192V,HSL:6040212,Munkinmäki
61020,61020,0,61020,61020,0,False,SCHEDULED,1631912400,HSL:6182A_20210917_La_2_1630,182A,HSL:6040212,Munkinmäki
62760,62760,0,62760,62760,0,False,SCHEDULED,1631912400,HSL:7192V_20210917_La_2_1715,192V,HSL:6040212,Munkinmäki
77340,77340,0,77340,77340,0,False,SCHEDULED,1631912400,HSL:7191_20210917_La_2_2113,191,HSL:6040212,Munkinmäki
45540,45540,0,45540,45540,0,False,SCHEDULED,1631912400,HSL:4721_20210917_La_1_1158,721,HSL:4730210,Pikkukoski
47340,47340,0,47340,47340,0,False,SCHEDULED,1631912400,HSL:4721_20210917_La_1_1227,721,HSL:4730210,Pikkukoski
49140,49140,0,49140,49140,0,False,SCHEDULED,1631912400,HSL:4721_20210917_La_1_1257,721,HSL:4730210,Pikkukoski
50940,50940,0,50940,50940,0,False,SCHEDULED,1631912400,HSL:4721_20210917_La_1_1327,721,HSL:4730210,Pikkukoski
52740,52740,0,52740,52740,0,False,SCHEDULED,1631912400,HSL:4721_20210917_La_1_1357,721,HSL:4730210,Pikkukoski
47760,47760,0,47760,47760,0,False,SCHEDULED,1631912400,HSL:7192V_20210917_La_1_1240,192V,HSL:6040213,Munkinmäki
56220,56220,0,56220,56220,0,False,SCHEDULED,1631912400,HSL:7192T_20210917_La_1_1500,192T,HSL:6040213,Munkinmäki
57720,57720,0,57720,57720,0,False,SCHEDULED,1631912400,HSL:6182A_20210917_La_1_1600,182A,HSL:6040213,Munkinmäki
57960,57960,0,57960,57960,0,False,SCHEDULED,1631912400,HSL:7191_20210917_La_1_1605,191,HSL:6040213,Munkinmäki
65280,65280,0,65280,65280,0,False,SCHEDULED,1631912400,HSL:7192V_20210917_La_1_1740,192V,HSL:6040213,Munkinmäki
47700,47700,0,47700,47700,0,False,SCHEDULED,1631912400,HSL:7192V_20210917_La_1_1240,192V,HSL:6040214,Kirkkonummenportti
56220,56220,0,56220,56220,0,False,SCHEDULED,1631912400,HSL:7192T_20210917_La_1_1500,192T,HSL:6040214,Kirkkonummenportti
57660,57660,0,57660,57660,0,False,SCHEDULED,1631912400,HSL:6182A_20210917_La_1_1600,182A,HSL:6040214,Kirkkonummenportti
57960,57960,0,57960,57960,0,False,SCHEDULED,1631912400,HSL:7191_20210917_La_1_1605,191,HSL:6040214,Kirkkonummenportti
65220,65220,0,65220,65220,0,False,SCHEDULED,1631912400,HSL:7192V_20210917_La_1_1740,192V,HSL:6040214,Kirkkonummenportti
47820,47820,0,47820,47820,0,False,SCHEDULED,1631912400,HSL:7192V_20210917_La_1_1240,192V,HSL:6040210,Pedersinpolku
56280,56280,0,56280,56280,0,False,SCHEDULED,1631912400,HSL:7192T_20210917_La_1_1500,192T,HSL:6040210,Pedersinpolku
57780,57780,0,57780,57780,0,False,SCHEDULED,1631912400,HSL:6182A_20210917_La_1_1600,182A,HSL:6040210,Pedersinpolku
58020,58020,0,58020,58020,0,False,SCHEDULED,1631912400,HSL:7191_20210917_La_1_1605,191,HSL:6040210,Pedersinpolku
65340,65340,0,65340,65340,0,False,SCHEDULED,1631912400,HSL:7192V_20210917_La_1_1740,192V,HSL:6040210,Pedersinpolku
45300,45338,38,45300,45356,56,True,UPDATED,1631912400,HSL:4560_20210917_La_2_1145,560,HSL:1541047,Mustalahdentie
45900,45836,-64,45900,45862,-38,True,UPDATED,1631912400,HSL:4560_20210917_La_2_1155,560,HSL:1541047,Mustalahdentie
46500,46744,244,46500,46766,266,True,UPDATED,1631912400,HSL:4560_20210917_La_2_1205,560,HSL:1541047,Mustalahdentie
47100,47102,2,47100,47131,31,True,UPDATED,1631912400,HSL:4560_20210917_La_2_1215,560,HSL:1541047,Mustalahdentie
47700,47772,72,47700,47792,92,True,UPDATED,1631912400,HSL:4560_20210917_La_2_1225,560,HSL:1541047,Mustalahdentie
45960,45956,-4,45960,45956,-4,True,UPDATED,1631912400,HSL:6171_20210917_La_1_1216,171,HSL:6040219,Jolkby
47760,47760,0,47760,47760,0,False,SCHEDULED,1631912400,HSL:6173_20210917_La_1_1251,173,HSL:6040219,Jolkby
49500,49500,0,49500,49500,0,False,SCHEDULED,1631912400,HSL:6171_20210917_La_1_1313,171,HSL:6040219,Jolkby
51300,51300,0,51300,51300,0,False,SCHEDULED,1631912400,HSL:6173_20210917_La_1_1349,173,HSL:6040219,Jolkby
53100,53100,0,53100,53100,0,False,SCHEDULED,1631912400,HSL:6171_20210917_La_1_1413,171,HSL:6040219,Jolkby
48540,48540,0,48540,48540,0,False,SCHEDULED,1631912400,HSL:7192V_20210917_La_2_1315,192V,HSL:6040215,Tolsanportti
59820,59820,0,59820,59820,0,False,SCHEDULED,1631912400,HSL:7192V_20210917_La_2_1623,192V,HSL:6040215,Tolsanportti
62940,62940,0,62940,62940,0,False,SCHEDULED,1631912400,HSL:7192V_20210917_La_2_1715,192V,HSL:6040215,Tolsanportti
80940,80940,0,80940,80940,0,False,SCHEDULED,1631912400,HSL:7192V_20210917_La_2_2215,192V,HSL:6040215,Tolsanportti
37620,37620,0,37620,37620,0,False,SCHEDULED,1631998800,HSL:7192_20210917_Su_2_1013,192,HSL:6040215,Tolsanportti
47580,47580,0,47580,47580,0,False,SCHEDULED,1631912400,HSL:7192V_20210917_La_1_1240,192V,HSL:6040216,Tolsanportti
56100,56100,0,56100,56100,0,False,SCHEDULED,1631912400,HSL:7192T_20210917_La_1_1500,192T,HSL:6040216,Tolsanportti
65160,65160,0,65160,65160,0,False,SCHEDULED,1631912400,HSL:7192V_20210917_La_1_1740,192V,HSL:6040216,Tolsanportti
69060,69060,0,69060,69060,0,False,SCHEDULED,1631912400,HSL:7192T_20210917_La_1_1835,192T,HSL:6040216,Tolsanportti
84900,84900,0,84900,84900,0,False,SCHEDULED,1631912400,HSL:7192V_20210917_La_1_2305,192V,HSL:6040216,Tolsanportti
45960,46222,262,45960,46222,262,True,UPDATED,1631912400,HSL:6173_20210917_La_2_1202,173,HSL:6040217,Jolkby
48180,48180,0,48180,48180,0,False,SCHEDULED,1631912400,HSL:6171_20210917_La_2_1306,171,HSL:6040217,Jolkby
49620,49620,0,49620,49620,0,False,SCHEDULED,1631912400,HSL:6173_20210917_La_2_1301,173,HSL:6040217,Jolkby
51840,51840,0,51840,51840,0,False,SCHEDULED,1631912400,HSL:6171_20210917_La_2_1406,171,HSL:6040217,Jolkby
53220,53220,0,53220,53220,0,False,SCHEDULED,1631912400,HSL:6173_20210917_La_2_1401,173,HSL:6040217,Jolkby
45960,46247,287,45960,46253,293,True,UPDATED,1631912400,HSL:6173_20210917_La_2_1202,173,HSL:6040218,Heikkiläntie
48180,48180,0,48180,48180,0,False,SCHEDULED,1631912400,HSL:6171_20210917_La_2_1306,171,HSL:6040218,Heikkiläntie
49620,49620,0,49620,49620,0,False,SCHEDULED,1631912400,HSL:6173_20210917_La_2_1301,173,HSL:6040218,Heikkiläntie
51840,51840,0,51840,51840,0,False,SCHEDULED,1631912400,HSL:6171_20210917_La_2_1406,171,HSL:6040218,Heikkiläntie
53220,53220,0,53220,53220,0,False,SCHEDULED,1631912400,HSL:6173_20210917_La_2_1401,173,HSL:6040218,Heikkiläntie
46980,46980,0,46980,46980,0,False,SCHEDULED,1631912400,HSL:4721_20210917_La_2_1300,721,HSL:4730201,Laurintie
48780,48780,0,48780,48780,0,False,SCHEDULED,1631912400,HSL:4721_20210917_La_2_1330,721,HSL:4730201,Laurintie
50580,50580,0,50580,50580,0,False,SCHEDULED,1631912400,HSL:4721_20210917_La_2_1400,721,HSL:4730201,Laurintie
52380,52380,0,52380,52380,0,False,SCHEDULED,1631912400,HSL:4721_20210917_La_2_1430,721,HSL:4730201,Laurintie
54180,54180,0,54180,54180,0,False,SCHEDULED,1631912400,HSL:4721_20210917_La_2_1500,721,HSL:4730201,Laurintie
45900,45909,9,45900,45910,10,True,UPDATED,1631912400,HSL:6171_20210917_La_1_1216,171,HSL:6040222,Kaksosvuorentie
47700,47700,0,47700,47700,0,False,SCHEDULED,1631912400,HSL:6173_20210917_La_1_1251,173,HSL:6040222,Kaksosvuorentie
49440,49440,0,49440,49440,0,False,SCHEDULED,1631912400,HSL:6171_20210917_La_1_1313,171,HSL:6040222,Kaksosvuorentie
51240,51240,0,51240,51240,0,False,SCHEDULED,1631912400,HSL:6173_20210917_La_1_1349,173,HSL:6040222,Kaksosvuorentie
53040,53040,0,53040,53040,0,False,SCHEDULED,1631912400,HSL:6171_20210917_La_1_1413,171,HSL:6040222,Kaksosvuorentie
46080,46490,410,46080,46498,418,True,UPDATED,1631912400,HSL:6173_20210917_La_2_1202,173,HSL:6040223,Karhutie
48300,48300,0,48300,48300,0,False,SCHEDULED,1631912400,HSL:6171_20210917_La_2_1306,171,HSL:6040223,Karhutie
49740,49740,0,49740,49740,0,False,SCHEDULED,1631912400,HSL:6173_20210917_La_2_1301,173,HSL:6040223,Karhutie
51960,51960,0,51960,51960,0,False,SCHEDULED,1631912400,HSL:6171_20210917_La_2_1406,171,HSL:6040223,Karhutie
53340,53340,0,53340,53340,0,False,SCHEDULED,1631912400,HSL:6173_20210917_La_2_1401,173,HSL:6040223,Karhutie
46020,46296,276,46020,46298,278,True,UPDATED,1631912400,HSL:6173_20210917_La_2_1202,173,HSL:6040224,Hirvitie
48240,48240,0,48240,48240,0,False,SCHEDULED,1631912400,HSL:6171_20210917_La_2_1306,171,HSL:6040224,Hirvitie
49680,49680,0,49680,49680,0,False,SCHEDULED,1631912400,HSL:6173_20210917_La_2_1301,173,HSL:6040224,Hirvitie
51900,51900,0,51900,51900,0,False,SCHEDULED,1631912400,HSL:6171_20210917_La_2_1406,171,HSL:6040224,Hirvitie
53280,53280,0,53280,53280,0,False,SCHEDULED,1631912400,HSL:6173_20210917_La_2_1401,173,HSL:6040224,Hirvitie
45840,45833,-7,45840,45833,-7,True,UPDATED,1631912400,HSL:6171_20210917_La_1_1216,171,HSL:6040225,Karhutie
47640,47640,0,47640,47640,0,False,SCHEDULED,1631912400,HSL:6173_20210917_La_1_1251,173,HSL:6040225,Karhutie
49380,49380,0,49380,49380,0,False,SCHEDULED,1631912400,HSL:6171_20210917_La_1_1313,171,HSL:6040225,Karhutie
51180,51180,0,51180,51180,0,False,SCHEDULED,1631912400,HSL:6173_20210917_La_1_1349,173,HSL:6040225,Karhutie
52980,52980,0,52980,52980,0,False,SCHEDULED,1631912400,HSL:6171_20210917_La_1_1413,171,HSL:6040225,Karhutie
47040,47040,0,47040,47040,0,False,SCHEDULED,1631912400,HSL:4721_20210917_La_2_1300,721,HSL:4730205,Pekankuja
48840,48840,0,48840,48840,0,False,SCHEDULED,1631912400,HSL:4721_20210917_La_2_1330,721,HSL:4730205,Pekankuja
50640,50640,0,50640,50640,0,False,SCHEDULED,1631912400,HSL:4721_20210917_La_2_1400,721,HSL:4730205,Pekankuja
52440,52440,0,52440,52440,0,False,SCHEDULED,1631912400,HSL:4721_20210917_La_2_1430,721,HSL:4730205,Pekankuja
54240,54240,0,54240,54240,0,False,SCHEDULED,1631912400,HSL:4721_20210917_La_2_1500,721,HSL:4730205,Pekankuja
46560,46560,0,46560,46560,0,True,UPDATED,1631912400,HSL:4631_20210917_La_1_1234,631,HSL:4730204,Kustaantie
46980,46980,0,46980,46980,0,False,SCHEDULED,1631912400,HSL:4721_20210917_La_2_1300,721,HSL:4730204,Kustaantie
48360,48360,0,48360,48360,0,False,SCHEDULED,1631912400,HSL:4631_20210917_La_1_1304,631,HSL:4730204,Kustaantie
48780,48780,0,48780,48780,0,False,SCHEDULED,1631912400,HSL:4721_20210917_La_2_1330,721,HSL:4730204,Kustaantie
50160,50160,0,50160,50160,0,False,SCHEDULED,1631912400,HSL:4631_20210917_La_1_1334,631,HSL:4730204,Kustaantie
45660,45660,0,45660,45660,0,False,SCHEDULED,1631912400,HSL:4721_20210917_La_1_1158,721,HSL:4730203,Laurintie
46800,46800,0,46800,46800,0,False,SCHEDULED,1631912400,HSL:4631_20210917_La_2_1245,631,HSL:4730203,Laurintie
47460,47460,0,47460,47460,0,False,SCHEDULED,1631912400,HSL:4721_20210917_La_1_1227,721,HSL:4730203,Laurintie
48600,48600,0,48600,48600,0,False,SCHEDULED,1631912400,HSL:4631_20210917_La_2_1315,631,HSL:4730203,Laurintie
49260,49260,0,49260,49260,0,False,SCHEDULED,1631912400,HSL:4721_20210917_La_1_1257,721,HSL:4730203,Laurintie
45960,45929,-31,45960,45930,-30,True,UPDATED,1631912400,HSL:6171_20210917_La_1_1216,171,HSL:6040220,Heikkiläntie
47760,47760,0,47760,47760,0,False,SCHEDULED,1631912400,HSL:6173_20210917_La_1_1251,173,HSL:6040220,Heikkiläntie
49500,49500,0,49500,49500,0,False,SCHEDULED,1631912400,HSL:6171_20210917_La_1_1313,171,HSL:6040220,Heikkiläntie
51300,51300,0,51300,51300,0,False,SCHEDULED,1631912400,HSL:6173_20210917_La_1_1349,173,HSL:6040220,Heikkiläntie
53100,53100,0,53100,53100,0,False,SCHEDULED,1631912400,HSL:6171_20210917_La_1_1413,171,HSL:6040220,Heikkiläntie
45960,46271,311,45960,46272,312,True,UPDATED,1631912400,HSL:6173_20210917_La_2_1202,173,HSL:6040221,Kaksosvuorentie
48180,48180,0,48180,48180,0,False,SCHEDULED,1631912400,HSL:6171_20210917_La_2_1306,171,HSL:6040221,Kaksosvuorentie
49620,49620,0,49620,49620,0,False,SCHEDULED,1631912400,HSL:6173_20210917_La_2_1301,173,HSL:6040221,Kaksosvuorentie
51840,51840,0,51840,51840,0,False,SCHEDULED,1631912400,HSL:6171_20210917_La_2_1406,171,HSL:6040221,Kaksosvuorentie
53220,53220,0,53220,53220,0,False,SCHEDULED,1631912400,HSL:6173_20210917_La_2_1401,173,HSL:6040221,Kaksosvuorentie
45300,45361,61,45300,45361,61,True,UPDATED,1631912400,HSL:4721_20210917_La_2_1230,721,HSL:4730209,Pikkukoski
47100,47100,0,47100,47100,0,False,SCHEDULED,1631912400,HSL:4721_20210917_La_2_1300,721,HSL:4730209,Pikkukoski
48900,48900,0,48900,48900,0,False,SCHEDULED,1631912400,HSL:4721_20210917_La_2_1330,721,HSL:4730209,Pikkukoski
50700,50700,0,50700,50700,0,False,SCHEDULED,1631912400,HSL:4721_20210917_La_2_1400,721,HSL:4730209,Pikkukoski
52500,52500,0,52500,52500,0,False,SCHEDULED,1631912400,HSL:4721_20210917_La_2_1430,721,HSL:4730209,Pikkukoski
45540,45540,0,45540,45540,0,False,SCHEDULED,1631912400,HSL:4721_20210917_La_1_1158,721,HSL:4730208,Riitantie
47340,47340,0,47340,47340,0,False,SCHEDULED,1631912400,HSL:4721_20210917_La_1_1227,721,HSL:4730208,Riitantie
49140,49140,0,49140,49140,0,False,SCHEDULED,1631912400,HSL:4721_20210917_La_1_1257,721,HSL:4730208,Riitantie
50940,50940,0,50940,50940,0,False,SCHEDULED,1631912400,HSL:4721_20210917_La_1_1327,721,HSL:4730208,Riitantie
52740,52740,0,52740,52740,0,False,SCHEDULED,1631912400,HSL:4721_20210917_La_1_1357,721,HSL:4730208,Riitantie
45300,45361,61,45300,45361,61,True,UPDATED,1631912400,HSL:4721_20210917_La_2_1230,721,HSL:4730207,Pekanpolku
47100,47100,0,47100,47100,0,False,SCHEDULED,1631912400,HSL:4721_20210917_La_2_1300,721,HSL:4730207,Pekanpolku
48900,48900,0,48900,48900,0,False,SCHEDULED,1631912400,HSL:4721_20210917_La_2_1330,721,HSL:4730207,Pekanpolku
50700,50700,0,50700,50700,0,False,SCHEDULED,1631912400,HSL:4721_20210917_La_2_1400,721,HSL:4730207,Pekanpolku
52500,52500,0,52500,52500,0,False,SCHEDULED,1631912400,HSL:4721_20210917_La_2_1430,721,HSL:4730207,Pekanpolku
45600,45600,0,45600,45600,0,False,SCHEDULED,1631912400,HSL:4721_20210917_La_1_1158,721,HSL:4730206,Pekankuja
47400,47400,0,47400,47400,0,False,SCHEDULED,1631912400,HSL:4721_20210917_La_1_1227,721,HSL:4730206,Pekankuja
49200,49200,0,49200,49200,0,False,SCHEDULED,1631912400,HSL:4721_20210917_La_1_1257,721,HSL:4730206,Pekankuja
51000,51000,0,51000,51000,0,False,SCHEDULED,1631912400,HSL:4721_20210917_La_1_1327,721,HSL:4730206,Pekankuja
52800,52800,0,52800,52800,0,False,SCHEDULED,1631912400,HSL:4721_20210917_La_1_1357,721,HSL:4730206,Pekankuja
45900,45921,21,45900,45921,21,True,UPDATED,1631912400,HSL:3002A_20210917_La_1_1233,A,HSL:1465502,Pitäjänmäki
47700,47700,0,47700,47700,0,False,SCHEDULED,1631912400,HSL:3002A_20210917_La_1_1303,A,HSL:1465502,Pitäjänmäki
49500,49500,0,49500,49500,0,False,SCHEDULED,1631912400,HSL:3002A_20210917_La_1_1333,A,HSL:1465502,Pitäjänmäki
51300,51300,0,51300,51300,0,False,SCHEDULED,1631912400,HSL:3002A_20210917_La_1_1403,A,HSL:1465502,Pitäjänmäki
53100,53100,0,53100,53100,0,False,SCHEDULED,1631912400,HSL:3002A_20210917_La_1_1433,A,HSL:1465502,Pitäjänmäki
45780,45826,46,45780,45856,76,True,UPDATED,1631912400,HSL:3002A_20210917_La_1_1233,A,HSL:1465501,Valimo
47580,47580,0,47580,47580,0,False,SCHEDULED,1631912400,HSL:3002A_20210917_La_1_1303,A,HSL:1465501,Valimo
49380,49380,0,49380,49380,0,False,SCHEDULED,1631912400,HSL:3002A_20210917_La_1_1333,A,HSL:1465501,Valimo
51180,51180,0,51180,51180,0,False,SCHEDULED,1631912400,HSL:3002A_20210917_La_1_1403,A,HSL:1465501,Valimo
52980,52980,0,52980,52980,0,False,SCHEDULED,1631912400,HSL:3002A_20210917_La_1_1433,A,HSL:1465501,Valimo
48300,48300,0,48300,48300,0,False,SCHEDULED,1631912400,HSL:6173_20210917_La_2_1301,173,HSL:6040201,Kolsari
51900,51900,0,51900,51900,0,False,SCHEDULED,1631912400,HSL:6173_20210917_La_2_1401,173,HSL:6040201,Kolsari
55500,55500,0,55500,55500,0,False,SCHEDULED,1631912400,HSL:6173_20210917_La_2_1502,173,HSL:6040201,Kolsari
59100,59100,0,59100,59100,0,False,SCHEDULED,1631912400,HSL:6173_20210917_La_2_1602,173,HSL:6040201,Kolsari
62700,62700,0,62700,62700,0,False,SCHEDULED,1631912400,HSL:6173_20210917_La_2_1659,173,HSL:6040201,Kolsari
45300,45696,396,45300,45699,399,True,UPDATED,1631912400,HSL:6173_20210917_La_1_1151,173,HSL:6040202,Kolsari
48900,48900,0,48900,48900,0,False,SCHEDULED,1631912400,HSL:6173_20210917_La_1_1251,173,HSL:6040202,Kolsari
52500,52500,0,52500,52500,0,False,SCHEDULED,1631912400,HSL:6173_20210917_La_1_1349,173,HSL:6040202,Kolsari
56100,56100,0,56100,56100,0,False,SCHEDULED,1631912400,HSL:6173_20210917_La_1_1448,173,HSL:6040202,Kolsari
59640,59640,0,59640,59640,0,False,SCHEDULED,1631912400,HSL:6173_20210917_La_1_1548,173,HSL:6040202,Kolsari
45240,45681,441,45240,45681,441,True,UPDATED,1631912400,HSL:6173_20210917_La_1_1151,173,HSL:6040203,Eestinkyläntie
48840,48840,0,48840,48840,0,False,SCHEDULED,1631912400,HSL:6173_20210917_La_1_1251,173,HSL:6040203,Eestinkyläntie
52440,52440,0,52440,52440,0,False,SCHEDULED,1631912400,HSL:6173_20210917_La_1_1349,173,HSL:6040203,Eestinkyläntie
56040,56040,0,56040,56040,0,False,SCHEDULED,1631912400,HSL:6173_20210917_La_1_1448,173,HSL:6040203,Eestinkyläntie
59580,59580,0,59580,59580,0,False,SCHEDULED,1631912400,HSL:6173_20210917_La_1_1548,173,HSL:6040203,Eestinkyläntie
45900,45917,17,45900,45917,17,True,UPDATED,1631912400,HSL:2133_20210917_La_1_1224,133,HSL:2332202,Tuurinmäentie
47700,47700,0,47700,47700,0,False,SCHEDULED,1631912400,HSL:2133_20210917_La_1_1254,133,HSL:2332202,Tuurinmäentie
49500,49500,0,49500,49500,0,False,SCHEDULED,1631912400,HSL:2133_20210917_La_1_1324,133,HSL:2332202,Tuurinmäentie
51300,51300,0,51300,51300,0,False,SCHEDULED,1631912400,HSL:2133_20210917_La_1_1354,133,HSL:2332202,Tuurinmäentie
53100,53100,0,53100,53100,0,False,SCHEDULED,1631912400,HSL:2133_20210917_La_1_1424,133,HSL:2332202,Tuurinmäentie
46500,46500,0,46500,46500,0,False,SCHEDULED,1631912400,HSL:2133_20210917_La_2_1254,133,HSL:2332203,Tuurinmäentie
48300,48300,0,48300,48300,0,False,SCHEDULED,1631912400,HSL:2133_20210917_La_2_1324,133,HSL:2332203,Tuurinmäentie
50100,50100,0,50100,50100,0,False,SCHEDULED,1631912400,HSL:2133_20210917_La_2_1354,133,HSL:2332203,Tuurinmäentie
51900,51900,0,51900,51900,0,False,SCHEDULED,1631912400,HSL:2133_20210917_La_2_1424,133,HSL:2332203,Tuurinmäentie
53700,53700,0,53700,53700,0,False,SCHEDULED,1631912400,HSL:2133_20210917_La_2_1454,133,HSL:2332203,Tuurinmäentie
45480,45610,130,45480,45610,130,True,UPDATED,1631912400,HSL:2532_20210917_La_2_1219,532,HSL:2332204,Viistokuja
46020,45986,-34,46020,45986,-34,True,UPDATED,1631912400,HSL:2533_20210917_La_2_1223,533,HSL:2332204,Viistokuja
46380,46380,0,46380,46380,0,True,UPDATED,1631912400,HSL:2532_20210917_La_2_1234,532,HSL:2332204,Viistokuja
46860,46899,39,46860,46908,48,True,UPDATED,1631912400,HSL:2118_20210917_La_2_1226,118,HSL:2332204,Viistokuja
46920,46920,0,46920,46920,0,False,SCHEDULED,1631912400,HSL:2533_20210917_La_2_1238,533,HSL:2332204,Viistokuja
45600,45704,104,45600,45704,104,True,UPDATED,1631912400,HSL:2532_20210917_La_1_1224,532,HSL:2332207,Henttaanaukio
45780,45812,32,45780,45822,42,True,UPDATED,1631912400,HSL:2133_20210917_La_1_1224,133,HSL:2332207,Henttaanaukio
45900,45900,0,45900,45900,0,False,SCHEDULED,1631912400,HSL:2118_20210917_La_1_1232,118,HSL:2332207,Henttaanaukio
46140,46174,34,46140,46191,51,True,UPDATED,1631912400,HSL:2533_20210917_La_1_1233,533,HSL:2332207,Henttaanaukio
46500,46500,0,46500,46500,0,False,SCHEDULED,1631912400,HSL:2532_20210917_La_1_1239,532,HSL:2332207,Henttaanaukio
45600,45600,0,45600,45600,0,True,UPDATED,1631912400,HSL:1040_20210917_La_2_1236,40,HSL:1331147,Soittajankuja
45480,45976,496,45480,45976,496,True,UPDATED,1631912400,HSL:1052_20210917_La_2_1200,52,HSL:1331147,Soittajankuja
46020,46020,0,46020,46020,0,False,SCHEDULED,1631912400,HSL:1042_20210917_La_2_1246,42,HSL:1331147,Soittajankuja
46080,46108,28,46080,46108,28,True,UPDATED,1631912400,HSL:1052_20210917_La_2_1210,52,HSL:1331147,Soittajankuja
46200,46200,0,46200,46200,0,False,SCHEDULED,1631912400,HSL:1040_20210917_La_2_1246,40,HSL:1331147,Soittajankuja
45300,45323,23,45300,45323,23,True,UPDATED,1631912400,HSL:1052_20210917_La_1_1226,52,HSL:1331145,Kanneltie 8
45900,45900,0,45900,45900,0,False,SCHEDULED,1631912400,HSL:1052_20210917_La_1_1236,52,HSL:1331145,Kanneltie 8
46080,45907,-173,46080,45912,-168,True,UPDATED,1631912400,HSL:1042_20210917_La_1_1217,42,HSL:1331145,Kanneltie 8
45840,45932,92,45840,45932,92,True,UPDATED,1631912400,HSL:1040_20210917_La_1_1215,40,HSL:1331145,Kanneltie 8
46500,46500,0,46500,46500,0,False,SCHEDULED,1631912400,HSL:1052_20210917_La_1_1246,52,HSL:1331145,Kanneltie 8
45300,45320,20,45300,45320,20,True,UPDATED,1631912400,HSL:1040_20210917_La_1_1205,40,HSL:1331146,Soittajankuja
45360,45383,23,45360,45383,23,True,UPDATED,1631912400,HSL:1052_20210917_La_1_1226,52,HSL:1331146,Soittajankuja
46080,45949,-131,46080,45952,-128,True,UPDATED,1631912400,HSL:1042_20210917_La_1_1217,42,HSL:1331146,Soittajankuja
45960,45960,0,45960,45960,0,False,SCHEDULED,1631912400,HSL:1052_20210917_La_1_1236,52,HSL:1331146,Soittajankuja
45900,45992,92,45900,45992,92,True,UPDATED,1631912400,HSL:1040_20210917_La_1_1215,40,HSL:1331146,Soittajankuja
45540,45540,0,45540,45540,0,True,UPDATED,1631912400,HSL:1040_20210917_La_2_1236,40,HSL:1331141,Kanneltalo
45780,45729,-51,45780,45742,-38,True,UPDATED,1631912400,HSL:1056_20210917_La_1_1210,56,HSL:1331141,Kanneltalo
45420,45916,496,45420,45916,496,True,UPDATED,1631912400,HSL:1052_20210917_La_2_1200,52,HSL:1331141,Kanneltalo
46020,46048,28,46020,46048,28,True,UPDATED,1631912400,HSL:1052_20210917_La_2_1210,52,HSL:1331141,Kanneltalo
46140,46140,0,46140,46140,0,False,SCHEDULED,1631912400,HSL:1040_20210917_La_2_1246,40,HSL:1331141,Kanneltalo
45420,45440,20,45420,45440,20,True,UPDATED,1631912400,HSL:1040_20210917_La_1_1205,40,HSL:1331140,Kanneltalo
45480,45503,23,45480,45503,23,True,UPDATED,1631912400,HSL:1052_20210917_La_1_1226,52,HSL:1331140,Kanneltalo
45720,45720,0,45720,45720,0,False,SCHEDULED,1631912400,HSL:1056_20210917_La_2_1241,56,HSL:1331140,Kanneltalo
46080,46080,0,46080,46080,0,False,SCHEDULED,1631912400,HSL:1052_20210917_La_1_1236,52,HSL:1331140,Kanneltalo
46020,46112,92,46020,46112,92,True,UPDATED,1631912400,HSL:1040_20210917_La_1_1215,40,HSL:1331140,Kanneltalo
45540,45630,90,45540,45630,90,True,UPDATED,1631912400,HSL:2532_20210917_La_1_1224,532,HSL:2332211,Lukutori
45660,45714,54,45660,45722,62,True,UPDATED,1631912400,HSL:2133_20210917_La_1_1224,133,HSL:2332211,Lukutori
45840,45840,0,45840,45840,0,False,SCHEDULED,1631912400,HSL:2118_20210917_La_1_1232,118,HSL:2332211,Lukutori
46080,46087,7,46080,46122,42,True,UPDATED,1631912400,HSL:2533_20210917_La_1_1233,533,HSL:2332211,Lukutori
46440,46440,0,46440,46440,0,False,SCHEDULED,1631912400,HSL:2532_20210917_La_1_1239,532,HSL:2332211,Lukutori
45180,45356,176,45180,45383,203,True,UPDATED,1631912400,HSL:1010_20210917_La_2_1210,10,HSL:1030429,Kolmikulma
45780,45860,80,45780,45860,80,True,UPDATED,1631912400,HSL:1010_20210917_La_2_1220,10,HSL:1030429,Kolmikulma
46380,46411,31,46380,46411,31,True,UPDATED,1631912400,HSL:1010_20210917_La_2_1230,10,HSL:1030429,Kolmikulma
46980,46980,0,46980,46980,0,True,UPDATED,1631912400,HSL:1010_20210917_La_2_1240,10,HSL:1030429,Kolmikulma
47580,47580,0,47580,47580,0,False,SCHEDULED,1631912400,HSL:1010_20210917_La_2_1250,10,HSL:1030429,Kolmikulma
45780,45780,0,45780,45780,0,False,SCHEDULED,1631912400,HSL:1010_20210917_La_1_1240,10,HSL:1030428,Kolmikulma
46380,46380,0,46380,46380,0,False,SCHEDULED,1631912400,HSL:1010_20210917_La_1_1250,10,HSL:1030428,Kolmikulma
46980,46980,0,46980,46980,0,False,SCHEDULED,1631912400,HSL:1010_20210917_La_1_1300,10,HSL:1030428,Kolmikulma
47580,47580,0,47580,47580,0,False,SCHEDULED,1631912400,HSL:1010_20210917_La_1_1310,10,HSL:1030428,Kolmikulma
48180,48180,0,48180,48180,0,False,SCHEDULED,1631912400,HSL:1010_20210917_La_1_1320,10,HSL:1030428,Kolmikulma
45360,45360,0,45360,45360,0,True,UPDATED,1631912400,HSL:1002_20210917_La_1_1235,2,HSL:1030427,Eteläranta
46080,46080,0,46080,46080,0,False,SCHEDULED,1631912400,HSL:1002_20210917_La_1_1247,2,HSL:1030427,Eteläranta
46800,46800,0,46800,46800,0,False,SCHEDULED,1631912400,HSL:1002_20210917_La_1_1259,2,HSL:1030427,Eteläranta
47520,47520,0,47520,47520,0,False,SCHEDULED,1631912400,HSL:1002_20210917_La_1_1311,2,HSL:1030427,Eteläranta
48240,48240,0,48240,48240,0,False,SCHEDULED,1631912400,HSL:1002_20210917_La_1_1323,2,HSL:1030427,Eteläranta
45300,45414,114,45300,45414,114,True,UPDATED,1631912400,HSL:1002_20210917_La_2_1205,2,HSL:1030426,Eteläranta
46020,46020,0,46020,46020,0,False,SCHEDULED,1631912400,HSL:1002_20210917_La_2_1217,2,HSL:1030426,Eteläranta
46740,46738,-2,46740,46763,23,True,UPDATED,1631912400,HSL:1002_20210917_La_2_1229,2,HSL:1030426,Eteläranta
47460,47460,0,47460,47460,0,False,SCHEDULED,1631912400,HSL:1002_20210917_La_2_1241,2,HSL:1030426,Eteläranta
48180,48180,0,48180,48180,0,False,SCHEDULED,1631912400,HSL:1002_20210917_La_2_1253,2,HSL:1030426,Eteläranta
45420,45420,0,45420,45420,0,True,UPDATED,1631912400,HSL:1002_20210917_La_1_1235,2,HSL:1030425,Kauppatori
46140,46140,0,46140,46140,0,False,SCHEDULED,1631912400,HSL:1002_20210917_La_1_1247,2,HSL:1030425,Kauppatori
46860,46860,0,46860,46860,0,False,SCHEDULED,1631912400,HSL:1002_20210917_La_1_1259,2,HSL:1030425,Kauppatori
47580,47580,0,47580,47580,0,False,SCHEDULED,1631912400,HSL:1002_20210917_La_1_1311,2,HSL:1030425,Kauppatori
48300,48300,0,48300,48300,0,False,SCHEDULED,1631912400,HSL:1002_20210917_La_1_1323,2,HSL:1030425,Kauppatori
45240,45336,96,45240,45355,115,True,UPDATED,1631912400,HSL:1002_20210917_La_2_1205,2,HSL:1030424,Kauppatori
45960,45960,0,45960,45960,0,False,SCHEDULED,1631912400,HSL:1002_20210917_La_2_1217,2,HSL:1030424,Kauppatori
46680,46635,-45,46680,46703,23,True,UPDATED,1631912400,HSL:1002_20210917_La_2_1229,2,HSL:1030424,Kauppatori
47400,47400,0,47400,47400,0,False,SCHEDULED,1631912400,HSL:1002_20210917_La_2_1241,2,HSL:1030424,Kauppatori
48120,48120,0,48120,48120,0,False,SCHEDULED,1631912400,HSL:1002_20210917_La_2_1253,2,HSL:1030424,Kauppatori
45000,45524,524,45000,45525,525,True,UPDATED,1631912400,HSL:1042_20210917_La_2_1226,42,HSL:1331118,Runonlaulajantie
45600,45576,-24,45600,45578,-22,True,UPDATED,1631912400,HSL:1036_20210917_La_1_1200,36,HSL:1331118,Runonlaulajantie
46200,46200,0,46200,46200,0,False,SCHEDULED,1631912400,HSL:1042_20210917_La_2_1246,42,HSL:1331118,Runonlaulajantie
47400,47400,0,47400,47400,0,False,SCHEDULED,1631912400,HSL:1042_20210917_La_2_1306,42,HSL:1331118,Runonlaulajantie
48600,48600,0,48600,48600,0,False,SCHEDULED,1631912400,HSL:1042_20210917_La_2_1326,42,HSL:1331118,Runonlaulajantie
47940,47940,0,47940,47940,0,False,SCHEDULED,1631912400,HSL:1036_20210917_La_2_1300,36,HSL:1331116,Soittajanpolku
52440,52440,0,52440,52440,0,False,SCHEDULED,1631912400,HSL:1036_20210917_La_1_1400,36,HSL:1331116,Soittajanpolku
55140,55140,0,55140,55140,0,False,SCHEDULED,1631912400,HSL:1036_20210917_La_2_1500,36,HSL:1331116,Soittajanpolku
59580,59580,0,59580,59580,0,False,SCHEDULED,1631912400,HSL:1036_20210917_La_1_1600,36,HSL:1331116,Soittajanpolku
45900,45746,-154,45900,45748,-152,True,UPDATED,1631912400,HSL:1042_20210917_La_1_1217,42,HSL:1331117,Runonlaulajantie
47100,47100,0,47100,47100,0,False,SCHEDULED,1631912400,HSL:1042_20210917_La_1_1237,42,HSL:1331117,Runonlaulajantie
47580,47580,0,47580,47580,0,False,SCHEDULED,1631912400,HSL:1036_20210917_La_2_1300,36,HSL:1331117,Runonlaulajantie
48300,48300,0,48300,48300,0,False,SCHEDULED,1631912400,HSL:1042_20210917_La_1_1257,42,HSL:1331117,Runonlaulajantie
49500,49500,0,49500,49500,0,False,SCHEDULED,1631912400,HSL:1042_20210917_La_1_1317,42,HSL:1331117,Runonlaulajantie
48360,48360,0,48480,48480,0,False,SCHEDULED,1631912400,HSL:1036_20210917_La_2_1300,36,HSL:1331114,Pelikuja
51780,51780,0,51960,51960,0,False,SCHEDULED,1631912400,HSL:1036_20210917_La_1_1400,36,HSL:1331114,Pelikuja
55560,55560,0,55680,55680,0,False,SCHEDULED,1631912400,HSL:1036_20210917_La_2_1500,36,HSL:1331114,Pelikuja
58920,58920,0,59100,59100,0,False,SCHEDULED,1631912400,HSL:1036_20210917_La_1_1600,36,HSL:1331114,Pelikuja
52200,52200,0,52200,52200,0,False,SCHEDULED,1631912400,HSL:1036_20210917_La_1_1400,36,HSL:1331112,Klaneettikuja
59340,59340,0,59340,59340,0,False,SCHEDULED,1631912400,HSL:1036_20210917_La_1_1600,36,HSL:1331112,Klaneettikuja
47940,47940,0,47940,47940,0,False,SCHEDULED,1631912400,HSL:1036_20210917_La_2_1300,36,HSL:1331113,Urkupillintie
52380,52380,0,52380,52380,0,False,SCHEDULED,1631912400,HSL:1036_20210917_La_1_1400,36,HSL:1331113,Urkupillintie
55140,55140,0,55140,55140,0,False,SCHEDULED,1631912400,HSL:1036_20210917_La_2_1500,36,HSL:1331113,Urkupillintie
59520,59520,0,59520,59520,0,False,SCHEDULED,1631912400,HSL:1036_20210917_La_1_1600,36,HSL:1331113,Urkupillintie
48120,48120,0,48120,48120,0,False,SCHEDULED,1631912400,HSL:1036_20210917_La_2_1300,36,HSL:1331111,Klaneettikuja
55320,55320,0,55320,55320,0,False,SCHEDULED,1631912400,HSL:1036_20210917_La_2_1500,36,HSL:1331111,Klaneettikuja
45960,45784,-176,45960,45792,-168,True,UPDATED,1631912400,HSL:1042_20210917_La_1_1217,42,HSL:1331125,Vanhaistentie 11
47160,47160,0,47160,47160,0,False,SCHEDULED,1631912400,HSL:1042_20210917_La_1_1237,42,HSL:1331125,Vanhaistentie 11
47700,47700,0,47700,47700,0,False,SCHEDULED,1631912400,HSL:1036_20210917_La_2_1300,36,HSL:1331125,Vanhaistentie 11
48360,48360,0,48360,48360,0,False,SCHEDULED,1631912400,HSL:1042_20210917_La_1_1257,42,HSL:1331125,Vanhaistentie 11
49560,49560,0,49560,49560,0,False,SCHEDULED,1631912400,HSL:1042_20210917_La_1_1317,42,HSL:1331125,Vanhaistentie 11
45480,45450,-30,45480,45460,-20,True,UPDATED,1631912400,HSL:1036_20210917_La_1_1200,36,HSL:1331124,Vanhaistentie 11
44940,45469,529,44940,45469,529,True,UPDATED,1631912400,HSL:1042_20210917_La_2_1226,42,HSL:1331124,Vanhaistentie 11
46140,46140,0,46140,46140,0,False,SCHEDULED,1631912400,HSL:1042_20210917_La_2_1246,42,HSL:1331124,Vanhaistentie 11
47340,47340,0,47340,47340,0,False,SCHEDULED,1631912400,HSL:1042_20210917_La_2_1306,42,HSL:1331124,Vanhaistentie 11
48540,48540,0,48540,48540,0,False,SCHEDULED,1631912400,HSL:1042_20210917_La_2_1326,42,HSL:1331124,Vanhaistentie 11
45840,45840,0,45840,45840,0,False,SCHEDULED,1631912400,HSL:1052_20210917_La_1_1236,52,HSL:1331121,Kannelmäen ostosk.
46020,45836,-184,46020,45847,-173,True,UPDATED,1631912400,HSL:1042_20210917_La_1_1217,42,HSL:1331121,Kannelmäen ostosk.
46440,46440,0,46440,46440,0,False,SCHEDULED,1631912400,HSL:1052_20210917_La_1_1246,52,HSL:1331121,Kannelmäen ostosk.
47040,47040,0,47040,47040,0,False,SCHEDULED,1631912400,HSL:1052_20210917_La_1_1256,52,HSL:1331121,Kannelmäen ostosk.
47220,47220,0,47220,47220,0,False,SCHEDULED,1631912400,HSL:1042_20210917_La_1_1237,42,HSL:1331121,Kannelmäen ostosk.
45420,45399,-21,45420,45410,-10,True,UPDATED,1631912400,HSL:1036_20210917_La_1_1200,36,HSL:1331122,Kannelmäen ostosk.
44940,45436,496,44940,45436,496,True,UPDATED,1631912400,HSL:1042_20210917_La_2_1226,42,HSL:1331122,Kannelmäen ostosk.
45600,46096,496,45600,46096,496,True,UPDATED,1631912400,HSL:1052_20210917_La_2_1200,52,HSL:1331122,Kannelmäen ostosk.
46140,46140,0,46140,46140,0,False,SCHEDULED,1631912400,HSL:1042_20210917_La_2_1246,42,HSL:1331122,Kannelmäen ostosk.
46200,46228,28,46200,46228,28,True,UPDATED,1631912400,HSL:1052_20210917_La_2_1210,52,HSL:1331122,Kannelmäen ostosk.
44820,45328,508,44820,45335,515,True,UPDATED,1631912400,HSL:1042_20210917_La_2_1226,42,HSL:1331120,Kanneltie 8
45360,45336,-24,45360,45342,-18,True,UPDATED,1631912400,HSL:1036_20210917_La_1_1200,36,HSL:1331120,Kanneltie 8
45660,45660,0,45660,45660,0,True,UPDATED,1631912400,HSL:1040_20210917_La_2_1236,40,HSL:1331120,Kanneltie 8
46020,46020,0,46020,46020,0,False,SCHEDULED,1631912400,HSL:1042_20210917_La_2_1246,42,HSL:1331120,Kanneltie 8
45540,46036,496,45540,46036,496,True,UPDATED,1631912400,HSL:1052_20210917_La_2_1200,52,HSL:1331120,Kanneltie 8
47100,47100,0,47100,47100,0,False,SCHEDULED,1631912400,HSL:9841_20210917_La_2_1305,841,HSL:9222266,Uudensillantie
50700,50700,0,50700,50700,0,False,SCHEDULED,1631912400,HSL:9841_20210917_La_2_1405,841,HSL:9222266,Uudensillantie
54300,54300,0,54300,54300,0,False,SCHEDULED,1631912400,HSL:9841_20210917_La_2_1505,841,HSL:9222266,Uudensillantie
57900,57900,0,57900,57900,0,False,SCHEDULED,1631912400,HSL:9841_20210917_La_2_1605,841,HSL:9222266,Uudensillantie
61500,61500,0,61500,61500,0,False,SCHEDULED,1631912400,HSL:9841_20210917_La_2_1705,841,HSL:9222266,Uudensillantie
45240,45338,98,45240,45344,104,True,UPDATED,1631912400,HSL:9985_20210917_La_1_1228,985,HSL:9222265,Uudensillantie
45600,45709,109,45600,45709,109,True,UPDATED,1631912400,HSL:9841_20210917_La_1_1200,841,HSL:9222265,Uudensillantie
46620,46529,-91,46620,46532,-88,True,UPDATED,1631912400,HSL:9788K_20210917_La_2_1225,788K,HSL:9222265,Uudensillantie
49260,49260,0,49260,49260,0,False,SCHEDULED,1631912400,HSL:9985_20210917_La_1_1335,985,HSL:9222265,Uudensillantie
50100,50100,0,50100,50100,0,False,SCHEDULED,1631912400,HSL:9841_20210917_La_1_1315,841,HSL:9222265,Uudensillantie
47100,47100,0,47100,47100,0,False,SCHEDULED,1631912400,HSL:9841_20210917_La_2_1305,841,HSL:9222229,Nikkilän terminaali
50700,50700,0,50700,50700,0,False,SCHEDULED,1631912400,HSL:9841_20210917_La_2_1405,841,HSL:9222229,Nikkilän terminaali
54300,54300,0,54300,54300,0,False,SCHEDULED,1631912400,HSL:9841_20210917_La_2_1505,841,HSL:9222229,Nikkilän terminaali
57900,57900,0,57900,57900,0,False,SCHEDULED,1631912400,HSL:9841_20210917_La_2_1605,841,HSL:9222229,Nikkilän terminaali
61500,61500,0,61500,61500,0,False,SCHEDULED,1631912400,HSL:9841_20210917_La_2_1705,841,HSL:9222229,Nikkilän terminaali
49080,49080,0,49080,49080,0,False,SCHEDULED,1631912400,HSL:9985_20210917_La_1_1335,985,HSL:9222237,Segrispuisto
52680,52680,0,52680,52680,0,False,SCHEDULED,1631912400,HSL:9985_20210917_La_1_1435,985,HSL:9222237,Segrispuisto
56280,56280,0,56280,56280,0,False,SCHEDULED,1631912400,HSL:9985_20210917_La_1_1535,985,HSL:9222237,Segrispuisto
57300,57300,0,57300,57300,0,False,SCHEDULED,1631912400,HSL:9787B_20210917_La_2_1535,787B,HSL:9222237,Segrispuisto
59880,59880,0,59880,59880,0,False,SCHEDULED,1631912400,HSL:9985_20210917_La_1_1635,985,HSL:9222237,Segrispuisto
48420,48420,0,48420,48420,0,False,SCHEDULED,1631912400,HSL:9985_20210917_La_2_1303,985,HSL:9222236,Segrispuisto
52020,52020,0,52020,52020,0,False,SCHEDULED,1631912400,HSL:9985_20210917_La_2_1402,985,HSL:9222236,Segrispuisto
54240,54240,0,54240,54240,0,False,SCHEDULED,1631912400,HSL:9787K_20210917_La_1_1410,787K,HSL:9222236,Segrispuisto
55620,55620,0,55620,55620,0,False,SCHEDULED,1631912400,HSL:9985_20210917_La_2_1501,985,HSL:9222236,Segrispuisto
59220,59220,0,59220,59220,0,False,SCHEDULED,1631912400,HSL:9985_20210917_La_2_1601,985,HSL:9222236,Segrispuisto
48300,48300,0,48300,48300,0,False,SCHEDULED,1631912400,HSL:9985_20210917_La_2_1303,985,HSL:9222239,Kirkkoniityntie
51900,51900,0,51900,51900,0,False,SCHEDULED,1631912400,HSL:9985_20210917_La_2_1402,985,HSL:9222239,Kirkkoniityntie
54060,54060,0,54060,54060,0,False,SCHEDULED,1631912400,HSL:9787K_20210917_La_1_1410,787K,HSL:9222239,Kirkkoniityntie
55500,55500,0,55500,55500,0,False,SCHEDULED,1631912400,HSL:9985_20210917_La_2_1501,985,HSL:9222239,Kirkkoniityntie
57060,57060,0,57060,57060,0,False,SCHEDULED,1631912400,HSL:9788B_20210917_La_1_1550,788B,HSL:9222239,Kirkkoniityntie
45240,45370,130,45240,45391,151,True,UPDATED,1631912400,HSL:9985_20210917_La_1_1228,985,HSL:9222230,Nikkilän terminaali
49260,49260,0,49260,49260,0,False,SCHEDULED,1631912400,HSL:9985_20210917_La_1_1335,985,HSL:9222230,Nikkilän terminaali
52860,52860,0,52860,52860,0,False,SCHEDULED,1631912400,HSL:9985_20210917_La_1_1435,985,HSL:9222230,Nikkilän terminaali
56460,56460,0,56460,56460,0,False,SCHEDULED,1631912400,HSL:9985_20210917_La_1_1535,985,HSL:9222230,Nikkilän terminaali
60060,60060,0,60060,60060,0,False,SCHEDULED,1631912400,HSL:9985_20210917_La_1_1635,985,HSL:9222230,Nikkilän terminaali
49080,49080,0,49080,49080,0,False,SCHEDULED,1631912400,HSL:9985_20210917_La_1_1335,985,HSL:9222248,Bubbiksenpolku
52680,52680,0,52680,52680,0,False,SCHEDULED,1631912400,HSL:9985_20210917_La_1_1435,985,HSL:9222248,Bubbiksenpolku
56280,56280,0,56280,56280,0,False,SCHEDULED,1631912400,HSL:9985_20210917_La_1_1535,985,HSL:9222248,Bubbiksenpolku
57300,57300,0,57300,57300,0,False,SCHEDULED,1631912400,HSL:9787B_20210917_La_2_1535,787B,HSL:9222248,Bubbiksenpolku
59880,59880,0,59880,59880,0,False,SCHEDULED,1631912400,HSL:9985_20210917_La_1_1635,985,HSL:9222248,Bubbiksenpolku
48480,48480,0,48480,48480,0,False,SCHEDULED,1631912400,HSL:9985_20210917_La_2_1303,985,HSL:9222249,Bubbiksenpolku
52080,52080,0,52080,52080,0,False,SCHEDULED,1631912400,HSL:9985_20210917_La_2_1402,985,HSL:9222249,Bubbiksenpolku
54240,54240,0,54240,54240,0,False,SCHEDULED,1631912400,HSL:9787K_20210917_La_1_1410,787K,HSL:9222249,Bubbiksenpolku
55680,55680,0,55680,55680,0,False,SCHEDULED,1631912400,HSL:9985_20210917_La_2_1501,985,HSL:9222249,Bubbiksenpolku
59280,59280,0,59280,59280,0,False,SCHEDULED,1631912400,HSL:9985_20210917_La_2_1601,985,HSL:9222249,Bubbiksenpolku
48240,48240,0,48240,48240,0,False,SCHEDULED,1631912400,HSL:9985_20210917_La_2_1303,985,HSL:9222246,Nikkilän terminaali
51840,51840,0,51840,51840,0,False,SCHEDULED,1631912400,HSL:9985_20210917_La_2_1402,985,HSL:9222246,Nikkilän terminaali
54000,54000,0,54000,54000,0,False,SCHEDULED,1631912400,HSL:9787K_20210917_La_1_1410,787K,HSL:9222246,Nikkilän terminaali
55440,55440,0,55440,55440,0,False,SCHEDULED,1631912400,HSL:9985_20210917_La_2_1501,985,HSL:9222246,Nikkilän terminaali
57000,57000,0,57000,57000,0,False,SCHEDULED,1631912400,HSL:9788B_20210917_La_1_1550,788B,HSL:9222246,Nikkilän terminaali
45600,45762,162,45600,45807,207,True,UPDATED,1631912400,HSL:9841_20210917_La_1_1200,841,HSL:9222245,Nikkilän terminaali
46680,46718,38,46680,46718,38,True,UPDATED,1631912400,HSL:9788K_20210917_La_2_1225,788K,HSL:9222245,Nikkilän terminaali
50100,50100,0,50100,50100,0,False,SCHEDULED,1631912400,HSL:9841_20210917_La_1_1315,841,HSL:9222245,Nikkilän terminaali
52800,52800,0,52800,52800,0,False,SCHEDULED,1631912400,HSL:9841_20210917_La_1_1400,841,HSL:9222245,Nikkilän terminaali
56580,56580,0,56580,56580,0,False,SCHEDULED,1631912400,HSL:9841_20210917_La_1_1500,841,HSL:9222245,Nikkilän terminaali
45540,45615,75,45540,45616,76,True,UPDATED,1631912400,HSL:9841_20210917_La_1_1200,841,HSL:9222240,Vanha kirkko
50040,50040,0,50040,50040,0,False,SCHEDULED,1631912400,HSL:9841_20210917_La_1_1315,841,HSL:9222240,Vanha kirkko
52740,52740,0,52740,52740,0,False,SCHEDULED,1631912400,HSL:9841_20210917_La_1_1400,841,HSL:9222240,Vanha kirkko
56520,56520,0,56520,56520,0,False,SCHEDULED,1631912400,HSL:9841_20210917_La_1_1500,841,HSL:9222240,Vanha kirkko
61020,61020,0,61020,61020,0,False,SCHEDULED,1631912400,HSL:9841_20210917_La_1_1615,841,HSL:9222240,Vanha kirkko
45660,45660,0,45660,45660,0,False,SCHEDULED,1631912400,HSL:1056_20210917_La_2_1241,56,HSL:1331156,Kannelmäen asema
45840,45785,-55,45840,45802,-38,True,UPDATED,1631912400,HSL:1056_20210917_La_1_1210,56,HSL:1331156,Kannelmäen asema
45960,45960,0,45960,45960,0,False,SCHEDULED,1631912400,HSL:1042_20210917_La_2_1246,42,HSL:1331156,Kannelmäen asema
46140,45973,-167,46140,46030,-110,True,UPDATED,1631912400,HSL:1042_20210917_La_1_1217,42,HSL:1331156,Kannelmäen asema
46260,46260,0,46260,46260,0,False,SCHEDULED,1631912400,HSL:1056_20210917_La_2_1251,56,HSL:1331156,Kannelmäen asema
45360,45538,178,45360,45586,226,True,UPDATED,1631912400,HSL:9985_20210917_La_1_1228,985,HSL:9222211,Metsätie
49380,49380,0,49380,49380,0,False,SCHEDULED,1631912400,HSL:9985_20210917_La_1_1335,985,HSL:9222211,Metsätie
52980,52980,0,52980,52980,0,False,SCHEDULED,1631912400,HSL:9985_20210917_La_1_1435,985,HSL:9222211,Metsätie
56580,56580,0,56580,56580,0,False,SCHEDULED,1631912400,HSL:9985_20210917_La_1_1535,985,HSL:9222211,Metsätie
60180,60180,0,60180,60180,0,False,SCHEDULED,1631912400,HSL:9985_20210917_La_1_1635,985,HSL:9222211,Metsätie
48120,48120,0,48120,48120,0,False,SCHEDULED,1631912400,HSL:9985_20210917_La_2_1303,985,HSL:9222210,Metsätie
51720,51720,0,51720,51720,0,False,SCHEDULED,1631912400,HSL:9985_20210917_La_2_1402,985,HSL:9222210,Metsätie
55320,55320,0,55320,55320,0,False,SCHEDULED,1631912400,HSL:9985_20210917_La_2_1501,985,HSL:9222210,Metsätie
58920,58920,0,58920,58920,0,False,SCHEDULED,1631912400,HSL:9985_20210917_La_2_1601,985,HSL:9222210,Metsätie
62640,62640,0,62640,62640,0,False,SCHEDULED,1631912400,HSL:9985_20210917_La_2_1703,985,HSL:9222210,Metsätie
48120,48120,0,48120,48120,0,False,SCHEDULED,1631912400,HSL:9985_20210917_La_2_1303,985,HSL:9222213,Martinkyläntien th
51720,51720,0,51720,51720,0,False,SCHEDULED,1631912400,HSL:9985_20210917_La_2_1402,985,HSL:9222213,Martinkyläntien th
53940,53940,0,53940,53940,0,False,SCHEDULED,1631912400,HSL:9787K_20210917_La_1_1410,787K,HSL:9222213,Martinkyläntien th
55320,55320,0,55320,55320,0,False,SCHEDULED,1631912400,HSL:9985_20210917_La_2_1501,985,HSL:9222213,Martinkyläntien th
58920,58920,0,58920,58920,0,False,SCHEDULED,1631912400,HSL:9985_20210917_La_2_1601,985,HSL:9222213,Martinkyläntien th
46800,46838,38,46800,46838,38,True,UPDATED,1631912400,HSL:9788K_20210917_La_2_1225,788K,HSL:9222212,Martinkyläntien th
61500,61500,0,61500,61500,0,False,SCHEDULED,1631912400,HSL:9788K_20210917_La_2_1630,788K,HSL:9222212,Martinkyläntien th
40020,40020,0,40020,40020,0,False,SCHEDULED,1631998800,HSL:9785K_20210917_Su_2_1058,785K,HSL:9222212,Martinkyläntien th
45780,45780,0,45780,45780,0,False,SCHEDULED,1631912400,HSL:1052_20210917_La_1_1236,52,HSL:1331169,Pajupillintie
46380,46380,0,46380,46380,0,False,SCHEDULED,1631912400,HSL:1052_20210917_La_1_1246,52,HSL:1331169,Pajupillintie
46980,46980,0,46980,46980,0,False,SCHEDULED,1631912400,HSL:1052_20210917_La_1_1256,52,HSL:1331169,Pajupillintie
47580,47580,0,47580,47580,0,False,SCHEDULED,1631912400,HSL:1052_20210917_La_1_1306,52,HSL:1331169,Pajupillintie
48180,48180,0,48180,48180,0,False,SCHEDULED,1631912400,HSL:1052_20210917_La_1_1316,52,HSL:1331169,Pajupillintie
45300,45492,192,45300,45501,201,True,UPDATED,1631912400,HSL:9985_20210917_La_1_1228,985,HSL:9222219,Suursuontie
46740,46778,38,46740,46778,38,True,UPDATED,1631912400,HSL:9788K_20210917_La_2_1225,788K,HSL:9222219,Suursuontie
49320,49320,0,49320,49320,0,False,SCHEDULED,1631912400,HSL:9985_20210917_La_1_1335,985,HSL:9222219,Suursuontie
52920,52920,0,52920,52920,0,False,SCHEDULED,1631912400,HSL:9985_20210917_La_1_1435,985,HSL:9222219,Suursuontie
56520,56520,0,56520,56520,0,False,SCHEDULED,1631912400,HSL:9985_20210917_La_1_1535,985,HSL:9222219,Suursuontie
45540,45563,23,45540,45563,23,True,UPDATED,1631912400,HSL:1052_20210917_La_1_1226,52,HSL:1331167,Viulutie
45840,45840,0,45840,45840,0,False,SCHEDULED,1631912400,HSL:1056_20210917_La_2_1241,56,HSL:1331167,Viulutie
46140,46140,0,46140,46140,0,False,SCHEDULED,1631912400,HSL:1052_20210917_La_1_1236,52,HSL:1331167,Viulutie
46440,46440,0,46440,46440,0,False,SCHEDULED,1631912400,HSL:1056_20210917_La_2_1251,56,HSL:1331167,Viulutie
46740,46740,0,46740,46740,0,False,SCHEDULED,1631912400,HSL:1052_20210917_La_1_1246,52,HSL:1331167,Viulutie
45660,46156,496,45660,46156,496,True,UPDATED,1631912400,HSL:1052_20210917_La_2_1200,52,HSL:1331168,Pajupillintie
46260,46288,28,46260,46288,28,True,UPDATED,1631912400,HSL:1052_20210917_La_2_1210,52,HSL:1331168,Pajupillintie
46860,46939,79,46860,46939,79,True,UPDATED,1631912400,HSL:1052_20210917_La_2_1220,52,HSL:1331168,Pajupillintie
47460,47500,40,47460,47500,40,True,UPDATED,1631912400,HSL:1052_20210917_La_2_1230,52,HSL:1331168,Pajupillintie
48060,48060,0,48060,48060,0,False,SCHEDULED,1631912400,HSL:1052_20210917_La_2_1240,52,HSL:1331168,Pajupillintie
45840,45769,-71,45840,45774,-66,True,UPDATED,1631912400,HSL:1056_20210917_La_1_1210,56,HSL:1331165,Trumpettitie
45420,45916,496,45420,45916,496,True,UPDATED,1631912400,HSL:1052_20210917_La_2_1200,52,HSL:1331165,Trumpettitie
46020,46048,28,46020,46048,28,True,UPDATED,1631912400,HSL:1052_20210917_La_2_1210,52,HSL:1331165,Trumpettitie
46440,46484,44,46440,46491,51,True,UPDATED,1631912400,HSL:1056_20210917_La_1_1220,56,HSL:1331165,Trumpettitie
46620,46699,79,46620,46699,79,True,UPDATED,1631912400,HSL:1052_20210917_La_2_1220,52,HSL:1331165,Trumpettitie
45720,45682,-38,45720,45691,-29,True,UPDATED,1631912400,HSL:1056_20210917_La_1_1210,56,HSL:1331166,Viulutie
45300,45796,496,45300,45796,496,True,UPDATED,1631912400,HSL:1052_20210917_La_2_1200,52,HSL:1331166,Viulutie
45900,45928,28,45900,45928,28,True,UPDATED,1631912400,HSL:1052_20210917_La_2_1210,52,HSL:1331166,Viulutie
46320,46392,72,46320,46404,84,True,UPDATED,1631912400,HSL:1056_20210917_La_1_1220,56,HSL:1331166,Viulutie
46500,46579,79,46500,46579,79,True,UPDATED,1631912400,HSL:1052_20210917_La_2_1220,52,HSL:1331166,Viulutie
45540,45660,120,45540,45690,150,True,UPDATED,1631912400,HSL:9841_20210917_La_1_1200,841,HSL:9222225,Urheilutie
50040,50040,0,50040,50040,0,False,SCHEDULED,1631912400,HSL:9841_20210917_La_1_1315,841,HSL:9222225,Urheilutie
52740,52740,0,52740,52740,0,False,SCHEDULED,1631912400,HSL:9841_20210917_La_1_1400,841,HSL:9222225,Urheilutie
56520,56520,0,56520,56520,0,False,SCHEDULED,1631912400,HSL:9841_20210917_La_1_1500,841,HSL:9222225,Urheilutie
61020,61020,0,61020,61020,0,False,SCHEDULED,1631912400,HSL:9841_20210917_La_1_1615,841,HSL:9222225,Urheilutie
45420,45443,23,45420,45443,23,True,UPDATED,1631912400,HSL:1052_20210917_La_1_1226,52,HSL:1331164,Trumpettitie
45660,45660,0,45660,45660,0,False,SCHEDULED,1631912400,HSL:1056_20210917_La_2_1241,56,HSL:1331164,Trumpettitie
46020,46020,0,46020,46020,0,False,SCHEDULED,1631912400,HSL:1052_20210917_La_1_1236,52,HSL:1331164,Trumpettitie
46260,46260,0,46260,46260,0,False,SCHEDULED,1631912400,HSL:1056_20210917_La_2_1251,56,HSL:1331164,Trumpettitie
46620,46620,0,46620,46620,0,False,SCHEDULED,1631912400,HSL:1052_20210917_La_1_1246,52,HSL:1331164,Trumpettitie
48240,48240,0,48240,48240,0,False,SCHEDULED,1631912400,HSL:9985_20210917_La_2_1303,985,HSL:9222228,Nikkilän terv.asema
51840,51840,0,51840,51840,0,False,SCHEDULED,1631912400,HSL:9985_20210917_La_2_1402,985,HSL:9222228,Nikkilän terv.asema
54000,54000,0,54000,54000,0,False,SCHEDULED,1631912400,HSL:9787K_20210917_La_1_1410,787K,HSL:9222228,Nikkilän terv.asema
55440,55440,0,55440,55440,0,False,SCHEDULED,1631912400,HSL:9985_20210917_La_2_1501,985,HSL:9222228,Nikkilän terv.asema
59040,59040,0,59040,59040,0,False,SCHEDULED,1631912400,HSL:9985_20210917_La_2_1601,985,HSL:9222228,Nikkilän terv.asema
45300,45455,155,45300,45459,159,True,UPDATED,1631912400,HSL:9985_20210917_La_1_1228,985,HSL:9222227,Nikkilän terv.asema
46740,46778,38,46740,46778,38,True,UPDATED,1631912400,HSL:9788K_20210917_La_2_1225,788K,HSL:9222227,Nikkilän terv.asema
49320,49320,0,49320,49320,0,False,SCHEDULED,1631912400,HSL:9985_20210917_La_1_1335,985,HSL:9222227,Nikkilän terv.asema
52920,52920,0,52920,52920,0,False,SCHEDULED,1631912400,HSL:9985_20210917_La_1_1435,985,HSL:9222227,Nikkilän terv.asema
56520,56520,0,56520,56520,0,False,SCHEDULED,1631912400,HSL:9985_20210917_La_1_1535,985,HSL:9222227,Nikkilän terv.asema
45540,45634,94,45540,45637,97,True,UPDATED,1631912400,HSL:9841_20210917_La_1_1200,841,HSL:9222222,Vanha kirkko
50040,50040,0,50040,50040,0,False,SCHEDULED,1631912400,HSL:9841_20210917_La_1_1315,841,HSL:9222222,Vanha kirkko
52740,52740,0,52740,52740,0,False,SCHEDULED,1631912400,HSL:9841_20210917_La_1_1400,841,HSL:9222222,Vanha kirkko
56520,56520,0,56520,56520,0,False,SCHEDULED,1631912400,HSL:9841_20210917_La_1_1500,841,HSL:9222222,Vanha kirkko
61020,61020,0,61020,61020,0,False,SCHEDULED,1631912400,HSL:9841_20210917_La_1_1615,841,HSL:9222222,Vanha kirkko
47160,47160,0,47160,47160,0,False,SCHEDULED,1631912400,HSL:9841_20210917_La_2_1305,841,HSL:9222221,Vanha kirkko
50760,50760,0,50760,50760,0,False,SCHEDULED,1631912400,HSL:9841_20210917_La_2_1405,841,HSL:9222221,Vanha kirkko
54360,54360,0,54360,54360,0,False,SCHEDULED,1631912400,HSL:9841_20210917_La_2_1505,841,HSL:9222221,Vanha kirkko
57960,57960,0,57960,57960,0,False,SCHEDULED,1631912400,HSL:9841_20210917_La_2_1605,841,HSL:9222221,Vanha kirkko
61560,61560,0,61560,61560,0,False,SCHEDULED,1631912400,HSL:9841_20210917_La_2_1705,841,HSL:9222221,Vanha kirkko
48180,48180,0,48180,48180,0,False,SCHEDULED,1631912400,HSL:9985_20210917_La_2_1303,985,HSL:9222223,Suursuontie
51780,51780,0,51780,51780,0,False,SCHEDULED,1631912400,HSL:9985_20210917_La_2_1402,985,HSL:9222223,Suursuontie
53940,53940,0,53940,53940,0,False,SCHEDULED,1631912400,HSL:9787K_20210917_La_1_1410,787K,HSL:9222223,Suursuontie
55380,55380,0,55380,55380,0,False,SCHEDULED,1631912400,HSL:9985_20210917_La_2_1501,985,HSL:9222223,Suursuontie
58980,58980,0,58980,58980,0,False,SCHEDULED,1631912400,HSL:9985_20210917_La_2_1601,985,HSL:9222223,Suursuontie
46200,46200,0,46200,46200,0,False,SCHEDULED,1631912400,HSL:4335B_20210917_La_1_1238,335B,HSL:4140253,Martinkyläntie
47100,47166,66,47100,47168,68,True,UPDATED,1631912400,HSL:2436_20210917_La_1_1232,436,HSL:4140253,Martinkyläntie
49800,49800,0,49800,49800,0,False,SCHEDULED,1631912400,HSL:4335B_20210917_La_1_1338,335B,HSL:4140253,Martinkyläntie
50700,50700,0,50700,50700,0,False,SCHEDULED,1631912400,HSL:2436_20210917_La_1_1332,436,HSL:4140253,Martinkyläntie
53400,53400,0,53400,53400,0,False,SCHEDULED,1631912400,HSL:4335B_20210917_La_1_1438,335B,HSL:4140253,Martinkyläntie
46320,46320,0,46320,46320,0,False,SCHEDULED,1631912400,HSL:4335B_20210917_La_1_1238,335B,HSL:4140254,Pärispruunpuisto
47160,47212,52,47160,47217,57,True,UPDATED,1631912400,HSL:2436_20210917_La_1_1232,436,HSL:4140254,Pärispruunpuisto
49920,49920,0,49920,49920,0,False,SCHEDULED,1631912400,HSL:4335B_20210917_La_1_1338,335B,HSL:4140254,Pärispruunpuisto
50760,50760,0,50760,50760,0,False,SCHEDULED,1631912400,HSL:2436_20210917_La_1_1332,436,HSL:4140254,Pärispruunpuisto
53520,53520,0,53520,53520,0,False,SCHEDULED,1631912400,HSL:4335B_20210917_La_1_1438,335B,HSL:4140254,Pärispruunpuisto
46560,46560,0,46560,46560,0,True,UPDATED,1631912400,HSL:9963_20210917_La_2_1236,963,HSL:9650806,Paijala
50280,50280,0,50280,50280,0,False,SCHEDULED,1631912400,HSL:9963_20210917_La_2_1338,963,HSL:9650806,Paijala
53880,53880,0,53880,53880,0,False,SCHEDULED,1631912400,HSL:9963_20210917_La_2_1438,963,HSL:9650806,Paijala
57480,57480,0,57480,57480,0,False,SCHEDULED,1631912400,HSL:9963_20210917_La_2_1538,963,HSL:9650806,Paijala
61080,61080,0,61080,61080,0,False,SCHEDULED,1631912400,HSL:9963_20210917_La_2_1638,963,HSL:9650806,Paijala
46020,46046,26,46020,46046,26,True,UPDATED,1631912400,HSL:2436_20210917_La_2_1229,436,HSL:4140255,Pärispruunpuisto
48180,48180,0,48180,48180,0,False,SCHEDULED,1631912400,HSL:4335B_20210917_La_2_1311,335B,HSL:4140255,Pärispruunpuisto
49620,49620,0,49620,49620,0,False,SCHEDULED,1631912400,HSL:2436_20210917_La_2_1329,436,HSL:4140255,Pärispruunpuisto
51780,51780,0,51780,51780,0,False,SCHEDULED,1631912400,HSL:4335B_20210917_La_2_1411,335B,HSL:4140255,Pärispruunpuisto
53220,53220,0,53220,53220,0,False,SCHEDULED,1631912400,HSL:2436_20210917_La_2_1429,436,HSL:4140255,Pärispruunpuisto
46800,46800,0,46800,46800,0,False,SCHEDULED,1631912400,HSL:9963_20210917_La_1_1300,963,HSL:9650805,Paijala
50520,50520,0,50520,50520,0,False,SCHEDULED,1631912400,HSL:9963_20210917_La_1_1402,963,HSL:9650805,Paijala
54120,54120,0,54120,54120,0,False,SCHEDULED,1631912400,HSL:9963_20210917_La_1_1502,963,HSL:9650805,Paijala
57720,57720,0,57720,57720,0,False,SCHEDULED,1631912400,HSL:9963_20210917_La_1_1602,963,HSL:9650805,Paijala
61320,61320,0,61320,61320,0,False,SCHEDULED,1631912400,HSL:9963_20210917_La_1_1702,963,HSL:9650805,Paijala
44700,45292,592,44700,45312,612,True,UPDATED,1631912400,HSL:1061_20210917_La_2_1151,61,HSL:1113131,Sörnäinen (M)
45120,45346,226,45120,45392,272,True,UPDATED,1631912400,HSL:1074_20210917_La_2_1152,74,HSL:1113131,Sörnäinen (M)
45180,45399,219,45180,45434,254,True,UPDATED,1631912400,HSL:1067_20210917_La_2_1204,67,HSL:1113131,Sörnäinen (M)
45180,45441,261,45180,45442,262,True,UPDATED,1631912400,HSL:1071_20210917_La_2_1202,71,HSL:1113131,Sörnäinen (M)
45420,45413,-7,45420,45462,42,True,UPDATED,1631912400,HSL:1065_20210917_La_2_1215,65,HSL:1113131,Sörnäinen (M)
55260,55260,0,55260,55260,0,False,SCHEDULED,1631912400,HSL:9787K_20210917_La_1_1410,787K,HSL:9400269,Vähä-Laukkoski
48060,48060,0,48060,48060,0,False,SCHEDULED,1631912400,HSL:4433K_20210917_La_2_1320,433K,HSL:4230204,Kivistön kirkko
48720,48720,0,48720,48720,0,False,SCHEDULED,1631912400,HSL:4443_20210917_La_1_1331,443,HSL:4230204,Kivistön kirkko
51660,51660,0,51660,51660,0,False,SCHEDULED,1631912400,HSL:4433K_20210917_La_2_1420,433K,HSL:4230204,Kivistön kirkko
52320,52320,0,52320,52320,0,False,SCHEDULED,1631912400,HSL:4443_20210917_La_1_1431,443,HSL:4230204,Kivistön kirkko
55260,55260,0,55260,55260,0,False,SCHEDULED,1631912400,HSL:4433K_20210917_La_2_1520,433K,HSL:4230204,Kivistön kirkko
48180,48180,0,48180,48180,0,False,SCHEDULED,1631912400,HSL:4322_20210917_La_1_1241,322,HSL:4140240,Kaakelikaari
51780,51780,0,51780,51780,0,False,SCHEDULED,1631912400,HSL:4322_20210917_La_1_1341,322,HSL:4140240,Kaakelikaari
55380,55380,0,55380,55380,0,False,SCHEDULED,1631912400,HSL:4322_20210917_La_1_1441,322,HSL:4140240,Kaakelikaari
58980,58980,0,58980,58980,0,False,SCHEDULED,1631912400,HSL:4322_20210917_La_1_1541,322,HSL:4140240,Kaakelikaari
62520,62520,0,62520,62520,0,False,SCHEDULED,1631912400,HSL:4322_20210917_La_1_1641,322,HSL:4140240,Kaakelikaari
46980,46980,0,46980,46980,0,False,SCHEDULED,1631912400,HSL:4443_20210917_La_2_1251,443,HSL:4230203,Opaalikuja
48180,48180,0,48180,48180,0,False,SCHEDULED,1631912400,HSL:4433K_20210917_La_1_1257,433K,HSL:4230203,Opaalikuja
50580,50580,0,50580,50580,0,False,SCHEDULED,1631912400,HSL:4443_20210917_La_2_1351,443,HSL:4230203,Opaalikuja
51780,51780,0,51780,51780,0,False,SCHEDULED,1631912400,HSL:4433K_20210917_La_1_1357,433K,HSL:4230203,Opaalikuja
54180,54180,0,54180,54180,0,False,SCHEDULED,1631912400,HSL:4443_20210917_La_2_1451,443,HSL:4230203,Opaalikuja
48060,48060,0,48060,48060,0,False,SCHEDULED,1631912400,HSL:4433K_20210917_La_2_1320,433K,HSL:4230202,Opaalikuja
48720,48720,0,48720,48720,0,False,SCHEDULED,1631912400,HSL:4443_20210917_La_1_1331,443,HSL:4230202,Opaalikuja
51660,51660,0,51660,51660,0,False,SCHEDULED,1631912400,HSL:4433K_20210917_La_2_1420,433K,HSL:4230202,Opaalikuja
52320,52320,0,52320,52320,0,False,SCHEDULED,1631912400,HSL:4443_20210917_La_1_1431,443,HSL:4230202,Opaalikuja
55260,55260,0,55260,55260,0,False,SCHEDULED,1631912400,HSL:4433K_20210917_La_2_1520,433K,HSL:4230202,Opaalikuja
55140,55140,0,55140,55140,0,False,SCHEDULED,1631912400,HSL:9787K_20210917_La_1_1410,787K,HSL:9400267,Kotojärvi
45720,45720,0,45720,45720,0,False,SCHEDULED,1631912400,HSL:4571_20210917_La_2_1241,571,HSL:4140242,Luhtimäki
46500,46529,29,46500,46532,32,True,UPDATED,1631912400,HSL:4332_20210917_La_1_1217,332,HSL:4140242,Luhtimäki
47520,47520,0,47520,47520,0,False,SCHEDULED,1631912400,HSL:4571_20210917_La_2_1311,571,HSL:4140242,Luhtimäki
47880,47880,0,47880,47880,0,False,SCHEDULED,1631912400,HSL:4332_20210917_La_2_1306,332,HSL:4140242,Luhtimäki
49320,49320,0,49320,49320,0,False,SCHEDULED,1631912400,HSL:4571_20210917_La_2_1341,571,HSL:4140242,Luhtimäki
56400,56400,0,56400,56400,0,False,SCHEDULED,1631912400,HSL:9787B_20210917_La_2_1535,787B,HSL:9400268,Kotojärvi
45420,45420,0,45420,45420,0,True,UPDATED,1631912400,HSL:9842_20210917_La_2_1226,842,HSL:9210211,Joensuu
46920,46920,0,46920,46920,0,False,SCHEDULED,1631912400,HSL:9844_20210917_La_2_1255,844,HSL:9210211,Joensuu
48060,48060,0,48060,48060,0,False,SCHEDULED,1631912400,HSL:9841_20210917_La_2_1305,841,HSL:9210211,Joensuu
48360,48360,0,48360,48360,0,False,SCHEDULED,1631912400,HSL:7848_20210917_La_2_1305,848,HSL:9210211,Joensuu
49020,49020,0,49020,49020,0,False,SCHEDULED,1631912400,HSL:9842_20210917_La_2_1326,842,HSL:9210211,Joensuu
48780,48780,0,48780,48780,0,False,SCHEDULED,1631912400,HSL:4443_20210917_La_1_1331,443,HSL:4230208,Sälpäkuja
52380,52380,0,52380,52380,0,False,SCHEDULED,1631912400,HSL:4443_20210917_La_1_1431,443,HSL:4230208,Sälpäkuja
55980,55980,0,55980,55980,0,False,SCHEDULED,1631912400,HSL:4443_20210917_La_1_1531,443,HSL:4230208,Sälpäkuja
59580,59580,0,59580,59580,0,False,SCHEDULED,1631912400,HSL:4443_20210917_La_1_1631,443,HSL:4230208,Sälpäkuja
63180,63180,0,63180,63180,0,False,SCHEDULED,1631912400,HSL:4443_20210917_La_1_1731,443,HSL:4230208,Sälpäkuja
46920,46920,0,46920,46920,0,False,SCHEDULED,1631912400,HSL:4443_20210917_La_2_1251,443,HSL:4230207,Kivistöntie
48120,48120,0,48120,48120,0,False,SCHEDULED,1631912400,HSL:4433K_20210917_La_1_1257,433K,HSL:4230207,Kivistöntie
50520,50520,0,50520,50520,0,False,SCHEDULED,1631912400,HSL:4443_20210917_La_2_1351,443,HSL:4230207,Kivistöntie
51720,51720,0,51720,51720,0,False,SCHEDULED,1631912400,HSL:4433K_20210917_La_1_1357,433K,HSL:4230207,Kivistöntie
54120,54120,0,54120,54120,0,False,SCHEDULED,1631912400,HSL:4443_20210917_La_2_1451,443,HSL:4230207,Kivistöntie
45900,45972,72,45900,45972,72,True,UPDATED,1631912400,HSL:9844_20210917_La_1_1220,844,HSL:9210212,Joensuu
46140,46140,0,46140,46140,0,False,SCHEDULED,1631912400,HSL:7848_20210917_La_1_1218,848,HSL:9210212,Joensuu
47100,47100,0,47100,47100,0,False,SCHEDULED,1631912400,HSL:9842_20210917_La_1_1240,842,HSL:9210212,Joensuu
48300,48300,0,48300,48300,0,False,SCHEDULED,1631912400,HSL:9843_20210917_La_1_1300,843,HSL:9210212,Joensuu
49200,49200,0,49200,49200,0,False,SCHEDULED,1631912400,HSL:9841_20210917_La_1_1315,841,HSL:9210212,Joensuu
48120,48120,0,48120,48120,0,False,SCHEDULED,1631912400,HSL:4433K_20210917_La_2_1320,433K,HSL:4230206,Kivistöntie
48720,48720,0,48720,48720,0,False,SCHEDULED,1631912400,HSL:4443_20210917_La_1_1331,443,HSL:4230206,Kivistöntie
51720,51720,0,51720,51720,0,False,SCHEDULED,1631912400,HSL:4433K_20210917_La_2_1420,433K,HSL:4230206,Kivistöntie
52320,52320,0,52320,52320,0,False,SCHEDULED,1631912400,HSL:4443_20210917_La_1_1431,443,HSL:4230206,Kivistöntie
55320,55320,0,55320,55320,0,False,SCHEDULED,1631912400,HSL:4433K_20210917_La_2_1520,433K,HSL:4230206,Kivistöntie
45840,45912,72,45840,45912,72,True,UPDATED,1631912400,HSL:9844_20210917_La_1_1220,844,HSL:9210210,Hitåntie
46140,46140,0,46140,46140,0,False,SCHEDULED,1631912400,HSL:7848_20210917_La_1_1218,848,HSL:9210210,Hitåntie
47040,47040,0,47040,47040,0,False,SCHEDULED,1631912400,HSL:9842_20210917_La_1_1240,842,HSL:9210210,Hitåntie
48240,48240,0,48240,48240,0,False,SCHEDULED,1631912400,HSL:9843_20210917_La_1_1300,843,HSL:9210210,Hitåntie
49140,49140,0,49140,49140,0,False,SCHEDULED,1631912400,HSL:9841_20210917_La_1_1315,841,HSL:9210210,Hitåntie
46980,46980,0,46980,46980,0,False,SCHEDULED,1631912400,HSL:4443_20210917_La_2_1251,443,HSL:4230205,Kivistön kirkko
48120,48120,0,48120,48120,0,False,SCHEDULED,1631912400,HSL:4433K_20210917_La_1_1257,433K,HSL:4230205,Kivistön kirkko
50580,50580,0,50580,50580,0,False,SCHEDULED,1631912400,HSL:4443_20210917_La_2_1351,443,HSL:4230205,Kivistön kirkko
51720,51720,0,51720,51720,0,False,SCHEDULED,1631912400,HSL:4433K_20210917_La_1_1357,433K,HSL:4230205,Kivistön kirkko
54180,54180,0,54180,54180,0,False,SCHEDULED,1631912400,HSL:4443_20210917_La_2_1451,443,HSL:4230205,Kivistön kirkko
56640,56640,0,56640,56640,0,False,SCHEDULED,1631912400,HSL:9787B_20210917_La_2_1535,787B,HSL:9400261,Kytöniitty
45900,45900,0,45900,45900,0,False,SCHEDULED,1631912400,HSL:4322_20210917_La_2_1242,322,HSL:4140248,Voimalantie
49500,49500,0,49500,49500,0,False,SCHEDULED,1631912400,HSL:4322_20210917_La_2_1342,322,HSL:4140248,Voimalantie
53100,53100,0,53100,53100,0,False,SCHEDULED,1631912400,HSL:4322_20210917_La_2_1442,322,HSL:4140248,Voimalantie
56760,56760,0,56760,56760,0,False,SCHEDULED,1631912400,HSL:4322_20210917_La_2_1543,322,HSL:4140248,Voimalantie
60360,60360,0,60360,60360,0,False,SCHEDULED,1631912400,HSL:4322_20210917_La_2_1643,322,HSL:4140248,Voimalantie
54900,54900,0,54900,54900,0,False,SCHEDULED,1631912400,HSL:9787K_20210917_La_1_1410,787K,HSL:9400262,Kytöniitty
48300,48300,0,48300,48300,0,False,SCHEDULED,1631912400,HSL:4322_20210917_La_1_1241,322,HSL:4140249,Voimalantie
51900,51900,0,51900,51900,0,False,SCHEDULED,1631912400,HSL:4322_20210917_La_1_1341,322,HSL:4140249,Voimalantie
55500,55500,0,55500,55500,0,False,SCHEDULED,1631912400,HSL:4322_20210917_La_1_1441,322,HSL:4140249,Voimalantie
59100,59100,0,59100,59100,0,False,SCHEDULED,1631912400,HSL:4322_20210917_La_1_1541,322,HSL:4140249,Voimalantie
62640,62640,0,62640,62640,0,False,SCHEDULED,1631912400,HSL:4322_20210917_La_1_1641,322,HSL:4140249,Voimalantie
56520,56520,0,56520,56520,0,False,SCHEDULED,1631912400,HSL:9787B_20210917_La_2_1535,787B,HSL:9400265,Porvoontie
45900,45932,32,45900,45942,42,True,UPDATED,1631912400,HSL:2436_20210917_La_2_1229,436,HSL:4140243,Rystypolku
48000,48000,0,48000,48000,0,False,SCHEDULED,1631912400,HSL:4322_20210917_La_1_1241,322,HSL:4140243,Rystypolku
48060,48060,0,48060,48060,0,False,SCHEDULED,1631912400,HSL:4335B_20210917_La_2_1311,335B,HSL:4140243,Rystypolku
49500,49500,0,49500,49500,0,False,SCHEDULED,1631912400,HSL:2436_20210917_La_2_1329,436,HSL:4140243,Rystypolku
51600,51600,0,51600,51600,0,False,SCHEDULED,1631912400,HSL:4322_20210917_La_1_1341,322,HSL:4140243,Rystypolku
46260,46260,0,46260,46260,0,False,SCHEDULED,1631912400,HSL:4322_20210917_La_2_1242,322,HSL:4140244,Sarkapolku
46500,46500,0,46500,46500,0,False,SCHEDULED,1631912400,HSL:4335B_20210917_La_1_1238,335B,HSL:4140244,Sarkapolku
46680,46709,29,46680,46717,37,True,UPDATED,1631912400,HSL:4332_20210917_La_1_1217,332,HSL:4140244,Sarkapolku
47340,47375,35,47340,47386,46,True,UPDATED,1631912400,HSL:2436_20210917_La_1_1232,436,HSL:4140244,Sarkapolku
49860,49860,0,49860,49860,0,False,SCHEDULED,1631912400,HSL:4322_20210917_La_2_1342,322,HSL:4140244,Sarkapolku
55080,55080,0,55080,55080,0,False,SCHEDULED,1631912400,HSL:9787K_20210917_La_1_1410,787K,HSL:9400266,Porvoontie
45840,45863,23,45840,45867,27,True,UPDATED,1631912400,HSL:2436_20210917_La_2_1229,436,HSL:4140245,Sarkapolku
47580,47580,0,47580,47580,0,False,SCHEDULED,1631912400,HSL:4332_20210917_La_2_1306,332,HSL:4140245,Sarkapolku
47940,47940,0,47940,47940,0,False,SCHEDULED,1631912400,HSL:4322_20210917_La_1_1241,322,HSL:4140245,Sarkapolku
47940,47940,0,47940,47940,0,False,SCHEDULED,1631912400,HSL:4335B_20210917_La_2_1311,335B,HSL:4140245,Sarkapolku
49440,49440,0,49440,49440,0,False,SCHEDULED,1631912400,HSL:2436_20210917_La_2_1329,436,HSL:4140245,Sarkapolku
56580,56580,0,56580,56580,0,False,SCHEDULED,1631912400,HSL:9787B_20210917_La_2_1535,787B,HSL:9400263,Rinnenmäentie
54960,54960,0,54960,54960,0,False,SCHEDULED,1631912400,HSL:9787K_20210917_La_1_1410,787K,HSL:9400264,Rinnenmäentie
45480,45630,150,45480,45679,199,True,UPDATED,1631912400,HSL:9985_20210917_La_1_1228,985,HSL:9222204,Lival
49500,49500,0,49500,49500,0,False,SCHEDULED,1631912400,HSL:9985_20210917_La_1_1335,985,HSL:9222204,Lival
53100,53100,0,53100,53100,0,False,SCHEDULED,1631912400,HSL:9985_20210917_La_1_1435,985,HSL:9222204,Lival
56700,56700,0,56700,56700,0,False,SCHEDULED,1631912400,HSL:9985_20210917_La_1_1535,985,HSL:9222204,Lival
60300,60300,0,60300,60300,0,False,SCHEDULED,1631912400,HSL:9985_20210917_La_1_1635,985,HSL:9222204,Lival
48060,48060,0,48060,48060,0,False,SCHEDULED,1631912400,HSL:9985_20210917_La_2_1303,985,HSL:9222203,Lival
51660,51660,0,51660,51660,0,False,SCHEDULED,1631912400,HSL:9985_20210917_La_2_1402,985,HSL:9222203,Lival
55260,55260,0,55260,55260,0,False,SCHEDULED,1631912400,HSL:9985_20210917_La_2_1501,985,HSL:9222203,Lival
58860,58860,0,58860,58860,0,False,SCHEDULED,1631912400,HSL:9985_20210917_La_2_1601,985,HSL:9222203,Lival
62580,62580,0,62580,62580,0,False,SCHEDULED,1631912400,HSL:9985_20210917_La_2_1703,985,HSL:9222203,Lival
53880,53880,0,53880,53880,0,False,SCHEDULED,1631912400,HSL:9787K_20210917_La_1_1410,787K,HSL:9222206,Kappalaisentie
68340,68340,0,68340,68340,0,False,SCHEDULED,1631912400,HSL:9785K_20210917_La_1_1810,785K,HSL:9222206,Kappalaisentie
45300,45300,0,45300,45313,13,True,UPDATED,1631912400,HSL:4611_20210917_La_1_1229,611,HSL:1113140,Haapaniemi
45480,45573,93,45480,45589,109,True,UPDATED,1631912400,HSL:1064_20210917_La_1_1232,64,HSL:1113140,Haapaniemi
45720,45720,0,45720,45720,0,False,SCHEDULED,1631912400,HSL:1067_20210917_La_1_1236,67,HSL:1113140,Haapaniemi
45960,45960,0,45960,45960,0,False,SCHEDULED,1631912400,HSL:1065_20210917_La_1_1240,65,HSL:1113140,Haapaniemi
45960,45960,0,45960,45960,0,False,SCHEDULED,1631912400,HSL:4614_20210917_La_1_1240,614,HSL:1113140,Haapaniemi
46860,46898,38,46860,46898,38,True,UPDATED,1631912400,HSL:9788K_20210917_La_2_1225,788K,HSL:9222205,Kappalaisentie
61560,61560,0,61560,61560,0,False,SCHEDULED,1631912400,HSL:9788K_20210917_La_2_1630,788K,HSL:9222205,Kappalaisentie
40080,40080,0,40080,40080,0,False,SCHEDULED,1631998800,HSL:9785K_20210917_Su_2_1058,785K,HSL:9222205,Kappalaisentie
45480,45483,3,45480,45483,3,True,UPDATED,1631912400,HSL:9842_20210917_La_2_1226,842,HSL:9210208,Knaperbacka
46980,46980,0,46980,46980,0,False,SCHEDULED,1631912400,HSL:9844_20210917_La_2_1255,844,HSL:9210208,Knaperbacka
48120,48120,0,48120,48120,0,False,SCHEDULED,1631912400,HSL:9841_20210917_La_2_1305,841,HSL:9210208,Knaperbacka
48420,48420,0,48420,48420,0,False,SCHEDULED,1631912400,HSL:7848_20210917_La_2_1305,848,HSL:9210208,Knaperbacka
49080,49080,0,49080,49080,0,False,SCHEDULED,1631912400,HSL:9842_20210917_La_2_1326,842,HSL:9210208,Knaperbacka
45480,45483,3,45480,45483,3,True,UPDATED,1631912400,HSL:9842_20210917_La_2_1226,842,HSL:9210209,Hitåntie
46980,46980,0,46980,46980,0,False,SCHEDULED,1631912400,HSL:9844_20210917_La_2_1255,844,HSL:9210209,Hitåntie
48120,48120,0,48120,48120,0,False,SCHEDULED,1631912400,HSL:9841_20210917_La_2_1305,841,HSL:9210209,Hitåntie
48420,48420,0,48420,48420,0,False,SCHEDULED,1631912400,HSL:7848_20210917_La_2_1305,848,HSL:9210209,Hitåntie
49080,49080,0,49080,49080,0,False,SCHEDULED,1631912400,HSL:9842_20210917_La_2_1326,842,HSL:9210209,Hitåntie
45540,45543,3,45540,45543,3,True,UPDATED,1631912400,HSL:9842_20210917_La_2_1226,842,HSL:9210206,Alvallantie
47040,47040,0,47040,47040,0,False,SCHEDULED,1631912400,HSL:9844_20210917_La_2_1255,844,HSL:9210206,Alvallantie
48180,48180,0,48180,48180,0,False,SCHEDULED,1631912400,HSL:9841_20210917_La_2_1305,841,HSL:9210206,Alvallantie
48480,48480,0,48480,48480,0,False,SCHEDULED,1631912400,HSL:7848_20210917_La_2_1305,848,HSL:9210206,Alvallantie
49140,49140,0,49140,49140,0,False,SCHEDULED,1631912400,HSL:9842_20210917_La_2_1326,842,HSL:9210206,Alvallantie
45780,45852,72,45780,45852,72,True,UPDATED,1631912400,HSL:9844_20210917_La_1_1220,844,HSL:9210207,Knaperbacka
46080,46080,0,46080,46080,0,False,SCHEDULED,1631912400,HSL:7848_20210917_La_1_1218,848,HSL:9210207,Knaperbacka
46980,46980,0,46980,46980,0,False,SCHEDULED,1631912400,HSL:9842_20210917_La_1_1240,842,HSL:9210207,Knaperbacka
48180,48180,0,48180,48180,0,False,SCHEDULED,1631912400,HSL:9843_20210917_La_1_1300,843,HSL:9210207,Knaperbacka
49080,49080,0,49080,49080,0,False,SCHEDULED,1631912400,HSL:9841_20210917_La_1_1315,841,HSL:9210207,Knaperbacka
45720,45792,72,45720,45792,72,True,UPDATED,1631912400,HSL:9844_20210917_La_1_1220,844,HSL:9210204,Vaakkola
46080,46080,0,46080,46080,0,False,SCHEDULED,1631912400,HSL:7848_20210917_La_1_1218,848,HSL:9210204,Vaakkola
46980,46980,0,46980,46980,0,False,SCHEDULED,1631912400,HSL:9842_20210917_La_1_1240,842,HSL:9210204,Vaakkola
48180,48180,0,48180,48180,0,False,SCHEDULED,1631912400,HSL:9843_20210917_La_1_1300,843,HSL:9210204,Vaakkola
49020,49020,0,49020,49020,0,False,SCHEDULED,1631912400,HSL:9841_20210917_La_1_1315,841,HSL:9210204,Vaakkola
56160,56160,0,56160,56160,0,False,SCHEDULED,1631912400,HSL:9787B_20210917_La_2_1535,787B,HSL:9400278,Latiskantie
45600,45603,3,45600,45603,3,True,UPDATED,1631912400,HSL:9842_20210917_La_2_1226,842,HSL:9210203,Vaakkola
47100,47100,0,47100,47100,0,False,SCHEDULED,1631912400,HSL:9844_20210917_La_2_1255,844,HSL:9210203,Vaakkola
48240,48240,0,48240,48240,0,False,SCHEDULED,1631912400,HSL:9841_20210917_La_2_1305,841,HSL:9210203,Vaakkola
48480,48480,0,48480,48480,0,False,SCHEDULED,1631912400,HSL:7848_20210917_La_2_1305,848,HSL:9210203,Vaakkola
49200,49200,0,49200,49200,0,False,SCHEDULED,1631912400,HSL:9842_20210917_La_2_1326,842,HSL:9210203,Vaakkola
56280,56280,0,56280,56280,0,False,SCHEDULED,1631912400,HSL:9787B_20210917_La_2_1535,787B,HSL:9400272,Kulmatie
46140,46140,0,46140,46140,0,False,SCHEDULED,1631912400,HSL:4322_20210917_La_2_1242,322,HSL:4140236,Riihimiehentie
49740,49740,0,49740,49740,0,False,SCHEDULED,1631912400,HSL:4322_20210917_La_2_1342,322,HSL:4140236,Riihimiehentie
53340,53340,0,53340,53340,0,False,SCHEDULED,1631912400,HSL:4322_20210917_La_2_1442,322,HSL:4140236,Riihimiehentie
56940,56940,0,56940,56940,0,False,SCHEDULED,1631912400,HSL:4322_20210917_La_2_1543,322,HSL:4140236,Riihimiehentie
60540,60540,0,60540,60540,0,False,SCHEDULED,1631912400,HSL:4322_20210917_La_2_1643,322,HSL:4140236,Riihimiehentie
46080,46080,0,46080,46080,0,False,SCHEDULED,1631912400,HSL:4322_20210917_La_2_1242,322,HSL:4140237,Klinkkerikaari
49680,49680,0,49680,49680,0,False,SCHEDULED,1631912400,HSL:4322_20210917_La_2_1342,322,HSL:4140237,Klinkkerikaari
53280,53280,0,53280,53280,0,False,SCHEDULED,1631912400,HSL:4322_20210917_La_2_1442,322,HSL:4140237,Klinkkerikaari
56940,56940,0,56940,56940,0,False,SCHEDULED,1631912400,HSL:4322_20210917_La_2_1543,322,HSL:4140237,Klinkkerikaari
60540,60540,0,60540,60540,0,False,SCHEDULED,1631912400,HSL:4322_20210917_La_2_1643,322,HSL:4140237,Klinkkerikaari
55320,55320,0,55320,55320,0,False,SCHEDULED,1631912400,HSL:9787K_20210917_La_1_1410,787K,HSL:9400273,Paalantie
48120,48120,0,48120,48120,0,False,SCHEDULED,1631912400,HSL:4322_20210917_La_1_1241,322,HSL:4140238,Klinkkerikaari
51720,51720,0,51720,51720,0,False,SCHEDULED,1631912400,HSL:4322_20210917_La_1_1341,322,HSL:4140238,Klinkkerikaari
55320,55320,0,55320,55320,0,False,SCHEDULED,1631912400,HSL:4322_20210917_La_1_1441,322,HSL:4140238,Klinkkerikaari
58920,58920,0,58920,58920,0,False,SCHEDULED,1631912400,HSL:4322_20210917_La_1_1541,322,HSL:4140238,Klinkkerikaari
62460,62460,0,62460,62460,0,False,SCHEDULED,1631912400,HSL:4322_20210917_La_1_1641,322,HSL:4140238,Klinkkerikaari
56280,56280,0,56280,56280,0,False,SCHEDULED,1631912400,HSL:9787B_20210917_La_2_1535,787B,HSL:9400270,Vähä-Laukkoski
46020,46020,0,46020,46020,0,False,SCHEDULED,1631912400,HSL:4322_20210917_La_2_1242,322,HSL:4140239,Kaakelikaari
49620,49620,0,49620,49620,0,False,SCHEDULED,1631912400,HSL:4322_20210917_La_2_1342,322,HSL:4140239,Kaakelikaari
53220,53220,0,53220,53220,0,False,SCHEDULED,1631912400,HSL:4322_20210917_La_2_1442,322,HSL:4140239,Kaakelikaari
56880,56880,0,56880,56880,0,False,SCHEDULED,1631912400,HSL:4322_20210917_La_2_1543,322,HSL:4140239,Kaakelikaari
60480,60480,0,60480,60480,0,False,SCHEDULED,1631912400,HSL:4322_20210917_La_2_1643,322,HSL:4140239,Kaakelikaari
55260,55260,0,55260,55260,0,False,SCHEDULED,1631912400,HSL:9787K_20210917_La_1_1410,787K,HSL:9400271,Kulmatie
48240,48240,0,48240,48240,0,False,SCHEDULED,1631912400,HSL:4322_20210917_La_1_1241,322,HSL:4140232,Vehkalantie
51840,51840,0,51840,51840,0,False,SCHEDULED,1631912400,HSL:4322_20210917_La_1_1341,322,HSL:4140232,Vehkalantie
55440,55440,0,55440,55440,0,False,SCHEDULED,1631912400,HSL:4322_20210917_La_1_1441,322,HSL:4140232,Vehkalantie
59040,59040,0,59040,59040,0,False,SCHEDULED,1631912400,HSL:4322_20210917_La_1_1541,322,HSL:4140232,Vehkalantie
62640,62640,0,62640,62640,0,False,SCHEDULED,1631912400,HSL:4322_20210917_La_1_1641,322,HSL:4140232,Vehkalantie
56160,56160,0,56160,56160,0,False,SCHEDULED,1631912400,HSL:9787B_20210917_La_2_1535,787B,HSL:9400276,Pornaisten kirkko
55380,55380,0,55380,55380,0,False,SCHEDULED,1631912400,HSL:9787K_20210917_La_1_1410,787K,HSL:9400277,Latiskantie
45660,45660,0,45660,45660,0,False,SCHEDULED,1631912400,HSL:4571_20210917_La_2_1241,571,HSL:4140233,Avaintie
46440,46448,8,46440,46487,47,True,UPDATED,1631912400,HSL:4332_20210917_La_1_1217,332,HSL:4140233,Avaintie
47460,47460,0,47460,47460,0,False,SCHEDULED,1631912400,HSL:4571_20210917_La_2_1311,571,HSL:4140233,Avaintie
47820,47820,0,47820,47820,0,False,SCHEDULED,1631912400,HSL:4332_20210917_La_2_1306,332,HSL:4140233,Avaintie
49260,49260,0,49260,49260,0,False,SCHEDULED,1631912400,HSL:4571_20210917_La_2_1341,571,HSL:4140233,Avaintie
45300,45630,330,45300,45630,330,True,UPDATED,1631912400,HSL:4571_20210917_La_1_1130,571,HSL:4140234,Avaintie
47100,47123,23,47100,47123,23,True,UPDATED,1631912400,HSL:4571_20210917_La_1_1159,571,HSL:4140234,Avaintie
48900,48919,19,48900,48953,53,True,UPDATED,1631912400,HSL:4571_20210917_La_1_1228,571,HSL:4140234,Avaintie
50700,50700,0,50700,50700,0,False,SCHEDULED,1631912400,HSL:4571_20210917_La_1_1258,571,HSL:4140234,Avaintie
52500,52500,0,52500,52500,0,False,SCHEDULED,1631912400,HSL:4571_20210917_La_1_1328,571,HSL:4140234,Avaintie
56220,56220,0,56220,56220,0,False,SCHEDULED,1631912400,HSL:9787B_20210917_La_2_1535,787B,HSL:9400274,Paalantie
45300,45608,308,45300,45615,315,True,UPDATED,1631912400,HSL:4571_20210917_La_1_1130,571,HSL:4140235,Luhtimäki
46380,46427,47,46380,46428,48,True,UPDATED,1631912400,HSL:4332_20210917_La_1_1217,332,HSL:4140235,Luhtimäki
47100,47084,-16,47100,47084,-16,True,UPDATED,1631912400,HSL:4571_20210917_La_1_1159,571,HSL:4140235,Luhtimäki
47760,47760,0,47760,47760,0,False,SCHEDULED,1631912400,HSL:4332_20210917_La_2_1306,332,HSL:4140235,Luhtimäki
48900,48889,-11,48900,48898,-2,True,UPDATED,1631912400,HSL:4571_20210917_La_1_1228,571,HSL:4140235,Luhtimäki
55380,55380,0,55380,55380,0,False,SCHEDULED,1631912400,HSL:9787K_20210917_La_1_1410,787K,HSL:9400275,Pornaisten kirkko
48840,48840,0,48840,48840,0,False,SCHEDULED,1631912400,HSL:9843_20210917_La_1_1300,843,HSL:9209210,Rantatie
59760,59760,0,59760,59760,0,False,SCHEDULED,1631912400,HSL:9843_20210917_La_1_1600,843,HSL:9209210,Rantatie
49800,49800,0,49800,49800,0,False,SCHEDULED,1631912400,HSL:9843_20210917_La_2_1345,843,HSL:9209204,Olofs
60600,60600,0,60600,60600,0,False,SCHEDULED,1631912400,HSL:9843_20210917_La_2_1645,843,HSL:9209204,Olofs
49800,49800,0,49800,49800,0,False,SCHEDULED,1631912400,HSL:9843_20210917_La_2_1345,843,HSL:9209205,Jontas
60600,60600,0,60600,60600,0,False,SCHEDULED,1631912400,HSL:9843_20210917_La_2_1645,843,HSL:9209205,Jontas
48720,48720,0,48720,48720,0,False,SCHEDULED,1631912400,HSL:9843_20210917_La_1_1300,843,HSL:9209206,Jontas
59640,59640,0,59640,59640,0,False,SCHEDULED,1631912400,HSL:9843_20210917_La_1_1600,843,HSL:9209206,Jontas
45960,46001,41,45960,46001,41,True,UPDATED,1631912400,HSL:2436_20210917_La_2_1229,436,HSL:4140220,Fur Center
48120,48120,0,48120,48120,0,False,SCHEDULED,1631912400,HSL:4335B_20210917_La_2_1311,335B,HSL:4140220,Fur Center
49560,49560,0,49560,49560,0,False,SCHEDULED,1631912400,HSL:2436_20210917_La_2_1329,436,HSL:4140220,Fur Center
51720,51720,0,51720,51720,0,False,SCHEDULED,1631912400,HSL:4335B_20210917_La_2_1411,335B,HSL:4140220,Fur Center
53160,53160,0,53160,53160,0,False,SCHEDULED,1631912400,HSL:2436_20210917_La_2_1429,436,HSL:4140220,Fur Center
48780,48780,0,48780,48780,0,False,SCHEDULED,1631912400,HSL:9843_20210917_La_1_1300,843,HSL:9209207,Meriläntie
59700,59700,0,59700,59700,0,False,SCHEDULED,1631912400,HSL:9843_20210917_La_1_1600,843,HSL:9209207,Meriläntie
49860,49860,0,49860,49860,0,False,SCHEDULED,1631912400,HSL:9843_20210917_La_2_1345,843,HSL:9209201,Hangelbyn paloasema
60660,60660,0,60660,60660,0,False,SCHEDULED,1631912400,HSL:9843_20210917_La_2_1645,843,HSL:9209201,Hangelbyn paloasema
48660,48660,0,48660,48660,0,False,SCHEDULED,1631912400,HSL:9843_20210917_La_1_1300,843,HSL:9209202,Hangelbyn paloasema
59580,59580,0,59580,59580,0,False,SCHEDULED,1631912400,HSL:9843_20210917_La_1_1600,843,HSL:9209202,Hangelbyn paloasema
48720,48720,0,48720,48720,0,False,SCHEDULED,1631912400,HSL:9843_20210917_La_1_1300,843,HSL:9209203,Olofs
59640,59640,0,59640,59640,0,False,SCHEDULED,1631912400,HSL:9843_20210917_La_1_1600,843,HSL:9209203,Olofs
94560,94560,0,94560,94560,0,False,SCHEDULED,1631912400,HSL:1023N_20210917_La_2_2603,23N,HSL:1113124,Karhupuisto
95760,95760,0,95760,95760,0,False,SCHEDULED,1631912400,HSL:1023N_20210917_La_2_2623,23N,HSL:1113124,Karhupuisto
96960,96960,0,96960,96960,0,False,SCHEDULED,1631912400,HSL:1023N_20210917_La_2_2643,23N,HSL:1113124,Karhupuisto
98160,98160,0,98160,98160,0,False,SCHEDULED,1631912400,HSL:1023N_20210917_La_2_2703,23N,HSL:1113124,Karhupuisto
99360,99360,0,99360,99360,0,False,SCHEDULED,1631912400,HSL:1023N_20210917_La_2_2723,23N,HSL:1113124,Karhupuisto
45960,45960,0,45960,45960,0,False,SCHEDULED,1631912400,HSL:4322_20210917_La_2_1242,322,HSL:4140225,Vehkalantie
49560,49560,0,49560,49560,0,False,SCHEDULED,1631912400,HSL:4322_20210917_La_2_1342,322,HSL:4140225,Vehkalantie
53160,53160,0,53160,53160,0,False,SCHEDULED,1631912400,HSL:4322_20210917_La_2_1442,322,HSL:4140225,Vehkalantie
56760,56760,0,56760,56760,0,False,SCHEDULED,1631912400,HSL:4322_20210917_La_2_1543,322,HSL:4140225,Vehkalantie
60360,60360,0,60360,60360,0,False,SCHEDULED,1631912400,HSL:4322_20210917_La_2_1643,322,HSL:4140225,Vehkalantie
45960,45960,0,45960,45960,0,False,SCHEDULED,1631912400,HSL:2502_20210917_La_1_1246,502,HSL:1113123,Karhupuisto
46800,46849,49,46800,46849,49,True,UPDATED,1631912400,HSL:2502_20210917_La_2_1228,502,HSL:1113123,Karhupuisto
47160,47160,0,47160,47160,0,False,SCHEDULED,1631912400,HSL:2502_20210917_La_1_1306,502,HSL:1113123,Karhupuisto
48000,48000,0,48000,48000,0,False,SCHEDULED,1631912400,HSL:2502_20210917_La_2_1248,502,HSL:1113123,Karhupuisto
48300,48300,0,48300,48300,0,False,SCHEDULED,1631912400,HSL:2502_20210917_La_1_1325,502,HSL:1113123,Karhupuisto
94500,94500,0,94500,94500,0,False,SCHEDULED,1631912400,HSL:1023N_20210917_La_2_2603,23N,HSL:1113126,Franzéninkatu
95700,95700,0,95700,95700,0,False,SCHEDULED,1631912400,HSL:1023N_20210917_La_2_2623,23N,HSL:1113126,Franzéninkatu
96900,96900,0,96900,96900,0,False,SCHEDULED,1631912400,HSL:1023N_20210917_La_2_2643,23N,HSL:1113126,Franzéninkatu
98100,98100,0,98100,98100,0,False,SCHEDULED,1631912400,HSL:1023N_20210917_La_2_2703,23N,HSL:1113126,Franzéninkatu
99300,99300,0,99300,99300,0,False,SCHEDULED,1631912400,HSL:1023N_20210917_La_2_2723,23N,HSL:1113126,Franzéninkatu
94860,94860,0,94860,94860,0,False,SCHEDULED,1631912400,HSL:1023N_20210917_La_1_2605,23N,HSL:1113125,Franzéninkatu
96060,96060,0,96060,96060,0,False,SCHEDULED,1631912400,HSL:1023N_20210917_La_1_2625,23N,HSL:1113125,Franzéninkatu
97260,97260,0,97260,97260,0,False,SCHEDULED,1631912400,HSL:1023N_20210917_La_1_2645,23N,HSL:1113125,Franzéninkatu
98400,98400,0,98400,98400,0,False,SCHEDULED,1631912400,HSL:1023N_20210917_La_1_2705,23N,HSL:1113125,Franzéninkatu
99600,99600,0,99600,99600,0,False,SCHEDULED,1631912400,HSL:1023N_20210917_La_1_2725,23N,HSL:1113125,Franzéninkatu
49740,49740,0,49740,49740,0,False,SCHEDULED,1631912400,HSL:9843_20210917_La_2_1345,843,HSL:9209208,Meriläntie
60540,60540,0,60540,60540,0,False,SCHEDULED,1631912400,HSL:9843_20210917_La_2_1645,843,HSL:9209208,Meriläntie
46380,46380,0,46380,46380,0,False,SCHEDULED,1631912400,HSL:4335B_20210917_La_1_1238,335B,HSL:4140221,Martinkyläntie 49
47220,47254,34,47220,47261,41,True,UPDATED,1631912400,HSL:2436_20210917_La_1_1232,436,HSL:4140221,Martinkyläntie 49
49980,49980,0,49980,49980,0,False,SCHEDULED,1631912400,HSL:4335B_20210917_La_1_1338,335B,HSL:4140221,Martinkyläntie 49
50820,50820,0,50820,50820,0,False,SCHEDULED,1631912400,HSL:2436_20210917_La_1_1332,436,HSL:4140221,Martinkyläntie 49
53580,53580,0,53580,53580,0,False,SCHEDULED,1631912400,HSL:4335B_20210917_La_1_1438,335B,HSL:4140221,Martinkyläntie 49
49680,49680,0,49680,49680,0,False,SCHEDULED,1631912400,HSL:9843_20210917_La_2_1345,843,HSL:9209209,Rantatie
60480,60480,0,60480,60480,0,False,SCHEDULED,1631912400,HSL:9843_20210917_La_2_1645,843,HSL:9209209,Rantatie
45300,45487,187,45300,45504,204,True,UPDATED,1631912400,HSL:1074_20210917_La_2_1152,74,HSL:1113127,Haapaniemi
45900,46071,171,45900,46086,186,True,UPDATED,1631912400,HSL:1073_20210917_La_2_1201,73,HSL:1113127,Haapaniemi
46200,46267,67,46200,46278,78,True,UPDATED,1631912400,HSL:4623K_20210917_La_2_1203,623K,HSL:1113127,Haapaniemi
46500,46478,-22,46500,46492,-8,True,UPDATED,1631912400,HSL:1074_20210917_La_2_1212,74,HSL:1113127,Haapaniemi
47100,47226,126,47100,47226,126,True,UPDATED,1631912400,HSL:1073_20210917_La_2_1221,73,HSL:1113127,Haapaniemi
46980,46980,0,46980,46980,0,False,SCHEDULED,1631912400,HSL:4576_20210917_La_2_1301,576,HSL:4230237,Rubiiniaukio
48720,48720,0,48720,48720,0,False,SCHEDULED,1631912400,HSL:4445_20210917_La_1_1330,445,HSL:4230237,Rubiiniaukio
50580,50580,0,50580,50580,0,False,SCHEDULED,1631912400,HSL:4576_20210917_La_2_1401,576,HSL:4230237,Rubiiniaukio
52320,52320,0,52320,52320,0,False,SCHEDULED,1631912400,HSL:4445_20210917_La_1_1430,445,HSL:4230237,Rubiiniaukio
54180,54180,0,54180,54180,0,False,SCHEDULED,1631912400,HSL:4576_20210917_La_2_1501,576,HSL:4230237,Rubiiniaukio
46440,46357,-83,46440,46435,-5,True,UPDATED,1631912400,HSL:4576_20210917_La_1_1210,576,HSL:4230236,Rubiiniaukio
48060,48060,0,48060,48060,0,False,SCHEDULED,1631912400,HSL:4445_20210917_La_2_1305,445,HSL:4230236,Rubiiniaukio
49980,49980,0,49980,49980,0,False,SCHEDULED,1631912400,HSL:4576_20210917_La_1_1309,576,HSL:4230236,Rubiiniaukio
51660,51660,0,51660,51660,0,False,SCHEDULED,1631912400,HSL:4445T_20210917_La_2_1355,445T,HSL:4230236,Rubiiniaukio
53580,53580,0,53580,53580,0,False,SCHEDULED,1631912400,HSL:4576_20210917_La_1_1409,576,HSL:4230236,Rubiiniaukio
46500,46435,-65,46500,46435,-65,True,UPDATED,1631912400,HSL:4576_20210917_La_1_1210,576,HSL:4230234,Aurinkokivenkuja
48120,48120,0,48120,48120,0,False,SCHEDULED,1631912400,HSL:4445_20210917_La_2_1305,445,HSL:4230234,Aurinkokivenkuja
50040,50040,0,50040,50040,0,False,SCHEDULED,1631912400,HSL:4576_20210917_La_1_1309,576,HSL:4230234,Aurinkokivenkuja
51720,51720,0,51720,51720,0,False,SCHEDULED,1631912400,HSL:4445T_20210917_La_2_1355,445T,HSL:4230234,Aurinkokivenkuja
53640,53640,0,53640,53640,0,False,SCHEDULED,1631912400,HSL:4576_20210917_La_1_1409,576,HSL:4230234,Aurinkokivenkuja
46620,46648,28,46620,46651,31,True,UPDATED,1631912400,HSL:4332_20210917_La_1_1217,332,HSL:4140214,Niittäjäntie
50220,50220,0,50220,50220,0,False,SCHEDULED,1631912400,HSL:4332_20210917_La_1_1317,332,HSL:4140214,Niittäjäntie
53820,53820,0,53820,53820,0,False,SCHEDULED,1631912400,HSL:4332_20210917_La_1_1417,332,HSL:4140214,Niittäjäntie
57420,57420,0,57420,57420,0,False,SCHEDULED,1631912400,HSL:4332_20210917_La_1_1517,332,HSL:4140214,Niittäjäntie
61020,61020,0,61020,61020,0,False,SCHEDULED,1631912400,HSL:4332_20210917_La_1_1617,332,HSL:4140214,Niittäjäntie
47640,47640,0,47640,47640,0,False,SCHEDULED,1631912400,HSL:4332_20210917_La_2_1306,332,HSL:4140215,Niittäjäntie
51240,51240,0,51240,51240,0,False,SCHEDULED,1631912400,HSL:4332_20210917_La_2_1406,332,HSL:4140215,Niittäjäntie
54840,54840,0,54840,54840,0,False,SCHEDULED,1631912400,HSL:4332_20210917_La_2_1506,332,HSL:4140215,Niittäjäntie
58440,58440,0,58440,58440,0,False,SCHEDULED,1631912400,HSL:4332_20210917_La_2_1606,332,HSL:4140215,Niittäjäntie
62040,62040,0,62040,62040,0,False,SCHEDULED,1631912400,HSL:4332_20210917_La_2_1706,332,HSL:4140215,Niittäjäntie
45900,45892,-8,45900,45892,-8,True,UPDATED,1631912400,HSL:2436_20210917_La_2_1229,436,HSL:4140216,Riihikuja
48000,48000,0,48000,48000,0,False,SCHEDULED,1631912400,HSL:4322_20210917_La_1_1241,322,HSL:4140216,Riihikuja
48000,48000,0,48000,48000,0,False,SCHEDULED,1631912400,HSL:4335B_20210917_La_2_1311,335B,HSL:4140216,Riihikuja
49500,49500,0,49500,49500,0,False,SCHEDULED,1631912400,HSL:2436_20210917_La_2_1329,436,HSL:4140216,Riihikuja
51600,51600,0,51600,51600,0,False,SCHEDULED,1631912400,HSL:4322_20210917_La_1_1341,322,HSL:4140216,Riihikuja
46260,46260,0,46260,46260,0,False,SCHEDULED,1631912400,HSL:4322_20210917_La_2_1242,322,HSL:4140217,Riihikuja
46440,46440,0,46440,46440,0,False,SCHEDULED,1631912400,HSL:4335B_20210917_La_1_1238,335B,HSL:4140217,Riihikuja
47280,47337,57,47280,47341,61,True,UPDATED,1631912400,HSL:2436_20210917_La_1_1232,436,HSL:4140217,Riihikuja
49860,49860,0,49860,49860,0,False,SCHEDULED,1631912400,HSL:4322_20210917_La_2_1342,322,HSL:4140217,Riihikuja
50040,50040,0,50040,50040,0,False,SCHEDULED,1631912400,HSL:4335B_20210917_La_1_1338,335B,HSL:4140217,Riihikuja
45720,45720,0,45720,45720,0,False,SCHEDULED,1631912400,HSL:4571_20210917_La_2_1241,571,HSL:4140210,Varistontie
47520,47520,0,47520,47520,0,False,SCHEDULED,1631912400,HSL:4571_20210917_La_2_1311,571,HSL:4140210,Varistontie
47880,47880,0,47880,47880,0,False,SCHEDULED,1631912400,HSL:4332_20210917_La_2_1306,332,HSL:4140210,Varistontie
49320,49320,0,49320,49320,0,False,SCHEDULED,1631912400,HSL:4571_20210917_La_2_1341,571,HSL:4140210,Varistontie
51120,51120,0,51120,51120,0,False,SCHEDULED,1631912400,HSL:4571_20210917_La_2_1411,571,HSL:4140210,Varistontie
55440,55440,0,55440,55440,0,False,SCHEDULED,1631912400,HSL:9787K_20210917_La_1_1410,787K,HSL:9400298,Koskitie
46920,46920,0,46920,46920,0,False,SCHEDULED,1631912400,HSL:4576_20210917_La_2_1301,576,HSL:4230233,Aurinkokivenkuja
48660,48660,0,48660,48660,0,False,SCHEDULED,1631912400,HSL:4445_20210917_La_1_1330,445,HSL:4230233,Aurinkokivenkuja
50520,50520,0,50520,50520,0,False,SCHEDULED,1631912400,HSL:4576_20210917_La_2_1401,576,HSL:4230233,Aurinkokivenkuja
52260,52260,0,52260,52260,0,False,SCHEDULED,1631912400,HSL:4445_20210917_La_1_1430,445,HSL:4230233,Aurinkokivenkuja
54120,54120,0,54120,54120,0,False,SCHEDULED,1631912400,HSL:4576_20210917_La_2_1501,576,HSL:4230233,Aurinkokivenkuja
46500,46542,42,46500,46543,43,True,UPDATED,1631912400,HSL:4332_20210917_La_1_1217,332,HSL:4140211,Varistontie
50100,50100,0,50100,50100,0,False,SCHEDULED,1631912400,HSL:4332_20210917_La_1_1317,332,HSL:4140211,Varistontie
53700,53700,0,53700,53700,0,False,SCHEDULED,1631912400,HSL:4332_20210917_La_1_1417,332,HSL:4140211,Varistontie
57300,57300,0,57300,57300,0,False,SCHEDULED,1631912400,HSL:4332_20210917_La_1_1517,332,HSL:4140211,Varistontie
60900,60900,0,60900,60900,0,False,SCHEDULED,1631912400,HSL:4332_20210917_La_1_1617,332,HSL:4140211,Varistontie
46140,46132,-8,46140,46136,-4,True,UPDATED,1631912400,HSL:4576_20210917_La_1_1210,576,HSL:4230232,Riipiläntie
47760,47760,0,47760,47760,0,False,SCHEDULED,1631912400,HSL:4445_20210917_La_2_1305,445,HSL:4230232,Riipiläntie
47820,47820,0,47820,47820,0,False,SCHEDULED,1631912400,HSL:4433K_20210917_La_1_1257,433K,HSL:4230232,Riipiläntie
49680,49680,0,49680,49680,0,False,SCHEDULED,1631912400,HSL:4576_20210917_La_1_1309,576,HSL:4230232,Riipiläntie
51420,51420,0,51420,51420,0,False,SCHEDULED,1631912400,HSL:4445T_20210917_La_2_1355,445T,HSL:4230232,Riipiläntie
46560,46586,26,46560,46588,28,True,UPDATED,1631912400,HSL:4332_20210917_La_1_1217,332,HSL:4140212,Suovatie
50160,50160,0,50160,50160,0,False,SCHEDULED,1631912400,HSL:4332_20210917_La_1_1317,332,HSL:4140212,Suovatie
53760,53760,0,53760,53760,0,False,SCHEDULED,1631912400,HSL:4332_20210917_La_1_1417,332,HSL:4140212,Suovatie
57360,57360,0,57360,57360,0,False,SCHEDULED,1631912400,HSL:4332_20210917_La_1_1517,332,HSL:4140212,Suovatie
60960,60960,0,60960,60960,0,False,SCHEDULED,1631912400,HSL:4332_20210917_La_1_1617,332,HSL:4140212,Suovatie
45360,45390,30,45360,45426,66,True,UPDATED,1631912400,HSL:4445T_20210917_La_1_1230,445T,HSL:4230231,Muskettikuja
47220,47220,0,47220,47220,0,False,SCHEDULED,1631912400,HSL:4576_20210917_La_2_1301,576,HSL:4230231,Muskettikuja
48300,48300,0,48300,48300,0,False,SCHEDULED,1631912400,HSL:4433K_20210917_La_2_1320,433K,HSL:4230231,Muskettikuja
48960,48960,0,48960,48960,0,False,SCHEDULED,1631912400,HSL:4445_20210917_La_1_1330,445,HSL:4230231,Muskettikuja
50820,50820,0,50820,50820,0,False,SCHEDULED,1631912400,HSL:4576_20210917_La_2_1401,576,HSL:4230231,Muskettikuja
47700,47700,0,47700,47700,0,False,SCHEDULED,1631912400,HSL:4332_20210917_La_2_1306,332,HSL:4140213,Suovatie
51300,51300,0,51300,51300,0,False,SCHEDULED,1631912400,HSL:4332_20210917_La_2_1406,332,HSL:4140213,Suovatie
54900,54900,0,54900,54900,0,False,SCHEDULED,1631912400,HSL:4332_20210917_La_2_1506,332,HSL:4140213,Suovatie
58500,58500,0,58500,58500,0,False,SCHEDULED,1631912400,HSL:4332_20210917_La_2_1606,332,HSL:4140213,Suovatie
62100,62100,0,62100,62100,0,False,SCHEDULED,1631912400,HSL:4332_20210917_La_2_1706,332,HSL:4140213,Suovatie
46200,46175,-25,46200,46176,-24,True,UPDATED,1631912400,HSL:4576_20210917_La_1_1210,576,HSL:4230230,Muskettikuja
47820,47820,0,47820,47820,0,False,SCHEDULED,1631912400,HSL:4445_20210917_La_2_1305,445,HSL:4230230,Muskettikuja
47880,47880,0,47880,47880,0,False,SCHEDULED,1631912400,HSL:4433K_20210917_La_1_1257,433K,HSL:4230230,Muskettikuja
49740,49740,0,49740,49740,0,False,SCHEDULED,1631912400,HSL:4576_20210917_La_1_1309,576,HSL:4230230,Muskettikuja
51480,51480,0,51480,51480,0,False,SCHEDULED,1631912400,HSL:4445T_20210917_La_2_1355,445T,HSL:4230230,Muskettikuja
56160,56160,0,56160,56160,0,False,SCHEDULED,1631912400,HSL:9787B_20210917_La_2_1535,787B,HSL:9400297,Koskitie
45180,45553,373,45180,45558,378,True,UPDATED,1631912400,HSL:4571_20210917_La_1_1130,571,HSL:4140207,Ulkoniitynkuja
46980,47016,36,46980,47016,36,True,UPDATED,1631912400,HSL:4571_20210917_La_1_1159,571,HSL:4140207,Ulkoniitynkuja
48780,48826,46,48780,48831,51,True,UPDATED,1631912400,HSL:4571_20210917_La_1_1228,571,HSL:4140207,Ulkoniitynkuja
50580,50580,0,50580,50580,0,False,SCHEDULED,1631912400,HSL:4571_20210917_La_1_1258,571,HSL:4140207,Ulkoniitynkuja
52380,52380,0,52380,52380,0,False,SCHEDULED,1631912400,HSL:4571_20210917_La_1_1328,571,HSL:4140207,Ulkoniitynkuja
45780,45780,0,45780,45780,0,False,SCHEDULED,1631912400,HSL:4571_20210917_La_2_1241,571,HSL:4140208,Ulkoniitynkuja
47580,47580,0,47580,47580,0,False,SCHEDULED,1631912400,HSL:4571_20210917_La_2_1311,571,HSL:4140208,Ulkoniitynkuja
49380,49380,0,49380,49380,0,False,SCHEDULED,1631912400,HSL:4571_20210917_La_2_1341,571,HSL:4140208,Ulkoniitynkuja
51180,51180,0,51180,51180,0,False,SCHEDULED,1631912400,HSL:4571_20210917_La_2_1411,571,HSL:4140208,Ulkoniitynkuja
52980,52980,0,52980,52980,0,False,SCHEDULED,1631912400,HSL:4571_20210917_La_2_1441,571,HSL:4140208,Ulkoniitynkuja
45240,45589,349,45240,45595,355,True,UPDATED,1631912400,HSL:4571_20210917_La_1_1130,571,HSL:4140209,Varistontie
46380,46426,46,46380,46427,47,True,UPDATED,1631912400,HSL:4332_20210917_La_1_1217,332,HSL:4140209,Varistontie
47040,47051,11,47040,47051,11,True,UPDATED,1631912400,HSL:4571_20210917_La_1_1159,571,HSL:4140209,Varistontie
47760,47760,0,47760,47760,0,False,SCHEDULED,1631912400,HSL:4332_20210917_La_2_1306,332,HSL:4140209,Varistontie
48840,48858,18,48840,48866,26,True,UPDATED,1631912400,HSL:4571_20210917_La_1_1228,571,HSL:4140209,Varistontie
48000,48000,0,48000,48000,0,False,SCHEDULED,1631912400,HSL:4433K_20210917_La_2_1320,433K,HSL:4230247,Kivistön asema
48660,48660,0,48660,48660,0,False,SCHEDULED,1631912400,HSL:4443_20210917_La_1_1331,443,HSL:4230247,Kivistön asema
51600,51600,0,51600,51600,0,False,SCHEDULED,1631912400,HSL:4433K_20210917_La_2_1420,433K,HSL:4230247,Kivistön asema
52260,52260,0,52260,52260,0,False,SCHEDULED,1631912400,HSL:4443_20210917_La_1_1431,443,HSL:4230247,Kivistön asema
55200,55200,0,55200,55200,0,False,SCHEDULED,1631912400,HSL:4433K_20210917_La_2_1520,433K,HSL:4230247,Kivistön asema
46200,46200,0,46200,46200,0,False,SCHEDULED,1631912400,HSL:4434_20210917_La_1_1250,434,HSL:4230246,Kivistön asema
46860,46860,0,46860,46860,0,False,SCHEDULED,1631912400,HSL:4576_20210917_La_2_1301,576,HSL:4230246,Kivistön asema
47400,47400,0,47400,47400,0,False,SCHEDULED,1631912400,HSL:4434_20210917_La_1_1310,434,HSL:4230246,Kivistön asema
48600,48600,0,48600,48600,0,False,SCHEDULED,1631912400,HSL:4445_20210917_La_1_1330,445,HSL:4230246,Kivistön asema
48600,48600,0,48600,48600,0,False,SCHEDULED,1631912400,HSL:4434_20210917_La_1_1330,434,HSL:4230246,Kivistön asema
87480,87480,0,87480,87480,0,False,SCHEDULED,1631912400,HSL:4431N_20210917_La_2_2418,431N,HSL:4230245,Kivistön asema
91200,91200,0,91200,91200,0,False,SCHEDULED,1631912400,HSL:4431N_20210917_La_2_2520,431N,HSL:4230245,Kivistön asema
95160,95160,0,95160,95160,0,False,SCHEDULED,1631912400,HSL:4431N_20210917_La_2_2626,431N,HSL:4230245,Kivistön asema
20940,20940,0,20940,20940,0,False,SCHEDULED,1631998800,HSL:4431N_20210917_Su_2_0549,431N,HSL:4230245,Kivistön asema
24540,24540,0,24540,24540,0,False,SCHEDULED,1631998800,HSL:4431N_20210917_Su_2_0649,431N,HSL:4230245,Kivistön asema
91320,91320,0,91320,91320,0,False,SCHEDULED,1631912400,HSL:2436N_20210917_La_1_2448,436N,HSL:4140203,Santamäentie
94920,94920,0,94920,94920,0,False,SCHEDULED,1631912400,HSL:2436N_20210917_La_1_2548,436N,HSL:4140203,Santamäentie
98520,98520,0,98520,98520,0,False,SCHEDULED,1631912400,HSL:2436N_20210917_La_1_2648,436N,HSL:4140203,Santamäentie
102060,102060,0,102060,102060,0,False,SCHEDULED,1631912400,HSL:2436N_20210917_La_1_2748,436N,HSL:4140203,Santamäentie
46380,46311,-69,46380,46315,-65,True,UPDATED,1631912400,HSL:4576_20210917_La_1_1210,576,HSL:4230240,Lippupuisto
48000,48000,0,48000,48000,0,False,SCHEDULED,1631912400,HSL:4445_20210917_La_2_1305,445,HSL:4230240,Lippupuisto
49920,49920,0,49920,49920,0,False,SCHEDULED,1631912400,HSL:4576_20210917_La_1_1309,576,HSL:4230240,Lippupuisto
51600,51600,0,51600,51600,0,False,SCHEDULED,1631912400,HSL:4445T_20210917_La_2_1355,445T,HSL:4230240,Lippupuisto
53520,53520,0,53520,53520,0,False,SCHEDULED,1631912400,HSL:4576_20210917_La_1_1409,576,HSL:4230240,Lippupuisto
86640,86640,0,86640,86640,0,False,SCHEDULED,1631912400,HSL:2436N_20210917_La_2_2350,436N,HSL:4140204,Santamäentie
90180,90180,0,90180,90180,0,False,SCHEDULED,1631912400,HSL:2436N_20210917_La_2_2450,436N,HSL:4140204,Santamäentie
93780,93780,0,93780,93780,0,False,SCHEDULED,1631912400,HSL:2436N_20210917_La_2_2550,436N,HSL:4140204,Santamäentie
97080,97080,0,97080,97080,0,False,SCHEDULED,1631912400,HSL:2436N_20210917_La_2_2645,436N,HSL:4140204,Santamäentie
20880,20880,0,20880,20880,0,False,SCHEDULED,1631998800,HSL:2436N_20210917_Su_2_0534,436N,HSL:4140204,Santamäentie
91380,91380,0,91380,91380,0,False,SCHEDULED,1631912400,HSL:2436N_20210917_La_1_2448,436N,HSL:4140205,Ainontie
94980,94980,0,94980,94980,0,False,SCHEDULED,1631912400,HSL:2436N_20210917_La_1_2548,436N,HSL:4140205,Ainontie
98580,98580,0,98580,98580,0,False,SCHEDULED,1631912400,HSL:2436N_20210917_La_1_2648,436N,HSL:4140205,Ainontie
102120,102120,0,102120,102120,0,False,SCHEDULED,1631912400,HSL:2436N_20210917_La_1_2748,436N,HSL:4140205,Ainontie
86580,86580,0,86580,86580,0,False,SCHEDULED,1631912400,HSL:2436N_20210917_La_2_2350,436N,HSL:4140206,Ainontie
90120,90120,0,90120,90120,0,False,SCHEDULED,1631912400,HSL:2436N_20210917_La_2_2450,436N,HSL:4140206,Ainontie
93720,93720,0,93720,93720,0,False,SCHEDULED,1631912400,HSL:2436N_20210917_La_2_2550,436N,HSL:4140206,Ainontie
97020,97020,0,97020,97020,0,False,SCHEDULED,1631912400,HSL:2436N_20210917_La_2_2645,436N,HSL:4140206,Ainontie
20820,20820,0,20820,20820,0,False,SCHEDULED,1631998800,HSL:2436N_20210917_Su_2_0534,436N,HSL:4140206,Ainontie
45960,45960,0,45960,45960,0,True,UPDATED,1631912400,HSL:4434_20210917_La_2_1242,434,HSL:4230244,Kivistön asema
46560,46498,-62,46560,46498,-62,True,UPDATED,1631912400,HSL:4576_20210917_La_1_1210,576,HSL:4230244,Kivistön asema
47040,47040,0,47040,47040,0,False,SCHEDULED,1631912400,HSL:4443_20210917_La_2_1251,443,HSL:4230244,Kivistön asema
47160,47160,0,47160,47160,0,False,SCHEDULED,1631912400,HSL:4434_20210917_La_2_1302,434,HSL:4230244,Kivistön asema
48180,48180,0,48180,48180,0,False,SCHEDULED,1631912400,HSL:4445_20210917_La_2_1305,445,HSL:4230244,Kivistön asema
47040,47040,0,47040,47040,0,False,SCHEDULED,1631912400,HSL:4576_20210917_La_2_1301,576,HSL:4230243,Lippukuja
48780,48780,0,48780,48780,0,False,SCHEDULED,1631912400,HSL:4445_20210917_La_1_1330,445,HSL:4230243,Lippukuja
50640,50640,0,50640,50640,0,False,SCHEDULED,1631912400,HSL:4576_20210917_La_2_1401,576,HSL:4230243,Lippukuja
52380,52380,0,52380,52380,0,False,SCHEDULED,1631912400,HSL:4445_20210917_La_1_1430,445,HSL:4230243,Lippukuja
54240,54240,0,54240,54240,0,False,SCHEDULED,1631912400,HSL:4576_20210917_La_2_1501,576,HSL:4230243,Lippukuja
46320,46281,-39,46320,46282,-38,True,UPDATED,1631912400,HSL:4576_20210917_La_1_1210,576,HSL:4230242,Lippukuja
47940,47940,0,47940,47940,0,False,SCHEDULED,1631912400,HSL:4445_20210917_La_2_1305,445,HSL:4230242,Lippukuja
49860,49860,0,49860,49860,0,False,SCHEDULED,1631912400,HSL:4576_20210917_La_1_1309,576,HSL:4230242,Lippukuja
51600,51600,0,51600,51600,0,False,SCHEDULED,1631912400,HSL:4445T_20210917_La_2_1355,445T,HSL:4230242,Lippukuja
53460,53460,0,53460,53460,0,False,SCHEDULED,1631912400,HSL:4576_20210917_La_1_1409,576,HSL:4230242,Lippukuja
47040,47040,0,47040,47040,0,False,SCHEDULED,1631912400,HSL:4576_20210917_La_2_1301,576,HSL:4230241,Lippupuisto
48780,48780,0,48780,48780,0,False,SCHEDULED,1631912400,HSL:4445_20210917_La_1_1330,445,HSL:4230241,Lippupuisto
50640,50640,0,50640,50640,0,False,SCHEDULED,1631912400,HSL:4576_20210917_La_2_1401,576,HSL:4230241,Lippupuisto
52380,52380,0,52380,52380,0,False,SCHEDULED,1631912400,HSL:4445_20210917_La_1_1430,445,HSL:4230241,Lippupuisto
54240,54240,0,54240,54240,0,False,SCHEDULED,1631912400,HSL:4576_20210917_La_2_1501,576,HSL:4230241,Lippupuisto
45300,45334,34,45300,45336,36,True,UPDATED,1631912400,HSL:4443_20210917_La_1_1231,443,HSL:4230215,Kylänpääntie
48900,48900,0,48900,48900,0,False,SCHEDULED,1631912400,HSL:4443_20210917_La_1_1331,443,HSL:4230215,Kylänpääntie
52500,52500,0,52500,52500,0,False,SCHEDULED,1631912400,HSL:4443_20210917_La_1_1431,443,HSL:4230215,Kylänpääntie
56100,56100,0,56100,56100,0,False,SCHEDULED,1631912400,HSL:4443_20210917_La_1_1531,443,HSL:4230215,Kylänpääntie
59700,59700,0,59700,59700,0,False,SCHEDULED,1631912400,HSL:4443_20210917_La_1_1631,443,HSL:4230215,Kylänpääntie
46860,46860,0,46860,46860,0,False,SCHEDULED,1631912400,HSL:4443_20210917_La_2_1251,443,HSL:4230214,Metsätorpantie
50460,50460,0,50460,50460,0,False,SCHEDULED,1631912400,HSL:4443_20210917_La_2_1351,443,HSL:4230214,Metsätorpantie
54060,54060,0,54060,54060,0,False,SCHEDULED,1631912400,HSL:4443_20210917_La_2_1451,443,HSL:4230214,Metsätorpantie
57660,57660,0,57660,57660,0,False,SCHEDULED,1631912400,HSL:4443_20210917_La_2_1551,443,HSL:4230214,Metsätorpantie
61260,61260,0,61260,61260,0,False,SCHEDULED,1631912400,HSL:4443_20210917_La_2_1651,443,HSL:4230214,Metsätorpantie
48840,48840,0,48840,48840,0,False,SCHEDULED,1631912400,HSL:4443_20210917_La_1_1331,443,HSL:4230213,Metsätorpantie
52440,52440,0,52440,52440,0,False,SCHEDULED,1631912400,HSL:4443_20210917_La_1_1431,443,HSL:4230213,Metsätorpantie
56040,56040,0,56040,56040,0,False,SCHEDULED,1631912400,HSL:4443_20210917_La_1_1531,443,HSL:4230213,Metsätorpantie
59640,59640,0,59640,59640,0,False,SCHEDULED,1631912400,HSL:4443_20210917_La_1_1631,443,HSL:4230213,Metsätorpantie
63240,63240,0,63240,63240,0,False,SCHEDULED,1631912400,HSL:4443_20210917_La_1_1731,443,HSL:4230213,Metsätorpantie
46860,46860,0,46860,46860,0,False,SCHEDULED,1631912400,HSL:4443_20210917_La_2_1251,443,HSL:4230212,Moreenitie
50460,50460,0,50460,50460,0,False,SCHEDULED,1631912400,HSL:4443_20210917_La_2_1351,443,HSL:4230212,Moreenitie
54060,54060,0,54060,54060,0,False,SCHEDULED,1631912400,HSL:4443_20210917_La_2_1451,443,HSL:4230212,Moreenitie
57660,57660,0,57660,57660,0,False,SCHEDULED,1631912400,HSL:4443_20210917_La_2_1551,443,HSL:4230212,Moreenitie
61260,61260,0,61260,61260,0,False,SCHEDULED,1631912400,HSL:4443_20210917_La_2_1651,443,HSL:4230212,Moreenitie
45420,45420,0,45420,45423,3,True,UPDATED,1631912400,HSL:4443_20210917_La_1_1231,443,HSL:4230219,Backas Keimola
49020,49020,0,49020,49020,0,False,SCHEDULED,1631912400,HSL:4443_20210917_La_1_1331,443,HSL:4230219,Backas Keimola
52620,52620,0,52620,52620,0,False,SCHEDULED,1631912400,HSL:4443_20210917_La_1_1431,443,HSL:4230219,Backas Keimola
56220,56220,0,56220,56220,0,False,SCHEDULED,1631912400,HSL:4443_20210917_La_1_1531,443,HSL:4230219,Backas Keimola
59820,59820,0,59820,59820,0,False,SCHEDULED,1631912400,HSL:4443_20210917_La_1_1631,443,HSL:4230219,Backas Keimola
46680,46680,0,46680,46680,0,False,SCHEDULED,1631912400,HSL:4443_20210917_La_2_1251,443,HSL:4230218,Petas
50280,50280,0,50280,50280,0,False,SCHEDULED,1631912400,HSL:4443_20210917_La_2_1351,443,HSL:4230218,Petas
53880,53880,0,53880,53880,0,False,SCHEDULED,1631912400,HSL:4443_20210917_La_2_1451,443,HSL:4230218,Petas
57480,57480,0,57480,57480,0,False,SCHEDULED,1631912400,HSL:4443_20210917_La_2_1551,443,HSL:4230218,Petas
61080,61080,0,61080,61080,0,False,SCHEDULED,1631912400,HSL:4443_20210917_La_2_1651,443,HSL:4230218,Petas
45360,45388,28,45360,45390,30,True,UPDATED,1631912400,HSL:4443_20210917_La_1_1231,443,HSL:4230217,Petas
48960,48960,0,48960,48960,0,False,SCHEDULED,1631912400,HSL:4443_20210917_La_1_1331,443,HSL:4230217,Petas
52560,52560,0,52560,52560,0,False,SCHEDULED,1631912400,HSL:4443_20210917_La_1_1431,443,HSL:4230217,Petas
56160,56160,0,56160,56160,0,False,SCHEDULED,1631912400,HSL:4443_20210917_La_1_1531,443,HSL:4230217,Petas
59760,59760,0,59760,59760,0,False,SCHEDULED,1631912400,HSL:4443_20210917_La_1_1631,443,HSL:4230217,Petas
46740,46740,0,46740,46740,0,False,SCHEDULED,1631912400,HSL:4443_20210917_La_2_1251,443,HSL:4230216,Kylänpääntie
50340,50340,0,50340,50340,0,False,SCHEDULED,1631912400,HSL:4443_20210917_La_2_1351,443,HSL:4230216,Kylänpääntie
53940,53940,0,53940,53940,0,False,SCHEDULED,1631912400,HSL:4443_20210917_La_2_1451,443,HSL:4230216,Kylänpääntie
57540,57540,0,57540,57540,0,False,SCHEDULED,1631912400,HSL:4443_20210917_La_2_1551,443,HSL:4230216,Kylänpääntie
61140,61140,0,61140,61140,0,False,SCHEDULED,1631912400,HSL:4443_20210917_La_2_1651,443,HSL:4230216,Kylänpääntie
48840,48840,0,48840,48840,0,False,SCHEDULED,1631912400,HSL:4443_20210917_La_1_1331,443,HSL:4230211,Moreenitie
52440,52440,0,52440,52440,0,False,SCHEDULED,1631912400,HSL:4443_20210917_La_1_1431,443,HSL:4230211,Moreenitie
56040,56040,0,56040,56040,0,False,SCHEDULED,1631912400,HSL:4443_20210917_La_1_1531,443,HSL:4230211,Moreenitie
59640,59640,0,59640,59640,0,False,SCHEDULED,1631912400,HSL:4443_20210917_La_1_1631,443,HSL:4230211,Moreenitie
63240,63240,0,63240,63240,0,False,SCHEDULED,1631912400,HSL:4443_20210917_La_1_1731,443,HSL:4230211,Moreenitie
46920,46920,0,46920,46920,0,False,SCHEDULED,1631912400,HSL:4443_20210917_La_2_1251,443,HSL:4230209,Sälpäkuja
48060,48060,0,48060,48060,0,False,SCHEDULED,1631912400,HSL:4433K_20210917_La_1_1257,433K,HSL:4230209,Sälpäkuja
50520,50520,0,50520,50520,0,False,SCHEDULED,1631912400,HSL:4443_20210917_La_2_1351,443,HSL:4230209,Sälpäkuja
51660,51660,0,51660,51660,0,False,SCHEDULED,1631912400,HSL:4433K_20210917_La_1_1357,433K,HSL:4230209,Sälpäkuja
54120,54120,0,54120,54120,0,False,SCHEDULED,1631912400,HSL:4443_20210917_La_2_1451,443,HSL:4230209,Sälpäkuja
46260,46201,-59,46260,46204,-56,True,UPDATED,1631912400,HSL:4576_20210917_La_1_1210,576,HSL:4230226,Kenraalintie
47880,47880,0,47880,47880,0,False,SCHEDULED,1631912400,HSL:4445_20210917_La_2_1305,445,HSL:4230226,Kenraalintie
47940,47940,0,47940,47940,0,False,SCHEDULED,1631912400,HSL:4433K_20210917_La_1_1257,433K,HSL:4230226,Kenraalintie
49800,49800,0,49800,49800,0,False,SCHEDULED,1631912400,HSL:4576_20210917_La_1_1309,576,HSL:4230226,Kenraalintie
51480,51480,0,51480,51480,0,False,SCHEDULED,1631912400,HSL:4445T_20210917_La_2_1355,445T,HSL:4230226,Kenraalintie
46260,46214,-46,46260,46214,-46,True,UPDATED,1631912400,HSL:4576_20210917_La_1_1210,576,HSL:4230224,Ritaritie
47880,47880,0,47880,47880,0,False,SCHEDULED,1631912400,HSL:4445_20210917_La_2_1305,445,HSL:4230224,Ritaritie
47940,47940,0,47940,47940,0,False,SCHEDULED,1631912400,HSL:4433K_20210917_La_1_1257,433K,HSL:4230224,Ritaritie
49800,49800,0,49800,49800,0,False,SCHEDULED,1631912400,HSL:4576_20210917_La_1_1309,576,HSL:4230224,Ritaritie
51540,51540,0,51540,51540,0,False,SCHEDULED,1631912400,HSL:4445T_20210917_La_2_1355,445T,HSL:4230224,Ritaritie
45600,45683,83,45600,45683,83,True,UPDATED,1631912400,HSL:3002U_20210917_La_1_1212,U,HSL:2511501,Kauklahti
47400,47400,0,47400,47400,0,False,SCHEDULED,1631912400,HSL:3002U_20210917_La_1_1242,U,HSL:2511501,Kauklahti
49200,49200,0,49200,49200,0,False,SCHEDULED,1631912400,HSL:3002U_20210917_La_1_1312,U,HSL:2511501,Kauklahti
51000,51000,0,51000,51000,0,False,SCHEDULED,1631912400,HSL:3002U_20210917_La_1_1342,U,HSL:2511501,Kauklahti
52800,52800,0,52800,52800,0,False,SCHEDULED,1631912400,HSL:3002U_20210917_La_1_1412,U,HSL:2511501,Kauklahti
47160,47160,0,47160,47160,0,False,SCHEDULED,1631912400,HSL:4576_20210917_La_2_1301,576,HSL:4230223,Ritaritie
48240,48240,0,48240,48240,0,False,SCHEDULED,1631912400,HSL:4433K_20210917_La_2_1320,433K,HSL:4230223,Ritaritie
48900,48900,0,48900,48900,0,False,SCHEDULED,1631912400,HSL:4445_20210917_La_1_1330,445,HSL:4230223,Ritaritie
50760,50760,0,50760,50760,0,False,SCHEDULED,1631912400,HSL:4576_20210917_La_2_1401,576,HSL:4230223,Ritaritie
51840,51840,0,51840,51840,0,False,SCHEDULED,1631912400,HSL:4433K_20210917_La_2_1420,433K,HSL:4230223,Ritaritie
45300,45334,34,45300,45390,90,True,UPDATED,1631912400,HSL:4445T_20210917_La_1_1230,445T,HSL:4230229,Kannistontie
47160,47160,0,47160,47160,0,False,SCHEDULED,1631912400,HSL:4576_20210917_La_2_1301,576,HSL:4230229,Kannistontie
48240,48240,0,48240,48240,0,False,SCHEDULED,1631912400,HSL:4433K_20210917_La_2_1320,433K,HSL:4230229,Kannistontie
48900,48900,0,48900,48900,0,False,SCHEDULED,1631912400,HSL:4445_20210917_La_1_1330,445,HSL:4230229,Kannistontie
50760,50760,0,50760,50760,0,False,SCHEDULED,1631912400,HSL:4576_20210917_La_2_1401,576,HSL:4230229,Kannistontie
48060,48060,0,48060,48060,0,False,SCHEDULED,1631912400,HSL:4433K_20210917_La_1_1257,433K,HSL:4230228,Liusketie
51660,51660,0,51660,51660,0,False,SCHEDULED,1631912400,HSL:4433K_20210917_La_1_1357,433K,HSL:4230228,Liusketie
55260,55260,0,55260,55260,0,False,SCHEDULED,1631912400,HSL:4433K_20210917_La_1_1457,433K,HSL:4230228,Liusketie
58860,58860,0,58860,58860,0,False,SCHEDULED,1631912400,HSL:4433K_20210917_La_1_1557,433K,HSL:4230228,Liusketie
62460,62460,0,62460,62460,0,False,SCHEDULED,1631912400,HSL:4433K_20210917_La_1_1657,433K,HSL:4230228,Liusketie
48180,48180,0,48180,48180,0,False,SCHEDULED,1631912400,HSL:4433K_20210917_La_2_1320,433K,HSL:4230227,Liusketie
51780,51780,0,51780,51780,0,False,SCHEDULED,1631912400,HSL:4433K_20210917_La_2_1420,433K,HSL:4230227,Liusketie
55380,55380,0,55380,55380,0,False,SCHEDULED,1631912400,HSL:4433K_20210917_La_2_1520,433K,HSL:4230227,Liusketie
58980,58980,0,58980,58980,0,False,SCHEDULED,1631912400,HSL:4433K_20210917_La_2_1620,433K,HSL:4230227,Liusketie
62580,62580,0,62580,62580,0,False,SCHEDULED,1631912400,HSL:4433K_20210917_La_2_1720,433K,HSL:4230227,Liusketie
46320,46244,-76,46320,46244,-76,True,UPDATED,1631912400,HSL:4576_20210917_La_1_1210,576,HSL:4230222,Huovintie
47940,47940,0,47940,47940,0,False,SCHEDULED,1631912400,HSL:4445_20210917_La_2_1305,445,HSL:4230222,Huovintie
48000,48000,0,48000,48000,0,False,SCHEDULED,1631912400,HSL:4433K_20210917_La_1_1257,433K,HSL:4230222,Huovintie
49860,49860,0,49860,49860,0,False,SCHEDULED,1631912400,HSL:4576_20210917_La_1_1309,576,HSL:4230222,Huovintie
51540,51540,0,51540,51540,0,False,SCHEDULED,1631912400,HSL:4445T_20210917_La_2_1355,445T,HSL:4230222,Huovintie
47100,47100,0,47100,47100,0,False,SCHEDULED,1631912400,HSL:4576_20210917_La_2_1301,576,HSL:4230221,Huovintie
48240,48240,0,48240,48240,0,False,SCHEDULED,1631912400,HSL:4433K_20210917_La_2_1320,433K,HSL:4230221,Huovintie
48840,48840,0,48840,48840,0,False,SCHEDULED,1631912400,HSL:4445_20210917_La_1_1330,445,HSL:4230221,Huovintie
50700,50700,0,50700,50700,0,False,SCHEDULED,1631912400,HSL:4576_20210917_La_2_1401,576,HSL:4230221,Huovintie
51840,51840,0,51840,51840,0,False,SCHEDULED,1631912400,HSL:4433K_20210917_La_2_1420,433K,HSL:4230221,Huovintie
46620,46620,0,46620,46620,0,False,SCHEDULED,1631912400,HSL:4443_20210917_La_2_1251,443,HSL:4230220,Backas Keimola
50220,50220,0,50220,50220,0,False,SCHEDULED,1631912400,HSL:4443_20210917_La_2_1351,443,HSL:4230220,Backas Keimola
53820,53820,0,53820,53820,0,False,SCHEDULED,1631912400,HSL:4443_20210917_La_2_1451,443,HSL:4230220,Backas Keimola
57420,57420,0,57420,57420,0,False,SCHEDULED,1631912400,HSL:4443_20210917_La_2_1551,443,HSL:4230220,Backas Keimola
61020,61020,0,61020,61020,0,False,SCHEDULED,1631912400,HSL:4443_20210917_La_2_1651,443,HSL:4230220,Backas Keimola
46380,46380,0,46380,46380,0,False,SCHEDULED,1631912400,HSL:9973_20210917_La_2_1250,973,HSL:9030213,Nikonkatu
48180,48180,0,48180,48180,0,False,SCHEDULED,1631912400,HSL:9973_20210917_La_2_1320,973,HSL:9030213,Nikonkatu
49980,49980,0,49980,49980,0,False,SCHEDULED,1631912400,HSL:9973_20210917_La_2_1350,973,HSL:9030213,Nikonkatu
51780,51780,0,51780,51780,0,False,SCHEDULED,1631912400,HSL:9973_20210917_La_2_1420,973,HSL:9030213,Nikonkatu
53580,53580,0,53580,53580,0,False,SCHEDULED,1631912400,HSL:9973_20210917_La_2_1450,973,HSL:9030213,Nikonkatu
48180,48180,0,48180,48180,0,False,SCHEDULED,1631912400,HSL:4719K_20210917_La_1_1310,719K,HSL:4920208,Rapuojantie
50880,50880,0,50880,50880,0,False,SCHEDULED,1631912400,HSL:4719K_20210917_La_1_1355,719K,HSL:4920208,Rapuojantie
53580,53580,0,53580,53580,0,False,SCHEDULED,1631912400,HSL:4719K_20210917_La_1_1440,719K,HSL:4920208,Rapuojantie
48000,48000,0,48000,48000,0,False,SCHEDULED,1631912400,HSL:4719K_20210917_La_1_1310,719K,HSL:4920207,Rapuojantie
50700,50700,0,50700,50700,0,False,SCHEDULED,1631912400,HSL:4719K_20210917_La_1_1355,719K,HSL:4920207,Rapuojantie
53400,53400,0,53400,53400,0,False,SCHEDULED,1631912400,HSL:4719K_20210917_La_1_1440,719K,HSL:4920207,Rapuojantie
48240,48240,0,48240,48240,0,False,SCHEDULED,1631912400,HSL:4719K_20210917_La_1_1310,719K,HSL:4920206,Nevaniityntie
50940,50940,0,50940,50940,0,False,SCHEDULED,1631912400,HSL:4719K_20210917_La_1_1355,719K,HSL:4920206,Nevaniityntie
53640,53640,0,53640,53640,0,False,SCHEDULED,1631912400,HSL:4719K_20210917_La_1_1440,719K,HSL:4920206,Nevaniityntie
47940,47940,0,47940,47940,0,False,SCHEDULED,1631912400,HSL:4719K_20210917_La_1_1310,719K,HSL:4920205,Nevaniityntie
50640,50640,0,50640,50640,0,False,SCHEDULED,1631912400,HSL:4719K_20210917_La_1_1355,719K,HSL:4920205,Nevaniityntie
53340,53340,0,53340,53340,0,False,SCHEDULED,1631912400,HSL:4719K_20210917_La_1_1440,719K,HSL:4920205,Nevaniityntie
48300,48300,0,48300,48300,0,False,SCHEDULED,1631912400,HSL:4719K_20210917_La_1_1310,719K,HSL:4920204,Kaivolanmäki
51000,51000,0,51000,51000,0,False,SCHEDULED,1631912400,HSL:4719K_20210917_La_1_1355,719K,HSL:4920204,Kaivolanmäki
53700,53700,0,53700,53700,0,False,SCHEDULED,1631912400,HSL:4719K_20210917_La_1_1440,719K,HSL:4920204,Kaivolanmäki
47940,47940,0,47940,47940,0,False,SCHEDULED,1631912400,HSL:4719K_20210917_La_1_1310,719K,HSL:4920203,Kaivolanmäki
50640,50640,0,50640,50640,0,False,SCHEDULED,1631912400,HSL:4719K_20210917_La_1_1355,719K,HSL:4920203,Kaivolanmäki
53340,53340,0,53340,53340,0,False,SCHEDULED,1631912400,HSL:4719K_20210917_La_1_1440,719K,HSL:4920203,Kaivolanmäki
48300,48300,0,48300,48300,0,False,SCHEDULED,1631912400,HSL:4719K_20210917_La_1_1310,719K,HSL:4920202,Pitkäniityntie
51000,51000,0,51000,51000,0,False,SCHEDULED,1631912400,HSL:4719K_20210917_La_1_1355,719K,HSL:4920202,Pitkäniityntie
53700,53700,0,53700,53700,0,False,SCHEDULED,1631912400,HSL:4719K_20210917_La_1_1440,719K,HSL:4920202,Pitkäniityntie
47880,47880,0,47880,47880,0,False,SCHEDULED,1631912400,HSL:4719K_20210917_La_1_1310,719K,HSL:4920201,Pitkäniityntie
50580,50580,0,50580,50580,0,False,SCHEDULED,1631912400,HSL:4719K_20210917_La_1_1355,719K,HSL:4920201,Pitkäniityntie
53280,53280,0,53280,53280,0,False,SCHEDULED,1631912400,HSL:4719K_20210917_La_1_1440,719K,HSL:4920201,Pitkäniityntie
45300,45308,8,45300,45310,10,True,UPDATED,1631912400,HSL:1037_20210917_La_1_1224,37,HSL:1150101,Töölön tulli
45720,45727,7,45720,45751,31,True,UPDATED,1631912400,HSL:1041_20210917_La_1_1231,41,HSL:1150101,Töölön tulli
46080,46080,0,46080,46080,0,False,SCHEDULED,1631912400,HSL:1042_20210917_La_1_1237,42,HSL:1150101,Töölön tulli
46500,46500,0,46500,46500,0,False,SCHEDULED,1631912400,HSL:1037_20210917_La_1_1244,37,HSL:1150101,Töölön tulli
46920,46920,0,46920,46920,0,False,SCHEDULED,1631912400,HSL:1041_20210917_La_1_1251,41,HSL:1150101,Töölön tulli
45300,45359,59,45300,45371,71,True,UPDATED,1631912400,HSL:1041_20210917_La_2_1211,41,HSL:1150102,Töölön tulli
45720,45829,109,45720,45850,130,True,UPDATED,1631912400,HSL:1037_20210917_La_2_1213,37,HSL:1150102,Töölön tulli
46500,46432,-68,46500,46453,-47,True,UPDATED,1631912400,HSL:1041_20210917_La_2_1231,41,HSL:1150102,Töölön tulli
46080,46549,469,46080,46560,480,True,UPDATED,1631912400,HSL:1042_20210917_La_2_1226,42,HSL:1150102,Töölön tulli
46920,46920,0,46920,46920,0,False,SCHEDULED,1631912400,HSL:1037_20210917_La_2_1233,37,HSL:1150102,Töölön tulli
45240,45297,57,45240,45353,113,True,UPDATED,1631912400,HSL:1020_20210917_La_1_1215,20,HSL:1150107,Naistenklinikka
45660,45477,-183,45660,45477,-183,True,UPDATED,1631912400,HSL:1030_20210917_La_1_1222,30,HSL:1150107,Naistenklinikka
45600,45600,0,45600,45600,0,False,SCHEDULED,1631912400,HSL:2502_20210917_La_1_1227,502,HSL:1150107,Naistenklinikka
46140,46140,0,46140,46140,0,True,UPDATED,1631912400,HSL:1020_20210917_La_1_1230,20,HSL:1150107,Naistenklinikka
46560,46560,0,46560,46560,0,True,UPDATED,1631912400,HSL:1030_20210917_La_1_1237,30,HSL:1150107,Naistenklinikka
45420,45510,90,45420,45510,90,True,UPDATED,1631912400,HSL:1020_20210917_La_2_1217,20,HSL:1150108,Naistenklinikka
45960,45971,11,45960,45985,25,True,UPDATED,1631912400,HSL:2502_20210917_La_2_1228,502,HSL:1150108,Naistenklinikka
45900,46162,262,45900,46162,262,True,UPDATED,1631912400,HSL:1030_20210917_La_2_1206,30,HSL:1150108,Naistenklinikka
46320,46360,40,46320,46360,40,True,UPDATED,1631912400,HSL:1020_20210917_La_2_1232,20,HSL:1150108,Naistenklinikka
46800,47007,207,46800,47007,207,True,UPDATED,1631912400,HSL:1030_20210917_La_2_1221,30,HSL:1150108,Naistenklinikka
45300,45357,57,45300,45413,113,True,UPDATED,1631912400,HSL:1020_20210917_La_1_1215,20,HSL:1150109,Haartmaninkatu
45720,45477,-243,45720,45477,-243,True,UPDATED,1631912400,HSL:1030_20210917_La_1_1222,30,HSL:1150109,Haartmaninkatu
45660,45660,0,45660,45660,0,False,SCHEDULED,1631912400,HSL:2502_20210917_La_1_1227,502,HSL:1150109,Haartmaninkatu
46200,46200,0,46200,46200,0,True,UPDATED,1631912400,HSL:1020_20210917_La_1_1230,20,HSL:1150109,Haartmaninkatu
46620,46620,0,46620,46620,0,True,UPDATED,1631912400,HSL:1030_20210917_La_1_1237,30,HSL:1150109,Haartmaninkatu
46140,46140,0,46140,46140,0,False,SCHEDULED,1631912400,HSL:3002U_20210917_La_1_1242,U,HSL:1291501,Huopalahti
47040,47040,0,47040,47040,0,False,SCHEDULED,1631912400,HSL:3002E_20210917_La_1_1257,E,HSL:1291501,Huopalahti
47940,47940,0,47940,47940,0,False,SCHEDULED,1631912400,HSL:3002U_20210917_La_1_1312,U,HSL:1291501,Huopalahti
48840,48840,0,48840,48840,0,False,SCHEDULED,1631912400,HSL:3002E_20210917_La_1_1327,E,HSL:1291501,Huopalahti
49740,49740,0,49740,49740,0,False,SCHEDULED,1631912400,HSL:3002U_20210917_La_1_1342,U,HSL:1291501,Huopalahti
45480,45510,30,45480,45510,30,True,UPDATED,1631912400,HSL:3001I_20210917_La_1_1146,I,HSL:1291503,Huopalahti
46080,46143,63,46080,46143,63,True,UPDATED,1631912400,HSL:3001I_20210917_La_1_1156,I,HSL:1291503,Huopalahti
46680,46820,140,46680,46820,140,True,UPDATED,1631912400,HSL:3001I_20210917_La_1_1206,I,HSL:1291503,Huopalahti
46980,46980,0,46980,46980,0,False,SCHEDULED,1631912400,HSL:3002A_20210917_La_2_1256,A,HSL:1291503,Huopalahti
47280,47335,55,47280,47335,55,True,UPDATED,1631912400,HSL:3001I_20210917_La_1_1216,I,HSL:1291503,Huopalahti
45420,45420,0,45420,45420,0,True,UPDATED,1631912400,HSL:3002P_20210917_La_1_1228,P,HSL:1291502,Huopalahti
45720,45720,0,45720,45720,0,True,UPDATED,1631912400,HSL:3002A_20210917_La_1_1233,A,HSL:1291502,Huopalahti
46020,46020,0,46020,46020,0,False,SCHEDULED,1631912400,HSL:3002P_20210917_La_1_1238,P,HSL:1291502,Huopalahti
46620,46620,0,46620,46620,0,False,SCHEDULED,1631912400,HSL:3002P_20210917_La_1_1248,P,HSL:1291502,Huopalahti
47220,47220,0,47220,47220,0,False,SCHEDULED,1631912400,HSL:3002P_20210917_La_1_1258,P,HSL:1291502,Huopalahti
45360,45450,90,45360,45450,90,True,UPDATED,1631912400,HSL:1020_20210917_La_2_1217,20,HSL:1150110,Haartmaninkatu
45900,45867,-33,45900,45887,-13,True,UPDATED,1631912400,HSL:2502_20210917_La_2_1228,502,HSL:1150110,Haartmaninkatu
45840,46102,262,45840,46102,262,True,UPDATED,1631912400,HSL:1030_20210917_La_2_1206,30,HSL:1150110,Haartmaninkatu
46260,46300,40,46260,46300,40,True,UPDATED,1631912400,HSL:1020_20210917_La_2_1232,20,HSL:1150110,Haartmaninkatu
46740,46947,207,46740,46947,207,True,UPDATED,1631912400,HSL:1030_20210917_La_2_1221,30,HSL:1150110,Haartmaninkatu
45900,45477,-423,45900,45477,-423,True,UPDATED,1631912400,HSL:1030_20210917_La_1_1222,30,HSL:1150111,Meilahdentie
45480,45537,57,45480,45593,113,True,UPDATED,1631912400,HSL:1020_20210917_La_1_1215,20,HSL:1150111,Meilahdentie
45480,45660,180,45480,45682,202,True,UPDATED,1631912400,HSL:2510_20210917_La_1_1213,510,HSL:1150111,Meilahdentie
45660,45726,66,45660,45726,66,True,UPDATED,1631912400,HSL:1025_20210917_La_1_1228,25,HSL:1150111,Meilahdentie
45780,45780,0,45780,45780,0,False,SCHEDULED,1631912400,HSL:2502_20210917_La_1_1227,502,HSL:1150111,Meilahdentie
45480,45452,-28,45480,45452,-28,True,UPDATED,1631912400,HSL:1025_20210917_La_2_1224,25,HSL:1150112,Meilahdentie
45420,45539,119,45420,45561,141,True,UPDATED,1631912400,HSL:2510_20210917_La_2_1217,510,HSL:1150112,Meilahdentie
45780,45761,-19,45780,45772,-8,True,UPDATED,1631912400,HSL:2502_20210917_La_2_1228,502,HSL:1150112,Meilahdentie
45840,45840,0,45840,45840,0,False,SCHEDULED,1631912400,HSL:1500_20210917_La_2_1236,500,HSL:1150112,Meilahdentie
45660,45922,262,45660,45922,262,True,UPDATED,1631912400,HSL:1030_20210917_La_2_1206,30,HSL:1150112,Meilahdentie
45660,45726,66,45660,45726,66,True,UPDATED,1631912400,HSL:1025_20210917_La_1_1228,25,HSL:1150113,Paciuksenkaari
45840,45840,0,45840,45840,0,False,SCHEDULED,1631912400,HSL:2502_20210917_La_1_1227,502,HSL:1150113,Paciuksenkaari
46860,46860,0,46860,46860,0,False,SCHEDULED,1631912400,HSL:1025_20210917_La_1_1248,25,HSL:1150113,Paciuksenkaari
47040,47040,0,47040,47040,0,False,SCHEDULED,1631912400,HSL:2502_20210917_La_1_1246,502,HSL:1150113,Paciuksenkaari
48060,48060,0,48060,48060,0,False,SCHEDULED,1631912400,HSL:1025_20210917_La_1_1308,25,HSL:1150113,Paciuksenkaari
45420,45392,-28,45420,45392,-28,True,UPDATED,1631912400,HSL:1025_20210917_La_2_1224,25,HSL:1150114,Paciuksenkaari
45720,45700,-20,45720,45709,-11,True,UPDATED,1631912400,HSL:2502_20210917_La_2_1228,502,HSL:1150114,Paciuksenkaari
46620,46620,0,46620,46620,0,False,SCHEDULED,1631912400,HSL:1025_20210917_La_2_1244,25,HSL:1150114,Paciuksenkaari
46920,46920,0,46920,46920,0,False,SCHEDULED,1631912400,HSL:2502_20210917_La_2_1248,502,HSL:1150114,Paciuksenkaari
47820,47820,0,47820,47820,0,False,SCHEDULED,1631912400,HSL:1025_20210917_La_2_1304,25,HSL:1150114,Paciuksenkaari
45360,45551,191,45360,45576,216,True,UPDATED,1631912400,HSL:2510_20210917_La_1_1213,510,HSL:1150116,Meilahden sairaala
45840,45934,94,45840,45955,115,True,UPDATED,1631912400,HSL:1500_20210917_La_1_1210,500,HSL:1150116,Meilahden sairaala
46260,46275,15,46260,46296,36,True,UPDATED,1631912400,HSL:2510_20210917_La_1_1228,510,HSL:1150116,Meilahden sairaala
46740,46805,65,46740,46823,83,True,UPDATED,1631912400,HSL:1500_20210917_La_1_1225,500,HSL:1150116,Meilahden sairaala
46860,46860,0,46860,46860,0,False,SCHEDULED,1631912400,HSL:7280_20210917_La_1_1255,280,HSL:1150116,Meilahden sairaala
45540,45656,116,45540,45682,142,True,UPDATED,1631912400,HSL:2510_20210917_La_2_1217,510,HSL:1150118,Meilahden sairaala
45960,45960,0,45960,45960,0,False,SCHEDULED,1631912400,HSL:1500_20210917_La_2_1236,500,HSL:1150118,Meilahden sairaala
46440,46465,25,46440,46489,49,True,UPDATED,1631912400,HSL:2510_20210917_La_2_1232,510,HSL:1150118,Meilahden sairaala
46860,46860,0,46860,46860,0,False,SCHEDULED,1631912400,HSL:1500_20210917_La_2_1251,500,HSL:1150118,Meilahden sairaala
47340,47340,0,47340,47340,0,False,SCHEDULED,1631912400,HSL:2510_20210917_La_2_1247,510,HSL:1150118,Meilahden sairaala
45540,45606,66,45540,45606,66,True,UPDATED,1631912400,HSL:1025_20210917_La_1_1228,25,HSL:1150119,Seurasaarentie
45960,45990,30,45960,45990,30,True,UPDATED,1631912400,HSL:1024_20210917_La_1_1233,24,HSL:1150119,Seurasaarentie
46740,46740,0,46740,46740,0,False,SCHEDULED,1631912400,HSL:1025_20210917_La_1_1248,25,HSL:1150119,Seurasaarentie
47760,47760,0,47760,47760,0,False,SCHEDULED,1631912400,HSL:1024_20210917_La_1_1303,24,HSL:1150119,Seurasaarentie
47940,47940,0,47940,47940,0,False,SCHEDULED,1631912400,HSL:1025_20210917_La_1_1308,25,HSL:1150119,Seurasaarentie
45480,45480,0,45480,45480,0,False,SCHEDULED,1631912400,HSL:1008X_20210917_La_1_1227,8X,HSL:1210101,Ristikkokatu
45480,45610,130,45480,45610,130,True,UPDATED,1631912400,HSL:1071_20210917_La_1_1228,71,HSL:1210101,Ristikkokatu
45600,45766,166,45600,45782,182,True,UPDATED,1631912400,HSL:1073_20210917_La_1_1232,73,HSL:1210101,Ristikkokatu
45420,45826,406,45420,45826,406,True,UPDATED,1631912400,HSL:1075_20210917_La_1_1228,75,HSL:1210101,Ristikkokatu
45840,45840,0,45840,45840,0,False,SCHEDULED,1631912400,HSL:4731_20210917_La_1_1239,731,HSL:1210101,Ristikkokatu
45600,45572,-28,45600,45572,-28,True,UPDATED,1631912400,HSL:1025_20210917_La_2_1224,25,HSL:1150120,Seurasaarentie
46800,46800,0,46800,46800,0,False,SCHEDULED,1631912400,HSL:1025_20210917_La_2_1244,25,HSL:1150120,Seurasaarentie
46920,46920,0,46920,46920,0,False,SCHEDULED,1631912400,HSL:1024_20210917_La_2_1259,24,HSL:1150120,Seurasaarentie
48000,48000,0,48000,48000,0,False,SCHEDULED,1631912400,HSL:1025_20210917_La_2_1304,25,HSL:1150120,Seurasaarentie
48720,48720,0,48720,48720,0,False,SCHEDULED,1631912400,HSL:1024_20210917_La_2_1329,24,HSL:1150120,Seurasaarentie
46020,46050,30,46020,46050,30,True,UPDATED,1631912400,HSL:1024_20210917_La_1_1233,24,HSL:1150122,Humallahti
47820,47820,0,47820,47820,0,False,SCHEDULED,1631912400,HSL:1024_20210917_La_1_1303,24,HSL:1150122,Humallahti
49620,49620,0,49620,49620,0,False,SCHEDULED,1631912400,HSL:1024_20210917_La_1_1333,24,HSL:1150122,Humallahti
51420,51420,0,51420,51420,0,False,SCHEDULED,1631912400,HSL:1024_20210917_La_1_1403,24,HSL:1150122,Humallahti
53220,53220,0,53220,53220,0,False,SCHEDULED,1631912400,HSL:1024_20210917_La_1_1433,24,HSL:1150122,Humallahti
46860,46860,0,46860,46860,0,False,SCHEDULED,1631912400,HSL:1024_20210917_La_2_1259,24,HSL:1150123,Humallahti
48660,48660,0,48660,48660,0,False,SCHEDULED,1631912400,HSL:1024_20210917_La_2_1329,24,HSL:1150123,Humallahti
50460,50460,0,50460,50460,0,False,SCHEDULED,1631912400,HSL:1024_20210917_La_2_1359,24,HSL:1150123,Humallahti
52260,52260,0,52260,52260,0,False,SCHEDULED,1631912400,HSL:1024_20210917_La_2_1429,24,HSL:1150123,Humallahti
54060,54060,0,54060,54060,0,False,SCHEDULED,1631912400,HSL:1024_20210917_La_2_1459,24,HSL:1150123,Humallahti
46080,46110,30,46080,46110,30,True,UPDATED,1631912400,HSL:1024_20210917_La_1_1233,24,HSL:1150124,Mäntyniemi
47880,47880,0,47880,47880,0,False,SCHEDULED,1631912400,HSL:1024_20210917_La_1_1303,24,HSL:1150124,Mäntyniemi
49680,49680,0,49680,49680,0,False,SCHEDULED,1631912400,HSL:1024_20210917_La_1_1333,24,HSL:1150124,Mäntyniemi
51480,51480,0,51480,51480,0,False,SCHEDULED,1631912400,HSL:1024_20210917_La_1_1403,24,HSL:1150124,Mäntyniemi
53280,53280,0,53280,53280,0,False,SCHEDULED,1631912400,HSL:1024_20210917_La_1_1433,24,HSL:1150124,Mäntyniemi
46860,46860,0,46860,46860,0,False,SCHEDULED,1631912400,HSL:1024_20210917_La_2_1259,24,HSL:1150125,Mäntyniemi
48660,48660,0,48660,48660,0,False,SCHEDULED,1631912400,HSL:1024_20210917_La_2_1329,24,HSL:1150125,Mäntyniemi
50460,50460,0,50460,50460,0,False,SCHEDULED,1631912400,HSL:1024_20210917_La_2_1359,24,HSL:1150125,Mäntyniemi
52260,52260,0,52260,52260,0,False,SCHEDULED,1631912400,HSL:1024_20210917_La_2_1429,24,HSL:1150125,Mäntyniemi
54060,54060,0,54060,54060,0,False,SCHEDULED,1631912400,HSL:1024_20210917_La_2_1459,24,HSL:1150125,Mäntyniemi
46080,46110,30,46080,46110,30,True,UPDATED,1631912400,HSL:1024_20210917_La_1_1233,24,HSL:1150126,Ruutikellarit
47880,47880,0,47880,47880,0,False,SCHEDULED,1631912400,HSL:1024_20210917_La_1_1303,24,HSL:1150126,Ruutikellarit
49680,49680,0,49680,49680,0,False,SCHEDULED,1631912400,HSL:1024_20210917_La_1_1333,24,HSL:1150126,Ruutikellarit
51480,51480,0,51480,51480,0,False,SCHEDULED,1631912400,HSL:1024_20210917_La_1_1403,24,HSL:1150126,Ruutikellarit
53280,53280,0,53280,53280,0,False,SCHEDULED,1631912400,HSL:1024_20210917_La_1_1433,24,HSL:1150126,Ruutikellarit
46800,46800,0,46800,46800,0,False,SCHEDULED,1631912400,HSL:1024_20210917_La_2_1259,24,HSL:1150127,Ruutikellarit
48600,48600,0,48600,48600,0,False,SCHEDULED,1631912400,HSL:1024_20210917_La_2_1329,24,HSL:1150127,Ruutikellarit
50400,50400,0,50400,50400,0,False,SCHEDULED,1631912400,HSL:1024_20210917_La_2_1359,24,HSL:1150127,Ruutikellarit
52200,52200,0,52200,52200,0,False,SCHEDULED,1631912400,HSL:1024_20210917_La_2_1429,24,HSL:1150127,Ruutikellarit
54000,54000,0,54000,54000,0,False,SCHEDULED,1631912400,HSL:1024_20210917_La_2_1459,24,HSL:1150127,Ruutikellarit
45300,45364,64,45300,45364,64,True,UPDATED,1631912400,HSL:2165_20210917_La_2_1224,165,HSL:2522230,Vantinkulma
46200,46200,0,46200,46200,0,False,SCHEDULED,1631912400,HSL:2165_20210917_La_2_1239,165,HSL:2522230,Vantinkulma
47100,47100,0,47100,47100,0,False,SCHEDULED,1631912400,HSL:2165_20210917_La_2_1254,165,HSL:2522230,Vantinkulma
48000,48000,0,48000,48000,0,False,SCHEDULED,1631912400,HSL:2165_20210917_La_2_1309,165,HSL:2522230,Vantinkulma
48900,48900,0,48900,48900,0,False,SCHEDULED,1631912400,HSL:2165_20210917_La_2_1324,165,HSL:2522230,Vantinkulma
46140,46170,30,46140,46170,30,True,UPDATED,1631912400,HSL:1024_20210917_La_1_1233,24,HSL:1150128,Heikinniementie
47940,47940,0,47940,47940,0,False,SCHEDULED,1631912400,HSL:1024_20210917_La_1_1303,24,HSL:1150128,Heikinniementie
49740,49740,0,49740,49740,0,False,SCHEDULED,1631912400,HSL:1024_20210917_La_1_1333,24,HSL:1150128,Heikinniementie
51540,51540,0,51540,51540,0,False,SCHEDULED,1631912400,HSL:1024_20210917_La_1_1403,24,HSL:1150128,Heikinniementie
53340,53340,0,53340,53340,0,False,SCHEDULED,1631912400,HSL:1024_20210917_La_1_1433,24,HSL:1150128,Heikinniementie
45660,45660,0,45660,45660,0,False,SCHEDULED,1631912400,HSL:2166_20210917_La_1_1239,166,HSL:2522231,Brynstensinkuja
47460,47460,0,47460,47460,0,False,SCHEDULED,1631912400,HSL:2167_20210917_La_1_1309,167,HSL:2522231,Brynstensinkuja
49260,49260,0,49260,49260,0,False,SCHEDULED,1631912400,HSL:2166_20210917_La_1_1339,166,HSL:2522231,Brynstensinkuja
51060,51060,0,51060,51060,0,False,SCHEDULED,1631912400,HSL:2167_20210917_La_1_1409,167,HSL:2522231,Brynstensinkuja
52860,52860,0,52860,52860,0,False,SCHEDULED,1631912400,HSL:2166_20210917_La_1_1439,166,HSL:2522231,Brynstensinkuja
46740,46740,0,46740,46740,0,False,SCHEDULED,1631912400,HSL:1024_20210917_La_2_1259,24,HSL:1150129,Heikinniementie
48540,48540,0,48540,48540,0,False,SCHEDULED,1631912400,HSL:1024_20210917_La_2_1329,24,HSL:1150129,Heikinniementie
50340,50340,0,50340,50340,0,False,SCHEDULED,1631912400,HSL:1024_20210917_La_2_1359,24,HSL:1150129,Heikinniementie
52140,52140,0,52140,52140,0,False,SCHEDULED,1631912400,HSL:1024_20210917_La_2_1429,24,HSL:1150129,Heikinniementie
53940,53940,0,53940,53940,0,False,SCHEDULED,1631912400,HSL:1024_20210917_La_2_1459,24,HSL:1150129,Heikinniementie
45540,45592,52,45540,45606,66,True,UPDATED,1631912400,HSL:1057_20210917_La_2_1227,57,HSL:1174112,Veturitie
46140,46140,0,46140,46140,0,False,SCHEDULED,1631912400,HSL:1057_20210917_La_2_1237,57,HSL:1174112,Veturitie
46740,46740,0,46740,46740,0,False,SCHEDULED,1631912400,HSL:1057_20210917_La_2_1247,57,HSL:1174112,Veturitie
47340,47340,0,47340,47340,0,False,SCHEDULED,1631912400,HSL:1057_20210917_La_2_1257,57,HSL:1174112,Veturitie
47940,47940,0,47940,47940,0,False,SCHEDULED,1631912400,HSL:1057_20210917_La_2_1307,57,HSL:1174112,Veturitie
46140,46140,0,46140,46140,0,False,SCHEDULED,1631912400,HSL:3002U_20210917_La_2_1237,U,HSL:2511551,Kauklahti
46560,46560,0,46560,46560,0,True,UPDATED,1631912400,HSL:3002E_20210917_La_1_1227,E,HSL:2511551,Kauklahti
47100,47100,0,47100,47100,0,False,SCHEDULED,1631912400,HSL:3002E_20210917_La_2_1305,E,HSL:2511551,Kauklahti
47940,47940,0,47940,47940,0,False,SCHEDULED,1631912400,HSL:3002U_20210917_La_2_1307,U,HSL:2511551,Kauklahti
48360,48360,0,48360,48360,0,False,SCHEDULED,1631912400,HSL:3002E_20210917_La_1_1257,E,HSL:2511551,Kauklahti
46200,46230,30,46200,46230,30,True,UPDATED,1631912400,HSL:1024_20210917_La_1_1233,24,HSL:1150130,Seurasaari
46740,46740,0,46740,46740,0,False,SCHEDULED,1631912400,HSL:1024_20210917_La_2_1259,24,HSL:1150130,Seurasaari
48000,48000,0,48000,48000,0,False,SCHEDULED,1631912400,HSL:1024_20210917_La_1_1303,24,HSL:1150130,Seurasaari
48540,48540,0,48540,48540,0,False,SCHEDULED,1631912400,HSL:1024_20210917_La_2_1329,24,HSL:1150130,Seurasaari
49800,49800,0,49800,49800,0,False,SCHEDULED,1631912400,HSL:1024_20210917_La_1_1333,24,HSL:1150130,Seurasaari
45300,45463,163,45300,45491,191,True,UPDATED,1631912400,HSL:2510_20210917_La_1_1213,510,HSL:1150133,Töölön tulli
45780,45868,88,45780,45875,95,True,UPDATED,1631912400,HSL:1500_20210917_La_1_1210,500,HSL:1150133,Töölön tulli
46200,46191,-9,46200,46215,15,True,UPDATED,1631912400,HSL:2510_20210917_La_1_1228,510,HSL:1150133,Töölön tulli
46680,46722,42,46680,46745,65,True,UPDATED,1631912400,HSL:1500_20210917_La_1_1225,500,HSL:1150133,Töölön tulli
47100,47100,0,47100,47100,0,False,SCHEDULED,1631912400,HSL:2510_20210917_La_1_1243,510,HSL:1150133,Töölön tulli
45600,45730,130,45600,45773,173,True,UPDATED,1631912400,HSL:2510_20210917_La_2_1217,510,HSL:1150134,Töölön tulli
46020,46020,0,46020,46020,0,False,SCHEDULED,1631912400,HSL:1500_20210917_La_2_1236,500,HSL:1150134,Töölön tulli
46500,46539,39,46500,46575,75,True,UPDATED,1631912400,HSL:2510_20210917_La_2_1232,510,HSL:1150134,Töölön tulli
46920,46920,0,46920,46920,0,False,SCHEDULED,1631912400,HSL:1500_20210917_La_2_1251,500,HSL:1150134,Töölön tulli
47400,47400,0,47400,47400,0,False,SCHEDULED,1631912400,HSL:2510_20210917_La_2_1247,510,HSL:1150134,Töölön tulli
46080,46080,0,46080,46080,0,False,SCHEDULED,1631912400,HSL:2165_20210917_La_2_1239,165,HSL:2522222,Vantinportti
46980,46980,0,46980,46980,0,False,SCHEDULED,1631912400,HSL:2166_20210917_La_2_1253,166,HSL:2522222,Vantinportti
46980,46980,0,46980,46980,0,False,SCHEDULED,1631912400,HSL:2165_20210917_La_2_1254,165,HSL:2522222,Vantinportti
47880,47880,0,47880,47880,0,False,SCHEDULED,1631912400,HSL:2165_20210917_La_2_1309,165,HSL:2522222,Vantinportti
48780,48780,0,48780,48780,0,False,SCHEDULED,1631912400,HSL:2167_20210917_La_2_1323,167,HSL:2522222,Vantinportti
45780,45639,-141,45780,45643,-137,True,UPDATED,1631912400,HSL:2165_20210917_La_1_1211,165,HSL:2522223,Vantinportti
45720,45720,0,45720,45720,0,False,SCHEDULED,1631912400,HSL:2166_20210917_La_1_1239,166,HSL:2522223,Vantinportti
46680,46696,16,46680,46699,19,True,UPDATED,1631912400,HSL:2165_20210917_La_1_1226,165,HSL:2522223,Vantinportti
47520,47520,0,47520,47520,0,False,SCHEDULED,1631912400,HSL:2167_20210917_La_1_1309,167,HSL:2522223,Vantinportti
47580,47580,0,47580,47580,0,False,SCHEDULED,1631912400,HSL:2165_20210917_La_1_1241,165,HSL:2522223,Vantinportti
45420,45419,-1,45420,45421,1,True,UPDATED,1631912400,HSL:2167_20210917_La_2_1223,167,HSL:2522224,Mesimäki
47220,47220,0,47220,47220,0,False,SCHEDULED,1631912400,HSL:2166_20210917_La_2_1253,166,HSL:2522224,Mesimäki
49020,49020,0,49020,49020,0,False,SCHEDULED,1631912400,HSL:2167_20210917_La_2_1323,167,HSL:2522224,Mesimäki
50820,50820,0,50820,50820,0,False,SCHEDULED,1631912400,HSL:2166_20210917_La_2_1353,166,HSL:2522224,Mesimäki
52620,52620,0,52620,52620,0,False,SCHEDULED,1631912400,HSL:2167_20210917_La_2_1423,167,HSL:2522224,Mesimäki
45420,45449,29,45420,45453,33,True,UPDATED,1631912400,HSL:2167_20210917_La_2_1223,167,HSL:2522226,Simaportti
47220,47220,0,47220,47220,0,False,SCHEDULED,1631912400,HSL:2166_20210917_La_2_1253,166,HSL:2522226,Simaportti
49020,49020,0,49020,49020,0,False,SCHEDULED,1631912400,HSL:2167_20210917_La_2_1323,167,HSL:2522226,Simaportti
50820,50820,0,50820,50820,0,False,SCHEDULED,1631912400,HSL:2166_20210917_La_2_1353,166,HSL:2522226,Simaportti
52620,52620,0,52620,52620,0,False,SCHEDULED,1631912400,HSL:2167_20210917_La_2_1423,167,HSL:2522226,Simaportti
45480,45478,-2,45480,45484,4,True,UPDATED,1631912400,HSL:2167_20210917_La_2_1223,167,HSL:2522229,Vantinmäki
45540,45540,0,45540,45540,0,False,SCHEDULED,1631912400,HSL:2166_20210917_La_1_1239,166,HSL:2522229,Vantinmäki
47280,47280,0,47280,47280,0,False,SCHEDULED,1631912400,HSL:2166_20210917_La_2_1253,166,HSL:2522229,Vantinmäki
47340,47340,0,47340,47340,0,False,SCHEDULED,1631912400,HSL:2167_20210917_La_1_1309,167,HSL:2522229,Vantinmäki
49080,49080,0,49080,49080,0,False,SCHEDULED,1631912400,HSL:2167_20210917_La_2_1323,167,HSL:2522229,Vantinmäki
45240,45333,93,45240,45333,93,True,UPDATED,1631912400,HSL:1063_20210917_La_2_1213,63,HSL:1174102,Ilmalan asema
46020,46056,36,46020,46056,36,True,UPDATED,1631912400,HSL:1023_20210917_La_2_1233,23,HSL:1174102,Ilmalan asema
46440,46471,31,46440,46471,31,True,UPDATED,1631912400,HSL:1063_20210917_La_2_1233,63,HSL:1174102,Ilmalan asema
47220,47220,0,47220,47220,0,False,SCHEDULED,1631912400,HSL:1023_20210917_La_2_1253,23,HSL:1174102,Ilmalan asema
47640,47640,0,47640,47640,0,False,SCHEDULED,1631912400,HSL:1063_20210917_La_2_1253,63,HSL:1174102,Ilmalan asema
45780,45810,30,45780,45810,30,True,UPDATED,1631912400,HSL:1063_20210917_La_1_1226,63,HSL:1174101,Ilmalan asema
46140,46255,115,46140,46255,115,True,UPDATED,1631912400,HSL:1023_20210917_La_1_1223,23,HSL:1174101,Ilmalan asema
46980,46980,0,46980,46980,0,False,SCHEDULED,1631912400,HSL:1063_20210917_La_1_1246,63,HSL:1174101,Ilmalan asema
47340,47340,0,47340,47340,0,False,SCHEDULED,1631912400,HSL:1023_20210917_La_1_1243,23,HSL:1174101,Ilmalan asema
48180,48180,0,48180,48180,0,False,SCHEDULED,1631912400,HSL:1063_20210917_La_1_1306,63,HSL:1174101,Ilmalan asema
45360,45348,-12,45360,45355,-5,True,UPDATED,1631912400,HSL:2158_20210917_La_1_1223,158,HSL:2432209,Viittakorpi
45840,46100,260,45840,46112,272,True,UPDATED,1631912400,HSL:2125_20210917_La_1_1225,125,HSL:2432209,Viittakorpi
46260,46260,0,46260,46260,0,False,SCHEDULED,1631912400,HSL:2158_20210917_La_1_1238,158,HSL:2432209,Viittakorpi
46740,46740,0,46740,46740,0,False,SCHEDULED,1631912400,HSL:2125_20210917_La_1_1240,125,HSL:2432209,Viittakorpi
47160,47160,0,47160,47160,0,False,SCHEDULED,1631912400,HSL:2158_20210917_La_1_1253,158,HSL:2432209,Viittakorpi
45540,45661,121,45540,45691,151,True,UPDATED,1631912400,HSL:3002U_20210917_La_2_1207,U,HSL:1291551,Huopalahti
46500,46500,0,46500,46500,0,False,SCHEDULED,1631912400,HSL:3002E_20210917_La_2_1235,E,HSL:1291551,Huopalahti
47340,47340,0,47340,47340,0,False,SCHEDULED,1631912400,HSL:3002U_20210917_La_2_1237,U,HSL:1291551,Huopalahti
48300,48300,0,48300,48300,0,False,SCHEDULED,1631912400,HSL:3002E_20210917_La_2_1305,E,HSL:1291551,Huopalahti
49140,49140,0,49140,49140,0,False,SCHEDULED,1631912400,HSL:3002U_20210917_La_2_1307,U,HSL:1291551,Huopalahti
45900,45900,0,45900,45900,0,False,SCHEDULED,1631912400,HSL:2158_20210917_La_1_1238,158,HSL:2432202,Finnoonympyrä
46020,46020,0,46020,46020,0,True,UPDATED,1631912400,HSL:2136_20210917_La_1_1239,136,HSL:2432202,Finnoonympyrä
46800,46800,0,46800,46800,0,False,SCHEDULED,1631912400,HSL:2158_20210917_La_1_1253,158,HSL:2432202,Finnoonympyrä
46920,46920,0,46920,46920,0,False,SCHEDULED,1631912400,HSL:2134_20210917_La_1_1254,134,HSL:2432202,Finnoonympyrä
47700,47700,0,47700,47700,0,False,SCHEDULED,1631912400,HSL:2158_20210917_La_1_1308,158,HSL:2432202,Finnoonympyrä
45360,45387,27,45360,45390,30,True,UPDATED,1631912400,HSL:2146_20210917_La_1_1231,146,HSL:2432201,Finnoonsolmu
45900,45900,0,45900,45900,0,False,SCHEDULED,1631912400,HSL:2159_20210917_La_1_1239,159,HSL:2432201,Finnoonsolmu
46020,46020,0,46020,46020,0,False,SCHEDULED,1631912400,HSL:2165_20210917_La_1_1241,165,HSL:2432201,Finnoonsolmu
46260,46260,0,46260,46260,0,False,SCHEDULED,1631912400,HSL:2146_20210917_La_1_1246,146,HSL:2432201,Finnoonsolmu
46560,46560,0,46560,46560,0,False,SCHEDULED,1631912400,HSL:6173_20210917_La_1_1251,173,HSL:2432201,Finnoonsolmu
45900,45900,0,45900,45900,0,False,SCHEDULED,1631912400,HSL:2158_20210917_La_1_1238,158,HSL:2432204,Niittyrinne
46020,46020,0,46020,46020,0,True,UPDATED,1631912400,HSL:2136_20210917_La_1_1239,136,HSL:2432204,Niittyrinne
46800,46800,0,46800,46800,0,False,SCHEDULED,1631912400,HSL:2158_20210917_La_1_1253,158,HSL:2432204,Niittyrinne
46920,46920,0,46920,46920,0,False,SCHEDULED,1631912400,HSL:2134_20210917_La_1_1254,134,HSL:2432204,Niittyrinne
47700,47700,0,47700,47700,0,False,SCHEDULED,1631912400,HSL:2158_20210917_La_1_1308,158,HSL:2432204,Niittyrinne
45600,45554,-46,45600,45569,-31,True,UPDATED,1631912400,HSL:2136_20210917_La_2_1217,136,HSL:2432203,Finnoonympyrä
46500,46517,17,46500,46535,35,True,UPDATED,1631912400,HSL:2134_20210917_La_2_1232,134,HSL:2432203,Finnoonympyrä
46680,46683,3,46680,46715,35,True,UPDATED,1631912400,HSL:2543_20210917_La_1_1225,543,HSL:2432203,Finnoonympyrä
47400,47400,0,47400,47400,0,False,SCHEDULED,1631912400,HSL:2136_20210917_La_2_1247,136,HSL:2432203,Finnoonympyrä
48300,48300,0,48300,48300,0,False,SCHEDULED,1631912400,HSL:2134_20210917_La_2_1302,134,HSL:2432203,Finnoonympyrä
46080,46080,0,46080,46080,0,False,SCHEDULED,1631912400,HSL:2166_20210917_La_1_1239,166,HSL:2522211,Hansavalkama
49680,49680,0,49680,49680,0,False,SCHEDULED,1631912400,HSL:2166_20210917_La_1_1339,166,HSL:2522211,Hansavalkama
53280,53280,0,53280,53280,0,False,SCHEDULED,1631912400,HSL:2166_20210917_La_1_1439,166,HSL:2522211,Hansavalkama
56880,56880,0,56880,56880,0,False,SCHEDULED,1631912400,HSL:2166_20210917_La_1_1539,166,HSL:2522211,Hansavalkama
60480,60480,0,60480,60480,0,False,SCHEDULED,1631912400,HSL:2166_20210917_La_1_1639,166,HSL:2522211,Hansavalkama
45480,45434,-46,45480,45442,-38,True,UPDATED,1631912400,HSL:2158_20210917_La_2_1221,158,HSL:2432205,Niittyrinne
45540,45496,-44,45540,45505,-35,True,UPDATED,1631912400,HSL:2136_20210917_La_2_1217,136,HSL:2432205,Niittyrinne
46380,46380,0,46380,46380,0,True,UPDATED,1631912400,HSL:2158_20210917_La_2_1236,158,HSL:2432205,Niittyrinne
46440,46457,17,46440,46468,28,True,UPDATED,1631912400,HSL:2134_20210917_La_2_1232,134,HSL:2432205,Niittyrinne
47280,47280,0,47280,47280,0,False,SCHEDULED,1631912400,HSL:2158_20210917_La_2_1251,158,HSL:2432205,Niittyrinne
45240,45337,97,45240,45337,97,True,UPDATED,1631912400,HSL:2167_20210917_La_2_1223,167,HSL:2522215,Sierakiventie
46140,46140,0,46140,46140,0,False,SCHEDULED,1631912400,HSL:2165_20210917_La_2_1239,165,HSL:2522215,Sierakiventie
47040,47040,0,47040,47040,0,False,SCHEDULED,1631912400,HSL:2166_20210917_La_2_1253,166,HSL:2522215,Sierakiventie
47040,47040,0,47040,47040,0,False,SCHEDULED,1631912400,HSL:2165_20210917_La_2_1254,165,HSL:2522215,Sierakiventie
47940,47940,0,47940,47940,0,False,SCHEDULED,1631912400,HSL:2165_20210917_La_2_1309,165,HSL:2522215,Sierakiventie
45720,45570,-150,45720,45573,-147,True,UPDATED,1631912400,HSL:2165_20210917_La_1_1211,165,HSL:2522216,Sierakiventie
46620,46623,3,46620,46625,5,True,UPDATED,1631912400,HSL:2165_20210917_La_1_1226,165,HSL:2522216,Sierakiventie
47520,47520,0,47520,47520,0,False,SCHEDULED,1631912400,HSL:2165_20210917_La_1_1241,165,HSL:2522216,Sierakiventie
48420,48420,0,48420,48420,0,False,SCHEDULED,1631912400,HSL:2165_20210917_La_1_1256,165,HSL:2522216,Sierakiventie
49320,49320,0,49320,49320,0,False,SCHEDULED,1631912400,HSL:2165_20210917_La_1_1311,165,HSL:2522216,Sierakiventie
45660,45519,-141,45660,45532,-128,True,UPDATED,1631912400,HSL:2165_20210917_La_1_1211,165,HSL:2522217,Vantinkulma
46560,46562,2,46560,46572,12,True,UPDATED,1631912400,HSL:2165_20210917_La_1_1226,165,HSL:2522217,Vantinkulma
47460,47460,0,47460,47460,0,False,SCHEDULED,1631912400,HSL:2165_20210917_La_1_1241,165,HSL:2522217,Vantinkulma
48360,48360,0,48360,48360,0,False,SCHEDULED,1631912400,HSL:2165_20210917_La_1_1256,165,HSL:2522217,Vantinkulma
49260,49260,0,49260,49260,0,False,SCHEDULED,1631912400,HSL:2165_20210917_La_1_1311,165,HSL:2522217,Vantinkulma
45420,45446,26,45420,45486,66,True,UPDATED,1631912400,HSL:2165_20210917_La_2_1224,165,HSL:2522218,Hans Westerlundintie
46320,46320,0,46320,46320,0,False,SCHEDULED,1631912400,HSL:2165_20210917_La_2_1239,165,HSL:2522218,Hans Westerlundintie
47220,47220,0,47220,47220,0,False,SCHEDULED,1631912400,HSL:2165_20210917_La_2_1254,165,HSL:2522218,Hans Westerlundintie
48120,48120,0,48120,48120,0,False,SCHEDULED,1631912400,HSL:2165_20210917_La_2_1309,165,HSL:2522218,Hans Westerlundintie
49020,49020,0,49020,49020,0,False,SCHEDULED,1631912400,HSL:2165_20210917_La_2_1324,165,HSL:2522218,Hans Westerlundintie
45600,45600,0,45600,45600,0,False,SCHEDULED,1631912400,HSL:2166_20210917_La_1_1239,166,HSL:2522219,Satulamaakarintie
47400,47400,0,47400,47400,0,False,SCHEDULED,1631912400,HSL:2167_20210917_La_1_1309,167,HSL:2522219,Satulamaakarintie
49200,49200,0,49200,49200,0,False,SCHEDULED,1631912400,HSL:2166_20210917_La_1_1339,166,HSL:2522219,Satulamaakarintie
51000,51000,0,51000,51000,0,False,SCHEDULED,1631912400,HSL:2167_20210917_La_1_1409,167,HSL:2522219,Satulamaakarintie
52800,52800,0,52800,52800,0,False,SCHEDULED,1631912400,HSL:2166_20210917_La_1_1439,166,HSL:2522219,Satulamaakarintie
45240,45275,35,45240,45310,70,True,UPDATED,1631912400,HSL:31M2_20210917_La_1_1216,M2,HSL:1121601,Sörnäinen
45480,45508,28,45480,45533,53,True,UPDATED,1631912400,HSL:31M1_20210917_La_1_1214,M1,HSL:1121601,Sörnäinen
45720,45715,-5,45720,45740,20,True,UPDATED,1631912400,HSL:31M2_20210917_La_1_1223,M2,HSL:1121601,Sörnäinen
45960,45946,-14,45960,45971,11,True,UPDATED,1631912400,HSL:31M1_20210917_La_1_1221,M1,HSL:1121601,Sörnäinen
46140,46171,31,46140,46196,56,True,UPDATED,1631912400,HSL:31M2_20210917_La_1_1231,M2,HSL:1121601,Sörnäinen
45300,45347,47,45300,45372,72,True,UPDATED,1631912400,HSL:31M2_20210917_La_2_1219,M2,HSL:1121602,Sörnäinen
45540,45527,-13,45540,45552,12,True,UPDATED,1631912400,HSL:31M1_20210917_La_2_1222,M1,HSL:1121602,Sörnäinen
45780,45811,31,45780,45836,56,True,UPDATED,1631912400,HSL:31M2_20210917_La_2_1226,M2,HSL:1121602,Sörnäinen
45960,45997,37,45960,46022,62,True,UPDATED,1631912400,HSL:31M1_20210917_La_2_1230,M1,HSL:1121602,Sörnäinen
46200,46228,28,46200,46253,53,True,UPDATED,1631912400,HSL:31M2_20210917_La_2_1234,M2,HSL:1121602,Sörnäinen
45300,45358,58,45300,45361,61,True,UPDATED,1631912400,HSL:2167_20210917_La_2_1223,167,HSL:2522202,Mänkimiehentie
46200,46200,0,46200,46200,0,False,SCHEDULED,1631912400,HSL:2165_20210917_La_2_1239,165,HSL:2522202,Mänkimiehentie
47100,47100,0,47100,47100,0,False,SCHEDULED,1631912400,HSL:2166_20210917_La_2_1253,166,HSL:2522202,Mänkimiehentie
47100,47100,0,47100,47100,0,False,SCHEDULED,1631912400,HSL:2165_20210917_La_2_1254,165,HSL:2522202,Mänkimiehentie
48000,48000,0,48000,48000,0,False,SCHEDULED,1631912400,HSL:2165_20210917_La_2_1309,165,HSL:2522202,Mänkimiehentie
45660,45548,-112,45660,45550,-110,True,UPDATED,1631912400,HSL:2165_20210917_La_1_1211,165,HSL:2522203,Mänkimiehentie
46560,46602,42,46560,46603,43,True,UPDATED,1631912400,HSL:2165_20210917_La_1_1226,165,HSL:2522203,Mänkimiehentie
47460,47460,0,47460,47460,0,False,SCHEDULED,1631912400,HSL:2165_20210917_La_1_1241,165,HSL:2522203,Mänkimiehentie
48360,48360,0,48360,48360,0,False,SCHEDULED,1631912400,HSL:2165_20210917_La_1_1256,165,HSL:2522203,Mänkimiehentie
49260,49260,0,49260,49260,0,False,SCHEDULED,1631912400,HSL:2165_20210917_La_1_1311,165,HSL:2522203,Mänkimiehentie
45600,45525,-75,45600,45534,-66,True,UPDATED,1631912400,HSL:2157_20210917_La_1_1231,157,HSL:2432229,Varputie
46020,46093,73,46020,46104,84,True,UPDATED,1631912400,HSL:2124K_20210917_La_1_1232,124K,HSL:2432229,Varputie
46500,46500,0,46500,46500,0,False,SCHEDULED,1631912400,HSL:2157_20210917_La_1_1246,157,HSL:2432229,Varputie
46920,46920,0,46920,46920,0,False,SCHEDULED,1631912400,HSL:2124_20210917_La_1_1247,124,HSL:2432229,Varputie
47400,47400,0,47400,47400,0,False,SCHEDULED,1631912400,HSL:2157_20210917_La_1_1301,157,HSL:2432229,Varputie
45540,45572,32,45540,45650,110,True,UPDATED,1631912400,HSL:2124K_20210917_La_2_1218,124K,HSL:2432222,Finno skola
45960,45976,16,45960,45976,16,True,UPDATED,1631912400,HSL:2157_20210917_La_2_1234,157,HSL:2432222,Finno skola
46440,46440,0,46440,46440,0,False,SCHEDULED,1631912400,HSL:2124_20210917_La_2_1233,124,HSL:2432222,Finno skola
46860,46860,0,46860,46860,0,False,SCHEDULED,1631912400,HSL:2157_20210917_La_2_1249,157,HSL:2432222,Finno skola
47340,47340,0,47340,47340,0,False,SCHEDULED,1631912400,HSL:2124K_20210917_La_2_1248,124K,HSL:2432222,Finno skola
45540,45484,-56,45540,45487,-53,True,UPDATED,1631912400,HSL:2157_20210917_La_1_1231,157,HSL:2432221,Martinniitty
45960,46055,95,45960,46058,98,True,UPDATED,1631912400,HSL:2124K_20210917_La_1_1232,124K,HSL:2432221,Martinniitty
46440,46440,0,46440,46440,0,False,SCHEDULED,1631912400,HSL:2157_20210917_La_1_1246,157,HSL:2432221,Martinniitty
46860,46860,0,46860,46860,0,False,SCHEDULED,1631912400,HSL:2124_20210917_La_1_1247,124,HSL:2432221,Martinniitty
47340,47340,0,47340,47340,0,False,SCHEDULED,1631912400,HSL:2157_20210917_La_1_1301,157,HSL:2432221,Martinniitty
45480,45494,14,45480,45553,73,True,UPDATED,1631912400,HSL:2124K_20210917_La_2_1218,124K,HSL:2432224,Tukkurinsilta
45900,45916,16,45900,45916,16,True,UPDATED,1631912400,HSL:2157_20210917_La_2_1234,157,HSL:2432224,Tukkurinsilta
46380,46380,0,46380,46380,0,False,SCHEDULED,1631912400,HSL:2124_20210917_La_2_1233,124,HSL:2432224,Tukkurinsilta
46800,46800,0,46800,46800,0,False,SCHEDULED,1631912400,HSL:2157_20210917_La_2_1249,157,HSL:2432224,Tukkurinsilta
47280,47280,0,47280,47280,0,False,SCHEDULED,1631912400,HSL:2124K_20210917_La_2_1248,124K,HSL:2432224,Tukkurinsilta
45600,45558,-42,45600,45559,-41,True,UPDATED,1631912400,HSL:2157_20210917_La_1_1231,157,HSL:2432223,Tukkurinsilta
46020,46104,84,46020,46104,84,True,UPDATED,1631912400,HSL:2124K_20210917_La_1_1232,124K,HSL:2432223,Tukkurinsilta
46500,46500,0,46500,46500,0,False,SCHEDULED,1631912400,HSL:2157_20210917_La_1_1246,157,HSL:2432223,Tukkurinsilta
46920,46920,0,46920,46920,0,False,SCHEDULED,1631912400,HSL:2124_20210917_La_1_1247,124,HSL:2432223,Tukkurinsilta
47400,47400,0,47400,47400,0,False,SCHEDULED,1631912400,HSL:2157_20210917_La_1_1301,157,HSL:2432223,Tukkurinsilta
45420,45452,32,45420,45490,70,True,UPDATED,1631912400,HSL:2124K_20210917_La_2_1218,124K,HSL:2432226,Nöykkiönpuro
45780,45796,16,45780,45796,16,True,UPDATED,1631912400,HSL:2157_20210917_La_2_1234,157,HSL:2432226,Nöykkiönpuro
46320,46320,0,46320,46320,0,False,SCHEDULED,1631912400,HSL:2124_20210917_La_2_1233,124,HSL:2432226,Nöykkiönpuro
46680,46680,0,46680,46680,0,False,SCHEDULED,1631912400,HSL:2157_20210917_La_2_1249,157,HSL:2432226,Nöykkiönpuro
47220,47220,0,47220,47220,0,False,SCHEDULED,1631912400,HSL:2124K_20210917_La_2_1248,124K,HSL:2432226,Nöykkiönpuro
45600,45664,64,45600,45697,97,True,UPDATED,1631912400,HSL:2125_20210917_La_2_1230,125,HSL:2432228,Eestinahde
46080,46080,0,46080,46080,0,True,UPDATED,1631912400,HSL:2158_20210917_La_2_1236,158,HSL:2432228,Eestinahde
46500,46500,0,46500,46500,0,False,SCHEDULED,1631912400,HSL:2125_20210917_La_2_1245,125,HSL:2432228,Eestinahde
46980,46980,0,46980,46980,0,False,SCHEDULED,1631912400,HSL:2158_20210917_La_2_1251,158,HSL:2432228,Eestinahde
47400,47400,0,47400,47400,0,False,SCHEDULED,1631912400,HSL:2125_20210917_La_2_1300,125,HSL:2432228,Eestinahde
45600,45629,29,45600,45664,64,True,UPDATED,1631912400,HSL:2125_20210917_La_2_1230,125,HSL:2432227,Paljasjalanpolku
46020,46020,0,46020,46020,0,True,UPDATED,1631912400,HSL:2158_20210917_La_2_1236,158,HSL:2432227,Paljasjalanpolku
46500,46500,0,46500,46500,0,False,SCHEDULED,1631912400,HSL:2125_20210917_La_2_1245,125,HSL:2432227,Paljasjalanpolku
46920,46920,0,46920,46920,0,False,SCHEDULED,1631912400,HSL:2158_20210917_La_2_1251,158,HSL:2432227,Paljasjalanpolku
47400,47400,0,47400,47400,0,False,SCHEDULED,1631912400,HSL:2125_20210917_La_2_1300,125,HSL:2432227,Paljasjalanpolku
45540,45460,-80,45540,45466,-74,True,UPDATED,1631912400,HSL:2157_20210917_La_1_1231,157,HSL:2432220,Finno skola
45960,45995,35,45960,46035,75,True,UPDATED,1631912400,HSL:2124K_20210917_La_1_1232,124K,HSL:2432220,Finno skola
46440,46440,0,46440,46440,0,False,SCHEDULED,1631912400,HSL:2157_20210917_La_1_1246,157,HSL:2432220,Finno skola
46860,46860,0,46860,46860,0,False,SCHEDULED,1631912400,HSL:2124_20210917_La_1_1247,124,HSL:2432220,Finno skola
47340,47340,0,47340,47340,0,False,SCHEDULED,1631912400,HSL:2157_20210917_La_1_1301,157,HSL:2432220,Finno skola
45480,45521,41,45480,45533,53,True,UPDATED,1631912400,HSL:2543_20210917_La_2_1222,543,HSL:2432219,Yli-Finnoo
45540,45527,-13,45540,45534,-6,True,UPDATED,1631912400,HSL:2158_20210917_La_2_1221,158,HSL:2432219,Yli-Finnoo
45600,45674,74,45600,45723,123,True,UPDATED,1631912400,HSL:2124K_20210917_La_2_1218,124K,HSL:2432219,Yli-Finnoo
46020,46036,16,46020,46036,16,True,UPDATED,1631912400,HSL:2157_20210917_La_2_1234,157,HSL:2432219,Yli-Finnoo
46440,46440,0,46440,46440,0,True,UPDATED,1631912400,HSL:2158_20210917_La_2_1236,158,HSL:2432219,Yli-Finnoo
45000,45276,276,45000,45316,316,True,UPDATED,1631912400,HSL:1004_20210917_La_1_1201,4,HSL:1301456,Saunalahdentie
45600,45732,132,45600,45775,175,True,UPDATED,1631912400,HSL:1004_20210917_La_1_1211,4,HSL:1301456,Saunalahdentie
45900,45900,0,45900,45900,0,False,SCHEDULED,1631912400,HSL:1004_20210917_La_2_1245,4,HSL:1301456,Saunalahdentie
46200,46376,176,46200,46376,176,True,UPDATED,1631912400,HSL:1004_20210917_La_1_1221,4,HSL:1301456,Saunalahdentie
46500,46500,0,46500,46500,0,False,SCHEDULED,1631912400,HSL:1004_20210917_La_2_1255,4,HSL:1301456,Saunalahdentie
45480,45378,-102,45480,45382,-98,True,UPDATED,1631912400,HSL:2157_20210917_La_1_1231,157,HSL:2432218,Finnoonlaaksontie
45840,45840,0,45840,45840,0,False,SCHEDULED,1631912400,HSL:2158_20210917_La_1_1238,158,HSL:2432218,Finnoonlaaksontie
45900,45910,10,45900,45914,14,True,UPDATED,1631912400,HSL:2124K_20210917_La_1_1232,124K,HSL:2432218,Finnoonlaaksontie
46380,46380,0,46380,46380,0,False,SCHEDULED,1631912400,HSL:2157_20210917_La_1_1246,157,HSL:2432218,Finnoonlaaksontie
46620,46641,21,46620,46647,27,True,UPDATED,1631912400,HSL:2543_20210917_La_1_1225,543,HSL:2432218,Finnoonlaaksontie
45660,45592,-68,45660,45607,-53,True,UPDATED,1631912400,HSL:1056_20210917_La_2_1212,56,HSL:1210163,Haukilahdenkatu
45720,45745,25,45720,45771,51,True,UPDATED,1631912400,HSL:1055_20210917_La_2_1229,55,HSL:1210163,Haukilahdenkatu
46200,46200,0,46200,46200,0,False,SCHEDULED,1631912400,HSL:1056_20210917_La_2_1221,56,HSL:1210163,Haukilahdenkatu
46620,46620,0,46620,46620,0,False,SCHEDULED,1631912400,HSL:1055_20210917_La_2_1244,55,HSL:1210163,Haukilahdenkatu
46800,46865,65,46800,46865,65,True,UPDATED,1631912400,HSL:1056_20210917_La_2_1231,56,HSL:1210163,Haukilahdenkatu
45360,45360,0,45360,45360,0,True,UPDATED,1631912400,HSL:1004_20210917_La_2_1235,4,HSL:1301455,Tiilimäki
45960,45960,0,45960,45960,0,False,SCHEDULED,1631912400,HSL:1004_20210917_La_2_1245,4,HSL:1301455,Tiilimäki
46560,46560,0,46560,46560,0,False,SCHEDULED,1631912400,HSL:1004_20210917_La_2_1255,4,HSL:1301455,Tiilimäki
47160,47160,0,47160,47160,0,False,SCHEDULED,1631912400,HSL:1004_20210917_La_2_1305,4,HSL:1301455,Tiilimäki
47760,47760,0,47760,47760,0,False,SCHEDULED,1631912400,HSL:1004_20210917_La_2_1315,4,HSL:1301455,Tiilimäki
45420,45420,0,45420,45420,0,False,SCHEDULED,1631912400,HSL:1056_20210917_La_1_1230,56,HSL:1210164,Haukilahdenkatu
45360,45656,296,45360,45671,311,True,UPDATED,1631912400,HSL:1055_20210917_La_1_1220,55,HSL:1210164,Haukilahdenkatu
46020,46020,0,46020,46020,0,False,SCHEDULED,1631912400,HSL:1056_20210917_La_1_1240,56,HSL:1210164,Haukilahdenkatu
46260,46260,0,46260,46260,0,False,SCHEDULED,1631912400,HSL:1055_20210917_La_1_1235,55,HSL:1210164,Haukilahdenkatu
46620,46620,0,46620,46620,0,False,SCHEDULED,1631912400,HSL:1056_20210917_La_1_1250,56,HSL:1210164,Haukilahdenkatu
45540,45655,115,45540,45655,115,True,UPDATED,1631912400,HSL:1004_20210917_La_1_1211,4,HSL:1301454,Tiilimäki
46140,46347,207,46140,46361,221,True,UPDATED,1631912400,HSL:1004_20210917_La_1_1221,4,HSL:1301454,Tiilimäki
46740,46675,-65,46740,46684,-56,True,UPDATED,1631912400,HSL:1004_20210917_La_1_1231,4,HSL:1301454,Tiilimäki
47340,47340,0,47340,47340,0,False,SCHEDULED,1631912400,HSL:1004_20210917_La_1_1241,4,HSL:1301454,Tiilimäki
48000,48000,0,48000,48000,0,False,SCHEDULED,1631912400,HSL:1004_20210917_La_1_1251,4,HSL:1301454,Tiilimäki
45540,45600,60,45540,45629,89,True,UPDATED,1631912400,HSL:2125_20210917_La_2_1230,125,HSL:2432210,Viittakorpi
45960,45960,0,45960,45960,0,True,UPDATED,1631912400,HSL:2158_20210917_La_2_1236,158,HSL:2432210,Viittakorpi
46440,46440,0,46440,46440,0,False,SCHEDULED,1631912400,HSL:2125_20210917_La_2_1245,125,HSL:2432210,Viittakorpi
46860,46860,0,46860,46860,0,False,SCHEDULED,1631912400,HSL:2158_20210917_La_2_1251,158,HSL:2432210,Viittakorpi
47340,47340,0,47340,47340,0,False,SCHEDULED,1631912400,HSL:2125_20210917_La_2_1300,125,HSL:2432210,Viittakorpi
45300,45304,4,45300,45314,14,True,UPDATED,1631912400,HSL:2158_20210917_La_1_1223,158,HSL:2432215,Eestinahde
45780,46066,286,45780,46075,295,True,UPDATED,1631912400,HSL:2125_20210917_La_1_1225,125,HSL:2432215,Eestinahde
46200,46200,0,46200,46200,0,False,SCHEDULED,1631912400,HSL:2158_20210917_La_1_1238,158,HSL:2432215,Eestinahde
46680,46680,0,46680,46680,0,False,SCHEDULED,1631912400,HSL:2125_20210917_La_1_1240,125,HSL:2432215,Eestinahde
47100,47100,0,47100,47100,0,False,SCHEDULED,1631912400,HSL:2158_20210917_La_1_1253,158,HSL:2432215,Eestinahde
45600,45570,-30,45600,45572,-28,True,UPDATED,1631912400,HSL:2158_20210917_La_2_1221,158,HSL:2432217,Finnoonlaaksontie
45540,45571,31,45540,45575,35,True,UPDATED,1631912400,HSL:2543_20210917_La_2_1222,543,HSL:2432217,Finnoonlaaksontie
45660,45741,81,45660,45783,123,True,UPDATED,1631912400,HSL:2124K_20210917_La_2_1218,124K,HSL:2432217,Finnoonlaaksontie
46080,46096,16,46080,46096,16,True,UPDATED,1631912400,HSL:2157_20210917_La_2_1234,157,HSL:2432217,Finnoonlaaksontie
46500,46500,0,46500,46500,0,True,UPDATED,1631912400,HSL:2158_20210917_La_2_1236,158,HSL:2432217,Finnoonlaaksontie
45420,45420,0,45420,45420,0,True,UPDATED,1631912400,HSL:1004_20210917_La_2_1235,4,HSL:1301453,Laajalahden aukio
46020,46020,0,46020,46020,0,False,SCHEDULED,1631912400,HSL:1004_20210917_La_2_1245,4,HSL:1301453,Laajalahden aukio
46620,46620,0,46620,46620,0,False,SCHEDULED,1631912400,HSL:1004_20210917_La_2_1255,4,HSL:1301453,Laajalahden aukio
47220,47220,0,47220,47220,0,False,SCHEDULED,1631912400,HSL:1004_20210917_La_2_1305,4,HSL:1301453,Laajalahden aukio
47820,47820,0,47820,47820,0,False,SCHEDULED,1631912400,HSL:1004_20210917_La_2_1315,4,HSL:1301453,Laajalahden aukio
45480,45594,114,45480,45594,114,True,UPDATED,1631912400,HSL:1004_20210917_La_1_1211,4,HSL:1301452,Laajalahden aukio
46080,46279,199,46080,46304,224,True,UPDATED,1631912400,HSL:1004_20210917_La_1_1221,4,HSL:1301452,Laajalahden aukio
46680,46608,-72,46680,46629,-51,True,UPDATED,1631912400,HSL:1004_20210917_La_1_1231,4,HSL:1301452,Laajalahden aukio
47280,47280,0,47280,47280,0,False,SCHEDULED,1631912400,HSL:1004_20210917_La_1_1241,4,HSL:1301452,Laajalahden aukio
47940,47940,0,47940,47940,0,False,SCHEDULED,1631912400,HSL:1004_20210917_La_1_1251,4,HSL:1301452,Laajalahden aukio
45480,45480,0,45480,45480,0,True,UPDATED,1631912400,HSL:1004_20210917_La_2_1235,4,HSL:1301451,Munkkin. puistotie
46080,46080,0,46080,46080,0,False,SCHEDULED,1631912400,HSL:1004_20210917_La_2_1245,4,HSL:1301451,Munkkin. puistotie
46680,46680,0,46680,46680,0,False,SCHEDULED,1631912400,HSL:1004_20210917_La_2_1255,4,HSL:1301451,Munkkin. puistotie
47280,47280,0,47280,47280,0,False,SCHEDULED,1631912400,HSL:1004_20210917_La_2_1305,4,HSL:1301451,Munkkin. puistotie
47880,47880,0,47880,47880,0,False,SCHEDULED,1631912400,HSL:1004_20210917_La_2_1315,4,HSL:1301451,Munkkin. puistotie
45420,45530,110,45420,45530,110,True,UPDATED,1631912400,HSL:1004_20210917_La_1_1211,4,HSL:1301450,Munkkin. puistotie
46020,46221,201,46020,46243,223,True,UPDATED,1631912400,HSL:1004_20210917_La_1_1221,4,HSL:1301450,Munkkin. puistotie
46620,46552,-68,46620,46569,-51,True,UPDATED,1631912400,HSL:1004_20210917_La_1_1231,4,HSL:1301450,Munkkin. puistotie
47220,47220,0,47220,47220,0,False,SCHEDULED,1631912400,HSL:1004_20210917_La_1_1241,4,HSL:1301450,Munkkin. puistotie
47880,47880,0,47880,47880,0,False,SCHEDULED,1631912400,HSL:1004_20210917_La_1_1251,4,HSL:1301450,Munkkin. puistotie
45480,45406,-74,45480,45411,-69,True,UPDATED,1631912400,HSL:2157_20210917_La_1_1231,157,HSL:2432240,Yli-Finnoo
45900,45900,0,45900,45900,0,False,SCHEDULED,1631912400,HSL:2158_20210917_La_1_1238,158,HSL:2432240,Yli-Finnoo
45900,45937,37,45900,45948,48,True,UPDATED,1631912400,HSL:2124K_20210917_La_1_1232,124K,HSL:2432240,Yli-Finnoo
46380,46380,0,46380,46380,0,False,SCHEDULED,1631912400,HSL:2157_20210917_La_1_1246,157,HSL:2432240,Yli-Finnoo
46620,46670,50,46620,46683,63,True,UPDATED,1631912400,HSL:2543_20210917_La_1_1225,543,HSL:2432240,Yli-Finnoo
45300,45333,33,45300,45338,38,True,UPDATED,1631912400,HSL:2542_20210917_La_1_1200,542,HSL:2631217,Ikea Espoo
45420,45452,32,45420,45452,32,True,UPDATED,1631912400,HSL:2582_20210917_La_1_1230,582,HSL:2631217,Ikea Espoo
45540,45644,104,45540,45660,120,True,UPDATED,1631912400,HSL:2200_20210917_La_2_1234,200,HSL:2631217,Ikea Espoo
45600,45757,157,45600,45784,184,True,UPDATED,1631912400,HSL:2531_20210917_La_1_1206,531,HSL:2631217,Ikea Espoo
46080,46080,0,46080,46080,0,False,SCHEDULED,1631912400,HSL:5565_20210917_La_2_1242,565,HSL:2631217,Ikea Espoo
45360,45397,37,45360,45402,42,True,UPDATED,1631912400,HSL:2582_20210917_La_1_1230,582,HSL:2631218,Lommila
45480,45582,102,45480,45589,109,True,UPDATED,1631912400,HSL:2200_20210917_La_2_1234,200,HSL:2631218,Lommila
45600,45708,108,45600,45708,108,True,UPDATED,1631912400,HSL:2531_20210917_La_1_1206,531,HSL:2631218,Lommila
46080,46080,0,46080,46080,0,False,SCHEDULED,1631912400,HSL:5565_20210917_La_2_1242,565,HSL:2631218,Lommila
46080,46080,0,46080,46080,0,False,SCHEDULED,1631912400,HSL:2244_20210917_La_1_1243,244,HSL:2631218,Lommila
45300,45332,32,45300,45345,45,True,UPDATED,1631912400,HSL:2531_20210917_La_2_1230,531,HSL:2631219,Ikea Espoo
45600,45689,89,45600,45700,100,True,UPDATED,1631912400,HSL:2582_20210917_La_2_1212,582,HSL:2631219,Ikea Espoo
45720,45720,0,45720,45720,0,False,SCHEDULED,1631912400,HSL:2542_20210917_La_2_1237,542,HSL:2631219,Ikea Espoo
45780,45829,49,45780,45838,58,True,UPDATED,1631912400,HSL:2244_20210917_La_2_1217,244,HSL:2631219,Ikea Espoo
45780,45921,141,45780,45932,152,True,UPDATED,1631912400,HSL:2246K_20210917_La_2_1214,246K,HSL:2631219,Ikea Espoo
45420,45433,13,45420,45468,48,True,UPDATED,1631912400,HSL:31M2_20210917_La_1_1208,M2,HSL:1453601,Itäkeskus
45660,45679,19,45660,45714,54,True,UPDATED,1631912400,HSL:31M1_20210917_La_1_1206,M1,HSL:1453601,Itäkeskus
45900,45900,0,45900,45935,35,True,UPDATED,1631912400,HSL:31M2_20210917_La_1_1216,M2,HSL:1453601,Itäkeskus
46140,46123,-17,46140,46158,18,True,UPDATED,1631912400,HSL:31M1_20210917_La_1_1214,M1,HSL:1453601,Itäkeskus
46320,46330,10,46320,46365,45,True,UPDATED,1631912400,HSL:31M2_20210917_La_1_1223,M2,HSL:1453601,Itäkeskus
45360,45367,7,45360,45402,42,True,UPDATED,1631912400,HSL:31M1_20210917_La_2_1230,M1,HSL:1453602,Itäkeskus
45600,45598,-2,45600,45633,33,True,UPDATED,1631912400,HSL:31M2_20210917_La_2_1234,M2,HSL:1453602,Itäkeskus
45780,45634,-146,45780,45669,-111,True,UPDATED,1631912400,HSL:31M1_20210917_La_2_1237,M1,HSL:1453602,Itäkeskus
46020,46035,15,46020,46070,50,True,UPDATED,1631912400,HSL:31M2_20210917_La_2_1241,M2,HSL:1453602,Itäkeskus
46260,46245,-15,46260,46280,20,True,UPDATED,1631912400,HSL:31M1_20210917_La_2_1245,M1,HSL:1453602,Itäkeskus
45960,45960,0,45960,45960,0,False,SCHEDULED,1631912400,HSL:2158_20210917_La_1_1238,158,HSL:2432233,Eestinmalmintie
46080,46080,0,46080,46080,0,True,UPDATED,1631912400,HSL:2136_20210917_La_1_1239,136,HSL:2432233,Eestinmalmintie
46860,46860,0,46860,46860,0,False,SCHEDULED,1631912400,HSL:2158_20210917_La_1_1253,158,HSL:2432233,Eestinmalmintie
46980,46980,0,46980,46980,0,False,SCHEDULED,1631912400,HSL:2134_20210917_La_1_1254,134,HSL:2432233,Eestinmalmintie
47760,47760,0,47760,47760,0,False,SCHEDULED,1631912400,HSL:2158_20210917_La_1_1308,158,HSL:2432233,Eestinmalmintie
45480,45319,-161,45480,45319,-161,True,UPDATED,1631912400,HSL:2136_20210917_La_2_1217,136,HSL:2432234,Eestinmalmintie
46380,46300,-80,46380,46300,-80,True,UPDATED,1631912400,HSL:2134_20210917_La_2_1232,134,HSL:2432234,Eestinmalmintie
46320,46320,0,46320,46320,0,True,UPDATED,1631912400,HSL:2158_20210917_La_2_1236,158,HSL:2432234,Eestinmalmintie
47220,47220,0,47220,47220,0,False,SCHEDULED,1631912400,HSL:2158_20210917_La_2_1251,158,HSL:2432234,Eestinmalmintie
47280,47280,0,47280,47280,0,False,SCHEDULED,1631912400,HSL:2136_20210917_La_2_1247,136,HSL:2432234,Eestinmalmintie
45780,45854,74,45780,45875,95,True,UPDATED,1631912400,HSL:2200_20210917_La_2_1234,200,HSL:2631202,Jorvi
45900,45900,0,45900,45900,0,False,SCHEDULED,1631912400,HSL:2549_20210917_La_2_1244,549,HSL:2631202,Jorvi
46320,46320,0,46320,46320,0,False,SCHEDULED,1631912400,HSL:5565_20210917_La_2_1242,565,HSL:2631202,Jorvi
46380,46380,0,46380,46380,0,False,SCHEDULED,1631912400,HSL:2200_20210917_La_2_1244,200,HSL:2631202,Jorvi
46800,46800,0,46800,46800,0,False,SCHEDULED,1631912400,HSL:2549_20210917_La_2_1259,549,HSL:2631202,Jorvi
45360,45508,148,45360,45513,153,True,UPDATED,1631912400,HSL:2582_20210917_La_2_1212,582,HSL:2631203,Bemböle
45540,45540,0,45540,45540,0,False,SCHEDULED,1631912400,HSL:2542_20210917_La_2_1237,542,HSL:2631203,Bemböle
46020,46020,0,46020,46020,0,False,SCHEDULED,1631912400,HSL:2531_20210917_La_2_1245,531,HSL:2631203,Bemböle
45960,46282,322,45960,46305,345,True,UPDATED,1631912400,HSL:5565_20210917_La_1_1208,565,HSL:2631203,Bemböle
46380,46380,0,46380,46380,0,False,SCHEDULED,1631912400,HSL:2542_20210917_La_2_1251,542,HSL:2631203,Bemböle
45060,45336,276,45060,45340,280,True,UPDATED,1631912400,HSL:2549_20210917_La_1_1205,549,HSL:2631201,Jorvi
45600,45741,141,45600,45757,157,True,UPDATED,1631912400,HSL:2200_20210917_La_1_1154,200,HSL:2631201,Jorvi
45960,45960,0,45960,45960,0,False,SCHEDULED,1631912400,HSL:2549_20210917_La_1_1220,549,HSL:2631201,Jorvi
45900,46200,300,45900,46213,313,True,UPDATED,1631912400,HSL:5565_20210917_La_1_1208,565,HSL:2631201,Jorvi
46260,46416,156,46260,46432,172,True,UPDATED,1631912400,HSL:2200_20210917_La_1_1204,200,HSL:2631201,Jorvi
45660,45613,-47,45660,45621,-39,True,UPDATED,1631912400,HSL:2244_20210917_La_2_1217,244,HSL:2631206,Miilukorventie
46740,46740,0,46740,46740,0,True,UPDATED,1631912400,HSL:2245A_20210917_La_2_1234,245A,HSL:2631206,Miilukorventie
48600,48600,0,48600,48600,0,False,SCHEDULED,1631912400,HSL:2245A_20210917_La_2_1304,245A,HSL:2631206,Miilukorventie
49320,49320,0,49320,49320,0,False,SCHEDULED,1631912400,HSL:2244_20210917_La_2_1318,244,HSL:2631206,Miilukorventie
50460,50460,0,50460,50460,0,False,SCHEDULED,1631912400,HSL:2245A_20210917_La_2_1335,245A,HSL:2631206,Miilukorventie
45300,45353,53,45300,45401,101,True,UPDATED,1631912400,HSL:2124K_20210917_La_2_1218,124K,HSL:2432231,Länsimetsä
45660,45676,16,45660,45676,16,True,UPDATED,1631912400,HSL:2157_20210917_La_2_1234,157,HSL:2432231,Länsimetsä
46200,46200,0,46200,46200,0,False,SCHEDULED,1631912400,HSL:2124_20210917_La_2_1233,124,HSL:2432231,Länsimetsä
46560,46560,0,46560,46560,0,False,SCHEDULED,1631912400,HSL:2157_20210917_La_2_1249,157,HSL:2432231,Länsimetsä
47100,47100,0,47100,47100,0,False,SCHEDULED,1631912400,HSL:2124K_20210917_La_2_1248,124K,HSL:2432231,Länsimetsä
45480,45450,-30,45480,45452,-28,True,UPDATED,1631912400,HSL:2542_20210917_La_1_1200,542,HSL:2631204,Bemböle
45780,45905,125,45780,45905,125,True,UPDATED,1631912400,HSL:2531_20210917_La_1_1206,531,HSL:2631204,Bemböle
46260,46260,0,46260,46260,0,False,SCHEDULED,1631912400,HSL:5565_20210917_La_2_1242,565,HSL:2631204,Bemböle
46320,46406,86,46320,46420,100,True,UPDATED,1631912400,HSL:2542_20210917_La_1_1214,542,HSL:2631204,Bemböle
46380,46461,81,46380,46463,83,True,UPDATED,1631912400,HSL:2227_20210917_La_1_1231,227,HSL:2631204,Bemböle
45180,45322,142,45180,45330,150,True,UPDATED,1631912400,HSL:2245A_20210917_La_1_1225,245A,HSL:2631205,Miilukorventie
46260,46260,0,46260,46260,0,False,SCHEDULED,1631912400,HSL:2244_20210917_La_1_1243,244,HSL:2631205,Miilukorventie
47040,47040,0,47040,47040,0,False,SCHEDULED,1631912400,HSL:2245A_20210917_La_1_1256,245A,HSL:2631205,Miilukorventie
48780,48780,0,48780,48780,0,False,SCHEDULED,1631912400,HSL:2245A_20210917_La_1_1325,245A,HSL:2631205,Miilukorventie
49920,49920,0,49920,49920,0,False,SCHEDULED,1631912400,HSL:2244_20210917_La_1_1344,244,HSL:2631205,Miilukorventie
45300,45468,168,45300,45468,168,True,UPDATED,1631912400,HSL:2134_20210917_La_1_1224,134,HSL:2432262,Puolarmetsänkatu
45660,45744,84,45660,45756,96,True,UPDATED,1631912400,HSL:2531_20210917_La_1_1221,531,HSL:2432262,Puolarmetsänkatu
46200,46200,0,46200,46200,0,True,UPDATED,1631912400,HSL:2136_20210917_La_1_1239,136,HSL:2432262,Puolarmetsänkatu
46560,46560,0,46560,46560,0,False,SCHEDULED,1631912400,HSL:2531_20210917_La_1_1236,531,HSL:2432262,Puolarmetsänkatu
47100,47100,0,47100,47100,0,False,SCHEDULED,1631912400,HSL:2134_20210917_La_1_1254,134,HSL:2432262,Puolarmetsänkatu
45720,45639,-81,45720,45645,-75,True,UPDATED,1631912400,HSL:1056_20210917_La_2_1212,56,HSL:1210110,Sörnäistenkatu
45780,45799,19,45780,45812,32,True,UPDATED,1631912400,HSL:1055_20210917_La_2_1229,55,HSL:1210110,Sörnäistenkatu
46260,46260,0,46260,46260,0,False,SCHEDULED,1631912400,HSL:1056_20210917_La_2_1221,56,HSL:1210110,Sörnäistenkatu
46680,46680,0,46680,46680,0,False,SCHEDULED,1631912400,HSL:1055_20210917_La_2_1244,55,HSL:1210110,Sörnäistenkatu
46860,46925,65,46860,46925,65,True,UPDATED,1631912400,HSL:1056_20210917_La_2_1231,56,HSL:1210110,Sörnäistenkatu
45240,45541,301,45240,45551,311,True,UPDATED,1631912400,HSL:1055_20210917_La_1_1220,55,HSL:1210111,Sörnäistenkatu
45900,45900,0,45900,45900,0,False,SCHEDULED,1631912400,HSL:1056_20210917_La_1_1240,56,HSL:1210111,Sörnäistenkatu
46140,46140,0,46140,46140,0,False,SCHEDULED,1631912400,HSL:1055_20210917_La_1_1235,55,HSL:1210111,Sörnäistenkatu
46500,46500,0,46500,46500,0,False,SCHEDULED,1631912400,HSL:1056_20210917_La_1_1250,56,HSL:1210111,Sörnäistenkatu
47040,47040,0,47040,47040,0,False,SCHEDULED,1631912400,HSL:1055_20210917_La_1_1250,55,HSL:1210111,Sörnäistenkatu
45780,45844,64,45780,45850,70,True,UPDATED,1631912400,HSL:1554_20210917_La_1_1213,554,HSL:1392185,Kotinummentie
46980,47022,42,46980,47027,47,True,UPDATED,1631912400,HSL:1554_20210917_La_1_1233,554,HSL:1392185,Kotinummentie
48180,48180,0,48180,48180,0,False,SCHEDULED,1631912400,HSL:1554_20210917_La_1_1253,554,HSL:1392185,Kotinummentie
49380,49380,0,49380,49380,0,False,SCHEDULED,1631912400,HSL:1554_20210917_La_1_1313,554,HSL:1392185,Kotinummentie
50580,50580,0,50580,50580,0,False,SCHEDULED,1631912400,HSL:1554_20210917_La_1_1333,554,HSL:1392185,Kotinummentie
46020,46138,118,46020,46142,122,True,UPDATED,1631912400,HSL:1073_20210917_La_1_1213,73,HSL:1392184,Rintamasotilaantie
47220,47263,43,47220,47268,48,True,UPDATED,1631912400,HSL:1073_20210917_La_1_1232,73,HSL:1392184,Rintamasotilaantie
48420,48420,0,48420,48420,0,False,SCHEDULED,1631912400,HSL:1073_20210917_La_1_1252,73,HSL:1392184,Rintamasotilaantie
49620,49620,0,49620,49620,0,False,SCHEDULED,1631912400,HSL:1073_20210917_La_1_1312,73,HSL:1392184,Rintamasotilaantie
50820,50820,0,50820,50820,0,False,SCHEDULED,1631912400,HSL:1073_20210917_La_1_1332,73,HSL:1392184,Rintamasotilaantie
46320,46392,72,46320,46402,82,True,UPDATED,1631912400,HSL:1074_20210917_La_1_1223,74,HSL:1392188,Huhtapuisto
47520,47520,0,47520,47520,0,False,SCHEDULED,1631912400,HSL:1074_20210917_La_1_1242,74,HSL:1392188,Huhtapuisto
48780,48780,0,48780,48780,0,False,SCHEDULED,1631912400,HSL:1074_20210917_La_1_1302,74,HSL:1392188,Huhtapuisto
49980,49980,0,49980,49980,0,False,SCHEDULED,1631912400,HSL:1074_20210917_La_1_1322,74,HSL:1392188,Huhtapuisto
51180,51180,0,51180,51180,0,False,SCHEDULED,1631912400,HSL:1074_20210917_La_1_1342,74,HSL:1392188,Huhtapuisto
45540,45513,-27,45540,45514,-26,True,UPDATED,1631912400,HSL:1074_20210917_La_1_1203,74,HSL:1392180,Moisiontie
46080,46183,103,46080,46188,108,True,UPDATED,1631912400,HSL:1073_20210917_La_1_1213,73,HSL:1392180,Moisiontie
46740,46740,0,46740,46740,0,True,UPDATED,1631912400,HSL:1074_20210917_La_1_1223,74,HSL:1392180,Moisiontie
47280,47329,49,47280,47333,53,True,UPDATED,1631912400,HSL:1073_20210917_La_1_1232,73,HSL:1392180,Moisiontie
47940,47940,0,47940,47940,0,False,SCHEDULED,1631912400,HSL:1074_20210917_La_1_1242,74,HSL:1392180,Moisiontie
45480,45580,100,45480,45618,138,True,UPDATED,1631912400,HSL:4735_20210917_La_1_1201,735,HSL:4830298,Metsolanportti
46080,46080,0,46080,46080,0,True,UPDATED,1631912400,HSL:4731_20210917_La_2_1235,731,HSL:4830298,Metsolanportti
47280,47352,72,47280,47363,83,True,UPDATED,1631912400,HSL:4735_20210917_La_1_1231,735,HSL:4830298,Metsolanportti
47880,47880,0,47880,47880,0,False,SCHEDULED,1631912400,HSL:4731_20210917_La_2_1305,731,HSL:4830298,Metsolanportti
49080,49080,0,49080,49080,0,False,SCHEDULED,1631912400,HSL:4735_20210917_La_1_1300,735,HSL:4830298,Metsolanportti
46320,46320,0,46320,46320,0,False,SCHEDULED,1631912400,HSL:4734_20210917_La_1_1247,734,HSL:4830294,Marsupolku
48120,48120,0,48120,48120,0,False,SCHEDULED,1631912400,HSL:4734_20210917_La_1_1317,734,HSL:4830294,Marsupolku
49920,49920,0,49920,49920,0,False,SCHEDULED,1631912400,HSL:4734_20210917_La_1_1347,734,HSL:4830294,Marsupolku
51720,51720,0,51720,51720,0,False,SCHEDULED,1631912400,HSL:4734_20210917_La_1_1417,734,HSL:4830294,Marsupolku
53520,53520,0,53520,53520,0,False,SCHEDULED,1631912400,HSL:4734_20210917_La_1_1447,734,HSL:4830294,Marsupolku
45960,46082,122,45960,46093,133,True,UPDATED,1631912400,HSL:1073_20210917_La_1_1213,73,HSL:1392165,Kotinummentie
47160,47222,62,47160,47233,73,True,UPDATED,1631912400,HSL:1073_20210917_La_1_1232,73,HSL:1392165,Kotinummentie
48360,48360,0,48360,48360,0,False,SCHEDULED,1631912400,HSL:1073_20210917_La_1_1252,73,HSL:1392165,Kotinummentie
49560,49560,0,49560,49560,0,False,SCHEDULED,1631912400,HSL:1073_20210917_La_1_1312,73,HSL:1392165,Kotinummentie
50760,50760,0,50760,50760,0,False,SCHEDULED,1631912400,HSL:1073_20210917_La_1_1332,73,HSL:1392165,Kotinummentie
46080,46153,73,46080,46164,84,True,UPDATED,1631912400,HSL:2345N_20210917_La_1_1205,345N,HSL:2721201,Odilampi
49680,49680,0,49680,49680,0,False,SCHEDULED,1631912400,HSL:2345N_20210917_La_1_1305,345N,HSL:2721201,Odilampi
53280,53280,0,53280,53280,0,False,SCHEDULED,1631912400,HSL:2345N_20210917_La_1_1405,345N,HSL:2721201,Odilampi
56880,56880,0,56880,56880,0,False,SCHEDULED,1631912400,HSL:2345N_20210917_La_1_1505,345N,HSL:2721201,Odilampi
60480,60480,0,60480,60480,0,False,SCHEDULED,1631912400,HSL:2345N_20210917_La_1_1605,345N,HSL:2721201,Odilampi
46080,46236,156,46080,46237,157,True,UPDATED,1631912400,HSL:2345N_20210917_La_1_1205,345N,HSL:2721203,Metsämaa
49680,49680,0,49680,49680,0,False,SCHEDULED,1631912400,HSL:2345N_20210917_La_1_1305,345N,HSL:2721203,Metsämaa
53280,53280,0,53280,53280,0,False,SCHEDULED,1631912400,HSL:2345N_20210917_La_1_1405,345N,HSL:2721203,Metsämaa
56880,56880,0,56880,56880,0,False,SCHEDULED,1631912400,HSL:2345N_20210917_La_1_1505,345N,HSL:2721203,Metsämaa
60480,60480,0,60480,60480,0,False,SCHEDULED,1631912400,HSL:2345N_20210917_La_1_1605,345N,HSL:2721203,Metsämaa
48120,48120,0,48120,48120,0,False,SCHEDULED,1631912400,HSL:2345N_20210917_La_2_1308,345N,HSL:2721202,Odilampi
51720,51720,0,51720,51720,0,False,SCHEDULED,1631912400,HSL:2345N_20210917_La_2_1408,345N,HSL:2721202,Odilampi
55320,55320,0,55320,55320,0,False,SCHEDULED,1631912400,HSL:2345N_20210917_La_2_1507,345N,HSL:2721202,Odilampi
58920,58920,0,58920,58920,0,False,SCHEDULED,1631912400,HSL:2345N_20210917_La_2_1607,345N,HSL:2721202,Odilampi
62520,62520,0,62520,62520,0,False,SCHEDULED,1631912400,HSL:2345N_20210917_La_2_1707,345N,HSL:2721202,Odilampi
46140,46240,100,46140,46253,113,True,UPDATED,1631912400,HSL:2345N_20210917_La_1_1205,345N,HSL:2721205,Kortesmäki
49740,49740,0,49740,49740,0,False,SCHEDULED,1631912400,HSL:2345N_20210917_La_1_1305,345N,HSL:2721205,Kortesmäki
53340,53340,0,53340,53340,0,False,SCHEDULED,1631912400,HSL:2345N_20210917_La_1_1405,345N,HSL:2721205,Kortesmäki
56940,56940,0,56940,56940,0,False,SCHEDULED,1631912400,HSL:2345N_20210917_La_1_1505,345N,HSL:2721205,Kortesmäki
60540,60540,0,60540,60540,0,False,SCHEDULED,1631912400,HSL:2345N_20210917_La_1_1605,345N,HSL:2721205,Kortesmäki
48060,48060,0,48060,48060,0,False,SCHEDULED,1631912400,HSL:2345N_20210917_La_2_1308,345N,HSL:2721204,Metsämaa
51660,51660,0,51660,51660,0,False,SCHEDULED,1631912400,HSL:2345N_20210917_La_2_1408,345N,HSL:2721204,Metsämaa
55260,55260,0,55260,55260,0,False,SCHEDULED,1631912400,HSL:2345N_20210917_La_2_1507,345N,HSL:2721204,Metsämaa
58860,58860,0,58860,58860,0,False,SCHEDULED,1631912400,HSL:2345N_20210917_La_2_1607,345N,HSL:2721204,Metsämaa
62460,62460,0,62460,62460,0,False,SCHEDULED,1631912400,HSL:2345N_20210917_La_2_1707,345N,HSL:2721204,Metsämaa
46200,46311,111,46200,46315,115,True,UPDATED,1631912400,HSL:2345N_20210917_La_1_1205,345N,HSL:2721207,Kalajärvi
47040,47049,9,47040,47052,12,True,UPDATED,1631912400,HSL:2236_20210917_La_1_1226,236,HSL:2721207,Kalajärvi
49800,49800,0,49800,49800,0,False,SCHEDULED,1631912400,HSL:2345N_20210917_La_1_1305,345N,HSL:2721207,Kalajärvi
50700,50700,0,50700,50700,0,False,SCHEDULED,1631912400,HSL:2236_20210917_La_1_1326,236,HSL:2721207,Kalajärvi
53400,53400,0,53400,53400,0,False,SCHEDULED,1631912400,HSL:2345N_20210917_La_1_1405,345N,HSL:2721207,Kalajärvi
48060,48060,0,48060,48060,0,False,SCHEDULED,1631912400,HSL:2345N_20210917_La_2_1308,345N,HSL:2721206,Kortesmäki
51660,51660,0,51660,51660,0,False,SCHEDULED,1631912400,HSL:2345N_20210917_La_2_1408,345N,HSL:2721206,Kortesmäki
55260,55260,0,55260,55260,0,False,SCHEDULED,1631912400,HSL:2345N_20210917_La_2_1507,345N,HSL:2721206,Kortesmäki
58860,58860,0,58860,58860,0,False,SCHEDULED,1631912400,HSL:2345N_20210917_La_2_1607,345N,HSL:2721206,Kortesmäki
62460,62460,0,62460,62460,0,False,SCHEDULED,1631912400,HSL:2345N_20210917_La_2_1707,345N,HSL:2721206,Kortesmäki
46200,46341,141,46200,46342,142,True,UPDATED,1631912400,HSL:2345N_20210917_La_1_1205,345N,HSL:2721209,Kalajärvenranta
47100,47076,-24,47100,47076,-24,True,UPDATED,1631912400,HSL:2236_20210917_La_1_1226,236,HSL:2721209,Kalajärvenranta
49800,49800,0,49800,49800,0,False,SCHEDULED,1631912400,HSL:2345N_20210917_La_1_1305,345N,HSL:2721209,Kalajärvenranta
50760,50760,0,50760,50760,0,False,SCHEDULED,1631912400,HSL:2236_20210917_La_1_1326,236,HSL:2721209,Kalajärvenranta
53400,53400,0,53400,53400,0,False,SCHEDULED,1631912400,HSL:2345N_20210917_La_1_1405,345N,HSL:2721209,Kalajärvenranta
46920,46920,0,46920,46920,0,False,SCHEDULED,1631912400,HSL:2236_20210917_La_2_1254,236,HSL:2721208,Kalajärvi
48000,48000,0,48000,48000,0,False,SCHEDULED,1631912400,HSL:2345N_20210917_La_2_1308,345N,HSL:2721208,Kalajärvi
50520,50520,0,50520,50520,0,False,SCHEDULED,1631912400,HSL:2236_20210917_La_2_1354,236,HSL:2721208,Kalajärvi
51600,51600,0,51600,51600,0,False,SCHEDULED,1631912400,HSL:2345N_20210917_La_2_1408,345N,HSL:2721208,Kalajärvi
54120,54120,0,54120,54120,0,False,SCHEDULED,1631912400,HSL:2236_20210917_La_2_1454,236,HSL:2721208,Kalajärvi
79320,79320,0,79320,79320,0,False,SCHEDULED,1631912400,HSL:1082B_20210917_La_2_2150,82B,HSL:1433166,Johan Sederholmin t.
81120,81120,0,81120,81120,0,False,SCHEDULED,1631912400,HSL:1082B_20210917_La_2_2220,82B,HSL:1433166,Johan Sederholmin t.
82920,82920,0,82920,82920,0,False,SCHEDULED,1631912400,HSL:1082B_20210917_La_2_2250,82B,HSL:1433166,Johan Sederholmin t.
84660,84660,0,84660,84660,0,False,SCHEDULED,1631912400,HSL:1082B_20210917_La_2_2320,82B,HSL:1433166,Johan Sederholmin t.
86280,86280,0,86280,86280,0,False,SCHEDULED,1631912400,HSL:1095N_20210917_La_2_2333,95N,HSL:1433166,Johan Sederholmin t.
45420,45420,0,45420,45420,0,False,SCHEDULED,1631912400,HSL:2542_20210917_La_2_1237,542,HSL:2631269,Jorvin sairaala
45120,45413,293,45120,45424,304,True,UPDATED,1631912400,HSL:2549_20210917_La_1_1205,549,HSL:2631269,Jorvin sairaala
45600,45514,-86,45600,45544,-56,True,UPDATED,1631912400,HSL:2542_20210917_La_1_1200,542,HSL:2631269,Jorvin sairaala
45840,45840,0,45840,45840,0,False,SCHEDULED,1631912400,HSL:2549_20210917_La_2_1244,549,HSL:2631269,Jorvin sairaala
45900,45900,0,45900,45900,0,False,SCHEDULED,1631912400,HSL:2531_20210917_La_2_1245,531,HSL:2631269,Jorvin sairaala
45240,45282,42,45240,45314,74,True,UPDATED,1631912400,HSL:1082_20210917_La_1_1230,82,HSL:1433173,Porolahti
45720,45720,0,45720,45720,0,False,SCHEDULED,1631912400,HSL:1080_20210917_La_1_1238,80,HSL:1433173,Porolahti
46140,46140,0,46140,46140,0,False,SCHEDULED,1631912400,HSL:1082_20210917_La_1_1245,82,HSL:1433173,Porolahti
46620,46620,0,46620,46620,0,False,SCHEDULED,1631912400,HSL:1080_20210917_La_1_1253,80,HSL:1433173,Porolahti
47040,47040,0,47040,47040,0,False,SCHEDULED,1631912400,HSL:1082_20210917_La_1_1300,82,HSL:1433173,Porolahti
46980,46980,0,46980,46980,0,False,SCHEDULED,1631912400,HSL:2244_20210917_La_1_1243,244,HSL:2643242,Nuuksion koulu
50640,50640,0,50640,50640,0,False,SCHEDULED,1631912400,HSL:2244_20210917_La_1_1344,244,HSL:2643242,Nuuksion koulu
54300,54300,0,54300,54300,0,False,SCHEDULED,1631912400,HSL:2244_20210917_La_1_1444,244,HSL:2643242,Nuuksion koulu
57900,57900,0,57900,57900,0,False,SCHEDULED,1631912400,HSL:2244_20210917_La_1_1545,244,HSL:2643242,Nuuksion koulu
61440,61440,0,61440,61440,0,False,SCHEDULED,1631912400,HSL:2244_20210917_La_1_1644,244,HSL:2643242,Nuuksion koulu
48480,48480,0,48480,48480,0,False,SCHEDULED,1631912400,HSL:2244_20210917_La_2_1318,244,HSL:2643241,Nuuksion koulu
52140,52140,0,52140,52140,0,False,SCHEDULED,1631912400,HSL:2244_20210917_La_2_1419,244,HSL:2643241,Nuuksion koulu
55800,55800,0,55800,55800,0,False,SCHEDULED,1631912400,HSL:2244_20210917_La_2_1520,244,HSL:2643241,Nuuksion koulu
59400,59400,0,59400,59400,0,False,SCHEDULED,1631912400,HSL:2244_20210917_La_2_1620,244,HSL:2643241,Nuuksion koulu
62940,62940,0,62940,62940,0,False,SCHEDULED,1631912400,HSL:2244_20210917_La_2_1719,244,HSL:2643241,Nuuksion koulu
47040,47040,0,47040,47040,0,False,SCHEDULED,1631912400,HSL:2244_20210917_La_1_1243,244,HSL:2643244,Sahajärventie
50700,50700,0,50700,50700,0,False,SCHEDULED,1631912400,HSL:2244_20210917_La_1_1344,244,HSL:2643244,Sahajärventie
54360,54360,0,54360,54360,0,False,SCHEDULED,1631912400,HSL:2244_20210917_La_1_1444,244,HSL:2643244,Sahajärventie
57960,57960,0,57960,57960,0,False,SCHEDULED,1631912400,HSL:2244_20210917_La_1_1545,244,HSL:2643244,Sahajärventie
61500,61500,0,61500,61500,0,False,SCHEDULED,1631912400,HSL:2244_20210917_La_1_1644,244,HSL:2643244,Sahajärventie
48420,48420,0,48420,48420,0,False,SCHEDULED,1631912400,HSL:2244_20210917_La_2_1318,244,HSL:2643243,Sahajärventie
52080,52080,0,52080,52080,0,False,SCHEDULED,1631912400,HSL:2244_20210917_La_2_1419,244,HSL:2643243,Sahajärventie
55740,55740,0,55740,55740,0,False,SCHEDULED,1631912400,HSL:2244_20210917_La_2_1520,244,HSL:2643243,Sahajärventie
59340,59340,0,59340,59340,0,False,SCHEDULED,1631912400,HSL:2244_20210917_La_2_1620,244,HSL:2643243,Sahajärventie
62880,62880,0,62880,62880,0,False,SCHEDULED,1631912400,HSL:2244_20210917_La_2_1719,244,HSL:2643243,Sahajärventie
48300,48300,0,48300,48300,0,False,SCHEDULED,1631912400,HSL:2244_20210917_La_2_1318,244,HSL:2643271,Kotimäki
51960,51960,0,51960,51960,0,False,SCHEDULED,1631912400,HSL:2244_20210917_La_2_1419,244,HSL:2643271,Kotimäki
55620,55620,0,55620,55620,0,False,SCHEDULED,1631912400,HSL:2244_20210917_La_2_1520,244,HSL:2643271,Kotimäki
59220,59220,0,59220,59220,0,False,SCHEDULED,1631912400,HSL:2244_20210917_La_2_1620,244,HSL:2643271,Kotimäki
62760,62760,0,62760,62760,0,False,SCHEDULED,1631912400,HSL:2244_20210917_La_2_1719,244,HSL:2643271,Kotimäki
47100,47100,0,47100,47100,0,False,SCHEDULED,1631912400,HSL:2244_20210917_La_1_1243,244,HSL:2643270,Uusipelto
50760,50760,0,50760,50760,0,False,SCHEDULED,1631912400,HSL:2244_20210917_La_1_1344,244,HSL:2643270,Uusipelto
54420,54420,0,54420,54420,0,False,SCHEDULED,1631912400,HSL:2244_20210917_La_1_1444,244,HSL:2643270,Uusipelto
58020,58020,0,58020,58020,0,False,SCHEDULED,1631912400,HSL:2244_20210917_La_1_1545,244,HSL:2643270,Uusipelto
61560,61560,0,61560,61560,0,False,SCHEDULED,1631912400,HSL:2244_20210917_La_1_1644,244,HSL:2643270,Uusipelto
86100,86100,0,86100,86100,0,False,SCHEDULED,1631912400,HSL:1097N_20210917_La_1_2340,97N,HSL:1433183,Siilitie (M)
86640,86640,0,86640,86640,0,False,SCHEDULED,1631912400,HSL:1096N_20210917_La_1_2349,96N,HSL:1433183,Siilitie (M)
87600,87600,0,87600,87600,0,False,SCHEDULED,1631912400,HSL:1097N_20210917_La_1_2405,97N,HSL:1433183,Siilitie (M)
87780,87780,0,87780,87780,0,False,SCHEDULED,1631912400,HSL:1096N_20210917_La_1_2409,96N,HSL:1433183,Siilitie (M)
87960,87960,0,87960,87960,0,False,SCHEDULED,1631912400,HSL:9841N_20210917_La_1_2412,841N,HSL:1433183,Siilitie (M)
48300,48300,0,48300,48300,0,False,SCHEDULED,1631912400,HSL:2244_20210917_La_2_1318,244,HSL:2643273,Kotihaka
51960,51960,0,51960,51960,0,False,SCHEDULED,1631912400,HSL:2244_20210917_La_2_1419,244,HSL:2643273,Kotihaka
55620,55620,0,55620,55620,0,False,SCHEDULED,1631912400,HSL:2244_20210917_La_2_1520,244,HSL:2643273,Kotihaka
59220,59220,0,59220,59220,0,False,SCHEDULED,1631912400,HSL:2244_20210917_La_2_1620,244,HSL:2643273,Kotihaka
62760,62760,0,62760,62760,0,False,SCHEDULED,1631912400,HSL:2244_20210917_La_2_1719,244,HSL:2643273,Kotihaka
47160,47160,0,47160,47160,0,False,SCHEDULED,1631912400,HSL:2244_20210917_La_1_1243,244,HSL:2643272,Kotimäki
50820,50820,0,50820,50820,0,False,SCHEDULED,1631912400,HSL:2244_20210917_La_1_1344,244,HSL:2643272,Kotimäki
54480,54480,0,54480,54480,0,False,SCHEDULED,1631912400,HSL:2244_20210917_La_1_1444,244,HSL:2643272,Kotimäki
58080,58080,0,58080,58080,0,False,SCHEDULED,1631912400,HSL:2244_20210917_La_1_1545,244,HSL:2643272,Kotimäki
61620,61620,0,61620,61620,0,False,SCHEDULED,1631912400,HSL:2244_20210917_La_1_1644,244,HSL:2643272,Kotimäki
47220,47220,0,47220,47220,0,False,SCHEDULED,1631912400,HSL:2244_20210917_La_1_1243,244,HSL:2643274,Kotihaka
50880,50880,0,50880,50880,0,False,SCHEDULED,1631912400,HSL:2244_20210917_La_1_1344,244,HSL:2643274,Kotihaka
54540,54540,0,54540,54540,0,False,SCHEDULED,1631912400,HSL:2244_20210917_La_1_1444,244,HSL:2643274,Kotihaka
58140,58140,0,58140,58140,0,False,SCHEDULED,1631912400,HSL:2244_20210917_La_1_1545,244,HSL:2643274,Kotihaka
61680,61680,0,61680,61680,0,False,SCHEDULED,1631912400,HSL:2244_20210917_La_1_1644,244,HSL:2643274,Kotihaka
48360,48360,0,48360,48360,0,False,SCHEDULED,1631912400,HSL:2244_20210917_La_2_1318,244,HSL:2643269,Uusipelto
52020,52020,0,52020,52020,0,False,SCHEDULED,1631912400,HSL:2244_20210917_La_2_1419,244,HSL:2643269,Uusipelto
55680,55680,0,55680,55680,0,False,SCHEDULED,1631912400,HSL:2244_20210917_La_2_1520,244,HSL:2643269,Uusipelto
59280,59280,0,59280,59280,0,False,SCHEDULED,1631912400,HSL:2244_20210917_La_2_1620,244,HSL:2643269,Uusipelto
62820,62820,0,62820,62820,0,False,SCHEDULED,1631912400,HSL:2244_20210917_La_2_1719,244,HSL:2643269,Uusipelto
56100,56100,0,56100,56100,0,False,SCHEDULED,1631912400,HSL:9787B_20210917_La_2_1535,787B,HSL:9400202,Monninkylä th
55380,55380,0,55380,55380,0,False,SCHEDULED,1631912400,HSL:9787K_20210917_La_1_1410,787K,HSL:9400208,Pornainen koulukesk.
45420,45400,-20,45420,45402,-18,True,UPDATED,1631912400,HSL:2542_20210917_La_1_1200,542,HSL:2631280,Fallåker
45480,45549,69,45480,45556,76,True,UPDATED,1631912400,HSL:2582_20210917_La_1_1230,582,HSL:2631280,Fallåker
45600,45722,122,45600,45731,131,True,UPDATED,1631912400,HSL:2200_20210917_La_2_1234,200,HSL:2631280,Fallåker
45720,45835,115,45720,45835,115,True,UPDATED,1631912400,HSL:2531_20210917_La_1_1206,531,HSL:2631280,Fallåker
46140,46140,0,46140,46140,0,False,SCHEDULED,1631912400,HSL:5565_20210917_La_2_1242,565,HSL:2631280,Fallåker
45480,45550,70,45480,45550,70,True,UPDATED,1631912400,HSL:2582_20210917_La_2_1212,582,HSL:2631281,Fallåker
45660,45660,0,45660,45660,0,False,SCHEDULED,1631912400,HSL:2542_20210917_La_2_1237,542,HSL:2631281,Fallåker
45780,45873,93,45780,45873,93,True,UPDATED,1631912400,HSL:2200_20210917_La_1_1154,200,HSL:2631281,Fallåker
46140,46140,0,46140,46140,0,False,SCHEDULED,1631912400,HSL:2531_20210917_La_2_1245,531,HSL:2631281,Fallåker
46020,46346,326,46020,46352,332,True,UPDATED,1631912400,HSL:5565_20210917_La_1_1208,565,HSL:2631281,Fallåker
47340,47340,0,47340,47340,0,False,SCHEDULED,1631912400,HSL:2244_20210917_La_1_1243,244,HSL:2643215,Naruportti
51000,51000,0,51000,51000,0,False,SCHEDULED,1631912400,HSL:2244_20210917_La_1_1344,244,HSL:2643215,Naruportti
54660,54660,0,54660,54660,0,False,SCHEDULED,1631912400,HSL:2244_20210917_La_1_1444,244,HSL:2643215,Naruportti
58260,58260,0,58260,58260,0,False,SCHEDULED,1631912400,HSL:2244_20210917_La_1_1545,244,HSL:2643215,Naruportti
61800,61800,0,61800,61800,0,False,SCHEDULED,1631912400,HSL:2244_20210917_La_1_1644,244,HSL:2643215,Naruportti
46320,46344,24,46320,46347,27,True,UPDATED,1631912400,HSL:4332_20210917_La_1_1217,332,HSL:4140297,Kierretie
49920,49920,0,49920,49920,0,False,SCHEDULED,1631912400,HSL:4332_20210917_La_1_1317,332,HSL:4140297,Kierretie
53520,53520,0,53520,53520,0,False,SCHEDULED,1631912400,HSL:4332_20210917_La_1_1417,332,HSL:4140297,Kierretie
57120,57120,0,57120,57120,0,False,SCHEDULED,1631912400,HSL:4332_20210917_La_1_1517,332,HSL:4140297,Kierretie
60720,60720,0,60720,60720,0,False,SCHEDULED,1631912400,HSL:4332_20210917_La_1_1617,332,HSL:4140297,Kierretie
47340,47340,0,47340,47340,0,False,SCHEDULED,1631912400,HSL:2244_20210917_La_1_1243,244,HSL:2643217,Siikajärventie 90
51000,51000,0,51000,51000,0,False,SCHEDULED,1631912400,HSL:2244_20210917_La_1_1344,244,HSL:2643217,Siikajärventie 90
54660,54660,0,54660,54660,0,False,SCHEDULED,1631912400,HSL:2244_20210917_La_1_1444,244,HSL:2643217,Siikajärventie 90
58260,58260,0,58260,58260,0,False,SCHEDULED,1631912400,HSL:2244_20210917_La_1_1545,244,HSL:2643217,Siikajärventie 90
61800,61800,0,61800,61800,0,False,SCHEDULED,1631912400,HSL:2244_20210917_La_1_1644,244,HSL:2643217,Siikajärventie 90
48180,48180,0,48180,48180,0,False,SCHEDULED,1631912400,HSL:2244_20210917_La_2_1318,244,HSL:2643216,Naruportti
51840,51840,0,51840,51840,0,False,SCHEDULED,1631912400,HSL:2244_20210917_La_2_1419,244,HSL:2643216,Naruportti
55500,55500,0,55500,55500,0,False,SCHEDULED,1631912400,HSL:2244_20210917_La_2_1520,244,HSL:2643216,Naruportti
59100,59100,0,59100,59100,0,False,SCHEDULED,1631912400,HSL:2244_20210917_La_2_1620,244,HSL:2643216,Naruportti
62640,62640,0,62640,62640,0,False,SCHEDULED,1631912400,HSL:2244_20210917_La_2_1719,244,HSL:2643216,Naruportti
55500,55500,0,55500,55500,0,False,SCHEDULED,1631912400,HSL:9787K_20210917_La_1_1410,787K,HSL:9400219,Monninkylä th
47400,47400,0,47400,47400,0,False,SCHEDULED,1631912400,HSL:2244_20210917_La_1_1243,244,HSL:2643219,Siikajärvi
51060,51060,0,51060,51060,0,False,SCHEDULED,1631912400,HSL:2244_20210917_La_1_1344,244,HSL:2643219,Siikajärvi
54720,54720,0,54720,54720,0,False,SCHEDULED,1631912400,HSL:2244_20210917_La_1_1444,244,HSL:2643219,Siikajärvi
58320,58320,0,58320,58320,0,False,SCHEDULED,1631912400,HSL:2244_20210917_La_1_1545,244,HSL:2643219,Siikajärvi
61860,61860,0,61860,61860,0,False,SCHEDULED,1631912400,HSL:2244_20210917_La_1_1644,244,HSL:2643219,Siikajärvi
48180,48180,0,48180,48180,0,False,SCHEDULED,1631912400,HSL:2244_20210917_La_2_1318,244,HSL:2643218,Siikajärventie 90
51840,51840,0,51840,51840,0,False,SCHEDULED,1631912400,HSL:2244_20210917_La_2_1419,244,HSL:2643218,Siikajärventie 90
55500,55500,0,55500,55500,0,False,SCHEDULED,1631912400,HSL:2244_20210917_La_2_1520,244,HSL:2643218,Siikajärventie 90
59100,59100,0,59100,59100,0,False,SCHEDULED,1631912400,HSL:2244_20210917_La_2_1620,244,HSL:2643218,Siikajärventie 90
62640,62640,0,62640,62640,0,False,SCHEDULED,1631912400,HSL:2244_20210917_La_2_1719,244,HSL:2643218,Siikajärventie 90
56580,56580,0,56580,56580,0,False,SCHEDULED,1631912400,HSL:9787B_20210917_La_2_1535,787B,HSL:9400210,Jokimäki
55020,55020,0,55020,55020,0,False,SCHEDULED,1631912400,HSL:9787K_20210917_La_1_1410,787K,HSL:9400211,Jokimäki
46920,46920,0,46920,46920,0,False,SCHEDULED,1631912400,HSL:6173_20210917_La_2_1301,173,HSL:6100201,Kaislalahti
50520,50520,0,50520,50520,0,False,SCHEDULED,1631912400,HSL:6173_20210917_La_2_1401,173,HSL:6100201,Kaislalahti
54180,54180,0,54180,54180,0,False,SCHEDULED,1631912400,HSL:6173_20210917_La_2_1502,173,HSL:6100201,Kaislalahti
57780,57780,0,57780,57780,0,False,SCHEDULED,1631912400,HSL:6173_20210917_La_2_1602,173,HSL:6100201,Kaislalahti
61200,61200,0,61200,61200,0,False,SCHEDULED,1631912400,HSL:6173_20210917_La_2_1659,173,HSL:6100201,Kaislalahti
45420,45097,-323,45420,45420,0,True,UPDATED,1631912400,HSL:1030_20210917_La_1_1237,30,HSL:1060101,Eira
45900,45900,0,45900,45900,0,False,SCHEDULED,1631912400,HSL:1020_20210917_La_1_1245,20,HSL:1060101,Eira
46320,46320,0,46320,46320,0,False,SCHEDULED,1631912400,HSL:1030_20210917_La_1_1252,30,HSL:1060101,Eira
46800,46800,0,46800,46800,0,False,SCHEDULED,1631912400,HSL:1020_20210917_La_1_1300,20,HSL:1060101,Eira
47220,47220,0,47220,47220,0,False,SCHEDULED,1631912400,HSL:1030_20210917_La_1_1307,30,HSL:1060101,Eira
46980,46980,0,46980,46980,0,False,SCHEDULED,1631912400,HSL:6173_20210917_La_2_1301,173,HSL:6100202,Sotilaskoti
50580,50580,0,50580,50580,0,False,SCHEDULED,1631912400,HSL:6173_20210917_La_2_1401,173,HSL:6100202,Sotilaskoti
54240,54240,0,54240,54240,0,False,SCHEDULED,1631912400,HSL:6173_20210917_La_2_1502,173,HSL:6100202,Sotilaskoti
57840,57840,0,57840,57840,0,False,SCHEDULED,1631912400,HSL:6173_20210917_La_2_1602,173,HSL:6100202,Sotilaskoti
61260,61260,0,61260,61260,0,False,SCHEDULED,1631912400,HSL:6173_20210917_La_2_1659,173,HSL:6100202,Sotilaskoti
46860,46860,0,46860,46860,0,False,SCHEDULED,1631912400,HSL:6173_20210917_La_2_1301,173,HSL:6100203,Upinniemi
50460,50460,0,50460,50460,0,False,SCHEDULED,1631912400,HSL:6173_20210917_La_2_1401,173,HSL:6100203,Upinniemi
54120,54120,0,54120,54120,0,False,SCHEDULED,1631912400,HSL:6173_20210917_La_2_1502,173,HSL:6100203,Upinniemi
57720,57720,0,57720,57720,0,False,SCHEDULED,1631912400,HSL:6173_20210917_La_2_1602,173,HSL:6100203,Upinniemi
61200,61200,0,61200,61200,0,False,SCHEDULED,1631912400,HSL:6173_20210917_La_2_1659,173,HSL:6100203,Upinniemi
45120,45340,220,45120,45340,220,True,UPDATED,1631912400,HSL:1030_20210917_La_2_1136,30,HSL:1060103,Eiran sairaala
45600,45618,18,45600,45618,18,True,UPDATED,1631912400,HSL:1020_20210917_La_2_1203,20,HSL:1060103,Eiran sairaala
46020,46020,0,46020,46020,0,False,SCHEDULED,1631912400,HSL:1030_20210917_La_2_1151,30,HSL:1060103,Eiran sairaala
46440,46530,90,46440,46530,90,True,UPDATED,1631912400,HSL:1020_20210917_La_2_1217,20,HSL:1060103,Eiran sairaala
46920,47182,262,46920,47182,262,True,UPDATED,1631912400,HSL:1030_20210917_La_2_1206,30,HSL:1060103,Eiran sairaala
47040,47040,0,47040,47040,0,False,SCHEDULED,1631912400,HSL:6173_20210917_La_2_1301,173,HSL:6100205,Verkkoniemi
50640,50640,0,50640,50640,0,False,SCHEDULED,1631912400,HSL:6173_20210917_La_2_1401,173,HSL:6100205,Verkkoniemi
54300,54300,0,54300,54300,0,False,SCHEDULED,1631912400,HSL:6173_20210917_La_2_1502,173,HSL:6100205,Verkkoniemi
57900,57900,0,57900,57900,0,False,SCHEDULED,1631912400,HSL:6173_20210917_La_2_1602,173,HSL:6100205,Verkkoniemi
61320,61320,0,61320,61320,0,False,SCHEDULED,1631912400,HSL:6173_20210917_La_2_1659,173,HSL:6100205,Verkkoniemi
46860,46860,0,46860,46860,0,False,SCHEDULED,1631912400,HSL:6173_20210917_La_2_1301,173,HSL:6100206,Upinniemen koulu
46500,46919,419,46500,47030,530,True,UPDATED,1631912400,HSL:6173_20210917_La_1_1151,173,HSL:6100206,Upinniemen koulu
50040,50040,0,50040,50040,0,False,SCHEDULED,1631912400,HSL:6173_20210917_La_1_1251,173,HSL:6100206,Upinniemen koulu
50460,50460,0,50460,50460,0,False,SCHEDULED,1631912400,HSL:6173_20210917_La_2_1401,173,HSL:6100206,Upinniemen koulu
53640,53640,0,53640,53640,0,False,SCHEDULED,1631912400,HSL:6173_20210917_La_1_1349,173,HSL:6100206,Upinniemen koulu
45540,45540,0,45540,45540,0,True,UPDATED,1631912400,HSL:1030_20210917_La_1_1237,30,HSL:1060104,Eiran sairaala
46020,46020,0,46020,46020,0,False,SCHEDULED,1631912400,HSL:1020_20210917_La_1_1245,20,HSL:1060104,Eiran sairaala
46440,46440,0,46440,46440,0,False,SCHEDULED,1631912400,HSL:1030_20210917_La_1_1252,30,HSL:1060104,Eiran sairaala
46920,46920,0,46920,46920,0,False,SCHEDULED,1631912400,HSL:1020_20210917_La_1_1300,20,HSL:1060104,Eiran sairaala
47340,47340,0,47340,47340,0,False,SCHEDULED,1631912400,HSL:1030_20210917_La_1_1307,30,HSL:1060104,Eiran sairaala
47040,47040,0,47040,47040,0,False,SCHEDULED,1631912400,HSL:6173_20210917_La_2_1301,173,HSL:6100207,Rakentajantie
50640,50640,0,50640,50640,0,False,SCHEDULED,1631912400,HSL:6173_20210917_La_2_1401,173,HSL:6100207,Rakentajantie
54300,54300,0,54300,54300,0,False,SCHEDULED,1631912400,HSL:6173_20210917_La_2_1502,173,HSL:6100207,Rakentajantie
57900,57900,0,57900,57900,0,False,SCHEDULED,1631912400,HSL:6173_20210917_La_2_1602,173,HSL:6100207,Rakentajantie
61380,61380,0,61380,61380,0,False,SCHEDULED,1631912400,HSL:6173_20210917_La_2_1659,173,HSL:6100207,Rakentajantie
47100,47100,0,47100,47100,0,False,SCHEDULED,1631912400,HSL:6173_20210917_La_2_1301,173,HSL:6100208,Harjukylä
50700,50700,0,50700,50700,0,False,SCHEDULED,1631912400,HSL:6173_20210917_La_2_1401,173,HSL:6100208,Harjukylä
54360,54360,0,54360,54360,0,False,SCHEDULED,1631912400,HSL:6173_20210917_La_2_1502,173,HSL:6100208,Harjukylä
57960,57960,0,57960,57960,0,False,SCHEDULED,1631912400,HSL:6173_20210917_La_2_1602,173,HSL:6100208,Harjukylä
61440,61440,0,61440,61440,0,False,SCHEDULED,1631912400,HSL:6173_20210917_La_2_1659,173,HSL:6100208,Harjukylä
56160,56160,0,56160,56160,0,False,SCHEDULED,1631912400,HSL:9787B_20210917_La_2_1535,787B,HSL:9400209,Pornainen koulukesk.
46740,46740,0,46740,46740,0,False,SCHEDULED,1631912400,HSL:6243_20210917_La_2_1246,243,HSL:2643202,Laitamaantie
50340,50340,0,50340,50340,0,False,SCHEDULED,1631912400,HSL:6243_20210917_La_2_1346,243,HSL:2643202,Laitamaantie
53940,53940,0,53940,53940,0,False,SCHEDULED,1631912400,HSL:6243_20210917_La_2_1446,243,HSL:2643202,Laitamaantie
57540,57540,0,57540,57540,0,False,SCHEDULED,1631912400,HSL:6243_20210917_La_2_1546,243,HSL:2643202,Laitamaantie
61140,61140,0,61140,61140,0,False,SCHEDULED,1631912400,HSL:6243_20210917_La_2_1646,243,HSL:2643202,Laitamaantie
48600,48600,0,48600,48600,0,False,SCHEDULED,1631912400,HSL:6243_20210917_La_1_1310,243,HSL:2643201,Laitamaantie
52200,52200,0,52200,52200,0,False,SCHEDULED,1631912400,HSL:6243_20210917_La_1_1410,243,HSL:2643201,Laitamaantie
55800,55800,0,55800,55800,0,False,SCHEDULED,1631912400,HSL:6243_20210917_La_1_1510,243,HSL:2643201,Laitamaantie
59400,59400,0,59400,59400,0,False,SCHEDULED,1631912400,HSL:6243_20210917_La_1_1610,243,HSL:2643201,Laitamaantie
63000,63000,0,63000,63000,0,False,SCHEDULED,1631912400,HSL:6243_20210917_La_1_1710,243,HSL:2643201,Laitamaantie
54900,54900,0,54900,54900,0,False,SCHEDULED,1631912400,HSL:9787K_20210917_La_1_1410,787K,HSL:9400229,Peltomäki
46620,46620,0,46620,46620,0,False,SCHEDULED,1631912400,HSL:6243_20210917_La_2_1246,243,HSL:2643206,Kivilammentie
48720,48720,0,48720,48720,0,False,SCHEDULED,1631912400,HSL:6243_20210917_La_1_1310,243,HSL:2643206,Kivilammentie
50220,50220,0,50220,50220,0,False,SCHEDULED,1631912400,HSL:6243_20210917_La_2_1346,243,HSL:2643206,Kivilammentie
52320,52320,0,52320,52320,0,False,SCHEDULED,1631912400,HSL:6243_20210917_La_1_1410,243,HSL:2643206,Kivilammentie
53820,53820,0,53820,53820,0,False,SCHEDULED,1631912400,HSL:6243_20210917_La_2_1446,243,HSL:2643206,Kivilammentie
46440,46794,354,46440,46794,354,True,UPDATED,1631912400,HSL:6173_20210917_La_1_1151,173,HSL:6100209,Harjukylä
49980,49980,0,49980,49980,0,False,SCHEDULED,1631912400,HSL:6173_20210917_La_1_1251,173,HSL:6100209,Harjukylä
53580,53580,0,53580,53580,0,False,SCHEDULED,1631912400,HSL:6173_20210917_La_1_1349,173,HSL:6100209,Harjukylä
57300,57300,0,57300,57300,0,False,SCHEDULED,1631912400,HSL:6173_20210917_La_1_1448,173,HSL:6100209,Harjukylä
60840,60840,0,60840,60840,0,False,SCHEDULED,1631912400,HSL:6173_20210917_La_1_1548,173,HSL:6100209,Harjukylä
45960,46020,60,45960,46024,64,True,UPDATED,1631912400,HSL:4731_20210917_La_1_1210,731,HSL:4830201,Siilireitti
46440,46440,0,46440,46440,0,False,SCHEDULED,1631912400,HSL:4735_20210917_La_2_1249,735,HSL:4830201,Siilireitti
47760,47760,0,47760,47760,0,False,SCHEDULED,1631912400,HSL:4731_20210917_La_1_1239,731,HSL:4830201,Siilireitti
48240,48240,0,48240,48240,0,False,SCHEDULED,1631912400,HSL:4735_20210917_La_2_1319,735,HSL:4830201,Siilireitti
49560,49560,0,49560,49560,0,False,SCHEDULED,1631912400,HSL:4731_20210917_La_1_1308,731,HSL:4830201,Siilireitti
45540,45647,107,45540,45652,112,True,UPDATED,1631912400,HSL:4735_20210917_La_1_1201,735,HSL:4830202,Siilireitti
46140,46140,0,46140,46140,0,True,UPDATED,1631912400,HSL:4731_20210917_La_2_1235,731,HSL:4830202,Siilireitti
47340,47394,54,47340,47400,60,True,UPDATED,1631912400,HSL:4735_20210917_La_1_1231,735,HSL:4830202,Siilireitti
47940,47940,0,47940,47940,0,False,SCHEDULED,1631912400,HSL:4731_20210917_La_2_1305,731,HSL:4830202,Siilireitti
49140,49140,0,49140,49140,0,False,SCHEDULED,1631912400,HSL:4735_20210917_La_1_1300,735,HSL:4830202,Siilireitti
46020,46079,59,46020,46087,67,True,UPDATED,1631912400,HSL:4731_20210917_La_1_1210,731,HSL:4830203,Minkkipolku
46500,46500,0,46500,46500,0,False,SCHEDULED,1631912400,HSL:4735_20210917_La_2_1249,735,HSL:4830203,Minkkipolku
47820,47820,0,47820,47820,0,False,SCHEDULED,1631912400,HSL:4731_20210917_La_1_1239,731,HSL:4830203,Minkkipolku
48300,48300,0,48300,48300,0,False,SCHEDULED,1631912400,HSL:4735_20210917_La_2_1319,735,HSL:4830203,Minkkipolku
49620,49620,0,49620,49620,0,False,SCHEDULED,1631912400,HSL:4731_20210917_La_1_1308,731,HSL:4830203,Minkkipolku
46380,46740,360,46380,46740,360,True,UPDATED,1631912400,HSL:6173_20210917_La_1_1151,173,HSL:6100210,Meritie
49920,49920,0,49920,49920,0,False,SCHEDULED,1631912400,HSL:6173_20210917_La_1_1251,173,HSL:6100210,Meritie
53520,53520,0,53520,53520,0,False,SCHEDULED,1631912400,HSL:6173_20210917_La_1_1349,173,HSL:6100210,Meritie
57240,57240,0,57240,57240,0,False,SCHEDULED,1631912400,HSL:6173_20210917_La_1_1448,173,HSL:6100210,Meritie
60780,60780,0,60780,60780,0,False,SCHEDULED,1631912400,HSL:6173_20210917_La_1_1548,173,HSL:6100210,Meritie
47160,47160,0,47160,47160,0,False,SCHEDULED,1631912400,HSL:6173_20210917_La_2_1301,173,HSL:6100211,Meritie
50760,50760,0,50760,50760,0,False,SCHEDULED,1631912400,HSL:6173_20210917_La_2_1401,173,HSL:6100211,Meritie
54420,54420,0,54420,54420,0,False,SCHEDULED,1631912400,HSL:6173_20210917_La_2_1502,173,HSL:6100211,Meritie
58020,58020,0,58020,58020,0,False,SCHEDULED,1631912400,HSL:6173_20210917_La_2_1602,173,HSL:6100211,Meritie
61500,61500,0,61500,61500,0,False,SCHEDULED,1631912400,HSL:6173_20210917_La_2_1659,173,HSL:6100211,Meritie
46500,46500,0,46500,46500,0,False,SCHEDULED,1631912400,HSL:4734_20210917_La_1_1247,734,HSL:4830218,Metsolantori
48300,48300,0,48300,48300,0,False,SCHEDULED,1631912400,HSL:4734_20210917_La_1_1317,734,HSL:4830218,Metsolantori
50100,50100,0,50100,50100,0,False,SCHEDULED,1631912400,HSL:4734_20210917_La_1_1347,734,HSL:4830218,Metsolantori
51900,51900,0,51900,51900,0,False,SCHEDULED,1631912400,HSL:4734_20210917_La_1_1417,734,HSL:4830218,Metsolantori
53700,53700,0,53700,53700,0,False,SCHEDULED,1631912400,HSL:4734_20210917_La_1_1447,734,HSL:4830218,Metsolantori
46140,46144,4,46140,46146,6,True,UPDATED,1631912400,HSL:4731_20210917_La_1_1210,731,HSL:4830219,Metsolanpolku
46620,46620,0,46620,46620,0,False,SCHEDULED,1631912400,HSL:4735_20210917_La_2_1249,735,HSL:4830219,Metsolanpolku
46920,46980,60,46920,46980,60,True,UPDATED,1631912400,HSL:4631_20210917_La_1_1234,631,HSL:4830219,Metsolanpolku
47940,47940,0,47940,47940,0,False,SCHEDULED,1631912400,HSL:4731_20210917_La_1_1239,731,HSL:4830219,Metsolanpolku
48420,48420,0,48420,48420,0,False,SCHEDULED,1631912400,HSL:4735_20210917_La_2_1319,735,HSL:4830219,Metsolanpolku
45540,45598,58,45540,45603,63,True,UPDATED,1631912400,HSL:1056_20210917_La_1_1220,56,HSL:1283130,Tinasepäntie
46140,46140,0,46140,46140,0,False,SCHEDULED,1631912400,HSL:1056_20210917_La_1_1230,56,HSL:1283130,Tinasepäntie
46740,46740,0,46740,46740,0,False,SCHEDULED,1631912400,HSL:1056_20210917_La_1_1240,56,HSL:1283130,Tinasepäntie
47340,47340,0,47340,47340,0,False,SCHEDULED,1631912400,HSL:1056_20210917_La_1_1250,56,HSL:1283130,Tinasepäntie
48000,48000,0,48000,48000,0,False,SCHEDULED,1631912400,HSL:1056_20210917_La_1_1300,56,HSL:1283130,Tinasepäntie
46020,46020,0,46020,46020,0,True,UPDATED,1631912400,HSL:1064_20210917_La_2_1236,64,HSL:1283131,Tinasepäntie
47220,47220,0,47220,47220,0,False,SCHEDULED,1631912400,HSL:1064_20210917_La_2_1256,64,HSL:1283131,Tinasepäntie
48420,48420,0,48420,48420,0,False,SCHEDULED,1631912400,HSL:1064_20210917_La_2_1316,64,HSL:1283131,Tinasepäntie
49620,49620,0,49620,49620,0,False,SCHEDULED,1631912400,HSL:1064_20210917_La_2_1336,64,HSL:1283131,Tinasepäntie
50820,50820,0,50820,50820,0,False,SCHEDULED,1631912400,HSL:1064_20210917_La_2_1356,64,HSL:1283131,Tinasepäntie
45600,45631,31,45600,45638,38,True,UPDATED,1631912400,HSL:1056_20210917_La_1_1220,56,HSL:1283132,Vaskisepäntie
46200,46200,0,46200,46200,0,False,SCHEDULED,1631912400,HSL:1056_20210917_La_1_1230,56,HSL:1283132,Vaskisepäntie
46800,46800,0,46800,46800,0,False,SCHEDULED,1631912400,HSL:1056_20210917_La_1_1240,56,HSL:1283132,Vaskisepäntie
47400,47400,0,47400,47400,0,False,SCHEDULED,1631912400,HSL:1056_20210917_La_1_1250,56,HSL:1283132,Vaskisepäntie
48060,48060,0,48060,48060,0,False,SCHEDULED,1631912400,HSL:1056_20210917_La_1_1300,56,HSL:1283132,Vaskisepäntie
45480,45480,0,45480,45480,0,False,SCHEDULED,1631912400,HSL:1056_20210917_La_2_1221,56,HSL:1283133,Vaskisepäntie
46080,46059,-21,46080,46075,-5,True,UPDATED,1631912400,HSL:1056_20210917_La_2_1231,56,HSL:1283133,Vaskisepäntie
46680,46680,0,46680,46680,0,False,SCHEDULED,1631912400,HSL:1056_20210917_La_2_1241,56,HSL:1283133,Vaskisepäntie
47280,47280,0,47280,47280,0,False,SCHEDULED,1631912400,HSL:1056_20210917_La_2_1251,56,HSL:1283133,Vaskisepäntie
47880,47880,0,47880,47880,0,False,SCHEDULED,1631912400,HSL:1056_20210917_La_2_1301,56,HSL:1283133,Vaskisepäntie
45600,45600,0,45600,45600,0,False,SCHEDULED,1631912400,HSL:4734_20210917_La_2_1238,734,HSL:4830210,Isonsiilinkuja
47400,47400,0,47400,47400,0,False,SCHEDULED,1631912400,HSL:4734_20210917_La_2_1308,734,HSL:4830210,Isonsiilinkuja
49200,49200,0,49200,49200,0,False,SCHEDULED,1631912400,HSL:4734_20210917_La_2_1338,734,HSL:4830210,Isonsiilinkuja
51000,51000,0,51000,51000,0,False,SCHEDULED,1631912400,HSL:4734_20210917_La_2_1408,734,HSL:4830210,Isonsiilinkuja
52800,52800,0,52800,52800,0,False,SCHEDULED,1631912400,HSL:4734_20210917_La_2_1438,734,HSL:4830210,Isonsiilinkuja
46500,46500,0,46500,46500,0,False,SCHEDULED,1631912400,HSL:4734_20210917_La_1_1247,734,HSL:4830211,Isonsiilinkuja
48300,48300,0,48300,48300,0,False,SCHEDULED,1631912400,HSL:4734_20210917_La_1_1317,734,HSL:4830211,Isonsiilinkuja
50100,50100,0,50100,50100,0,False,SCHEDULED,1631912400,HSL:4734_20210917_La_1_1347,734,HSL:4830211,Isonsiilinkuja
51900,51900,0,51900,51900,0,False,SCHEDULED,1631912400,HSL:4734_20210917_La_1_1417,734,HSL:4830211,Isonsiilinkuja
53700,53700,0,53700,53700,0,False,SCHEDULED,1631912400,HSL:4734_20210917_La_1_1447,734,HSL:4830211,Isonsiilinkuja
45660,45660,0,45660,45660,0,False,SCHEDULED,1631912400,HSL:4734_20210917_La_2_1238,734,HSL:4830212,Majavatie
47460,47460,0,47460,47460,0,False,SCHEDULED,1631912400,HSL:4734_20210917_La_2_1308,734,HSL:4830212,Majavatie
49260,49260,0,49260,49260,0,False,SCHEDULED,1631912400,HSL:4734_20210917_La_2_1338,734,HSL:4830212,Majavatie
51060,51060,0,51060,51060,0,False,SCHEDULED,1631912400,HSL:4734_20210917_La_2_1408,734,HSL:4830212,Majavatie
52860,52860,0,52860,52860,0,False,SCHEDULED,1631912400,HSL:4734_20210917_La_2_1438,734,HSL:4830212,Majavatie
46440,46440,0,46440,46440,0,False,SCHEDULED,1631912400,HSL:4734_20210917_La_1_1247,734,HSL:4830213,Majavatie
48240,48240,0,48240,48240,0,False,SCHEDULED,1631912400,HSL:4734_20210917_La_1_1317,734,HSL:4830213,Majavatie
50040,50040,0,50040,50040,0,False,SCHEDULED,1631912400,HSL:4734_20210917_La_1_1347,734,HSL:4830213,Majavatie
51840,51840,0,51840,51840,0,False,SCHEDULED,1631912400,HSL:4734_20210917_La_1_1417,734,HSL:4830213,Majavatie
53640,53640,0,53640,53640,0,False,SCHEDULED,1631912400,HSL:4734_20210917_La_1_1447,734,HSL:4830213,Majavatie
45780,45780,0,45780,45780,0,False,SCHEDULED,1631912400,HSL:4734_20210917_La_2_1238,734,HSL:4830214,Piisamikuja
47580,47580,0,47580,47580,0,False,SCHEDULED,1631912400,HSL:4734_20210917_La_2_1308,734,HSL:4830214,Piisamikuja
49380,49380,0,49380,49380,0,False,SCHEDULED,1631912400,HSL:4734_20210917_La_2_1338,734,HSL:4830214,Piisamikuja
51180,51180,0,51180,51180,0,False,SCHEDULED,1631912400,HSL:4734_20210917_La_2_1408,734,HSL:4830214,Piisamikuja
52980,52980,0,52980,52980,0,False,SCHEDULED,1631912400,HSL:4734_20210917_La_2_1438,734,HSL:4830214,Piisamikuja
46380,46380,0,46380,46380,0,False,SCHEDULED,1631912400,HSL:4734_20210917_La_1_1247,734,HSL:4830215,Piisamikuja
48180,48180,0,48180,48180,0,False,SCHEDULED,1631912400,HSL:4734_20210917_La_1_1317,734,HSL:4830215,Piisamikuja
49980,49980,0,49980,49980,0,False,SCHEDULED,1631912400,HSL:4734_20210917_La_1_1347,734,HSL:4830215,Piisamikuja
51780,51780,0,51780,51780,0,False,SCHEDULED,1631912400,HSL:4734_20210917_La_1_1417,734,HSL:4830215,Piisamikuja
53580,53580,0,53580,53580,0,False,SCHEDULED,1631912400,HSL:4734_20210917_La_1_1447,734,HSL:4830215,Piisamikuja
45600,45600,0,45600,45600,0,False,SCHEDULED,1631912400,HSL:4734_20210917_La_2_1238,734,HSL:4830216,Metsolantori
47400,47400,0,47400,47400,0,False,SCHEDULED,1631912400,HSL:4734_20210917_La_2_1308,734,HSL:4830216,Metsolantori
49200,49200,0,49200,49200,0,False,SCHEDULED,1631912400,HSL:4734_20210917_La_2_1338,734,HSL:4830216,Metsolantori
51000,51000,0,51000,51000,0,False,SCHEDULED,1631912400,HSL:4734_20210917_La_2_1408,734,HSL:4830216,Metsolantori
52800,52800,0,52800,52800,0,False,SCHEDULED,1631912400,HSL:4734_20210917_La_2_1438,734,HSL:4830216,Metsolantori
45180,45400,220,45180,45400,220,True,UPDATED,1631912400,HSL:1030_20210917_La_2_1136,30,HSL:1060129,Eira
45660,45678,18,45660,45678,18,True,UPDATED,1631912400,HSL:1020_20210917_La_2_1203,20,HSL:1060129,Eira
46080,46080,0,46080,46080,0,False,SCHEDULED,1631912400,HSL:1030_20210917_La_2_1151,30,HSL:1060129,Eira
46500,46590,90,46500,46590,90,True,UPDATED,1631912400,HSL:1020_20210917_La_2_1217,20,HSL:1060129,Eira
46980,47242,262,46980,47242,262,True,UPDATED,1631912400,HSL:1030_20210917_La_2_1206,30,HSL:1060129,Eira
48000,48000,0,48000,48000,0,False,SCHEDULED,1631912400,HSL:2244_20210917_La_2_1318,244,HSL:2643224,Suolaaksontie
51660,51660,0,51660,51660,0,False,SCHEDULED,1631912400,HSL:2244_20210917_La_2_1419,244,HSL:2643224,Suolaaksontie
55320,55320,0,55320,55320,0,False,SCHEDULED,1631912400,HSL:2244_20210917_La_2_1520,244,HSL:2643224,Suolaaksontie
58920,58920,0,58920,58920,0,False,SCHEDULED,1631912400,HSL:2244_20210917_La_2_1620,244,HSL:2643224,Suolaaksontie
62460,62460,0,62460,62460,0,False,SCHEDULED,1631912400,HSL:2244_20210917_La_2_1719,244,HSL:2643224,Suolaaksontie
47520,47520,0,47520,47520,0,False,SCHEDULED,1631912400,HSL:2244_20210917_La_1_1243,244,HSL:2643223,Suolaaksontie
51180,51180,0,51180,51180,0,False,SCHEDULED,1631912400,HSL:2244_20210917_La_1_1344,244,HSL:2643223,Suolaaksontie
54840,54840,0,54840,54840,0,False,SCHEDULED,1631912400,HSL:2244_20210917_La_1_1444,244,HSL:2643223,Suolaaksontie
58440,58440,0,58440,58440,0,False,SCHEDULED,1631912400,HSL:2244_20210917_La_1_1545,244,HSL:2643223,Suolaaksontie
61980,61980,0,61980,61980,0,False,SCHEDULED,1631912400,HSL:2244_20210917_La_1_1644,244,HSL:2643223,Suolaaksontie
47940,47940,0,47940,47940,0,False,SCHEDULED,1631912400,HSL:2244_20210917_La_2_1318,244,HSL:2643226,Siikajärvenranta 14
51600,51600,0,51600,51600,0,False,SCHEDULED,1631912400,HSL:2244_20210917_La_2_1419,244,HSL:2643226,Siikajärvenranta 14
55260,55260,0,55260,55260,0,False,SCHEDULED,1631912400,HSL:2244_20210917_La_2_1520,244,HSL:2643226,Siikajärvenranta 14
58860,58860,0,58860,58860,0,False,SCHEDULED,1631912400,HSL:2244_20210917_La_2_1620,244,HSL:2643226,Siikajärvenranta 14
62400,62400,0,62400,62400,0,False,SCHEDULED,1631912400,HSL:2244_20210917_La_2_1719,244,HSL:2643226,Siikajärvenranta 14
47580,47580,0,47580,47580,0,False,SCHEDULED,1631912400,HSL:2244_20210917_La_1_1243,244,HSL:2643225,Siikajärvenranta 14
51240,51240,0,51240,51240,0,False,SCHEDULED,1631912400,HSL:2244_20210917_La_1_1344,244,HSL:2643225,Siikajärvenranta 14
54900,54900,0,54900,54900,0,False,SCHEDULED,1631912400,HSL:2244_20210917_La_1_1444,244,HSL:2643225,Siikajärvenranta 14
58500,58500,0,58500,58500,0,False,SCHEDULED,1631912400,HSL:2244_20210917_La_1_1545,244,HSL:2643225,Siikajärvenranta 14
62040,62040,0,62040,62040,0,False,SCHEDULED,1631912400,HSL:2244_20210917_La_1_1644,244,HSL:2643225,Siikajärvenranta 14
47940,47940,0,47940,47940,0,False,SCHEDULED,1631912400,HSL:2244_20210917_La_2_1318,244,HSL:2643228,Kolmoislammentie
51600,51600,0,51600,51600,0,False,SCHEDULED,1631912400,HSL:2244_20210917_La_2_1419,244,HSL:2643228,Kolmoislammentie
55260,55260,0,55260,55260,0,False,SCHEDULED,1631912400,HSL:2244_20210917_La_2_1520,244,HSL:2643228,Kolmoislammentie
58860,58860,0,58860,58860,0,False,SCHEDULED,1631912400,HSL:2244_20210917_La_2_1620,244,HSL:2643228,Kolmoislammentie
62400,62400,0,62400,62400,0,False,SCHEDULED,1631912400,HSL:2244_20210917_La_2_1719,244,HSL:2643228,Kolmoislammentie
47580,47580,0,47580,47580,0,False,SCHEDULED,1631912400,HSL:2244_20210917_La_1_1243,244,HSL:2643227,Kolmoislammentie
51240,51240,0,51240,51240,0,False,SCHEDULED,1631912400,HSL:2244_20210917_La_1_1344,244,HSL:2643227,Kolmoislammentie
54900,54900,0,54900,54900,0,False,SCHEDULED,1631912400,HSL:2244_20210917_La_1_1444,244,HSL:2643227,Kolmoislammentie
58500,58500,0,58500,58500,0,False,SCHEDULED,1631912400,HSL:2244_20210917_La_1_1545,244,HSL:2643227,Kolmoislammentie
62040,62040,0,62040,62040,0,False,SCHEDULED,1631912400,HSL:2244_20210917_La_1_1644,244,HSL:2643227,Kolmoislammentie
47640,47640,0,47640,47640,0,False,SCHEDULED,1631912400,HSL:2244_20210917_La_1_1243,244,HSL:2643229,Siikaniemi
47880,47880,0,47880,47880,0,False,SCHEDULED,1631912400,HSL:2244_20210917_La_2_1318,244,HSL:2643229,Siikaniemi
51300,51300,0,51300,51300,0,False,SCHEDULED,1631912400,HSL:2244_20210917_La_1_1344,244,HSL:2643229,Siikaniemi
51540,51540,0,51540,51540,0,False,SCHEDULED,1631912400,HSL:2244_20210917_La_2_1419,244,HSL:2643229,Siikaniemi
54960,54960,0,54960,54960,0,False,SCHEDULED,1631912400,HSL:2244_20210917_La_1_1444,244,HSL:2643229,Siikaniemi
46200,46159,-41,46200,46159,-41,True,UPDATED,1631912400,HSL:4731_20210917_La_1_1210,731,HSL:4830221,Myyräpolku
46680,46680,0,46680,46680,0,False,SCHEDULED,1631912400,HSL:4735_20210917_La_2_1249,735,HSL:4830221,Myyräpolku
46980,47040,60,46980,47040,60,True,UPDATED,1631912400,HSL:4631_20210917_La_1_1234,631,HSL:4830221,Myyräpolku
48000,48000,0,48000,48000,0,False,SCHEDULED,1631912400,HSL:4731_20210917_La_1_1239,731,HSL:4830221,Myyräpolku
48480,48480,0,48480,48480,0,False,SCHEDULED,1631912400,HSL:4735_20210917_La_2_1319,735,HSL:4830221,Myyräpolku
45300,45440,140,45300,45440,140,True,UPDATED,1631912400,HSL:4735_20210917_La_1_1201,735,HSL:4830222,Myyräpolku
45900,45900,0,45900,45900,0,True,UPDATED,1631912400,HSL:4731_20210917_La_2_1235,731,HSL:4830222,Myyräpolku
46440,46440,0,46440,46440,0,False,SCHEDULED,1631912400,HSL:4631_20210917_La_2_1245,631,HSL:4830222,Myyräpolku
47100,47149,49,47100,47149,49,True,UPDATED,1631912400,HSL:4735_20210917_La_1_1231,735,HSL:4830222,Myyräpolku
47700,47700,0,47700,47700,0,False,SCHEDULED,1631912400,HSL:4731_20210917_La_2_1305,731,HSL:4830222,Myyräpolku
46860,46890,30,46860,46890,30,True,UPDATED,1631912400,HSL:4631_20210917_La_1_1234,631,HSL:4830223,Siriuksenpolku
48660,48660,0,48660,48660,0,False,SCHEDULED,1631912400,HSL:4631_20210917_La_1_1304,631,HSL:4830223,Siriuksenpolku
50460,50460,0,50460,50460,0,False,SCHEDULED,1631912400,HSL:4631_20210917_La_1_1334,631,HSL:4830223,Siriuksenpolku
52260,52260,0,52260,52260,0,False,SCHEDULED,1631912400,HSL:4631_20210917_La_1_1404,631,HSL:4830223,Siriuksenpolku
54060,54060,0,54060,54060,0,False,SCHEDULED,1631912400,HSL:4631_20210917_La_1_1434,631,HSL:4830223,Siriuksenpolku
45360,45513,153,45360,45519,159,True,UPDATED,1631912400,HSL:4735_20210917_La_1_1201,735,HSL:4830220,Metsolanpolku
45960,45960,0,45960,45960,0,True,UPDATED,1631912400,HSL:4731_20210917_La_2_1235,731,HSL:4830220,Metsolanpolku
46500,46500,0,46500,46500,0,False,SCHEDULED,1631912400,HSL:4631_20210917_La_2_1245,631,HSL:4830220,Metsolanpolku
47160,47255,95,47160,47263,103,True,UPDATED,1631912400,HSL:4735_20210917_La_1_1231,735,HSL:4830220,Metsolanpolku
47760,47760,0,47760,47760,0,False,SCHEDULED,1631912400,HSL:4731_20210917_La_2_1305,731,HSL:4830220,Metsolanpolku
48120,48120,0,48120,48120,0,False,SCHEDULED,1631912400,HSL:2244_20210917_La_2_1318,244,HSL:2643220,Siikajärvi
51780,51780,0,51780,51780,0,False,SCHEDULED,1631912400,HSL:2244_20210917_La_2_1419,244,HSL:2643220,Siikajärvi
55440,55440,0,55440,55440,0,False,SCHEDULED,1631912400,HSL:2244_20210917_La_2_1520,244,HSL:2643220,Siikajärvi
59040,59040,0,59040,59040,0,False,SCHEDULED,1631912400,HSL:2244_20210917_La_2_1620,244,HSL:2643220,Siikajärvi
62580,62580,0,62580,62580,0,False,SCHEDULED,1631912400,HSL:2244_20210917_La_2_1719,244,HSL:2643220,Siikajärvi
48060,48060,0,48060,48060,0,False,SCHEDULED,1631912400,HSL:2244_20210917_La_2_1318,244,HSL:2643222,Siikajärventie 126
51720,51720,0,51720,51720,0,False,SCHEDULED,1631912400,HSL:2244_20210917_La_2_1419,244,HSL:2643222,Siikajärventie 126
55380,55380,0,55380,55380,0,False,SCHEDULED,1631912400,HSL:2244_20210917_La_2_1520,244,HSL:2643222,Siikajärventie 126
58980,58980,0,58980,58980,0,False,SCHEDULED,1631912400,HSL:2244_20210917_La_2_1620,244,HSL:2643222,Siikajärventie 126
62520,62520,0,62520,62520,0,False,SCHEDULED,1631912400,HSL:2244_20210917_La_2_1719,244,HSL:2643222,Siikajärventie 126
47460,47460,0,47460,47460,0,False,SCHEDULED,1631912400,HSL:2244_20210917_La_1_1243,244,HSL:2643221,Siikajärventie 126
51120,51120,0,51120,51120,0,False,SCHEDULED,1631912400,HSL:2244_20210917_La_1_1344,244,HSL:2643221,Siikajärventie 126
54780,54780,0,54780,54780,0,False,SCHEDULED,1631912400,HSL:2244_20210917_La_1_1444,244,HSL:2643221,Siikajärventie 126
58380,58380,0,58380,58380,0,False,SCHEDULED,1631912400,HSL:2244_20210917_La_1_1545,244,HSL:2643221,Siikajärventie 126
61920,61920,0,61920,61920,0,False,SCHEDULED,1631912400,HSL:2244_20210917_La_1_1644,244,HSL:2643221,Siikajärventie 126
47400,47400,0,47400,47400,0,False,SCHEDULED,1631912400,HSL:9842_20210917_La_1_1240,842,HSL:9208269,Kay Hartwallin tie
50880,50880,0,50880,50880,0,False,SCHEDULED,1631912400,HSL:9842_20210917_La_1_1338,842,HSL:9208269,Kay Hartwallin tie
54600,54600,0,54600,54600,0,False,SCHEDULED,1631912400,HSL:9842_20210917_La_1_1438,842,HSL:9208269,Kay Hartwallin tie
58200,58200,0,58200,58200,0,False,SCHEDULED,1631912400,HSL:9842_20210917_La_1_1538,842,HSL:9208269,Kay Hartwallin tie
61800,61800,0,61800,61800,0,False,SCHEDULED,1631912400,HSL:9842_20210917_La_1_1638,842,HSL:9208269,Kay Hartwallin tie
46800,46800,0,46800,46800,0,False,SCHEDULED,1631912400,HSL:9844_20210917_La_2_1255,844,HSL:9208265,Amiraalinmäki
48000,48000,0,48000,48000,0,False,SCHEDULED,1631912400,HSL:9841_20210917_La_2_1305,841,HSL:9208265,Amiraalinmäki
51600,51600,0,51600,51600,0,False,SCHEDULED,1631912400,HSL:9841_20210917_La_2_1405,841,HSL:9208265,Amiraalinmäki
54000,54000,0,54000,54000,0,False,SCHEDULED,1631912400,HSL:9844_20210917_La_2_1455,844,HSL:9208265,Amiraalinmäki
55200,55200,0,55200,55200,0,False,SCHEDULED,1631912400,HSL:9841_20210917_La_2_1505,841,HSL:9208265,Amiraalinmäki
46320,46392,72,46320,46392,72,True,UPDATED,1631912400,HSL:9844_20210917_La_1_1220,844,HSL:9208266,Tasbynkaari
46500,46500,0,46500,46500,0,False,SCHEDULED,1631912400,HSL:9844_20210917_La_2_1255,844,HSL:9208266,Tasbynkaari
53520,53520,0,53520,53520,0,False,SCHEDULED,1631912400,HSL:9844_20210917_La_1_1418,844,HSL:9208266,Tasbynkaari
53700,53700,0,53700,53700,0,False,SCHEDULED,1631912400,HSL:9844_20210917_La_2_1455,844,HSL:9208266,Tasbynkaari
57120,57120,0,57120,57120,0,False,SCHEDULED,1631912400,HSL:9844_20210917_La_1_1518,844,HSL:9208266,Tasbynkaari
47280,47280,0,47280,47280,0,False,SCHEDULED,1631912400,HSL:9842_20210917_La_1_1240,842,HSL:9208267,Uusi Porvoontie
50760,50760,0,50760,50760,0,False,SCHEDULED,1631912400,HSL:9842_20210917_La_1_1338,842,HSL:9208267,Uusi Porvoontie
54480,54480,0,54480,54480,0,False,SCHEDULED,1631912400,HSL:9842_20210917_La_1_1438,842,HSL:9208267,Uusi Porvoontie
58080,58080,0,58080,58080,0,False,SCHEDULED,1631912400,HSL:9842_20210917_La_1_1538,842,HSL:9208267,Uusi Porvoontie
61680,61680,0,61680,61680,0,False,SCHEDULED,1631912400,HSL:9842_20210917_La_1_1638,842,HSL:9208267,Uusi Porvoontie
48780,48780,0,48780,48780,0,False,SCHEDULED,1631912400,HSL:9842_20210917_La_2_1326,842,HSL:9208268,Uusi Porvoontie
52380,52380,0,52380,52380,0,False,SCHEDULED,1631912400,HSL:9842_20210917_La_2_1426,842,HSL:9208268,Uusi Porvoontie
55980,55980,0,55980,55980,0,False,SCHEDULED,1631912400,HSL:9842_20210917_La_2_1526,842,HSL:9208268,Uusi Porvoontie
59580,59580,0,59580,59580,0,False,SCHEDULED,1631912400,HSL:9842_20210917_La_2_1626,842,HSL:9208268,Uusi Porvoontie
63180,63180,0,63180,63180,0,False,SCHEDULED,1631912400,HSL:9842_20210917_La_2_1726,842,HSL:9208268,Uusi Porvoontie
47880,47880,0,47880,47880,0,False,SCHEDULED,1631912400,HSL:9841_20210917_La_2_1305,841,HSL:9208261,Kompassikuja
51480,51480,0,51480,51480,0,False,SCHEDULED,1631912400,HSL:9841_20210917_La_2_1405,841,HSL:9208261,Kompassikuja
55080,55080,0,55080,55080,0,False,SCHEDULED,1631912400,HSL:9841_20210917_La_2_1505,841,HSL:9208261,Kompassikuja
58680,58680,0,58680,58680,0,False,SCHEDULED,1631912400,HSL:9841_20210917_La_2_1605,841,HSL:9208261,Kompassikuja
62280,62280,0,62280,62280,0,False,SCHEDULED,1631912400,HSL:9841_20210917_La_2_1705,841,HSL:9208261,Kompassikuja
49320,49320,0,49320,49320,0,False,SCHEDULED,1631912400,HSL:9841_20210917_La_1_1315,841,HSL:9208262,Ankkurikuja
52020,52020,0,52020,52020,0,False,SCHEDULED,1631912400,HSL:9841_20210917_La_1_1400,841,HSL:9208262,Ankkurikuja
55740,55740,0,55740,55740,0,False,SCHEDULED,1631912400,HSL:9841_20210917_La_1_1500,841,HSL:9208262,Ankkurikuja
60240,60240,0,60240,60240,0,False,SCHEDULED,1631912400,HSL:9841_20210917_La_1_1615,841,HSL:9208262,Ankkurikuja
62880,62880,0,62880,62880,0,False,SCHEDULED,1631912400,HSL:9841_20210917_La_1_1700,841,HSL:9208262,Ankkurikuja
47940,47940,0,47940,47940,0,False,SCHEDULED,1631912400,HSL:9841_20210917_La_2_1305,841,HSL:9208263,Ankkurikuja
51540,51540,0,51540,51540,0,False,SCHEDULED,1631912400,HSL:9841_20210917_La_2_1405,841,HSL:9208263,Ankkurikuja
55140,55140,0,55140,55140,0,False,SCHEDULED,1631912400,HSL:9841_20210917_La_2_1505,841,HSL:9208263,Ankkurikuja
58740,58740,0,58740,58740,0,False,SCHEDULED,1631912400,HSL:9841_20210917_La_2_1605,841,HSL:9208263,Ankkurikuja
62340,62340,0,62340,62340,0,False,SCHEDULED,1631912400,HSL:9841_20210917_La_2_1705,841,HSL:9208263,Ankkurikuja
49320,49320,0,49320,49320,0,False,SCHEDULED,1631912400,HSL:9841_20210917_La_1_1315,841,HSL:9208264,Kompassikuja
52020,52020,0,52020,52020,0,False,SCHEDULED,1631912400,HSL:9841_20210917_La_1_1400,841,HSL:9208264,Kompassikuja
55740,55740,0,55740,55740,0,False,SCHEDULED,1631912400,HSL:9841_20210917_La_1_1500,841,HSL:9208264,Kompassikuja
60240,60240,0,60240,60240,0,False,SCHEDULED,1631912400,HSL:9841_20210917_La_1_1615,841,HSL:9208264,Kompassikuja
62880,62880,0,62880,62880,0,False,SCHEDULED,1631912400,HSL:9841_20210917_La_1_1700,841,HSL:9208264,Kompassikuja
49320,49320,0,49320,49320,0,False,SCHEDULED,1631912400,HSL:9841_20210917_La_1_1315,841,HSL:9208258,Amiraalinmäki
52020,52020,0,52020,52020,0,False,SCHEDULED,1631912400,HSL:9841_20210917_La_1_1400,841,HSL:9208258,Amiraalinmäki
55740,55740,0,55740,55740,0,False,SCHEDULED,1631912400,HSL:9841_20210917_La_1_1500,841,HSL:9208258,Amiraalinmäki
60240,60240,0,60240,60240,0,False,SCHEDULED,1631912400,HSL:9841_20210917_La_1_1615,841,HSL:9208258,Amiraalinmäki
62880,62880,0,62880,62880,0,False,SCHEDULED,1631912400,HSL:9841_20210917_La_1_1700,841,HSL:9208258,Amiraalinmäki
48300,48300,0,48300,48300,0,False,SCHEDULED,1631912400,HSL:7848_20210917_La_2_1305,848,HSL:9208256,Miilin terminaali
48900,48900,0,48900,48900,0,False,SCHEDULED,1631912400,HSL:9842_20210917_La_2_1326,842,HSL:9208256,Miilin terminaali
50160,50160,0,50160,50160,0,False,SCHEDULED,1631912400,HSL:9843_20210917_La_2_1345,843,HSL:9208256,Miilin terminaali
51900,51900,0,51900,51900,0,False,SCHEDULED,1631912400,HSL:7848_20210917_La_2_1405,848,HSL:9208256,Miilin terminaali
52500,52500,0,52500,52500,0,False,SCHEDULED,1631912400,HSL:9842_20210917_La_2_1426,842,HSL:9208256,Miilin terminaali
46260,46260,0,46260,46260,0,False,SCHEDULED,1631912400,HSL:7848_20210917_La_1_1218,848,HSL:9208257,Miilin terminaali
47220,47220,0,47220,47220,0,False,SCHEDULED,1631912400,HSL:9842_20210917_La_1_1240,842,HSL:9208257,Miilin terminaali
48420,48420,0,48420,48420,0,False,SCHEDULED,1631912400,HSL:9843_20210917_La_1_1300,843,HSL:9208257,Miilin terminaali
49860,49860,0,49860,49860,0,False,SCHEDULED,1631912400,HSL:7848_20210917_La_1_1318,848,HSL:9208257,Miilin terminaali
50700,50700,0,50700,50700,0,False,SCHEDULED,1631912400,HSL:9842_20210917_La_1_1338,842,HSL:9208257,Miilin terminaali
46260,46260,0,46260,46260,0,False,SCHEDULED,1631912400,HSL:7848_20210917_La_1_1218,848,HSL:9208250,Graniittitie
48540,48540,0,48540,48540,0,False,SCHEDULED,1631912400,HSL:9843_20210917_La_1_1300,843,HSL:9208250,Graniittitie
49860,49860,0,49860,49860,0,False,SCHEDULED,1631912400,HSL:7848_20210917_La_1_1318,848,HSL:9208250,Graniittitie
53460,53460,0,53460,53460,0,False,SCHEDULED,1631912400,HSL:7848_20210917_La_1_1418,848,HSL:9208250,Graniittitie
57060,57060,0,57060,57060,0,False,SCHEDULED,1631912400,HSL:7848_20210917_La_1_1518,848,HSL:9208250,Graniittitie
48240,48240,0,48240,48240,0,False,SCHEDULED,1631912400,HSL:7848_20210917_La_2_1305,848,HSL:9208251,Graniittitie
51840,51840,0,51840,51840,0,False,SCHEDULED,1631912400,HSL:7848_20210917_La_2_1405,848,HSL:9208251,Graniittitie
55440,55440,0,55440,55440,0,False,SCHEDULED,1631912400,HSL:7848_20210917_La_2_1505,848,HSL:9208251,Graniittitie
59040,59040,0,59040,59040,0,False,SCHEDULED,1631912400,HSL:7848_20210917_La_2_1605,848,HSL:9208251,Graniittitie
62640,62640,0,62640,62640,0,False,SCHEDULED,1631912400,HSL:7848_20210917_La_2_1705,848,HSL:9208251,Graniittitie
47280,47280,0,47280,47280,0,False,SCHEDULED,1631912400,HSL:9842_20210917_La_1_1240,842,HSL:9208252,Pähkinälehto
48480,48480,0,48480,48480,0,False,SCHEDULED,1631912400,HSL:9843_20210917_La_1_1300,843,HSL:9208252,Pähkinälehto
50760,50760,0,50760,50760,0,False,SCHEDULED,1631912400,HSL:9842_20210917_La_1_1338,842,HSL:9208252,Pähkinälehto
54480,54480,0,54480,54480,0,False,SCHEDULED,1631912400,HSL:9842_20210917_La_1_1438,842,HSL:9208252,Pähkinälehto
58080,58080,0,58080,58080,0,False,SCHEDULED,1631912400,HSL:9842_20210917_La_1_1538,842,HSL:9208252,Pähkinälehto
48840,48840,0,48840,48840,0,False,SCHEDULED,1631912400,HSL:9842_20210917_La_2_1326,842,HSL:9208253,Pähkinälehto
50040,50040,0,50040,50040,0,False,SCHEDULED,1631912400,HSL:9843_20210917_La_2_1345,843,HSL:9208253,Pähkinälehto
52440,52440,0,52440,52440,0,False,SCHEDULED,1631912400,HSL:9842_20210917_La_2_1426,842,HSL:9208253,Pähkinälehto
56040,56040,0,56040,56040,0,False,SCHEDULED,1631912400,HSL:9842_20210917_La_2_1526,842,HSL:9208253,Pähkinälehto
59640,59640,0,59640,59640,0,False,SCHEDULED,1631912400,HSL:9842_20210917_La_2_1626,842,HSL:9208253,Pähkinälehto
57300,57300,0,57300,57300,0,False,SCHEDULED,1631912400,HSL:9788B_20210917_La_1_1550,788B,HSL:9221203,Savijärven kartano
57360,57360,0,57360,57360,0,False,SCHEDULED,1631912400,HSL:9788B_20210917_La_1_1550,788B,HSL:9221205,Lillängintie
57360,57360,0,57360,57360,0,False,SCHEDULED,1631912400,HSL:9788B_20210917_La_1_1550,788B,HSL:9221204,Lehtikuusentie
47580,47580,0,47580,47580,0,False,SCHEDULED,1631912400,HSL:9842_20210917_La_1_1240,842,HSL:9208242,Kalasääskentie
51060,51060,0,51060,51060,0,False,SCHEDULED,1631912400,HSL:9842_20210917_La_1_1338,842,HSL:9208242,Kalasääskentie
54780,54780,0,54780,54780,0,False,SCHEDULED,1631912400,HSL:9842_20210917_La_1_1438,842,HSL:9208242,Kalasääskentie
58380,58380,0,58380,58380,0,False,SCHEDULED,1631912400,HSL:9842_20210917_La_1_1538,842,HSL:9208242,Kalasääskentie
61980,61980,0,61980,61980,0,False,SCHEDULED,1631912400,HSL:9842_20210917_La_1_1638,842,HSL:9208242,Kalasääskentie
47580,47580,0,47580,47580,0,False,SCHEDULED,1631912400,HSL:9842_20210917_La_1_1240,842,HSL:9208237,Pyykuja
51060,51060,0,51060,51060,0,False,SCHEDULED,1631912400,HSL:9842_20210917_La_1_1338,842,HSL:9208237,Pyykuja
54780,54780,0,54780,54780,0,False,SCHEDULED,1631912400,HSL:9842_20210917_La_1_1438,842,HSL:9208237,Pyykuja
58380,58380,0,58380,58380,0,False,SCHEDULED,1631912400,HSL:9842_20210917_La_1_1538,842,HSL:9208237,Pyykuja
61980,61980,0,61980,61980,0,False,SCHEDULED,1631912400,HSL:9842_20210917_La_1_1638,842,HSL:9208237,Pyykuja
47640,47640,0,47640,47640,0,False,SCHEDULED,1631912400,HSL:9842_20210917_La_1_1240,842,HSL:9208238,Metsokuja
48360,48360,0,48360,48360,0,False,SCHEDULED,1631912400,HSL:9842_20210917_La_2_1326,842,HSL:9208238,Metsokuja
51120,51120,0,51120,51120,0,False,SCHEDULED,1631912400,HSL:9842_20210917_La_1_1338,842,HSL:9208238,Metsokuja
51960,51960,0,51960,51960,0,False,SCHEDULED,1631912400,HSL:9842_20210917_La_2_1426,842,HSL:9208238,Metsokuja
54840,54840,0,54840,54840,0,False,SCHEDULED,1631912400,HSL:9842_20210917_La_1_1438,842,HSL:9208238,Metsokuja
48420,48420,0,48420,48420,0,False,SCHEDULED,1631912400,HSL:9842_20210917_La_2_1326,842,HSL:9208239,Hiirihaukankuja
52020,52020,0,52020,52020,0,False,SCHEDULED,1631912400,HSL:9842_20210917_La_2_1426,842,HSL:9208239,Hiirihaukankuja
55620,55620,0,55620,55620,0,False,SCHEDULED,1631912400,HSL:9842_20210917_La_2_1526,842,HSL:9208239,Hiirihaukankuja
59220,59220,0,59220,59220,0,False,SCHEDULED,1631912400,HSL:9842_20210917_La_2_1626,842,HSL:9208239,Hiirihaukankuja
62820,62820,0,62820,62820,0,False,SCHEDULED,1631912400,HSL:9842_20210917_La_2_1726,842,HSL:9208239,Hiirihaukankuja
46320,46320,0,46320,46320,0,False,SCHEDULED,1631912400,HSL:7848_20210917_La_1_1218,848,HSL:9208232,Bergåsantie
49920,49920,0,49920,49920,0,False,SCHEDULED,1631912400,HSL:7848_20210917_La_1_1318,848,HSL:9208232,Bergåsantie
53520,53520,0,53520,53520,0,False,SCHEDULED,1631912400,HSL:7848_20210917_La_1_1418,848,HSL:9208232,Bergåsantie
57180,57180,0,57180,57180,0,False,SCHEDULED,1631912400,HSL:7848_20210917_La_1_1518,848,HSL:9208232,Bergåsantie
60720,60720,0,60720,60720,0,False,SCHEDULED,1631912400,HSL:7848_20210917_La_1_1618,848,HSL:9208232,Bergåsantie
48240,48240,0,48240,48240,0,False,SCHEDULED,1631912400,HSL:7848_20210917_La_2_1305,848,HSL:9208233,Bergåsantie
51840,51840,0,51840,51840,0,False,SCHEDULED,1631912400,HSL:7848_20210917_La_2_1405,848,HSL:9208233,Bergåsantie
55440,55440,0,55440,55440,0,False,SCHEDULED,1631912400,HSL:7848_20210917_La_2_1505,848,HSL:9208233,Bergåsantie
59040,59040,0,59040,59040,0,False,SCHEDULED,1631912400,HSL:7848_20210917_La_2_1605,848,HSL:9208233,Bergåsantie
62640,62640,0,62640,62640,0,False,SCHEDULED,1631912400,HSL:7848_20210917_La_2_1705,848,HSL:9208233,Bergåsantie
57420,57420,0,57420,57420,0,False,SCHEDULED,1631912400,HSL:9788B_20210917_La_1_1550,788B,HSL:9221207,Herralantie
57480,57480,0,57480,57480,0,False,SCHEDULED,1631912400,HSL:9788B_20210917_La_1_1550,788B,HSL:9221209,Notkotie
57420,57420,0,57420,57420,0,False,SCHEDULED,1631912400,HSL:9788B_20210917_La_1_1550,788B,HSL:9221208,Lugnnäsintie
45840,45878,38,45840,45903,63,True,UPDATED,1631912400,HSL:31M1_20210917_La_1_1244,M1,HSL:2314601,Matinkylä
46260,46265,5,46260,46290,30,True,UPDATED,1631912400,HSL:31M1_20210917_La_1_1251,M1,HSL:2314601,Matinkylä
46740,46715,-25,46740,46740,0,True,UPDATED,1631912400,HSL:31M1_20210917_La_1_1259,M1,HSL:2314601,Matinkylä
47160,47157,-3,47160,47182,22,True,UPDATED,1631912400,HSL:31M1_20210917_La_1_1306,M1,HSL:2314601,Matinkylä
47640,47615,-25,47640,47640,0,True,UPDATED,1631912400,HSL:31M1_20210917_La_1_1314,M1,HSL:2314601,Matinkylä
46320,46320,0,46320,46320,0,False,SCHEDULED,1631912400,HSL:7848_20210917_La_1_1218,848,HSL:9208230,Hangelby
48600,48600,0,48600,48600,0,False,SCHEDULED,1631912400,HSL:9843_20210917_La_1_1300,843,HSL:9208230,Hangelby
49920,49920,0,49920,49920,0,False,SCHEDULED,1631912400,HSL:7848_20210917_La_1_1318,848,HSL:9208230,Hangelby
53520,53520,0,53520,53520,0,False,SCHEDULED,1631912400,HSL:7848_20210917_La_1_1418,848,HSL:9208230,Hangelby
57120,57120,0,57120,57120,0,False,SCHEDULED,1631912400,HSL:7848_20210917_La_1_1518,848,HSL:9208230,Hangelby
48240,48240,0,48240,48240,0,False,SCHEDULED,1631912400,HSL:7848_20210917_La_2_1305,848,HSL:9208231,Hangelby
49920,49920,0,49920,49920,0,False,SCHEDULED,1631912400,HSL:9843_20210917_La_2_1345,843,HSL:9208231,Hangelby
51840,51840,0,51840,51840,0,False,SCHEDULED,1631912400,HSL:7848_20210917_La_2_1405,848,HSL:9208231,Hangelby
55440,55440,0,55440,55440,0,False,SCHEDULED,1631912400,HSL:7848_20210917_La_2_1505,848,HSL:9208231,Hangelby
59040,59040,0,59040,59040,0,False,SCHEDULED,1631912400,HSL:7848_20210917_La_2_1605,848,HSL:9208231,Hangelby
45660,45641,-19,45660,45666,6,True,UPDATED,1631912400,HSL:31M1_20210917_La_2_1200,M1,HSL:2314602,Matinkylä
46080,46087,7,46080,46112,32,True,UPDATED,1631912400,HSL:31M1_20210917_La_2_1207,M1,HSL:2314602,Matinkylä
46560,46543,-17,46560,46568,8,True,UPDATED,1631912400,HSL:31M1_20210917_La_2_1215,M1,HSL:2314602,Matinkylä
46980,46987,7,46980,47012,32,True,UPDATED,1631912400,HSL:31M1_20210917_La_2_1222,M1,HSL:2314602,Matinkylä
47460,47457,-3,47460,47482,22,True,UPDATED,1631912400,HSL:31M1_20210917_La_2_1230,M1,HSL:2314602,Matinkylä
47520,47520,0,47520,47520,0,False,SCHEDULED,1631912400,HSL:9842_20210917_La_1_1240,842,HSL:9208221,Getnäsintie
51000,51000,0,51000,51000,0,False,SCHEDULED,1631912400,HSL:9842_20210917_La_1_1338,842,HSL:9208221,Getnäsintie
54720,54720,0,54720,54720,0,False,SCHEDULED,1631912400,HSL:9842_20210917_La_1_1438,842,HSL:9208221,Getnäsintie
58320,58320,0,58320,58320,0,False,SCHEDULED,1631912400,HSL:9842_20210917_La_1_1538,842,HSL:9208221,Getnäsintie
61920,61920,0,61920,61920,0,False,SCHEDULED,1631912400,HSL:9842_20210917_La_1_1638,842,HSL:9208221,Getnäsintie
48480,48480,0,48480,48480,0,False,SCHEDULED,1631912400,HSL:9842_20210917_La_2_1326,842,HSL:9208222,Stor-Rösintie
52080,52080,0,52080,52080,0,False,SCHEDULED,1631912400,HSL:9842_20210917_La_2_1426,842,HSL:9208222,Stor-Rösintie
55680,55680,0,55680,55680,0,False,SCHEDULED,1631912400,HSL:9842_20210917_La_2_1526,842,HSL:9208222,Stor-Rösintie
59280,59280,0,59280,59280,0,False,SCHEDULED,1631912400,HSL:9842_20210917_La_2_1626,842,HSL:9208222,Stor-Rösintie
62880,62880,0,62880,62880,0,False,SCHEDULED,1631912400,HSL:9842_20210917_La_2_1726,842,HSL:9208222,Stor-Rösintie
47520,47520,0,47520,47520,0,False,SCHEDULED,1631912400,HSL:9842_20210917_La_1_1240,842,HSL:9208224,Stor-Rösintie
51000,51000,0,51000,51000,0,False,SCHEDULED,1631912400,HSL:9842_20210917_La_1_1338,842,HSL:9208224,Stor-Rösintie
54720,54720,0,54720,54720,0,False,SCHEDULED,1631912400,HSL:9842_20210917_La_1_1438,842,HSL:9208224,Stor-Rösintie
58320,58320,0,58320,58320,0,False,SCHEDULED,1631912400,HSL:9842_20210917_La_1_1538,842,HSL:9208224,Stor-Rösintie
61920,61920,0,61920,61920,0,False,SCHEDULED,1631912400,HSL:9842_20210917_La_1_1638,842,HSL:9208224,Stor-Rösintie
48540,48540,0,48540,48540,0,False,SCHEDULED,1631912400,HSL:9842_20210917_La_2_1326,842,HSL:9208220,Getnäsintie
52140,52140,0,52140,52140,0,False,SCHEDULED,1631912400,HSL:9842_20210917_La_2_1426,842,HSL:9208220,Getnäsintie
55740,55740,0,55740,55740,0,False,SCHEDULED,1631912400,HSL:9842_20210917_La_2_1526,842,HSL:9208220,Getnäsintie
59340,59340,0,59340,59340,0,False,SCHEDULED,1631912400,HSL:9842_20210917_La_2_1626,842,HSL:9208220,Getnäsintie
62940,62940,0,62940,62940,0,False,SCHEDULED,1631912400,HSL:9842_20210917_La_2_1726,842,HSL:9208220,Getnäsintie
45360,45356,-4,45360,45360,0,True,UPDATED,1631912400,HSL:9842_20210917_La_2_1226,842,HSL:9208214,Söderkulla
46860,46860,0,46860,46860,0,False,SCHEDULED,1631912400,HSL:9844_20210917_La_2_1255,844,HSL:9208214,Söderkulla
48000,48000,0,48000,48000,0,False,SCHEDULED,1631912400,HSL:9841_20210917_La_2_1305,841,HSL:9208214,Söderkulla
48300,48300,0,48300,48300,0,False,SCHEDULED,1631912400,HSL:7848_20210917_La_2_1305,848,HSL:9208214,Söderkulla
48960,48960,0,48960,48960,0,False,SCHEDULED,1631912400,HSL:9842_20210917_La_2_1326,842,HSL:9208214,Söderkulla
45960,46032,72,45960,46032,72,True,UPDATED,1631912400,HSL:9844_20210917_La_1_1220,844,HSL:9208216,Söderkulla
49260,49260,0,49260,49260,0,False,SCHEDULED,1631912400,HSL:9841_20210917_La_1_1315,841,HSL:9208216,Söderkulla
51960,51960,0,51960,51960,0,False,SCHEDULED,1631912400,HSL:9841_20210917_La_1_1400,841,HSL:9208216,Söderkulla
53160,53160,0,53160,53160,0,False,SCHEDULED,1631912400,HSL:9844_20210917_La_1_1418,844,HSL:9208216,Söderkulla
55680,55680,0,55680,55680,0,False,SCHEDULED,1631912400,HSL:9841_20210917_La_1_1500,841,HSL:9208216,Söderkulla
46200,46200,0,46200,46200,0,False,SCHEDULED,1631912400,HSL:7848_20210917_La_1_1218,848,HSL:9208217,Söderkulla
47160,47160,0,47160,47160,0,False,SCHEDULED,1631912400,HSL:9842_20210917_La_1_1240,842,HSL:9208217,Söderkulla
48360,48360,0,48360,48360,0,False,SCHEDULED,1631912400,HSL:9843_20210917_La_1_1300,843,HSL:9208217,Söderkulla
49800,49800,0,49800,49800,0,False,SCHEDULED,1631912400,HSL:7848_20210917_La_1_1318,848,HSL:9208217,Söderkulla
50640,50640,0,50640,50640,0,False,SCHEDULED,1631912400,HSL:9842_20210917_La_1_1338,842,HSL:9208217,Söderkulla
45360,45336,-24,45360,45347,-13,True,UPDATED,1631912400,HSL:4623K_20210917_La_2_1203,623K,HSL:1283187,Käskynhaltijantie
45480,45554,74,45480,45564,84,True,UPDATED,1631912400,HSL:4611_20210917_La_2_1208,611,HSL:1283187,Käskynhaltijantie
45720,45720,0,45720,45720,0,False,SCHEDULED,1631912400,HSL:4615_20210917_La_2_1219,615,HSL:1283187,Käskynhaltijantie
46620,46596,-24,46620,46596,-24,True,UPDATED,1631912400,HSL:4614_20210917_La_2_1234,614,HSL:1283187,Käskynhaltijantie
46680,46645,-35,46680,46654,-26,True,UPDATED,1631912400,HSL:4611_20210917_La_2_1228,611,HSL:1283187,Käskynhaltijantie
45360,45360,0,45360,45360,0,True,UPDATED,1631912400,HSL:9842_20210917_La_2_1226,842,HSL:9208210,Kallbäck
46860,46860,0,46860,46860,0,False,SCHEDULED,1631912400,HSL:9844_20210917_La_2_1255,844,HSL:9208210,Kallbäck
48000,48000,0,48000,48000,0,False,SCHEDULED,1631912400,HSL:9841_20210917_La_2_1305,841,HSL:9208210,Kallbäck
48360,48360,0,48360,48360,0,False,SCHEDULED,1631912400,HSL:7848_20210917_La_2_1305,848,HSL:9208210,Kallbäck
48960,48960,0,48960,48960,0,False,SCHEDULED,1631912400,HSL:9842_20210917_La_2_1326,842,HSL:9208210,Kallbäck
45900,45972,72,45900,45972,72,True,UPDATED,1631912400,HSL:9844_20210917_La_1_1220,844,HSL:9208211,Kallbäck
46200,46200,0,46200,46200,0,False,SCHEDULED,1631912400,HSL:7848_20210917_La_1_1218,848,HSL:9208211,Kallbäck
47160,47160,0,47160,47160,0,False,SCHEDULED,1631912400,HSL:9842_20210917_La_1_1240,842,HSL:9208211,Kallbäck
48360,48360,0,48360,48360,0,False,SCHEDULED,1631912400,HSL:9843_20210917_La_1_1300,843,HSL:9208211,Kallbäck
49200,49200,0,49200,49200,0,False,SCHEDULED,1631912400,HSL:9841_20210917_La_1_1315,841,HSL:9208211,Kallbäck
47460,47460,0,47460,47460,0,False,SCHEDULED,1631912400,HSL:9842_20210917_La_1_1240,842,HSL:9208219,Sipoonl. levähd.al.
50940,50940,0,50940,50940,0,False,SCHEDULED,1631912400,HSL:9842_20210917_La_1_1338,842,HSL:9208219,Sipoonl. levähd.al.
54660,54660,0,54660,54660,0,False,SCHEDULED,1631912400,HSL:9842_20210917_La_1_1438,842,HSL:9208219,Sipoonl. levähd.al.
58260,58260,0,58260,58260,0,False,SCHEDULED,1631912400,HSL:9842_20210917_La_1_1538,842,HSL:9208219,Sipoonl. levähd.al.
61860,61860,0,61860,61860,0,False,SCHEDULED,1631912400,HSL:9842_20210917_La_1_1638,842,HSL:9208219,Sipoonl. levähd.al.
49440,49440,0,49440,49440,0,False,SCHEDULED,1631912400,HSL:9841_20210917_La_1_1315,841,HSL:9208203,Hansas
52140,52140,0,52140,52140,0,False,SCHEDULED,1631912400,HSL:9841_20210917_La_1_1400,841,HSL:9208203,Hansas
55860,55860,0,55860,55860,0,False,SCHEDULED,1631912400,HSL:9841_20210917_La_1_1500,841,HSL:9208203,Hansas
60360,60360,0,60360,60360,0,False,SCHEDULED,1631912400,HSL:9841_20210917_La_1_1615,841,HSL:9208203,Hansas
63000,63000,0,63000,63000,0,False,SCHEDULED,1631912400,HSL:9841_20210917_La_1_1700,841,HSL:9208203,Hansas
47760,47760,0,47760,47760,0,False,SCHEDULED,1631912400,HSL:9841_20210917_La_2_1305,841,HSL:9208204,Hansas
51360,51360,0,51360,51360,0,False,SCHEDULED,1631912400,HSL:9841_20210917_La_2_1405,841,HSL:9208204,Hansas
54960,54960,0,54960,54960,0,False,SCHEDULED,1631912400,HSL:9841_20210917_La_2_1505,841,HSL:9208204,Hansas
58560,58560,0,58560,58560,0,False,SCHEDULED,1631912400,HSL:9841_20210917_La_2_1605,841,HSL:9208204,Hansas
62160,62160,0,62160,62160,0,False,SCHEDULED,1631912400,HSL:9841_20210917_La_2_1705,841,HSL:9208204,Hansas
49380,49380,0,49380,49380,0,False,SCHEDULED,1631912400,HSL:9841_20210917_La_1_1315,841,HSL:9208205,Söderkullan kartano
52080,52080,0,52080,52080,0,False,SCHEDULED,1631912400,HSL:9841_20210917_La_1_1400,841,HSL:9208205,Söderkullan kartano
55800,55800,0,55800,55800,0,False,SCHEDULED,1631912400,HSL:9841_20210917_La_1_1500,841,HSL:9208205,Söderkullan kartano
60300,60300,0,60300,60300,0,False,SCHEDULED,1631912400,HSL:9841_20210917_La_1_1615,841,HSL:9208205,Söderkullan kartano
62940,62940,0,62940,62940,0,False,SCHEDULED,1631912400,HSL:9841_20210917_La_1_1700,841,HSL:9208205,Söderkullan kartano
47880,47880,0,47880,47880,0,False,SCHEDULED,1631912400,HSL:9841_20210917_La_2_1305,841,HSL:9208206,Söderkullan kartano
51480,51480,0,51480,51480,0,False,SCHEDULED,1631912400,HSL:9841_20210917_La_2_1405,841,HSL:9208206,Söderkullan kartano
55080,55080,0,55080,55080,0,False,SCHEDULED,1631912400,HSL:9841_20210917_La_2_1505,841,HSL:9208206,Söderkullan kartano
58680,58680,0,58680,58680,0,False,SCHEDULED,1631912400,HSL:9841_20210917_La_2_1605,841,HSL:9208206,Söderkullan kartano
62280,62280,0,62280,62280,0,False,SCHEDULED,1631912400,HSL:9841_20210917_La_2_1705,841,HSL:9208206,Söderkullan kartano
49500,49500,0,49500,49500,0,False,SCHEDULED,1631912400,HSL:9841_20210917_La_1_1315,841,HSL:9208201,Pilvijärventie
52200,52200,0,52200,52200,0,False,SCHEDULED,1631912400,HSL:9841_20210917_La_1_1400,841,HSL:9208201,Pilvijärventie
55920,55920,0,55920,55920,0,False,SCHEDULED,1631912400,HSL:9841_20210917_La_1_1500,841,HSL:9208201,Pilvijärventie
60420,60420,0,60420,60420,0,False,SCHEDULED,1631912400,HSL:9841_20210917_La_1_1615,841,HSL:9208201,Pilvijärventie
63060,63060,0,63060,63060,0,False,SCHEDULED,1631912400,HSL:9841_20210917_La_1_1700,841,HSL:9208201,Pilvijärventie
47760,47760,0,47760,47760,0,False,SCHEDULED,1631912400,HSL:9841_20210917_La_2_1305,841,HSL:9208202,Pilvijärventie
51360,51360,0,51360,51360,0,False,SCHEDULED,1631912400,HSL:9841_20210917_La_2_1405,841,HSL:9208202,Pilvijärventie
54960,54960,0,54960,54960,0,False,SCHEDULED,1631912400,HSL:9841_20210917_La_2_1505,841,HSL:9208202,Pilvijärventie
58560,58560,0,58560,58560,0,False,SCHEDULED,1631912400,HSL:9841_20210917_La_2_1605,841,HSL:9208202,Pilvijärventie
62160,62160,0,62160,62160,0,False,SCHEDULED,1631912400,HSL:9841_20210917_La_2_1705,841,HSL:9208202,Pilvijärventie
45840,46248,408,45840,46255,415,True,UPDATED,1631912400,HSL:6173_20210917_La_1_1151,173,HSL:6070221,Sokeritehtaantie
49440,49440,0,49440,49440,0,False,SCHEDULED,1631912400,HSL:6173_20210917_La_1_1251,173,HSL:6070221,Sokeritehtaantie
53040,53040,0,53040,53040,0,False,SCHEDULED,1631912400,HSL:6173_20210917_La_1_1349,173,HSL:6070221,Sokeritehtaantie
56640,56640,0,56640,56640,0,False,SCHEDULED,1631912400,HSL:6173_20210917_La_1_1448,173,HSL:6070221,Sokeritehtaantie
60180,60180,0,60180,60180,0,False,SCHEDULED,1631912400,HSL:6173_20210917_La_1_1548,173,HSL:6070221,Sokeritehtaantie
45840,46237,397,45840,46237,397,True,UPDATED,1631912400,HSL:6173_20210917_La_1_1151,173,HSL:6070222,Edis
48060,48060,0,48060,48060,0,False,SCHEDULED,1631912400,HSL:6173_20210917_La_2_1301,173,HSL:6070222,Edis
49380,49380,0,49380,49380,0,False,SCHEDULED,1631912400,HSL:6173_20210917_La_1_1251,173,HSL:6070222,Edis
51660,51660,0,51660,51660,0,False,SCHEDULED,1631912400,HSL:6173_20210917_La_2_1401,173,HSL:6070222,Edis
52980,52980,0,52980,52980,0,False,SCHEDULED,1631912400,HSL:6173_20210917_La_1_1349,173,HSL:6070222,Edis
45540,45920,380,45540,45927,387,True,UPDATED,1631912400,HSL:6173_20210917_La_1_1151,173,HSL:6070220,Ristikalliontie
47760,47760,0,47760,47760,0,False,SCHEDULED,1631912400,HSL:6173_20210917_La_2_1301,173,HSL:6070220,Ristikalliontie
49140,49140,0,49140,49140,0,False,SCHEDULED,1631912400,HSL:6173_20210917_La_1_1251,173,HSL:6070220,Ristikalliontie
51360,51360,0,51360,51360,0,False,SCHEDULED,1631912400,HSL:6173_20210917_La_2_1401,173,HSL:6070220,Ristikalliontie
52740,52740,0,52740,52740,0,False,SCHEDULED,1631912400,HSL:6173_20210917_La_1_1349,173,HSL:6070220,Ristikalliontie
45780,46117,337,45780,46117,337,True,UPDATED,1631912400,HSL:6173_20210917_La_1_1151,173,HSL:6070218,Kantvik
48000,48000,0,48000,48000,0,False,SCHEDULED,1631912400,HSL:6173_20210917_La_2_1301,173,HSL:6070218,Kantvik
49320,49320,0,49320,49320,0,False,SCHEDULED,1631912400,HSL:6173_20210917_La_1_1251,173,HSL:6070218,Kantvik
51600,51600,0,51600,51600,0,False,SCHEDULED,1631912400,HSL:6173_20210917_La_2_1401,173,HSL:6070218,Kantvik
52920,52920,0,52920,52920,0,False,SCHEDULED,1631912400,HSL:6173_20210917_La_1_1349,173,HSL:6070218,Kantvik
45780,46218,438,45780,46219,439,True,UPDATED,1631912400,HSL:6173_20210917_La_1_1151,173,HSL:6070219,Ristikalliontie
48000,48000,0,48000,48000,0,False,SCHEDULED,1631912400,HSL:6173_20210917_La_2_1301,173,HSL:6070219,Ristikalliontie
49380,49380,0,49380,49380,0,False,SCHEDULED,1631912400,HSL:6173_20210917_La_1_1251,173,HSL:6070219,Ristikalliontie
51600,51600,0,51600,51600,0,False,SCHEDULED,1631912400,HSL:6173_20210917_La_2_1401,173,HSL:6070219,Ristikalliontie
52980,52980,0,52980,52980,0,False,SCHEDULED,1631912400,HSL:6173_20210917_La_1_1349,173,HSL:6070219,Ristikalliontie
45720,46079,359,45720,46080,360,True,UPDATED,1631912400,HSL:6173_20210917_La_1_1151,173,HSL:6070216,Harju
47940,47940,0,47940,47940,0,False,SCHEDULED,1631912400,HSL:6173_20210917_La_2_1301,173,HSL:6070216,Harju
49320,49320,0,49320,49320,0,False,SCHEDULED,1631912400,HSL:6173_20210917_La_1_1251,173,HSL:6070216,Harju
51540,51540,0,51540,51540,0,False,SCHEDULED,1631912400,HSL:6173_20210917_La_2_1401,173,HSL:6070216,Harju
52920,52920,0,52920,52920,0,False,SCHEDULED,1631912400,HSL:6173_20210917_La_1_1349,173,HSL:6070216,Harju
47700,47700,0,47700,47700,0,False,SCHEDULED,1631912400,HSL:6173_20210917_La_2_1301,173,HSL:6070217,Kantvikintie
51300,51300,0,51300,51300,0,False,SCHEDULED,1631912400,HSL:6173_20210917_La_2_1401,173,HSL:6070217,Kantvikintie
54960,54960,0,54960,54960,0,False,SCHEDULED,1631912400,HSL:6173_20210917_La_2_1502,173,HSL:6070217,Kantvikintie
58560,58560,0,58560,58560,0,False,SCHEDULED,1631912400,HSL:6173_20210917_La_2_1602,173,HSL:6070217,Kantvikintie
62100,62100,0,62100,62100,0,False,SCHEDULED,1631912400,HSL:6173_20210917_La_2_1659,173,HSL:6070217,Kantvikintie
45600,46020,420,45600,46022,422,True,UPDATED,1631912400,HSL:6173_20210917_La_1_1151,173,HSL:6070214,Harju
47820,47820,0,47820,47820,0,False,SCHEDULED,1631912400,HSL:6173_20210917_La_2_1301,173,HSL:6070214,Harju
49200,49200,0,49200,49200,0,False,SCHEDULED,1631912400,HSL:6173_20210917_La_1_1251,173,HSL:6070214,Harju
51420,51420,0,51420,51420,0,False,SCHEDULED,1631912400,HSL:6173_20210917_La_2_1401,173,HSL:6070214,Harju
52800,52800,0,52800,52800,0,False,SCHEDULED,1631912400,HSL:6173_20210917_La_1_1349,173,HSL:6070214,Harju
45840,46293,453,45840,46293,453,True,UPDATED,1631912400,HSL:6173_20210917_La_1_1151,173,HSL:6070215,Kantvikintie
49440,49440,0,49440,49440,0,False,SCHEDULED,1631912400,HSL:6173_20210917_La_1_1251,173,HSL:6070215,Kantvikintie
53040,53040,0,53040,53040,0,False,SCHEDULED,1631912400,HSL:6173_20210917_La_1_1349,173,HSL:6070215,Kantvikintie
56700,56700,0,56700,56700,0,False,SCHEDULED,1631912400,HSL:6173_20210917_La_1_1448,173,HSL:6070215,Kantvikintie
60240,60240,0,60240,60240,0,False,SCHEDULED,1631912400,HSL:6173_20210917_La_1_1548,173,HSL:6070215,Kantvikintie
46560,46589,29,46560,46592,32,True,UPDATED,1631912400,HSL:2236_20210917_La_1_1226,236,HSL:2715202,Nikunpelto
46620,46608,-12,46620,46611,-9,True,UPDATED,1631912400,HSL:2582_20210917_La_1_1230,582,HSL:2715202,Nikunpelto
47820,47865,45,47820,47868,48,True,UPDATED,1631912400,HSL:2436_20210917_La_1_1232,436,HSL:2715202,Nikunpelto
48420,48420,0,48420,48420,0,False,SCHEDULED,1631912400,HSL:2582_20210917_La_1_1300,582,HSL:2715202,Nikunpelto
50220,50220,0,50220,50220,0,False,SCHEDULED,1631912400,HSL:2236_20210917_La_1_1326,236,HSL:2715202,Nikunpelto
47640,47640,0,47640,47640,0,False,SCHEDULED,1631912400,HSL:6173_20210917_La_2_1301,173,HSL:6070212,Kabanovintie
51240,51240,0,51240,51240,0,False,SCHEDULED,1631912400,HSL:6173_20210917_La_2_1401,173,HSL:6070212,Kabanovintie
54900,54900,0,54900,54900,0,False,SCHEDULED,1631912400,HSL:6173_20210917_La_2_1502,173,HSL:6070212,Kabanovintie
58500,58500,0,58500,58500,0,False,SCHEDULED,1631912400,HSL:6173_20210917_La_2_1602,173,HSL:6070212,Kabanovintie
62040,62040,0,62040,62040,0,False,SCHEDULED,1631912400,HSL:6173_20210917_La_2_1659,173,HSL:6070212,Kabanovintie
47880,47880,0,47880,47880,0,False,SCHEDULED,1631912400,HSL:6173_20210917_La_2_1301,173,HSL:6070213,Sokeritehdas
51480,51480,0,51480,51480,0,False,SCHEDULED,1631912400,HSL:6173_20210917_La_2_1401,173,HSL:6070213,Sokeritehdas
55140,55140,0,55140,55140,0,False,SCHEDULED,1631912400,HSL:6173_20210917_La_2_1502,173,HSL:6070213,Sokeritehdas
58740,58740,0,58740,58740,0,False,SCHEDULED,1631912400,HSL:6173_20210917_La_2_1602,173,HSL:6070213,Sokeritehdas
62340,62340,0,62340,62340,0,False,SCHEDULED,1631912400,HSL:6173_20210917_La_2_1659,173,HSL:6070213,Sokeritehdas
45900,46293,393,45900,46293,393,True,UPDATED,1631912400,HSL:6173_20210917_La_1_1151,173,HSL:6070210,Kabanovintie
49500,49500,0,49500,49500,0,False,SCHEDULED,1631912400,HSL:6173_20210917_La_1_1251,173,HSL:6070210,Kabanovintie
53100,53100,0,53100,53100,0,False,SCHEDULED,1631912400,HSL:6173_20210917_La_1_1349,173,HSL:6070210,Kabanovintie
56700,56700,0,56700,56700,0,False,SCHEDULED,1631912400,HSL:6173_20210917_La_1_1448,173,HSL:6070210,Kabanovintie
60240,60240,0,60240,60240,0,False,SCHEDULED,1631912400,HSL:6173_20210917_La_1_1548,173,HSL:6070210,Kabanovintie
47640,47640,0,47640,47640,0,False,SCHEDULED,1631912400,HSL:6173_20210917_La_2_1301,173,HSL:6070207,Sepänkannas
51240,51240,0,51240,51240,0,False,SCHEDULED,1631912400,HSL:6173_20210917_La_2_1401,173,HSL:6070207,Sepänkannas
54900,54900,0,54900,54900,0,False,SCHEDULED,1631912400,HSL:6173_20210917_La_2_1502,173,HSL:6070207,Sepänkannas
58500,58500,0,58500,58500,0,False,SCHEDULED,1631912400,HSL:6173_20210917_La_2_1602,173,HSL:6070207,Sepänkannas
62040,62040,0,62040,62040,0,False,SCHEDULED,1631912400,HSL:6173_20210917_La_2_1659,173,HSL:6070207,Sepänkannas
45960,46293,333,45960,46293,333,True,UPDATED,1631912400,HSL:6173_20210917_La_1_1151,173,HSL:6070208,Sepänkannas
49500,49500,0,49500,49500,0,False,SCHEDULED,1631912400,HSL:6173_20210917_La_1_1251,173,HSL:6070208,Sepänkannas
53100,53100,0,53100,53100,0,False,SCHEDULED,1631912400,HSL:6173_20210917_La_1_1349,173,HSL:6070208,Sepänkannas
56760,56760,0,56760,56760,0,False,SCHEDULED,1631912400,HSL:6173_20210917_La_1_1448,173,HSL:6070208,Sepänkannas
60300,60300,0,60300,60300,0,False,SCHEDULED,1631912400,HSL:6173_20210917_La_1_1548,173,HSL:6070208,Sepänkannas
45960,46425,465,45960,46426,466,True,UPDATED,1631912400,HSL:6173_20210917_La_1_1151,173,HSL:6070205,Pilvijärventie
49560,49560,0,49560,49560,0,False,SCHEDULED,1631912400,HSL:6173_20210917_La_1_1251,173,HSL:6070205,Pilvijärventie
53160,53160,0,53160,53160,0,False,SCHEDULED,1631912400,HSL:6173_20210917_La_1_1349,173,HSL:6070205,Pilvijärventie
56820,56820,0,56820,56820,0,False,SCHEDULED,1631912400,HSL:6173_20210917_La_1_1448,173,HSL:6070205,Pilvijärventie
60360,60360,0,60360,60360,0,False,SCHEDULED,1631912400,HSL:6173_20210917_La_1_1548,173,HSL:6070205,Pilvijärventie
47580,47580,0,47580,47580,0,False,SCHEDULED,1631912400,HSL:6173_20210917_La_2_1301,173,HSL:6070206,Pilvijärventie
51180,51180,0,51180,51180,0,False,SCHEDULED,1631912400,HSL:6173_20210917_La_2_1401,173,HSL:6070206,Pilvijärventie
54840,54840,0,54840,54840,0,False,SCHEDULED,1631912400,HSL:6173_20210917_La_2_1502,173,HSL:6070206,Pilvijärventie
58440,58440,0,58440,58440,0,False,SCHEDULED,1631912400,HSL:6173_20210917_La_2_1602,173,HSL:6070206,Pilvijärventie
61980,61980,0,61980,61980,0,False,SCHEDULED,1631912400,HSL:6173_20210917_La_2_1659,173,HSL:6070206,Pilvijärventie
46020,46459,439,46020,46459,439,True,UPDATED,1631912400,HSL:6173_20210917_La_1_1151,173,HSL:6070203,Strömsby
49620,49620,0,49620,49620,0,False,SCHEDULED,1631912400,HSL:6173_20210917_La_1_1251,173,HSL:6070203,Strömsby
53220,53220,0,53220,53220,0,False,SCHEDULED,1631912400,HSL:6173_20210917_La_1_1349,173,HSL:6070203,Strömsby
56880,56880,0,56880,56880,0,False,SCHEDULED,1631912400,HSL:6173_20210917_La_1_1448,173,HSL:6070203,Strömsby
60420,60420,0,60420,60420,0,False,SCHEDULED,1631912400,HSL:6173_20210917_La_1_1548,173,HSL:6070203,Strömsby
47520,47520,0,47520,47520,0,False,SCHEDULED,1631912400,HSL:6173_20210917_La_2_1301,173,HSL:6070204,Strömsby
51120,51120,0,51120,51120,0,False,SCHEDULED,1631912400,HSL:6173_20210917_La_2_1401,173,HSL:6070204,Strömsby
54780,54780,0,54780,54780,0,False,SCHEDULED,1631912400,HSL:6173_20210917_La_2_1502,173,HSL:6070204,Strömsby
58380,58380,0,58380,58380,0,False,SCHEDULED,1631912400,HSL:6173_20210917_La_2_1602,173,HSL:6070204,Strömsby
61920,61920,0,61920,61920,0,False,SCHEDULED,1631912400,HSL:6173_20210917_La_2_1659,173,HSL:6070204,Strömsby
47460,47460,0,47460,47460,0,False,SCHEDULED,1631912400,HSL:6173_20210917_La_2_1301,173,HSL:6070201,Ojango
51060,51060,0,51060,51060,0,False,SCHEDULED,1631912400,HSL:6173_20210917_La_2_1401,173,HSL:6070201,Ojango
54720,54720,0,54720,54720,0,False,SCHEDULED,1631912400,HSL:6173_20210917_La_2_1502,173,HSL:6070201,Ojango
58320,58320,0,58320,58320,0,False,SCHEDULED,1631912400,HSL:6173_20210917_La_2_1602,173,HSL:6070201,Ojango
61800,61800,0,61800,61800,0,False,SCHEDULED,1631912400,HSL:6173_20210917_La_2_1659,173,HSL:6070201,Ojango
46080,46467,387,46080,46469,389,True,UPDATED,1631912400,HSL:6173_20210917_La_1_1151,173,HSL:6070202,Ojango
49680,49680,0,49680,49680,0,False,SCHEDULED,1631912400,HSL:6173_20210917_La_1_1251,173,HSL:6070202,Ojango
53280,53280,0,53280,53280,0,False,SCHEDULED,1631912400,HSL:6173_20210917_La_1_1349,173,HSL:6070202,Ojango
56940,56940,0,56940,56940,0,False,SCHEDULED,1631912400,HSL:6173_20210917_La_1_1448,173,HSL:6070202,Ojango
60480,60480,0,60480,60480,0,False,SCHEDULED,1631912400,HSL:6173_20210917_La_1_1548,173,HSL:6070202,Ojango
45780,45780,0,45900,45900,0,False,SCHEDULED,1631912400,HSL:2166_20210917_La_1_1239,166,HSL:2511235,Kauklahden asema
45840,45698,-142,45900,45900,0,True,UPDATED,1631912400,HSL:2165_20210917_La_1_1211,165,HSL:2511235,Kauklahden asema
46140,46108,-32,46140,46108,-32,True,UPDATED,1631912400,HSL:2118_20210917_La_1_1202,118,HSL:2511235,Kauklahden asema
46740,46728,-12,46800,46846,46,True,UPDATED,1631912400,HSL:2165_20210917_La_1_1226,165,HSL:2511235,Kauklahden asema
47640,47640,0,47700,47700,0,False,SCHEDULED,1631912400,HSL:2165_20210917_La_1_1241,165,HSL:2511235,Kauklahden asema
45720,45720,0,45720,45720,0,False,SCHEDULED,1631912400,HSL:1004_20210917_La_1_1241,4,HSL:1080408,Vyökatu
46320,46320,0,46320,46320,0,False,SCHEDULED,1631912400,HSL:1004_20210917_La_1_1251,4,HSL:1080408,Vyökatu
46920,46920,0,46920,46920,0,False,SCHEDULED,1631912400,HSL:1004_20210917_La_1_1301,4,HSL:1080408,Vyökatu
47520,47520,0,47520,47520,0,False,SCHEDULED,1631912400,HSL:1004_20210917_La_1_1311,4,HSL:1080408,Vyökatu
48120,48120,0,48120,48120,0,False,SCHEDULED,1631912400,HSL:1004_20210917_La_1_1321,4,HSL:1080408,Vyökatu
46320,46320,0,46320,46320,0,False,SCHEDULED,1631912400,HSL:1097V_20210917_La_1_1244,97V,HSL:1451174,Kuutsalontie
48180,48180,0,48180,48180,0,False,SCHEDULED,1631912400,HSL:1097V_20210917_La_1_1314,97V,HSL:1451174,Kuutsalontie
49980,49980,0,49980,49980,0,False,SCHEDULED,1631912400,HSL:1097V_20210917_La_1_1344,97V,HSL:1451174,Kuutsalontie
51780,51780,0,51780,51780,0,False,SCHEDULED,1631912400,HSL:1097V_20210917_La_1_1414,97V,HSL:1451174,Kuutsalontie
53580,53580,0,53580,53580,0,False,SCHEDULED,1631912400,HSL:1097V_20210917_La_1_1444,97V,HSL:1451174,Kuutsalontie
45780,45780,0,45780,45780,0,False,SCHEDULED,1631912400,HSL:2165_20210917_La_2_1239,165,HSL:2511234,Riiantie
46620,46620,0,46620,46620,0,False,SCHEDULED,1631912400,HSL:2166_20210917_La_2_1253,166,HSL:2511234,Riiantie
46620,46620,0,46620,46620,0,False,SCHEDULED,1631912400,HSL:2118_20210917_La_2_1256,118,HSL:2511234,Riiantie
46680,46680,0,46680,46680,0,False,SCHEDULED,1631912400,HSL:2165_20210917_La_2_1254,165,HSL:2511234,Riiantie
47580,47580,0,47580,47580,0,False,SCHEDULED,1631912400,HSL:2165_20210917_La_2_1309,165,HSL:2511234,Riiantie
45780,45768,-12,45780,45786,6,True,UPDATED,1631912400,HSL:1004_20210917_La_2_1215,4,HSL:1080407,Vyökatu
46380,46412,32,46380,46422,42,True,UPDATED,1631912400,HSL:1004_20210917_La_2_1225,4,HSL:1080407,Vyökatu
46980,46980,0,46980,46980,0,True,UPDATED,1631912400,HSL:1004_20210917_La_2_1235,4,HSL:1080407,Vyökatu
47580,47580,0,47580,47580,0,False,SCHEDULED,1631912400,HSL:1004_20210917_La_2_1245,4,HSL:1080407,Vyökatu
48180,48180,0,48180,48180,0,False,SCHEDULED,1631912400,HSL:1004_20210917_La_2_1255,4,HSL:1080407,Vyökatu
45060,45322,262,45060,45330,270,True,UPDATED,1631912400,HSL:2165_20210917_La_1_1156,165,HSL:2511237,Hansakallio
45960,45956,-4,45960,45956,-4,True,UPDATED,1631912400,HSL:2165_20210917_La_1_1211,165,HSL:2511237,Hansakallio
45960,45960,0,45960,45960,0,False,SCHEDULED,1631912400,HSL:2166_20210917_La_1_1239,166,HSL:2511237,Hansakallio
46200,46149,-51,46200,46149,-51,True,UPDATED,1631912400,HSL:2118_20210917_La_1_1202,118,HSL:2511237,Hansakallio
46860,46897,37,46860,46902,42,True,UPDATED,1631912400,HSL:2165_20210917_La_1_1226,165,HSL:2511237,Hansakallio
45900,45900,0,46020,46020,0,False,SCHEDULED,1631912400,HSL:2165_20210917_La_2_1239,165,HSL:2511236,Kauklahden asema
46740,46740,0,46740,46740,0,False,SCHEDULED,1631912400,HSL:2118_20210917_La_2_1256,118,HSL:2511236,Kauklahden asema
46740,46740,0,46920,46920,0,False,SCHEDULED,1631912400,HSL:2166_20210917_La_2_1253,166,HSL:2511236,Kauklahden asema
46800,46800,0,46920,46920,0,False,SCHEDULED,1631912400,HSL:2165_20210917_La_2_1254,165,HSL:2511236,Kauklahden asema
47700,47700,0,47820,47820,0,False,SCHEDULED,1631912400,HSL:2165_20210917_La_2_1309,165,HSL:2511236,Kauklahden asema
45840,45797,-43,45840,45846,6,True,UPDATED,1631912400,HSL:1004_20210917_La_2_1215,4,HSL:1080409,Ulkoministeriö
46440,46469,29,46440,46487,47,True,UPDATED,1631912400,HSL:1004_20210917_La_2_1225,4,HSL:1080409,Ulkoministeriö
47040,47040,0,47040,47040,0,True,UPDATED,1631912400,HSL:1004_20210917_La_2_1235,4,HSL:1080409,Ulkoministeriö
47640,47640,0,47640,47640,0,False,SCHEDULED,1631912400,HSL:1004_20210917_La_2_1245,4,HSL:1080409,Ulkoministeriö
48240,48240,0,48240,48240,0,False,SCHEDULED,1631912400,HSL:1004_20210917_La_2_1255,4,HSL:1080409,Ulkoministeriö
45120,45360,240,45120,45390,270,True,UPDATED,1631912400,HSL:2165_20210917_La_1_1156,165,HSL:2511239,Puikkari
46020,46007,-13,46020,46007,-13,True,UPDATED,1631912400,HSL:2165_20210917_La_1_1211,165,HSL:2511239,Puikkari
46020,46020,0,46020,46020,0,False,SCHEDULED,1631912400,HSL:2166_20210917_La_1_1239,166,HSL:2511239,Puikkari
46260,46194,-66,46260,46194,-66,True,UPDATED,1631912400,HSL:2118_20210917_La_1_1202,118,HSL:2511239,Puikkari
46920,46951,31,46920,46955,35,True,UPDATED,1631912400,HSL:2165_20210917_La_1_1226,165,HSL:2511239,Puikkari
45840,45840,0,45840,45840,0,False,SCHEDULED,1631912400,HSL:1004_20210917_La_1_1241,4,HSL:1080404,Tove Janssonin p.
46440,46440,0,46440,46440,0,False,SCHEDULED,1631912400,HSL:1004_20210917_La_1_1251,4,HSL:1080404,Tove Janssonin p.
47040,47040,0,47040,47040,0,False,SCHEDULED,1631912400,HSL:1004_20210917_La_1_1301,4,HSL:1080404,Tove Janssonin p.
47640,47640,0,47640,47640,0,False,SCHEDULED,1631912400,HSL:1004_20210917_La_1_1311,4,HSL:1080404,Tove Janssonin p.
48240,48240,0,48240,48240,0,False,SCHEDULED,1631912400,HSL:1004_20210917_La_1_1321,4,HSL:1080404,Tove Janssonin p.
45720,45679,-41,45720,45679,-41,True,UPDATED,1631912400,HSL:1004_20210917_La_2_1215,4,HSL:1080403,Tove Janssonin p.
46320,46310,-10,46320,46333,13,True,UPDATED,1631912400,HSL:1004_20210917_La_2_1225,4,HSL:1080403,Tove Janssonin p.
46920,46920,0,46920,46920,0,True,UPDATED,1631912400,HSL:1004_20210917_La_2_1235,4,HSL:1080403,Tove Janssonin p.
47520,47520,0,47520,47520,0,False,SCHEDULED,1631912400,HSL:1004_20210917_La_2_1245,4,HSL:1080403,Tove Janssonin p.
48120,48120,0,48120,48120,0,False,SCHEDULED,1631912400,HSL:1004_20210917_La_2_1255,4,HSL:1080403,Tove Janssonin p.
45840,45840,0,45840,45840,0,False,SCHEDULED,1631912400,HSL:2165_20210917_La_2_1239,165,HSL:2511238,Hansakallio
46680,46680,0,46680,46680,0,False,SCHEDULED,1631912400,HSL:2166_20210917_La_2_1253,166,HSL:2511238,Hansakallio
46680,46680,0,46680,46680,0,False,SCHEDULED,1631912400,HSL:2118_20210917_La_2_1256,118,HSL:2511238,Hansakallio
46740,46740,0,46740,46740,0,False,SCHEDULED,1631912400,HSL:2165_20210917_La_2_1254,165,HSL:2511238,Hansakallio
47640,47640,0,47640,47640,0,False,SCHEDULED,1631912400,HSL:2165_20210917_La_2_1309,165,HSL:2511238,Hansakallio
45780,45780,0,45780,45780,0,False,SCHEDULED,1631912400,HSL:1004_20210917_La_1_1241,4,HSL:1080406,Kauppiaankatu
46380,46380,0,46380,46380,0,False,SCHEDULED,1631912400,HSL:1004_20210917_La_1_1251,4,HSL:1080406,Kauppiaankatu
46980,46980,0,46980,46980,0,False,SCHEDULED,1631912400,HSL:1004_20210917_La_1_1301,4,HSL:1080406,Kauppiaankatu
47580,47580,0,47580,47580,0,False,SCHEDULED,1631912400,HSL:1004_20210917_La_1_1311,4,HSL:1080406,Kauppiaankatu
48180,48180,0,48180,48180,0,False,SCHEDULED,1631912400,HSL:1004_20210917_La_1_1321,4,HSL:1080406,Kauppiaankatu
45720,45686,-34,45720,45702,-18,True,UPDATED,1631912400,HSL:1004_20210917_La_2_1215,4,HSL:1080405,Kauppiaankatu
46320,46345,25,46320,46365,45,True,UPDATED,1631912400,HSL:1004_20210917_La_2_1225,4,HSL:1080405,Kauppiaankatu
46920,46920,0,46920,46920,0,True,UPDATED,1631912400,HSL:1004_20210917_La_2_1235,4,HSL:1080405,Kauppiaankatu
47520,47520,0,47520,47520,0,False,SCHEDULED,1631912400,HSL:1004_20210917_La_2_1245,4,HSL:1080405,Kauppiaankatu
48120,48120,0,48120,48120,0,False,SCHEDULED,1631912400,HSL:1004_20210917_La_2_1255,4,HSL:1080405,Kauppiaankatu
45900,45848,-52,45900,45931,31,True,UPDATED,1631912400,HSL:1004_20210917_La_2_1215,4,HSL:1080411,Merisotilaantori
46500,46518,18,46500,46518,18,True,UPDATED,1631912400,HSL:1004_20210917_La_2_1225,4,HSL:1080411,Merisotilaantori
47100,47100,0,47100,47100,0,True,UPDATED,1631912400,HSL:1004_20210917_La_2_1235,4,HSL:1080411,Merisotilaantori
47700,47700,0,47700,47700,0,False,SCHEDULED,1631912400,HSL:1004_20210917_La_2_1245,4,HSL:1080411,Merisotilaantori
48300,48300,0,48300,48300,0,False,SCHEDULED,1631912400,HSL:1004_20210917_La_2_1255,4,HSL:1080411,Merisotilaantori
45720,45720,0,45720,45720,0,False,SCHEDULED,1631912400,HSL:1004_20210917_La_1_1241,4,HSL:1080410,Ulkoministeriö
46320,46320,0,46320,46320,0,False,SCHEDULED,1631912400,HSL:1004_20210917_La_1_1251,4,HSL:1080410,Ulkoministeriö
46920,46920,0,46920,46920,0,False,SCHEDULED,1631912400,HSL:1004_20210917_La_1_1301,4,HSL:1080410,Ulkoministeriö
47520,47520,0,47520,47520,0,False,SCHEDULED,1631912400,HSL:1004_20210917_La_1_1311,4,HSL:1080410,Ulkoministeriö
48120,48120,0,48120,48120,0,False,SCHEDULED,1631912400,HSL:1004_20210917_La_1_1321,4,HSL:1080410,Ulkoministeriö
57900,57900,0,57900,57900,0,False,SCHEDULED,1631912400,HSL:1005 4_20210917_La_2_1550,5,HSL:1080413,Katajanokan term.
58320,58320,0,58320,58320,0,False,SCHEDULED,1631912400,HSL:1005_20210917_La_1_1612,5,HSL:1080413,Katajanokan term.
58380,58380,0,58380,58380,0,False,SCHEDULED,1631912400,HSL:1005 4_20210917_La_2_1558,5,HSL:1080413,Katajanokan term.
58800,58800,0,58800,58800,0,False,SCHEDULED,1631912400,HSL:1005_20210917_La_1_1620,5,HSL:1080413,Katajanokan term.
58860,58860,0,58860,58860,0,False,SCHEDULED,1631912400,HSL:1005 4_20210917_La_2_1606,5,HSL:1080413,Katajanokan term.
46080,46080,0,46080,46080,0,True,UPDATED,1631912400,HSL:1095_20210917_La_1_1240,95,HSL:1451179,Soraharjuntie
46980,46980,0,46980,46980,0,False,SCHEDULED,1631912400,HSL:1095_20210917_La_1_1255,95,HSL:1451179,Soraharjuntie
47880,47880,0,47880,47880,0,False,SCHEDULED,1631912400,HSL:1095_20210917_La_1_1310,95,HSL:1451179,Soraharjuntie
48780,48780,0,48780,48780,0,False,SCHEDULED,1631912400,HSL:1095_20210917_La_1_1325,95,HSL:1451179,Soraharjuntie
49680,49680,0,49680,49680,0,False,SCHEDULED,1631912400,HSL:1095_20210917_La_1_1340,95,HSL:1451179,Soraharjuntie
45960,45938,-22,45960,45979,19,True,UPDATED,1631912400,HSL:1095_20210917_La_2_1227,95,HSL:1451178,Valkealantie
46860,46860,0,46860,46860,0,False,SCHEDULED,1631912400,HSL:1095_20210917_La_2_1242,95,HSL:1451178,Valkealantie
47760,47760,0,47760,47760,0,False,SCHEDULED,1631912400,HSL:1095_20210917_La_2_1257,95,HSL:1451178,Valkealantie
48660,48660,0,48660,48660,0,False,SCHEDULED,1631912400,HSL:1095_20210917_La_2_1312,95,HSL:1451178,Valkealantie
49560,49560,0,49560,49560,0,False,SCHEDULED,1631912400,HSL:1095_20210917_La_2_1327,95,HSL:1451178,Valkealantie
45060,45330,270,45060,45332,272,True,UPDATED,1631912400,HSL:2165_20210917_La_1_1156,165,HSL:2511233,Riiantie
45960,45956,-4,45960,45956,-4,True,UPDATED,1631912400,HSL:2165_20210917_La_1_1211,165,HSL:2511233,Riiantie
46020,46020,0,46020,46020,0,False,SCHEDULED,1631912400,HSL:2166_20210917_La_1_1239,166,HSL:2511233,Riiantie
46260,46193,-67,46260,46193,-67,True,UPDATED,1631912400,HSL:2118_20210917_La_1_1202,118,HSL:2511233,Riiantie
46860,46902,42,46860,46902,42,True,UPDATED,1631912400,HSL:2165_20210917_La_1_1226,165,HSL:2511233,Riiantie
45960,45960,0,45960,45960,0,True,UPDATED,1631912400,HSL:1095_20210917_La_1_1240,95,HSL:1451175,Valkealantie
46860,46860,0,46860,46860,0,False,SCHEDULED,1631912400,HSL:1095_20210917_La_1_1255,95,HSL:1451175,Valkealantie
47760,47760,0,47760,47760,0,False,SCHEDULED,1631912400,HSL:1095_20210917_La_1_1310,95,HSL:1451175,Valkealantie
48660,48660,0,48660,48660,0,False,SCHEDULED,1631912400,HSL:1095_20210917_La_1_1325,95,HSL:1451175,Valkealantie
49560,49560,0,49560,49560,0,False,SCHEDULED,1631912400,HSL:1095_20210917_La_1_1340,95,HSL:1451175,Valkealantie
58380,58380,0,58380,58380,0,False,SCHEDULED,1631912400,HSL:1005_20210917_La_1_1612,5,HSL:1080415,Mastokatu
58860,58860,0,58860,58860,0,False,SCHEDULED,1631912400,HSL:1005_20210917_La_1_1620,5,HSL:1080415,Mastokatu
59340,59340,0,59340,59340,0,False,SCHEDULED,1631912400,HSL:1005_20210917_La_1_1628,5,HSL:1080415,Mastokatu
59820,59820,0,59820,59820,0,False,SCHEDULED,1631912400,HSL:1005_20210917_La_1_1636,5,HSL:1080415,Mastokatu
60300,60300,0,60300,60300,0,False,SCHEDULED,1631912400,HSL:1005H4_20210917_La_1_1644,5H,HSL:1080415,Mastokatu
57840,57840,0,57840,57840,0,False,SCHEDULED,1631912400,HSL:1005 4_20210917_La_2_1550,5,HSL:1080414,Mastokatu
58320,58320,0,58320,58320,0,False,SCHEDULED,1631912400,HSL:1005 4_20210917_La_2_1558,5,HSL:1080414,Mastokatu
58800,58800,0,58800,58800,0,False,SCHEDULED,1631912400,HSL:1005 4_20210917_La_2_1606,5,HSL:1080414,Mastokatu
59340,59340,0,59340,59340,0,False,SCHEDULED,1631912400,HSL:1005_20210917_La_2_1622,5,HSL:1080414,Mastokatu
59820,59820,0,59820,59820,0,False,SCHEDULED,1631912400,HSL:1005_20210917_La_2_1630,5,HSL:1080414,Mastokatu
45660,45660,0,45660,45660,0,False,SCHEDULED,1631912400,HSL:1004_20210917_La_1_1241,4,HSL:1080416,Merisotilaantori
46260,46260,0,46260,46260,0,False,SCHEDULED,1631912400,HSL:1004_20210917_La_1_1251,4,HSL:1080416,Merisotilaantori
46860,46860,0,46860,46860,0,False,SCHEDULED,1631912400,HSL:1004_20210917_La_1_1301,4,HSL:1080416,Merisotilaantori
47460,47460,0,47460,47460,0,False,SCHEDULED,1631912400,HSL:1004_20210917_La_1_1311,4,HSL:1080416,Merisotilaantori
48060,48060,0,48060,48060,0,False,SCHEDULED,1631912400,HSL:1004_20210917_La_1_1321,4,HSL:1080416,Merisotilaantori
45780,45780,0,45780,45780,0,False,SCHEDULED,1631912400,HSL:2165_20210917_La_2_1239,165,HSL:2511240,Puikkari
46620,46620,0,46620,46620,0,False,SCHEDULED,1631912400,HSL:2166_20210917_La_2_1253,166,HSL:2511240,Puikkari
46620,46620,0,46620,46620,0,False,SCHEDULED,1631912400,HSL:2118_20210917_La_2_1256,118,HSL:2511240,Puikkari
46680,46680,0,46680,46680,0,False,SCHEDULED,1631912400,HSL:2165_20210917_La_2_1254,165,HSL:2511240,Puikkari
47580,47580,0,47580,47580,0,False,SCHEDULED,1631912400,HSL:2165_20210917_La_2_1309,165,HSL:2511240,Puikkari
46860,46860,0,46860,46860,0,False,SCHEDULED,1631912400,HSL:2118_20210917_La_2_1256,118,HSL:2511242,Kyytimäki
48660,48660,0,48660,48660,0,False,SCHEDULED,1631912400,HSL:2118_20210917_La_2_1326,118,HSL:2511242,Kyytimäki
50460,50460,0,50460,50460,0,False,SCHEDULED,1631912400,HSL:2118_20210917_La_2_1356,118,HSL:2511242,Kyytimäki
52260,52260,0,52260,52260,0,False,SCHEDULED,1631912400,HSL:2118_20210917_La_2_1426,118,HSL:2511242,Kyytimäki
54060,54060,0,54060,54060,0,False,SCHEDULED,1631912400,HSL:2118_20210917_La_2_1456,118,HSL:2511242,Kyytimäki
46020,45983,-37,46020,45983,-37,True,UPDATED,1631912400,HSL:2118_20210917_La_1_1202,118,HSL:2511241,Kyytimäki
47820,47820,0,47820,47820,0,False,SCHEDULED,1631912400,HSL:2118_20210917_La_1_1232,118,HSL:2511241,Kyytimäki
49620,49620,0,49620,49620,0,False,SCHEDULED,1631912400,HSL:2118_20210917_La_1_1302,118,HSL:2511241,Kyytimäki
51420,51420,0,51420,51420,0,False,SCHEDULED,1631912400,HSL:2118_20210917_La_1_1332,118,HSL:2511241,Kyytimäki
53220,53220,0,53220,53220,0,False,SCHEDULED,1631912400,HSL:2118_20210917_La_1_1402,118,HSL:2511241,Kyytimäki
45120,45394,274,45120,45408,288,True,UPDATED,1631912400,HSL:2165_20210917_La_1_1156,165,HSL:2511257,Hansavalkamanaukio
45720,45720,0,45720,45720,0,False,SCHEDULED,1631912400,HSL:2165_20210917_La_2_1239,165,HSL:2511257,Hansavalkamanaukio
46020,46007,-13,46020,46007,-13,True,UPDATED,1631912400,HSL:2165_20210917_La_1_1211,165,HSL:2511257,Hansavalkamanaukio
46080,46080,0,46080,46080,0,False,SCHEDULED,1631912400,HSL:2166_20210917_La_1_1239,166,HSL:2511257,Hansavalkamanaukio
46320,46285,-35,46320,46287,-33,True,UPDATED,1631912400,HSL:2118_20210917_La_1_1202,118,HSL:2511257,Hansavalkamanaukio
45540,45540,0,45540,45540,0,False,SCHEDULED,1631912400,HSL:2165_20210917_La_2_1239,165,HSL:2511251,Valhalla
45240,45526,286,45240,45568,328,True,UPDATED,1631912400,HSL:2165_20210917_La_1_1156,165,HSL:2511251,Valhalla
46140,46123,-17,46140,46123,-17,True,UPDATED,1631912400,HSL:2165_20210917_La_1_1211,165,HSL:2511251,Valhalla
46440,46440,0,46440,46440,0,False,SCHEDULED,1631912400,HSL:2165_20210917_La_2_1254,165,HSL:2511251,Valhalla
47040,47107,67,47040,47110,70,True,UPDATED,1631912400,HSL:2165_20210917_La_1_1226,165,HSL:2511251,Valhalla
45180,45459,279,45180,45465,285,True,UPDATED,1631912400,HSL:2165_20210917_La_1_1156,165,HSL:2511253,Vidarinkuja
46080,46038,-42,46080,46038,-42,True,UPDATED,1631912400,HSL:2165_20210917_La_1_1211,165,HSL:2511253,Vidarinkuja
46980,46993,13,46980,46993,13,True,UPDATED,1631912400,HSL:2165_20210917_La_1_1226,165,HSL:2511253,Vidarinkuja
47880,47880,0,47880,47880,0,False,SCHEDULED,1631912400,HSL:2165_20210917_La_1_1241,165,HSL:2511253,Vidarinkuja
48780,48780,0,48780,48780,0,False,SCHEDULED,1631912400,HSL:2165_20210917_La_1_1256,165,HSL:2511253,Vidarinkuja
45180,45465,285,45180,45465,285,True,UPDATED,1631912400,HSL:2165_20210917_La_1_1156,165,HSL:2511252,Valhalla
46080,46058,-22,46080,46058,-22,True,UPDATED,1631912400,HSL:2165_20210917_La_1_1211,165,HSL:2511252,Valhalla
46980,47000,20,46980,47000,20,True,UPDATED,1631912400,HSL:2165_20210917_La_1_1226,165,HSL:2511252,Valhalla
47880,47880,0,47880,47880,0,False,SCHEDULED,1631912400,HSL:2165_20210917_La_1_1241,165,HSL:2511252,Valhalla
48780,48780,0,48780,48780,0,False,SCHEDULED,1631912400,HSL:2165_20210917_La_1_1256,165,HSL:2511252,Valhalla
45600,45600,0,45600,45600,0,False,SCHEDULED,1631912400,HSL:2165_20210917_La_2_1239,165,HSL:2511254,Vidarinkuja
46500,46500,0,46500,46500,0,False,SCHEDULED,1631912400,HSL:2165_20210917_La_2_1254,165,HSL:2511254,Vidarinkuja
47400,47400,0,47400,47400,0,False,SCHEDULED,1631912400,HSL:2165_20210917_La_2_1309,165,HSL:2511254,Vidarinkuja
48300,48300,0,48300,48300,0,False,SCHEDULED,1631912400,HSL:2165_20210917_La_2_1324,165,HSL:2511254,Vidarinkuja
49200,49200,0,49200,49200,0,False,SCHEDULED,1631912400,HSL:2165_20210917_La_2_1339,165,HSL:2511254,Vidarinkuja
45840,45840,0,45840,45840,0,False,SCHEDULED,1631912400,HSL:3002U_20210917_La_2_1237,U,HSL:6010553,Masala
47640,47640,0,47640,47640,0,False,SCHEDULED,1631912400,HSL:3002U_20210917_La_2_1307,U,HSL:6010553,Masala
49440,49440,0,49440,49440,0,False,SCHEDULED,1631912400,HSL:3002U_20210917_La_2_1337,U,HSL:6010553,Masala
51240,51240,0,51240,51240,0,False,SCHEDULED,1631912400,HSL:3002U_20210917_La_2_1407,U,HSL:6010553,Masala
53040,53040,0,53040,53040,0,False,SCHEDULED,1631912400,HSL:3002U_20210917_La_2_1437,U,HSL:6010553,Masala
45720,45720,0,45720,45720,0,False,SCHEDULED,1631912400,HSL:3002U_20210917_La_2_1237,U,HSL:6010554,Jorvas
47520,47520,0,47520,47520,0,False,SCHEDULED,1631912400,HSL:3002U_20210917_La_2_1307,U,HSL:6010554,Jorvas
49320,49320,0,49320,49320,0,False,SCHEDULED,1631912400,HSL:3002U_20210917_La_2_1337,U,HSL:6010554,Jorvas
51120,51120,0,51120,51120,0,False,SCHEDULED,1631912400,HSL:3002U_20210917_La_2_1407,U,HSL:6010554,Jorvas
52920,52920,0,52920,52920,0,False,SCHEDULED,1631912400,HSL:3002U_20210917_La_2_1437,U,HSL:6010554,Jorvas
45420,45420,0,45420,45420,0,False,SCHEDULED,1631912400,HSL:3002U_20210917_La_2_1237,U,HSL:6010551,Kirkkonummi
47220,47220,0,47220,47220,0,False,SCHEDULED,1631912400,HSL:3002U_20210917_La_2_1307,U,HSL:6010551,Kirkkonummi
49020,49020,0,49020,49020,0,False,SCHEDULED,1631912400,HSL:3002U_20210917_La_2_1337,U,HSL:6010551,Kirkkonummi
50820,50820,0,50820,50820,0,False,SCHEDULED,1631912400,HSL:3002U_20210917_La_2_1407,U,HSL:6010551,Kirkkonummi
52620,52620,0,52620,52620,0,False,SCHEDULED,1631912400,HSL:3002U_20210917_La_2_1437,U,HSL:6010551,Kirkkonummi
45540,45540,0,45540,45540,0,False,SCHEDULED,1631912400,HSL:3002U_20210917_La_2_1237,U,HSL:6010555,Tolsa
47340,47340,0,47340,47340,0,False,SCHEDULED,1631912400,HSL:3002U_20210917_La_2_1307,U,HSL:6010555,Tolsa
49140,49140,0,49140,49140,0,False,SCHEDULED,1631912400,HSL:3002U_20210917_La_2_1337,U,HSL:6010555,Tolsa
50940,50940,0,50940,50940,0,False,SCHEDULED,1631912400,HSL:3002U_20210917_La_2_1407,U,HSL:6010555,Tolsa
52740,52740,0,52740,52740,0,False,SCHEDULED,1631912400,HSL:3002U_20210917_La_2_1437,U,HSL:6010555,Tolsa
86880,86880,0,86880,86880,0,False,SCHEDULED,1631912400,HSL:3002L7_20210917_La_2_2408,L,HSL:6010556,Siuntio
46920,46920,0,46920,46920,0,False,SCHEDULED,1631912400,HSL:2118_20210917_La_2_1256,118,HSL:2511202,Biströminmäki
48720,48720,0,48720,48720,0,False,SCHEDULED,1631912400,HSL:2118_20210917_La_2_1326,118,HSL:2511202,Biströminmäki
50520,50520,0,50520,50520,0,False,SCHEDULED,1631912400,HSL:2118_20210917_La_2_1356,118,HSL:2511202,Biströminmäki
52320,52320,0,52320,52320,0,False,SCHEDULED,1631912400,HSL:2118_20210917_La_2_1426,118,HSL:2511202,Biströminmäki
54120,54120,0,54120,54120,0,False,SCHEDULED,1631912400,HSL:2118_20210917_La_2_1456,118,HSL:2511202,Biströminmäki
45960,45949,-11,45960,45949,-11,True,UPDATED,1631912400,HSL:2118_20210917_La_1_1202,118,HSL:2511201,Biströminmäki
47760,47760,0,47760,47760,0,False,SCHEDULED,1631912400,HSL:2118_20210917_La_1_1232,118,HSL:2511201,Biströminmäki
49560,49560,0,49560,49560,0,False,SCHEDULED,1631912400,HSL:2118_20210917_La_1_1302,118,HSL:2511201,Biströminmäki
51360,51360,0,51360,51360,0,False,SCHEDULED,1631912400,HSL:2118_20210917_La_1_1332,118,HSL:2511201,Biströminmäki
53160,53160,0,53160,53160,0,False,SCHEDULED,1631912400,HSL:2118_20210917_La_1_1402,118,HSL:2511201,Biströminmäki
46800,46800,0,46800,46800,0,False,SCHEDULED,1631912400,HSL:2118_20210917_La_2_1256,118,HSL:2511204,Erik Basse
48600,48600,0,48600,48600,0,False,SCHEDULED,1631912400,HSL:2118_20210917_La_2_1326,118,HSL:2511204,Erik Basse
50400,50400,0,50400,50400,0,False,SCHEDULED,1631912400,HSL:2118_20210917_La_2_1356,118,HSL:2511204,Erik Basse
52200,52200,0,52200,52200,0,False,SCHEDULED,1631912400,HSL:2118_20210917_La_2_1426,118,HSL:2511204,Erik Basse
54000,54000,0,54000,54000,0,False,SCHEDULED,1631912400,HSL:2118_20210917_La_2_1456,118,HSL:2511204,Erik Basse
46020,45983,-37,46020,45983,-37,True,UPDATED,1631912400,HSL:2118_20210917_La_1_1202,118,HSL:2511203,Erik Basse
47820,47820,0,47820,47820,0,False,SCHEDULED,1631912400,HSL:2118_20210917_La_1_1232,118,HSL:2511203,Erik Basse
49620,49620,0,49620,49620,0,False,SCHEDULED,1631912400,HSL:2118_20210917_La_1_1302,118,HSL:2511203,Erik Basse
51420,51420,0,51420,51420,0,False,SCHEDULED,1631912400,HSL:2118_20210917_La_1_1332,118,HSL:2511203,Erik Basse
53220,53220,0,53220,53220,0,False,SCHEDULED,1631912400,HSL:2118_20210917_La_1_1402,118,HSL:2511203,Erik Basse
46800,46800,0,46800,46800,0,False,SCHEDULED,1631912400,HSL:2118_20210917_La_2_1256,118,HSL:2511206,Lillbass
48600,48600,0,48600,48600,0,False,SCHEDULED,1631912400,HSL:2118_20210917_La_2_1326,118,HSL:2511206,Lillbass
50400,50400,0,50400,50400,0,False,SCHEDULED,1631912400,HSL:2118_20210917_La_2_1356,118,HSL:2511206,Lillbass
52200,52200,0,52200,52200,0,False,SCHEDULED,1631912400,HSL:2118_20210917_La_2_1426,118,HSL:2511206,Lillbass
54000,54000,0,54000,54000,0,False,SCHEDULED,1631912400,HSL:2118_20210917_La_2_1456,118,HSL:2511206,Lillbass
46080,46041,-39,46080,46041,-39,True,UPDATED,1631912400,HSL:2118_20210917_La_1_1202,118,HSL:2511205,Lillbass
47880,47880,0,47880,47880,0,False,SCHEDULED,1631912400,HSL:2118_20210917_La_1_1232,118,HSL:2511205,Lillbass
49680,49680,0,49680,49680,0,False,SCHEDULED,1631912400,HSL:2118_20210917_La_1_1302,118,HSL:2511205,Lillbass
51480,51480,0,51480,51480,0,False,SCHEDULED,1631912400,HSL:2118_20210917_La_1_1332,118,HSL:2511205,Lillbass
53280,53280,0,53280,53280,0,False,SCHEDULED,1631912400,HSL:2118_20210917_La_1_1402,118,HSL:2511205,Lillbass
48480,48480,0,48480,48480,0,False,SCHEDULED,1631912400,HSL:2167_20210917_La_2_1323,167,HSL:2511208,Kuninkaankartano
52080,52080,0,52080,52080,0,False,SCHEDULED,1631912400,HSL:2167_20210917_La_2_1423,167,HSL:2511208,Kuninkaankartano
55680,55680,0,55680,55680,0,False,SCHEDULED,1631912400,HSL:2167_20210917_La_2_1523,167,HSL:2511208,Kuninkaankartano
59280,59280,0,59280,59280,0,False,SCHEDULED,1631912400,HSL:2167_20210917_La_2_1623,167,HSL:2511208,Kuninkaankartano
62880,62880,0,62880,62880,0,False,SCHEDULED,1631912400,HSL:2167_20210917_La_2_1723,167,HSL:2511208,Kuninkaankartano
47820,47820,0,47820,47820,0,False,SCHEDULED,1631912400,HSL:2167_20210917_La_1_1309,167,HSL:2511209,Pirkanportti
51420,51420,0,51420,51420,0,False,SCHEDULED,1631912400,HSL:2167_20210917_La_1_1409,167,HSL:2511209,Pirkanportti
55020,55020,0,55020,55020,0,False,SCHEDULED,1631912400,HSL:2167_20210917_La_1_1509,167,HSL:2511209,Pirkanportti
58620,58620,0,58620,58620,0,False,SCHEDULED,1631912400,HSL:2167_20210917_La_1_1609,167,HSL:2511209,Pirkanportti
62220,62220,0,62220,62220,0,False,SCHEDULED,1631912400,HSL:2167_20210917_La_1_1709,167,HSL:2511209,Pirkanportti
45600,45860,260,45600,45860,260,True,UPDATED,1631912400,HSL:1030_20210917_La_2_1221,30,HSL:1463181,Kokkokallio
46080,46080,0,46080,46080,0,False,SCHEDULED,1631912400,HSL:1059_20210917_La_2_1239,59,HSL:1463181,Kokkokallio
46500,46500,0,46500,46500,0,True,UPDATED,1631912400,HSL:1030_20210917_La_2_1236,30,HSL:1463181,Kokkokallio
46980,46980,0,46980,46980,0,False,SCHEDULED,1631912400,HSL:1059_20210917_La_2_1254,59,HSL:1463181,Kokkokallio
47400,47400,0,47400,47400,0,False,SCHEDULED,1631912400,HSL:1030_20210917_La_2_1251,30,HSL:1463181,Kokkokallio
46860,45477,-1383,46860,45477,-1383,True,UPDATED,1631912400,HSL:1030_20210917_La_1_1222,30,HSL:1463180,Kokkokallio
45540,45773,233,45540,45773,233,True,UPDATED,1631912400,HSL:1059_20210917_La_1_1201,59,HSL:1463180,Kokkokallio
45960,46154,194,45960,46214,254,True,UPDATED,1631912400,HSL:1030_20210917_La_1_1207,30,HSL:1463180,Kokkokallio
46440,46620,180,46440,46620,180,True,UPDATED,1631912400,HSL:1059_20210917_La_1_1216,59,HSL:1463180,Kokkokallio
47340,47389,49,47340,47389,49,True,UPDATED,1631912400,HSL:1059_20210917_La_1_1231,59,HSL:1463180,Kokkokallio
47760,47760,0,47760,47760,0,False,SCHEDULED,1631912400,HSL:2167_20210917_La_1_1309,167,HSL:2511213,Klippinki
51360,51360,0,51360,51360,0,False,SCHEDULED,1631912400,HSL:2167_20210917_La_1_1409,167,HSL:2511213,Klippinki
54960,54960,0,54960,54960,0,False,SCHEDULED,1631912400,HSL:2167_20210917_La_1_1509,167,HSL:2511213,Klippinki
58560,58560,0,58560,58560,0,False,SCHEDULED,1631912400,HSL:2167_20210917_La_1_1609,167,HSL:2511213,Klippinki
62160,62160,0,62160,62160,0,False,SCHEDULED,1631912400,HSL:2167_20210917_La_1_1709,167,HSL:2511213,Klippinki
48420,48420,0,48420,48420,0,False,SCHEDULED,1631912400,HSL:2167_20210917_La_2_1323,167,HSL:2511212,Ramsaynkuja
52020,52020,0,52020,52020,0,False,SCHEDULED,1631912400,HSL:2167_20210917_La_2_1423,167,HSL:2511212,Ramsaynkuja
55620,55620,0,55620,55620,0,False,SCHEDULED,1631912400,HSL:2167_20210917_La_2_1523,167,HSL:2511212,Ramsaynkuja
59220,59220,0,59220,59220,0,False,SCHEDULED,1631912400,HSL:2167_20210917_La_2_1623,167,HSL:2511212,Ramsaynkuja
62820,62820,0,62820,62820,0,False,SCHEDULED,1631912400,HSL:2167_20210917_La_2_1723,167,HSL:2511212,Ramsaynkuja
45180,45347,167,45180,45347,167,True,UPDATED,1631912400,HSL:1831_20210917_La_2_1218,831,HSL:1451193,Linnanherrantie
45600,45548,-52,45600,45553,-47,True,UPDATED,1631912400,HSL:9841_20210917_La_2_1205,841,HSL:1451193,Linnanherrantie
46080,46080,0,46080,46080,0,False,SCHEDULED,1631912400,HSL:1097V_20210917_La_2_1240,97V,HSL:1451193,Linnanherrantie
46560,46560,0,46560,46560,0,True,UPDATED,1631912400,HSL:9842_20210917_La_2_1226,842,HSL:1451193,Linnanherrantie
47040,47040,0,47040,47040,0,False,SCHEDULED,1631912400,HSL:1097_20210917_La_2_1256,97,HSL:1451193,Linnanherrantie
48540,48540,0,48540,48540,0,False,SCHEDULED,1631912400,HSL:2167_20210917_La_2_1323,167,HSL:2511214,Klippinki
52140,52140,0,52140,52140,0,False,SCHEDULED,1631912400,HSL:2167_20210917_La_2_1423,167,HSL:2511214,Klippinki
55740,55740,0,55740,55740,0,False,SCHEDULED,1631912400,HSL:2167_20210917_La_2_1523,167,HSL:2511214,Klippinki
59340,59340,0,59340,59340,0,False,SCHEDULED,1631912400,HSL:2167_20210917_La_2_1623,167,HSL:2511214,Klippinki
62940,62940,0,62940,62940,0,False,SCHEDULED,1631912400,HSL:2167_20210917_La_2_1723,167,HSL:2511214,Klippinki
47760,47760,0,47760,47760,0,False,SCHEDULED,1631912400,HSL:2167_20210917_La_1_1309,167,HSL:2511217,Hollanninmylly
51360,51360,0,51360,51360,0,False,SCHEDULED,1631912400,HSL:2167_20210917_La_1_1409,167,HSL:2511217,Hollanninmylly
54960,54960,0,54960,54960,0,False,SCHEDULED,1631912400,HSL:2167_20210917_La_1_1509,167,HSL:2511217,Hollanninmylly
58560,58560,0,58560,58560,0,False,SCHEDULED,1631912400,HSL:2167_20210917_La_1_1609,167,HSL:2511217,Hollanninmylly
62160,62160,0,62160,62160,0,False,SCHEDULED,1631912400,HSL:2167_20210917_La_1_1709,167,HSL:2511217,Hollanninmylly
45780,45780,0,45780,45780,0,True,UPDATED,1631912400,HSL:1097_20210917_La_1_1234,97,HSL:1451192,Linnanherrantie
46080,46080,0,46080,46080,0,False,SCHEDULED,1631912400,HSL:9842_20210917_La_1_1240,842,HSL:1451192,Linnanherrantie
46620,46620,0,46620,46620,0,False,SCHEDULED,1631912400,HSL:1097V_20210917_La_1_1244,97V,HSL:1451192,Linnanherrantie
46620,46620,0,46620,46620,0,False,SCHEDULED,1631912400,HSL:1831_20210917_La_1_1250,831,HSL:1451192,Linnanherrantie
47280,47280,0,47280,47280,0,False,SCHEDULED,1631912400,HSL:9843_20210917_La_1_1300,843,HSL:1451192,Linnanherrantie
45240,45407,167,45240,45407,167,True,UPDATED,1631912400,HSL:1831_20210917_La_2_1218,831,HSL:1451191,Riskutie
45660,45614,-46,45660,45615,-45,True,UPDATED,1631912400,HSL:9841_20210917_La_2_1205,841,HSL:1451191,Riskutie
46620,46624,4,46620,46624,4,True,UPDATED,1631912400,HSL:9842_20210917_La_2_1226,842,HSL:1451191,Riskutie
47100,47100,0,47100,47100,0,False,SCHEDULED,1631912400,HSL:1097_20210917_La_2_1256,97,HSL:1451191,Riskutie
48120,48120,0,48120,48120,0,False,SCHEDULED,1631912400,HSL:9844_20210917_La_2_1255,844,HSL:1451191,Riskutie
45720,45720,0,45720,45720,0,True,UPDATED,1631912400,HSL:1097_20210917_La_1_1234,97,HSL:1451190,Riskutie
46020,46020,0,46020,46020,0,False,SCHEDULED,1631912400,HSL:9842_20210917_La_1_1240,842,HSL:1451190,Riskutie
46560,46560,0,46560,46560,0,False,SCHEDULED,1631912400,HSL:1831_20210917_La_1_1250,831,HSL:1451190,Riskutie
47220,47220,0,47220,47220,0,False,SCHEDULED,1631912400,HSL:9843_20210917_La_1_1300,843,HSL:1451190,Riskutie
47520,47520,0,47520,47520,0,False,SCHEDULED,1631912400,HSL:1097_20210917_La_1_1304,97,HSL:1451190,Riskutie
48600,48600,0,48600,48600,0,False,SCHEDULED,1631912400,HSL:2167_20210917_La_2_1323,167,HSL:2511218,Hollanninmylly
52200,52200,0,52200,52200,0,False,SCHEDULED,1631912400,HSL:2167_20210917_La_2_1423,167,HSL:2511218,Hollanninmylly
55800,55800,0,55800,55800,0,False,SCHEDULED,1631912400,HSL:2167_20210917_La_2_1523,167,HSL:2511218,Hollanninmylly
59400,59400,0,59400,59400,0,False,SCHEDULED,1631912400,HSL:2167_20210917_La_2_1623,167,HSL:2511218,Hollanninmylly
63000,63000,0,63000,63000,0,False,SCHEDULED,1631912400,HSL:2167_20210917_La_2_1723,167,HSL:2511218,Hollanninmylly
47820,47820,0,47820,47820,0,False,SCHEDULED,1631912400,HSL:2167_20210917_La_1_1309,167,HSL:2511211,Kuninkaankartano
51420,51420,0,51420,51420,0,False,SCHEDULED,1631912400,HSL:2167_20210917_La_1_1409,167,HSL:2511211,Kuninkaankartano
55020,55020,0,55020,55020,0,False,SCHEDULED,1631912400,HSL:2167_20210917_La_1_1509,167,HSL:2511211,Kuninkaankartano
58620,58620,0,58620,58620,0,False,SCHEDULED,1631912400,HSL:2167_20210917_La_1_1609,167,HSL:2511211,Kuninkaankartano
62220,62220,0,62220,62220,0,False,SCHEDULED,1631912400,HSL:2167_20210917_La_1_1709,167,HSL:2511211,Kuninkaankartano
48480,48480,0,48480,48480,0,False,SCHEDULED,1631912400,HSL:2167_20210917_La_2_1323,167,HSL:2511210,Turkistie
52080,52080,0,52080,52080,0,False,SCHEDULED,1631912400,HSL:2167_20210917_La_2_1423,167,HSL:2511210,Turkistie
55680,55680,0,55680,55680,0,False,SCHEDULED,1631912400,HSL:2167_20210917_La_2_1523,167,HSL:2511210,Turkistie
59280,59280,0,59280,59280,0,False,SCHEDULED,1631912400,HSL:2167_20210917_La_2_1623,167,HSL:2511210,Turkistie
62880,62880,0,62880,62880,0,False,SCHEDULED,1631912400,HSL:2167_20210917_La_2_1723,167,HSL:2511210,Turkistie
86340,86340,0,86340,86340,0,False,SCHEDULED,1631912400,HSL:3002L7_20210917_La_1_2303,L,HSL:6010506,Siuntio
45720,45764,44,45720,45810,90,True,UPDATED,1631912400,HSL:1095_20210917_La_2_1227,95,HSL:1451184,Riskutie
46620,46620,0,46620,46620,0,False,SCHEDULED,1631912400,HSL:1095_20210917_La_2_1242,95,HSL:1451184,Riskutie
47520,47520,0,47520,47520,0,False,SCHEDULED,1631912400,HSL:1095_20210917_La_2_1257,95,HSL:1451184,Riskutie
48420,48420,0,48420,48420,0,False,SCHEDULED,1631912400,HSL:1095_20210917_La_2_1312,95,HSL:1451184,Riskutie
49320,49320,0,49320,49320,0,False,SCHEDULED,1631912400,HSL:1095_20210917_La_2_1327,95,HSL:1451184,Riskutie
46020,46064,44,46020,46094,74,True,UPDATED,1631912400,HSL:3002U_20210917_La_1_1212,U,HSL:6010504,Jorvas
47820,47820,0,47820,47820,0,False,SCHEDULED,1631912400,HSL:3002U_20210917_La_1_1242,U,HSL:6010504,Jorvas
49620,49620,0,49620,49620,0,False,SCHEDULED,1631912400,HSL:3002U_20210917_La_1_1312,U,HSL:6010504,Jorvas
51420,51420,0,51420,51420,0,False,SCHEDULED,1631912400,HSL:3002U_20210917_La_1_1342,U,HSL:6010504,Jorvas
53220,53220,0,53220,53220,0,False,SCHEDULED,1631912400,HSL:3002U_20210917_La_1_1412,U,HSL:6010504,Jorvas
45240,45364,124,45240,45373,133,True,UPDATED,1631912400,HSL:1095_20210917_La_1_1225,95,HSL:1451183,Riskutie
46140,46140,0,46140,46140,0,True,UPDATED,1631912400,HSL:1095_20210917_La_1_1240,95,HSL:1451183,Riskutie
47040,47040,0,47040,47040,0,False,SCHEDULED,1631912400,HSL:1095_20210917_La_1_1255,95,HSL:1451183,Riskutie
47940,47940,0,47940,47940,0,False,SCHEDULED,1631912400,HSL:1095_20210917_La_1_1310,95,HSL:1451183,Riskutie
48840,48840,0,48840,48840,0,False,SCHEDULED,1631912400,HSL:1095_20210917_La_1_1325,95,HSL:1451183,Riskutie
46200,46319,119,46200,46319,119,True,UPDATED,1631912400,HSL:3002U_20210917_La_1_1212,U,HSL:6010505,Tolsa
48000,48000,0,48000,48000,0,False,SCHEDULED,1631912400,HSL:3002U_20210917_La_1_1242,U,HSL:6010505,Tolsa
49800,49800,0,49800,49800,0,False,SCHEDULED,1631912400,HSL:3002U_20210917_La_1_1312,U,HSL:6010505,Tolsa
51600,51600,0,51600,51600,0,False,SCHEDULED,1631912400,HSL:3002U_20210917_La_1_1342,U,HSL:6010505,Tolsa
53400,53400,0,53400,53400,0,False,SCHEDULED,1631912400,HSL:3002U_20210917_La_1_1412,U,HSL:6010505,Tolsa
45780,45810,30,45780,45839,59,True,UPDATED,1631912400,HSL:1095_20210917_La_2_1227,95,HSL:1451182,Helytie
46680,46680,0,46680,46680,0,False,SCHEDULED,1631912400,HSL:1095_20210917_La_2_1242,95,HSL:1451182,Helytie
47580,47580,0,47580,47580,0,False,SCHEDULED,1631912400,HSL:1095_20210917_La_2_1257,95,HSL:1451182,Helytie
48480,48480,0,48480,48480,0,False,SCHEDULED,1631912400,HSL:1095_20210917_La_2_1312,95,HSL:1451182,Helytie
49380,49380,0,49380,49380,0,False,SCHEDULED,1631912400,HSL:1095_20210917_La_2_1327,95,HSL:1451182,Helytie
45240,45341,101,45240,45344,104,True,UPDATED,1631912400,HSL:1095_20210917_La_1_1225,95,HSL:1451181,Helytie
46140,46140,0,46140,46140,0,True,UPDATED,1631912400,HSL:1095_20210917_La_1_1240,95,HSL:1451181,Helytie
47040,47040,0,47040,47040,0,False,SCHEDULED,1631912400,HSL:1095_20210917_La_1_1255,95,HSL:1451181,Helytie
47940,47940,0,47940,47940,0,False,SCHEDULED,1631912400,HSL:1095_20210917_La_1_1310,95,HSL:1451181,Helytie
48840,48840,0,48840,48840,0,False,SCHEDULED,1631912400,HSL:1095_20210917_La_1_1325,95,HSL:1451181,Helytie
45840,45850,10,45840,45858,18,True,UPDATED,1631912400,HSL:1095_20210917_La_2_1227,95,HSL:1451180,Soraharjuntie
46740,46740,0,46740,46740,0,False,SCHEDULED,1631912400,HSL:1095_20210917_La_2_1242,95,HSL:1451180,Soraharjuntie
47640,47640,0,47640,47640,0,False,SCHEDULED,1631912400,HSL:1095_20210917_La_2_1257,95,HSL:1451180,Soraharjuntie
48540,48540,0,48540,48540,0,False,SCHEDULED,1631912400,HSL:1095_20210917_La_2_1312,95,HSL:1451180,Soraharjuntie
49440,49440,0,49440,49440,0,False,SCHEDULED,1631912400,HSL:1095_20210917_La_2_1327,95,HSL:1451180,Soraharjuntie
47880,47880,0,47880,47880,0,False,SCHEDULED,1631912400,HSL:2167_20210917_La_1_1309,167,HSL:2511229,Ramsaynkuja
51480,51480,0,51480,51480,0,False,SCHEDULED,1631912400,HSL:2167_20210917_La_1_1409,167,HSL:2511229,Ramsaynkuja
55080,55080,0,55080,55080,0,False,SCHEDULED,1631912400,HSL:2167_20210917_La_1_1509,167,HSL:2511229,Ramsaynkuja
58680,58680,0,58680,58680,0,False,SCHEDULED,1631912400,HSL:2167_20210917_La_1_1609,167,HSL:2511229,Ramsaynkuja
62280,62280,0,62280,62280,0,False,SCHEDULED,1631912400,HSL:2167_20210917_La_1_1709,167,HSL:2511229,Ramsaynkuja
45300,45467,167,45300,45467,167,True,UPDATED,1631912400,HSL:1831_20210917_La_2_1218,831,HSL:1451188,Karhulantie
45660,45617,-43,45660,45685,25,True,UPDATED,1631912400,HSL:9841_20210917_La_2_1205,841,HSL:1451188,Karhulantie
46620,46624,4,46620,46624,4,True,UPDATED,1631912400,HSL:9842_20210917_La_2_1226,842,HSL:1451188,Karhulantie
48120,48120,0,48120,48120,0,False,SCHEDULED,1631912400,HSL:9844_20210917_La_2_1255,844,HSL:1451188,Karhulantie
48900,48900,0,48900,48900,0,False,SCHEDULED,1631912400,HSL:1831K_20210917_La_2_1310,831K,HSL:1451188,Karhulantie
45660,45660,0,45660,45660,0,True,UPDATED,1631912400,HSL:1097_20210917_La_1_1234,97,HSL:1451187,Karhulantie
45960,45960,0,45960,45960,0,False,SCHEDULED,1631912400,HSL:9842_20210917_La_1_1240,842,HSL:1451187,Karhulantie
46560,46560,0,46560,46560,0,False,SCHEDULED,1631912400,HSL:1831_20210917_La_1_1250,831,HSL:1451187,Karhulantie
47160,47160,0,47160,47160,0,False,SCHEDULED,1631912400,HSL:9843_20210917_La_1_1300,843,HSL:1451187,Karhulantie
47460,47460,0,47460,47460,0,False,SCHEDULED,1631912400,HSL:1097_20210917_La_1_1304,97,HSL:1451187,Karhulantie
85080,85080,0,85080,85080,0,False,SCHEDULED,1631912400,HSL:1097N_20210917_La_2_2325,97N,HSL:1451186,Karhulantie
86880,86880,0,86880,86880,0,False,SCHEDULED,1631912400,HSL:1097N_20210917_La_2_2355,97N,HSL:1451186,Karhulantie
88680,88680,0,88680,88680,0,False,SCHEDULED,1631912400,HSL:1097N_20210917_La_2_2425,97N,HSL:1451186,Karhulantie
90360,90360,0,90360,90360,0,False,SCHEDULED,1631912400,HSL:1097N_20210917_La_2_2455,97N,HSL:1451186,Karhulantie
91980,91980,0,91980,91980,0,False,SCHEDULED,1631912400,HSL:1097N_20210917_La_2_2522,97N,HSL:1451186,Karhulantie
47760,47760,0,47760,47760,0,False,SCHEDULED,1631912400,HSL:9963_20210917_La_1_1300,963,HSL:9090223,Ollilantie
51480,51480,0,51480,51480,0,False,SCHEDULED,1631912400,HSL:9963_20210917_La_1_1402,963,HSL:9090223,Ollilantie
55080,55080,0,55080,55080,0,False,SCHEDULED,1631912400,HSL:9963_20210917_La_1_1502,963,HSL:9090223,Ollilantie
58680,58680,0,58680,58680,0,False,SCHEDULED,1631912400,HSL:9963_20210917_La_1_1602,963,HSL:9090223,Ollilantie
62220,62220,0,62220,62220,0,False,SCHEDULED,1631912400,HSL:9963_20210917_La_1_1702,963,HSL:9090223,Ollilantie
45720,45720,0,45720,45720,0,True,UPDATED,1631912400,HSL:9963_20210917_La_2_1236,963,HSL:9090221,Ollilantie
49440,49440,0,49440,49440,0,False,SCHEDULED,1631912400,HSL:9963_20210917_La_2_1338,963,HSL:9090221,Ollilantie
53040,53040,0,53040,53040,0,False,SCHEDULED,1631912400,HSL:9963_20210917_La_2_1438,963,HSL:9090221,Ollilantie
56640,56640,0,56640,56640,0,False,SCHEDULED,1631912400,HSL:9963_20210917_La_2_1538,963,HSL:9090221,Ollilantie
60240,60240,0,60240,60240,0,False,SCHEDULED,1631912400,HSL:9963_20210917_La_2_1638,963,HSL:9090221,Ollilantie
45660,45660,0,45660,45660,0,False,SCHEDULED,1631912400,HSL:1077_20210917_La_2_1241,77,HSL:1414149,Kalteentie
46500,46414,-86,46500,46432,-68,True,UPDATED,1631912400,HSL:1077_20210917_La_1_1220,77,HSL:1414149,Kalteentie
46860,46860,0,46860,46860,0,False,SCHEDULED,1631912400,HSL:1077_20210917_La_2_1301,77,HSL:1414149,Kalteentie
47700,47700,0,47700,47700,0,False,SCHEDULED,1631912400,HSL:1077_20210917_La_1_1240,77,HSL:1414149,Kalteentie
48060,48060,0,48060,48060,0,False,SCHEDULED,1631912400,HSL:1077_20210917_La_2_1321,77,HSL:1414149,Kalteentie
45660,45660,0,45660,45660,0,True,UPDATED,1631912400,HSL:9963_20210917_La_2_1236,963,HSL:9090229,Veräjäkuja
49380,49380,0,49380,49380,0,False,SCHEDULED,1631912400,HSL:9963_20210917_La_2_1338,963,HSL:9090229,Veräjäkuja
52980,52980,0,52980,52980,0,False,SCHEDULED,1631912400,HSL:9963_20210917_La_2_1438,963,HSL:9090229,Veräjäkuja
56580,56580,0,56580,56580,0,False,SCHEDULED,1631912400,HSL:9963_20210917_La_2_1538,963,HSL:9090229,Veräjäkuja
60180,60180,0,60180,60180,0,False,SCHEDULED,1631912400,HSL:9963_20210917_La_2_1638,963,HSL:9090229,Veräjäkuja
45600,45600,0,45600,45600,0,True,UPDATED,1631912400,HSL:9963_20210917_La_2_1236,963,HSL:9090228,Sibeliuksentie
49320,49320,0,49320,49320,0,False,SCHEDULED,1631912400,HSL:9963_20210917_La_2_1338,963,HSL:9090228,Sibeliuksentie
52920,52920,0,52920,52920,0,False,SCHEDULED,1631912400,HSL:9963_20210917_La_2_1438,963,HSL:9090228,Sibeliuksentie
56520,56520,0,56520,56520,0,False,SCHEDULED,1631912400,HSL:9963_20210917_La_2_1538,963,HSL:9090228,Sibeliuksentie
60120,60120,0,60120,60120,0,False,SCHEDULED,1631912400,HSL:9963_20210917_La_2_1638,963,HSL:9090228,Sibeliuksentie
46020,45988,-32,46020,45998,-22,True,UPDATED,1631912400,HSL:2553K_20210917_La_1_1229,553K,HSL:1385104,Aurinkomäki
47220,47220,0,47220,47220,0,False,SCHEDULED,1631912400,HSL:2553K_20210917_La_1_1249,553K,HSL:1385104,Aurinkomäki
48420,48420,0,48420,48420,0,False,SCHEDULED,1631912400,HSL:2553K_20210917_La_1_1308,553K,HSL:1385104,Aurinkomäki
49620,49620,0,49620,49620,0,False,SCHEDULED,1631912400,HSL:2553K_20210917_La_1_1328,553K,HSL:1385104,Aurinkomäki
50820,50820,0,50820,50820,0,False,SCHEDULED,1631912400,HSL:2553K_20210917_La_1_1348,553K,HSL:1385104,Aurinkomäki
45900,45950,50,45900,45963,63,True,UPDATED,1631912400,HSL:1075_20210917_La_2_1232,75,HSL:1414141,Kaadekuja
46320,46317,-3,46320,46322,2,True,UPDATED,1631912400,HSL:1069_20210917_La_1_1143,69,HSL:1414141,Kaadekuja
47100,47100,0,47100,47100,0,False,SCHEDULED,1631912400,HSL:1075_20210917_La_2_1252,75,HSL:1414141,Kaadekuja
47520,47536,16,47520,47564,44,True,UPDATED,1631912400,HSL:1069_20210917_La_1_1203,69,HSL:1414141,Kaadekuja
48300,48300,0,48300,48300,0,False,SCHEDULED,1631912400,HSL:1075_20210917_La_2_1312,75,HSL:1414141,Kaadekuja
45240,45401,161,45240,45413,173,True,UPDATED,1631912400,HSL:1075_20210917_La_1_1208,75,HSL:1414142,Kaadekuja
45960,45960,0,45960,45960,0,False,SCHEDULED,1631912400,HSL:1069_20210917_La_2_1241,69,HSL:1414142,Kaadekuja
46440,46712,272,46440,46721,281,True,UPDATED,1631912400,HSL:1075_20210917_La_1_1228,75,HSL:1414142,Kaadekuja
47160,47160,0,47160,47160,0,False,SCHEDULED,1631912400,HSL:1069_20210917_La_2_1301,69,HSL:1414142,Kaadekuja
47640,47640,0,47640,47640,0,False,SCHEDULED,1631912400,HSL:1075_20210917_La_1_1248,75,HSL:1414142,Kaadekuja
45540,45540,0,45540,45540,0,True,UPDATED,1631912400,HSL:2158_20210917_La_2_1236,158,HSL:2421219,Kattilarinne
45840,45936,96,45840,45938,98,True,UPDATED,1631912400,HSL:2542_20210917_La_1_1229,542,HSL:2421219,Kattilarinne
46440,46440,0,46440,46440,0,False,SCHEDULED,1631912400,HSL:2158_20210917_La_2_1251,158,HSL:2421219,Kattilarinne
46740,46740,0,46740,46740,0,False,SCHEDULED,1631912400,HSL:2542_20210917_La_1_1244,542,HSL:2421219,Kattilarinne
47340,47340,0,47340,47340,0,False,SCHEDULED,1631912400,HSL:2158_20210917_La_2_1306,158,HSL:2421219,Kattilarinne
45960,45990,30,45960,46004,44,True,UPDATED,1631912400,HSL:1075_20210917_La_2_1232,75,HSL:1414143,Maratontie
46320,46359,39,46320,46362,42,True,UPDATED,1631912400,HSL:1069_20210917_La_1_1143,69,HSL:1414143,Maratontie
47160,47160,0,47160,47160,0,False,SCHEDULED,1631912400,HSL:1075_20210917_La_2_1252,75,HSL:1414143,Maratontie
47520,47564,44,47520,47564,44,True,UPDATED,1631912400,HSL:1069_20210917_La_1_1203,69,HSL:1414143,Maratontie
48360,48360,0,48360,48360,0,False,SCHEDULED,1631912400,HSL:1075_20210917_La_2_1312,75,HSL:1414143,Maratontie
45300,45296,-4,45300,45330,30,True,UPDATED,1631912400,HSL:2165_20210917_La_1_1226,165,HSL:2421218,Martinsilta
45240,45371,131,45240,45373,133,True,UPDATED,1631912400,HSL:2124_20210917_La_1_1217,124,HSL:2421218,Martinsilta
45360,45496,136,45360,45498,138,True,UPDATED,1631912400,HSL:2125_20210917_La_1_1210,125,HSL:2421218,Martinsilta
45540,45540,0,45540,45557,17,True,UPDATED,1631912400,HSL:2146_20210917_La_1_1231,146,HSL:2421218,Martinsilta
46200,46200,0,46200,46200,0,False,SCHEDULED,1631912400,HSL:2165_20210917_La_1_1241,165,HSL:2421218,Martinsilta
45180,45356,176,45180,45372,192,True,UPDATED,1631912400,HSL:1075_20210917_La_1_1208,75,HSL:1414144,Maratontie
45900,45900,0,45900,45900,0,False,SCHEDULED,1631912400,HSL:1069_20210917_La_2_1241,69,HSL:1414144,Maratontie
46380,46640,260,46380,46685,305,True,UPDATED,1631912400,HSL:1075_20210917_La_1_1228,75,HSL:1414144,Maratontie
47100,47100,0,47100,47100,0,False,SCHEDULED,1631912400,HSL:1069_20210917_La_2_1301,69,HSL:1414144,Maratontie
47580,47580,0,47580,47580,0,False,SCHEDULED,1631912400,HSL:1075_20210917_La_1_1248,75,HSL:1414144,Maratontie
45540,45644,104,45540,45654,114,True,UPDATED,1631912400,HSL:4717_20210917_La_1_1215,717,HSL:1414145,Louhikkotie
45780,45780,0,45780,45780,0,True,UPDATED,1631912400,HSL:4570_20210917_La_1_1235,570,HSL:1414145,Louhikkotie
46380,46380,0,46380,46380,0,False,SCHEDULED,1631912400,HSL:4570_20210917_La_1_1245,570,HSL:1414145,Louhikkotie
46380,46389,9,46380,46395,15,True,UPDATED,1631912400,HSL:1069_20210917_La_1_1143,69,HSL:1414145,Louhikkotie
46740,46740,0,46740,46740,0,False,SCHEDULED,1631912400,HSL:4717_20210917_La_1_1235,717,HSL:1414145,Louhikkotie
45420,45397,-23,45480,45480,0,True,UPDATED,1631912400,HSL:4570_20210917_La_2_1145,570,HSL:1414146,Louhikkotie
45540,45540,0,45540,45540,0,False,SCHEDULED,1631912400,HSL:4717_20210917_La_2_1210,717,HSL:1414146,Louhikkotie
45840,45840,0,45840,45840,0,False,SCHEDULED,1631912400,HSL:1069_20210917_La_2_1241,69,HSL:1414146,Louhikkotie
46020,46020,0,46080,46111,31,True,UPDATED,1631912400,HSL:4570_20210917_La_2_1154,570,HSL:1414146,Louhikkotie
46740,46740,0,46740,46740,0,False,SCHEDULED,1631912400,HSL:4717_20210917_La_2_1230,717,HSL:1414146,Louhikkotie
45600,45691,91,45600,45698,98,True,UPDATED,1631912400,HSL:4717_20210917_La_1_1215,717,HSL:1414147,Somerikkopolku
45840,45840,0,45840,45840,0,True,UPDATED,1631912400,HSL:4570_20210917_La_1_1235,570,HSL:1414147,Somerikkopolku
46440,46430,-10,46440,46434,-6,True,UPDATED,1631912400,HSL:1069_20210917_La_1_1143,69,HSL:1414147,Somerikkopolku
46440,46440,0,46440,46440,0,False,SCHEDULED,1631912400,HSL:4570_20210917_La_1_1245,570,HSL:1414147,Somerikkopolku
46800,46800,0,46800,46800,0,False,SCHEDULED,1631912400,HSL:4717_20210917_La_1_1235,717,HSL:1414147,Somerikkopolku
45360,45337,-23,45360,45337,-23,True,UPDATED,1631912400,HSL:4570_20210917_La_2_1145,570,HSL:1414148,Somerikkopolku
45540,45540,0,45540,45540,0,False,SCHEDULED,1631912400,HSL:4717_20210917_La_2_1210,717,HSL:1414148,Somerikkopolku
45780,45780,0,45780,45780,0,False,SCHEDULED,1631912400,HSL:1069_20210917_La_2_1241,69,HSL:1414148,Somerikkopolku
45960,45950,-10,45960,45991,31,True,UPDATED,1631912400,HSL:4570_20210917_La_2_1154,570,HSL:1414148,Somerikkopolku
46560,46740,180,46560,46740,180,True,UPDATED,1631912400,HSL:4570_20210917_La_2_1204,570,HSL:1414148,Somerikkopolku
45600,45600,0,45600,45600,0,True,UPDATED,1631912400,HSL:2158_20210917_La_2_1236,158,HSL:2421213,Kattilavuori
45840,45954,114,45840,45957,117,True,UPDATED,1631912400,HSL:2542_20210917_La_1_1229,542,HSL:2421213,Kattilavuori
46500,46500,0,46500,46500,0,False,SCHEDULED,1631912400,HSL:2158_20210917_La_2_1251,158,HSL:2421213,Kattilavuori
46740,46740,0,46740,46740,0,False,SCHEDULED,1631912400,HSL:2542_20210917_La_1_1244,542,HSL:2421213,Kattilavuori
47400,47400,0,47400,47400,0,False,SCHEDULED,1631912400,HSL:2158_20210917_La_2_1306,158,HSL:2421213,Kattilavuori
45780,45771,-9,45780,45773,-7,True,UPDATED,1631912400,HSL:2158_20210917_La_1_1223,158,HSL:2421212,Kattilatanhua
46020,46056,36,46020,46058,38,True,UPDATED,1631912400,HSL:2542_20210917_La_2_1222,542,HSL:2421212,Kattilatanhua
46680,46680,0,46680,46680,0,False,SCHEDULED,1631912400,HSL:2158_20210917_La_1_1238,158,HSL:2421212,Kattilatanhua
46920,46920,0,46920,46920,0,False,SCHEDULED,1631912400,HSL:2542_20210917_La_2_1237,542,HSL:2421212,Kattilatanhua
47580,47580,0,47580,47580,0,False,SCHEDULED,1631912400,HSL:2158_20210917_La_1_1253,158,HSL:2421212,Kattilatanhua
45540,45540,0,45540,45540,0,True,UPDATED,1631912400,HSL:2158_20210917_La_2_1236,158,HSL:2421211,Kattilatanhua
45780,45896,116,45780,45896,116,True,UPDATED,1631912400,HSL:2542_20210917_La_1_1229,542,HSL:2421211,Kattilatanhua
46440,46440,0,46440,46440,0,False,SCHEDULED,1631912400,HSL:2158_20210917_La_2_1251,158,HSL:2421211,Kattilatanhua
46680,46680,0,46680,46680,0,False,SCHEDULED,1631912400,HSL:2542_20210917_La_1_1244,542,HSL:2421211,Kattilatanhua
47340,47340,0,47340,47340,0,False,SCHEDULED,1631912400,HSL:2158_20210917_La_2_1306,158,HSL:2421211,Kattilatanhua
45180,45337,157,45180,45349,169,True,UPDATED,1631912400,HSL:2542_20210917_La_2_1207,542,HSL:2421210,Ruukinsilta
46080,46146,66,46080,46157,77,True,UPDATED,1631912400,HSL:2542_20210917_La_2_1222,542,HSL:2421210,Ruukinsilta
46980,46980,0,46980,46980,0,False,SCHEDULED,1631912400,HSL:2542_20210917_La_2_1237,542,HSL:2421210,Ruukinsilta
47820,47820,0,47820,47820,0,False,SCHEDULED,1631912400,HSL:2542_20210917_La_2_1251,542,HSL:2421210,Ruukinsilta
48780,48780,0,48780,48780,0,False,SCHEDULED,1631912400,HSL:2542_20210917_La_2_1306,542,HSL:2421210,Ruukinsilta
46740,46740,0,46740,46740,0,False,SCHEDULED,1631912400,HSL:6173_20210917_La_1_1251,173,HSL:2421217,Espoonlahdensolmu
47040,47040,0,47040,47040,0,False,SCHEDULED,1631912400,HSL:7192V_20210917_La_1_1240,192V,HSL:2421217,Espoonlahdensolmu
48060,48060,0,48060,48060,0,False,SCHEDULED,1631912400,HSL:6171_20210917_La_1_1313,171,HSL:2421217,Espoonlahdensolmu
50220,50220,0,50220,50220,0,False,SCHEDULED,1631912400,HSL:6173_20210917_La_1_1349,173,HSL:2421217,Espoonlahdensolmu
51660,51660,0,51660,51660,0,False,SCHEDULED,1631912400,HSL:6171_20210917_La_1_1413,171,HSL:2421217,Espoonlahdensolmu
45720,45691,-29,45720,45692,-28,True,UPDATED,1631912400,HSL:2158_20210917_La_1_1223,158,HSL:2421216,Isokivi
45900,45975,75,45900,45977,77,True,UPDATED,1631912400,HSL:2542_20210917_La_2_1222,542,HSL:2421216,Isokivi
46620,46620,0,46620,46620,0,False,SCHEDULED,1631912400,HSL:2158_20210917_La_1_1238,158,HSL:2421216,Isokivi
46800,46800,0,46800,46800,0,False,SCHEDULED,1631912400,HSL:2542_20210917_La_2_1237,542,HSL:2421216,Isokivi
47520,47520,0,47520,47520,0,False,SCHEDULED,1631912400,HSL:2158_20210917_La_1_1253,158,HSL:2421216,Isokivi
45240,45446,206,45240,45461,221,True,UPDATED,1631912400,HSL:1075_20210917_La_1_1208,75,HSL:1414140,Jakomäentie 10
45960,45960,0,45960,45960,0,False,SCHEDULED,1631912400,HSL:1069_20210917_La_2_1241,69,HSL:1414140,Jakomäentie 10
46440,46758,318,46440,46767,327,True,UPDATED,1631912400,HSL:1075_20210917_La_1_1228,75,HSL:1414140,Jakomäentie 10
47160,47160,0,47160,47160,0,False,SCHEDULED,1631912400,HSL:1069_20210917_La_2_1301,69,HSL:1414140,Jakomäentie 10
47640,47640,0,47640,47640,0,False,SCHEDULED,1631912400,HSL:1075_20210917_La_1_1248,75,HSL:1414140,Jakomäentie 10
45720,45714,-6,45720,45715,-5,True,UPDATED,1631912400,HSL:2158_20210917_La_1_1223,158,HSL:2421214,Kattilavuori
45960,45999,39,45960,45999,39,True,UPDATED,1631912400,HSL:2542_20210917_La_2_1222,542,HSL:2421214,Kattilavuori
46620,46620,0,46620,46620,0,False,SCHEDULED,1631912400,HSL:2158_20210917_La_1_1238,158,HSL:2421214,Kattilavuori
46860,46860,0,46860,46860,0,False,SCHEDULED,1631912400,HSL:2542_20210917_La_2_1237,542,HSL:2421214,Kattilavuori
47520,47520,0,47520,47520,0,False,SCHEDULED,1631912400,HSL:2158_20210917_La_1_1253,158,HSL:2421214,Kattilavuori
45480,45480,0,45480,45480,0,True,UPDATED,1631912400,HSL:1079_20210917_La_2_1238,79,HSL:1402152,Hatuntekijänkuja
45780,45760,-20,45780,45760,-20,True,UPDATED,1631912400,HSL:1074_20210917_La_1_1203,74,HSL:1402152,Hatuntekijänkuja
46080,46080,0,46080,46080,0,False,SCHEDULED,1631912400,HSL:1079_20210917_La_2_1248,79,HSL:1402152,Hatuntekijänkuja
46320,46320,0,46320,46320,0,False,SCHEDULED,1631912400,HSL:1075_20210917_La_2_1252,75,HSL:1402152,Hatuntekijänkuja
46380,46403,23,46380,46408,28,True,UPDATED,1631912400,HSL:1073_20210917_La_1_1213,73,HSL:1402152,Hatuntekijänkuja
45660,45660,0,45720,45720,0,True,UPDATED,1631912400,HSL:1074_20210917_La_1_1203,74,HSL:1402154,Puistolan asema
46260,46290,30,46320,46367,47,True,UPDATED,1631912400,HSL:1073_20210917_La_1_1213,73,HSL:1402154,Puistolan asema
46860,46860,0,46920,46928,8,True,UPDATED,1631912400,HSL:1074_20210917_La_1_1223,74,HSL:1402154,Puistolan asema
47460,47460,0,47520,47532,12,True,UPDATED,1631912400,HSL:1073_20210917_La_1_1232,73,HSL:1402154,Puistolan asema
48060,48060,0,48120,48120,0,False,SCHEDULED,1631912400,HSL:1074_20210917_La_1_1242,74,HSL:1402154,Puistolan asema
46440,46434,-6,46440,46440,0,True,UPDATED,1631912400,HSL:1073_20210917_La_1_1213,73,HSL:1402153,Arttolantie
47640,47611,-29,47640,47611,-29,True,UPDATED,1631912400,HSL:1073_20210917_La_1_1232,73,HSL:1402153,Arttolantie
48840,48840,0,48840,48840,0,False,SCHEDULED,1631912400,HSL:1073_20210917_La_1_1252,73,HSL:1402153,Arttolantie
50040,50040,0,50040,50040,0,False,SCHEDULED,1631912400,HSL:1073_20210917_La_1_1312,73,HSL:1402153,Arttolantie
51240,51240,0,51240,51240,0,False,SCHEDULED,1631912400,HSL:1073_20210917_La_1_1332,73,HSL:1402153,Arttolantie
47820,47820,0,47820,47820,0,False,SCHEDULED,1631912400,HSL:9963_20210917_La_1_1300,963,HSL:9090230,Veräjäkuja
51540,51540,0,51540,51540,0,False,SCHEDULED,1631912400,HSL:9963_20210917_La_1_1402,963,HSL:9090230,Veräjäkuja
55140,55140,0,55140,55140,0,False,SCHEDULED,1631912400,HSL:9963_20210917_La_1_1502,963,HSL:9090230,Veräjäkuja
58740,58740,0,58740,58740,0,False,SCHEDULED,1631912400,HSL:9963_20210917_La_1_1602,963,HSL:9090230,Veräjäkuja
62280,62280,0,62280,62280,0,False,SCHEDULED,1631912400,HSL:9963_20210917_La_1_1702,963,HSL:9090230,Veräjäkuja
45600,45585,-15,45600,45588,-12,True,UPDATED,1631912400,HSL:1074_20210917_La_1_1203,74,HSL:1402156,Porvarintie
46200,46277,77,46200,46277,77,True,UPDATED,1631912400,HSL:1073_20210917_La_1_1213,73,HSL:1402156,Porvarintie
46800,46783,-17,46800,46802,2,True,UPDATED,1631912400,HSL:1074_20210917_La_1_1223,74,HSL:1402156,Porvarintie
47400,47409,9,47400,47412,12,True,UPDATED,1631912400,HSL:1073_20210917_La_1_1232,73,HSL:1402156,Porvarintie
48000,48000,0,48000,48000,0,False,SCHEDULED,1631912400,HSL:1074_20210917_La_1_1242,74,HSL:1402156,Porvarintie
45360,45304,-56,45360,45312,-48,True,UPDATED,1631912400,HSL:1086_20210917_La_1_1221,86,HSL:1510101,Hevossalmen silta
46560,46560,0,46560,46560,0,False,SCHEDULED,1631912400,HSL:1086_20210917_La_1_1241,86,HSL:1510101,Hevossalmen silta
47760,47760,0,47760,47760,0,False,SCHEDULED,1631912400,HSL:1086_20210917_La_1_1301,86,HSL:1510101,Hevossalmen silta
48960,48960,0,48960,48960,0,False,SCHEDULED,1631912400,HSL:1086_20210917_La_1_1321,86,HSL:1510101,Hevossalmen silta
50160,50160,0,50160,50160,0,False,SCHEDULED,1631912400,HSL:1086_20210917_La_1_1341,86,HSL:1510101,Hevossalmen silta
45480,45478,-2,45480,45514,34,True,UPDATED,1631912400,HSL:1074_20210917_La_2_1232,74,HSL:1402155,Puistolan asema
45960,45960,0,46020,46020,0,False,SCHEDULED,1631912400,HSL:1073_20210917_La_2_1241,73,HSL:1402155,Puistolan asema
46680,46680,0,46680,46680,0,False,SCHEDULED,1631912400,HSL:1074_20210917_La_2_1252,74,HSL:1402155,Puistolan asema
47160,47160,0,47220,47220,0,False,SCHEDULED,1631912400,HSL:1073_20210917_La_2_1301,73,HSL:1402155,Puistolan asema
47880,47880,0,47880,47880,0,False,SCHEDULED,1631912400,HSL:1074_20210917_La_2_1312,74,HSL:1402155,Puistolan asema
45540,45556,16,45540,45558,18,True,UPDATED,1631912400,HSL:1074_20210917_La_2_1232,74,HSL:1402157,Porvarintie
46080,46080,0,46080,46080,0,False,SCHEDULED,1631912400,HSL:1073_20210917_La_2_1241,73,HSL:1402157,Porvarintie
46740,46740,0,46740,46740,0,False,SCHEDULED,1631912400,HSL:1074_20210917_La_2_1252,74,HSL:1402157,Porvarintie
47280,47280,0,47280,47280,0,False,SCHEDULED,1631912400,HSL:1073_20210917_La_2_1301,73,HSL:1402157,Porvarintie
47940,47940,0,47940,47940,0,False,SCHEDULED,1631912400,HSL:1074_20210917_La_2_1312,74,HSL:1402157,Porvarintie
45360,45524,164,45360,45527,167,True,UPDATED,1631912400,HSL:1075_20210917_La_1_1208,75,HSL:1414138,Jakomäentie 6
46020,46020,0,46020,46020,0,False,SCHEDULED,1631912400,HSL:1069_20210917_La_2_1241,69,HSL:1414138,Jakomäentie 6
46560,46866,306,46560,46868,308,True,UPDATED,1631912400,HSL:1075_20210917_La_1_1228,75,HSL:1414138,Jakomäentie 6
47220,47220,0,47220,47220,0,False,SCHEDULED,1631912400,HSL:1069_20210917_La_2_1301,69,HSL:1414138,Jakomäentie 6
47760,47760,0,47760,47760,0,False,SCHEDULED,1631912400,HSL:1075_20210917_La_1_1248,75,HSL:1414138,Jakomäentie 6
45840,45850,10,45840,45892,52,True,UPDATED,1631912400,HSL:1075_20210917_La_2_1232,75,HSL:1414139,Jakomäentie 10
46260,46276,16,46260,46286,26,True,UPDATED,1631912400,HSL:1069_20210917_La_1_1143,69,HSL:1414139,Jakomäentie 10
47040,47040,0,47040,47040,0,False,SCHEDULED,1631912400,HSL:1075_20210917_La_2_1252,75,HSL:1414139,Jakomäentie 10
47460,47504,44,47460,47504,44,True,UPDATED,1631912400,HSL:1069_20210917_La_1_1203,69,HSL:1414139,Jakomäentie 10
48240,48240,0,48240,48240,0,False,SCHEDULED,1631912400,HSL:1075_20210917_La_2_1312,75,HSL:1414139,Jakomäentie 10
45480,45431,-49,45480,45437,-43,True,UPDATED,1631912400,HSL:1074_20210917_La_2_1232,74,HSL:1402150,Hatuntekijänkuja
45600,45593,-7,45600,45593,-7,True,UPDATED,1631912400,HSL:1079_20210917_La_1_1151,79,HSL:1402150,Hatuntekijänkuja
45960,45960,0,45960,45960,0,False,SCHEDULED,1631912400,HSL:1073_20210917_La_2_1241,73,HSL:1402150,Hatuntekijänkuja
46020,46091,71,46020,46091,71,True,UPDATED,1631912400,HSL:1075_20210917_La_1_1208,75,HSL:1402150,Hatuntekijänkuja
46200,46225,25,46200,46236,36,True,UPDATED,1631912400,HSL:1079_20210917_La_1_1201,79,HSL:1402150,Hatuntekijänkuja
45720,45823,103,45720,45836,116,True,UPDATED,1631912400,HSL:2542_20210917_La_1_1229,542,HSL:2421209,Ruukinsilta
46620,46620,0,46620,46620,0,False,SCHEDULED,1631912400,HSL:2542_20210917_La_1_1244,542,HSL:2421209,Ruukinsilta
47520,47520,0,47520,47520,0,False,SCHEDULED,1631912400,HSL:2542_20210917_La_1_1259,542,HSL:2421209,Ruukinsilta
48420,48420,0,48420,48420,0,False,SCHEDULED,1631912400,HSL:2542_20210917_La_1_1314,542,HSL:2421209,Ruukinsilta
49320,49320,0,49320,49320,0,False,SCHEDULED,1631912400,HSL:2542_20210917_La_1_1329,542,HSL:2421209,Ruukinsilta
46980,46980,0,46980,46980,0,False,SCHEDULED,1631912400,HSL:2124_20210917_La_2_1303,124,HSL:2421208,Tillintulli
48780,48780,0,48780,48780,0,False,SCHEDULED,1631912400,HSL:2124_20210917_La_2_1333,124,HSL:2421208,Tillintulli
50580,50580,0,50580,50580,0,False,SCHEDULED,1631912400,HSL:2124_20210917_La_2_1403,124,HSL:2421208,Tillintulli
52380,52380,0,52380,52380,0,False,SCHEDULED,1631912400,HSL:2124_20210917_La_2_1433,124,HSL:2421208,Tillintulli
54180,54180,0,54180,54180,0,False,SCHEDULED,1631912400,HSL:2124_20210917_La_2_1503,124,HSL:2421208,Tillintulli
45360,45376,16,45360,45376,16,True,UPDATED,1631912400,HSL:2157_20210917_La_2_1234,157,HSL:2421207,Kedonkukantie
46260,46260,0,46260,46260,0,False,SCHEDULED,1631912400,HSL:2157_20210917_La_2_1249,157,HSL:2421207,Kedonkukantie
47160,47160,0,47160,47160,0,False,SCHEDULED,1631912400,HSL:2157_20210917_La_2_1304,157,HSL:2421207,Kedonkukantie
48060,48060,0,48060,48060,0,False,SCHEDULED,1631912400,HSL:2157_20210917_La_2_1319,157,HSL:2421207,Kedonkukantie
48960,48960,0,48960,48960,0,False,SCHEDULED,1631912400,HSL:2157_20210917_La_2_1334,157,HSL:2421207,Kedonkukantie
45720,45721,1,45720,45743,23,True,UPDATED,1631912400,HSL:1075_20210917_La_2_1232,75,HSL:1414135,Jakomäen ostosk.
46140,46155,15,46140,46176,36,True,UPDATED,1631912400,HSL:1069_20210917_La_1_1143,69,HSL:1414135,Jakomäen ostosk.
46920,46920,0,46920,46920,0,False,SCHEDULED,1631912400,HSL:1075_20210917_La_2_1252,75,HSL:1414135,Jakomäen ostosk.
47340,47358,18,47340,47384,44,True,UPDATED,1631912400,HSL:1069_20210917_La_1_1203,69,HSL:1414135,Jakomäen ostosk.
48120,48120,0,48120,48120,0,False,SCHEDULED,1631912400,HSL:1075_20210917_La_2_1312,75,HSL:1414135,Jakomäen ostosk.
45360,45565,205,45360,45590,230,True,UPDATED,1631912400,HSL:1075_20210917_La_1_1208,75,HSL:1414136,Jakomäen ostosk.
46080,46080,0,46080,46080,0,False,SCHEDULED,1631912400,HSL:1069_20210917_La_2_1241,69,HSL:1414136,Jakomäen ostosk.
46560,46871,311,46560,46894,334,True,UPDATED,1631912400,HSL:1075_20210917_La_1_1228,75,HSL:1414136,Jakomäen ostosk.
47280,47280,0,47280,47280,0,False,SCHEDULED,1631912400,HSL:1069_20210917_La_2_1301,69,HSL:1414136,Jakomäen ostosk.
47760,47760,0,47760,47760,0,False,SCHEDULED,1631912400,HSL:1075_20210917_La_1_1248,75,HSL:1414136,Jakomäen ostosk.
45780,45792,12,45780,45803,23,True,UPDATED,1631912400,HSL:1075_20210917_La_2_1232,75,HSL:1414137,Jakomäentie 6
46200,46226,26,46200,46233,33,True,UPDATED,1631912400,HSL:1069_20210917_La_1_1143,69,HSL:1414137,Jakomäentie 6
46980,46980,0,46980,46980,0,False,SCHEDULED,1631912400,HSL:1075_20210917_La_2_1252,75,HSL:1414137,Jakomäentie 6
47400,47424,24,47400,47430,30,True,UPDATED,1631912400,HSL:1069_20210917_La_1_1203,69,HSL:1414137,Jakomäentie 6
48180,48180,0,48180,48180,0,False,SCHEDULED,1631912400,HSL:1075_20210917_La_2_1312,75,HSL:1414137,Jakomäentie 6
47700,47761,61,47700,47767,67,True,UPDATED,1631912400,HSL:2436_20210917_La_1_1232,436,HSL:2715295,Juvanristi
51300,51300,0,51300,51300,0,False,SCHEDULED,1631912400,HSL:2436_20210917_La_1_1332,436,HSL:2715295,Juvanristi
54960,54960,0,54960,54960,0,False,SCHEDULED,1631912400,HSL:2436_20210917_La_1_1432,436,HSL:2715295,Juvanristi
58560,58560,0,58560,58560,0,False,SCHEDULED,1631912400,HSL:2436_20210917_La_1_1532,436,HSL:2715295,Juvanristi
62100,62100,0,62100,62100,0,False,SCHEDULED,1631912400,HSL:2436_20210917_La_1_1632,436,HSL:2715295,Juvanristi
45540,45447,-93,45540,45451,-89,True,UPDATED,1631912400,HSL:1086_20210917_La_1_1221,86,HSL:1510105,Kasarmit
46740,46740,0,46740,46740,0,False,SCHEDULED,1631912400,HSL:1086_20210917_La_1_1241,86,HSL:1510105,Kasarmit
47940,47940,0,47940,47940,0,False,SCHEDULED,1631912400,HSL:1086_20210917_La_1_1301,86,HSL:1510105,Kasarmit
49140,49140,0,49140,49140,0,False,SCHEDULED,1631912400,HSL:1086_20210917_La_1_1321,86,HSL:1510105,Kasarmit
50340,50340,0,50340,50340,0,False,SCHEDULED,1631912400,HSL:1086_20210917_La_1_1341,86,HSL:1510105,Kasarmit
46140,46077,-63,46140,46077,-63,True,UPDATED,1631912400,HSL:2157_20210917_La_1_1231,157,HSL:2421202,Tillinmaa
47040,47040,0,47040,47040,0,False,SCHEDULED,1631912400,HSL:2157_20210917_La_1_1246,157,HSL:2421202,Tillinmaa
47940,47940,0,47940,47940,0,False,SCHEDULED,1631912400,HSL:2157_20210917_La_1_1301,157,HSL:2421202,Tillinmaa
48840,48840,0,48840,48840,0,False,SCHEDULED,1631912400,HSL:2157_20210917_La_1_1316,157,HSL:2421202,Tillinmaa
49740,49740,0,49740,49740,0,False,SCHEDULED,1631912400,HSL:2157_20210917_La_1_1331,157,HSL:2421202,Tillinmaa
46200,46126,-74,46200,46126,-74,True,UPDATED,1631912400,HSL:2157_20210917_La_1_1231,157,HSL:2421201,Raasilanmäki
46140,46140,0,46140,46140,0,False,SCHEDULED,1631912400,HSL:2157_20210917_La_2_1249,157,HSL:2421201,Raasilanmäki
47040,47040,0,47040,47040,0,False,SCHEDULED,1631912400,HSL:2157_20210917_La_2_1304,157,HSL:2421201,Raasilanmäki
47100,47100,0,47100,47100,0,False,SCHEDULED,1631912400,HSL:2157_20210917_La_1_1246,157,HSL:2421201,Raasilanmäki
47940,47940,0,47940,47940,0,False,SCHEDULED,1631912400,HSL:2157_20210917_La_2_1319,157,HSL:2421201,Raasilanmäki
45420,45513,93,45420,45513,93,True,UPDATED,1631912400,HSL:2436_20210917_La_2_1229,436,HSL:2715294,Juvanristi
49020,49020,0,49020,49020,0,False,SCHEDULED,1631912400,HSL:2436_20210917_La_2_1329,436,HSL:2715294,Juvanristi
52620,52620,0,52620,52620,0,False,SCHEDULED,1631912400,HSL:2436_20210917_La_2_1429,436,HSL:2715294,Juvanristi
56220,56220,0,56220,56220,0,False,SCHEDULED,1631912400,HSL:2436_20210917_La_2_1529,436,HSL:2715294,Juvanristi
59820,59820,0,59820,59820,0,False,SCHEDULED,1631912400,HSL:2436_20210917_La_2_1629,436,HSL:2715294,Juvanristi
45960,45960,0,45960,45960,0,False,SCHEDULED,1631912400,HSL:1086_20210917_La_2_1244,86,HSL:1510104,Kadettikoulu
47160,47160,0,47160,47160,0,False,SCHEDULED,1631912400,HSL:1086_20210917_La_2_1304,86,HSL:1510104,Kadettikoulu
48360,48360,0,48360,48360,0,False,SCHEDULED,1631912400,HSL:1086_20210917_La_2_1324,86,HSL:1510104,Kadettikoulu
49560,49560,0,49560,49560,0,False,SCHEDULED,1631912400,HSL:1086_20210917_La_2_1344,86,HSL:1510104,Kadettikoulu
50760,50760,0,50760,50760,0,False,SCHEDULED,1631912400,HSL:1086_20210917_La_2_1404,86,HSL:1510104,Kadettikoulu
45360,45417,57,45360,45425,65,True,UPDATED,1631912400,HSL:1057_20210917_La_1_1218,57,HSL:1361120,Palkopolku
45960,45960,0,45960,45960,0,False,SCHEDULED,1631912400,HSL:1057_20210917_La_1_1228,57,HSL:1361120,Palkopolku
46260,46260,0,46260,46260,0,False,SCHEDULED,1631912400,HSL:1078_20210917_La_2_1240,78,HSL:1361120,Palkopolku
46560,46560,0,46560,46560,0,False,SCHEDULED,1631912400,HSL:1057_20210917_La_1_1238,57,HSL:1361120,Palkopolku
47160,47160,0,47160,47160,0,False,SCHEDULED,1631912400,HSL:1057_20210917_La_1_1248,57,HSL:1361120,Palkopolku
45420,45361,-59,45420,45367,-53,True,UPDATED,1631912400,HSL:1086_20210917_La_1_1221,86,HSL:1510103,Kadettikoulu
46620,46620,0,46620,46620,0,False,SCHEDULED,1631912400,HSL:1086_20210917_La_1_1241,86,HSL:1510103,Kadettikoulu
47820,47820,0,47820,47820,0,False,SCHEDULED,1631912400,HSL:1086_20210917_La_1_1301,86,HSL:1510103,Kadettikoulu
49020,49020,0,49020,49020,0,False,SCHEDULED,1631912400,HSL:1086_20210917_La_1_1321,86,HSL:1510103,Kadettikoulu
50220,50220,0,50220,50220,0,False,SCHEDULED,1631912400,HSL:1086_20210917_La_1_1341,86,HSL:1510103,Kadettikoulu
46020,46020,0,46020,46020,0,False,SCHEDULED,1631912400,HSL:1086_20210917_La_2_1244,86,HSL:1510102,Hevossalmen silta
47220,47220,0,47220,47220,0,False,SCHEDULED,1631912400,HSL:1086_20210917_La_2_1304,86,HSL:1510102,Hevossalmen silta
48420,48420,0,48420,48420,0,False,SCHEDULED,1631912400,HSL:1086_20210917_La_2_1324,86,HSL:1510102,Hevossalmen silta
49620,49620,0,49620,49620,0,False,SCHEDULED,1631912400,HSL:1086_20210917_La_2_1344,86,HSL:1510102,Hevossalmen silta
50820,50820,0,50820,50820,0,False,SCHEDULED,1631912400,HSL:1086_20210917_La_2_1404,86,HSL:1510102,Hevossalmen silta
45300,45458,158,45300,45458,158,True,UPDATED,1631912400,HSL:2125_20210917_La_1_1210,125,HSL:2421206,Sammalvuori
45480,45480,0,45480,45480,0,False,SCHEDULED,1631912400,HSL:2159_20210917_La_2_1231,159,HSL:2421206,Sammalvuori
45600,45616,16,45600,45616,16,True,UPDATED,1631912400,HSL:2157_20210917_La_2_1234,157,HSL:2421206,Sammalvuori
46380,46380,0,46380,46380,0,False,SCHEDULED,1631912400,HSL:2159_20210917_La_2_1246,159,HSL:2421206,Sammalvuori
46200,46429,229,46200,46429,229,True,UPDATED,1631912400,HSL:2125_20210917_La_1_1225,125,HSL:2421206,Sammalvuori
45300,45316,16,45300,45316,16,True,UPDATED,1631912400,HSL:2157_20210917_La_2_1234,157,HSL:2421205,Vuoriharju
46200,46200,0,46200,46200,0,False,SCHEDULED,1631912400,HSL:2157_20210917_La_2_1249,157,HSL:2421205,Vuoriharju
47100,47100,0,47100,47100,0,False,SCHEDULED,1631912400,HSL:2157_20210917_La_2_1304,157,HSL:2421205,Vuoriharju
48000,48000,0,48000,48000,0,False,SCHEDULED,1631912400,HSL:2157_20210917_La_2_1319,157,HSL:2421205,Vuoriharju
48900,48900,0,48900,48900,0,False,SCHEDULED,1631912400,HSL:2157_20210917_La_2_1334,157,HSL:2421205,Vuoriharju
46440,46462,22,46440,46463,23,True,UPDATED,1631912400,HSL:2236_20210917_La_1_1226,236,HSL:2715293,Nikunmäentie
46500,46508,8,46500,46509,9,True,UPDATED,1631912400,HSL:2582_20210917_La_1_1230,582,HSL:2715293,Nikunmäentie
48300,48300,0,48300,48300,0,False,SCHEDULED,1631912400,HSL:2582_20210917_La_1_1300,582,HSL:2715293,Nikunmäentie
50100,50100,0,50100,50100,0,False,SCHEDULED,1631912400,HSL:2236_20210917_La_1_1326,236,HSL:2715293,Nikunmäentie
50100,50100,0,50100,50100,0,False,SCHEDULED,1631912400,HSL:2582_20210917_La_1_1330,582,HSL:2715293,Nikunmäentie
45600,45487,-113,45600,45573,-27,True,UPDATED,1631912400,HSL:1086_20210917_La_1_1221,86,HSL:1510107,Santahamina
45840,45840,0,45840,45840,0,False,SCHEDULED,1631912400,HSL:1086_20210917_La_2_1244,86,HSL:1510107,Santahamina
46800,46800,0,46800,46800,0,False,SCHEDULED,1631912400,HSL:1086_20210917_La_1_1241,86,HSL:1510107,Santahamina
47040,47040,0,47040,47040,0,False,SCHEDULED,1631912400,HSL:1086_20210917_La_2_1304,86,HSL:1510107,Santahamina
48000,48000,0,48000,48000,0,False,SCHEDULED,1631912400,HSL:1086_20210917_La_1_1301,86,HSL:1510107,Santahamina
46140,46035,-105,46140,46041,-99,True,UPDATED,1631912400,HSL:2157_20210917_La_1_1231,157,HSL:2421204,Vuoriharju
47040,47040,0,47040,47040,0,False,SCHEDULED,1631912400,HSL:2157_20210917_La_1_1246,157,HSL:2421204,Vuoriharju
47940,47940,0,47940,47940,0,False,SCHEDULED,1631912400,HSL:2157_20210917_La_1_1301,157,HSL:2421204,Vuoriharju
48840,48840,0,48840,48840,0,False,SCHEDULED,1631912400,HSL:2157_20210917_La_1_1316,157,HSL:2421204,Vuoriharju
49740,49740,0,49740,49740,0,False,SCHEDULED,1631912400,HSL:2157_20210917_La_1_1331,157,HSL:2421204,Vuoriharju
46140,46140,0,46140,46140,0,False,SCHEDULED,1631912400,HSL:2157_20210917_La_2_1249,157,HSL:2421203,Tillinmaa
47040,47040,0,47040,47040,0,False,SCHEDULED,1631912400,HSL:2157_20210917_La_2_1304,157,HSL:2421203,Tillinmaa
47940,47940,0,47940,47940,0,False,SCHEDULED,1631912400,HSL:2157_20210917_La_2_1319,157,HSL:2421203,Tillinmaa
48840,48840,0,48840,48840,0,False,SCHEDULED,1631912400,HSL:2157_20210917_La_2_1334,157,HSL:2421203,Tillinmaa
49740,49740,0,49740,49740,0,False,SCHEDULED,1631912400,HSL:2157_20210917_La_2_1349,157,HSL:2421203,Tillinmaa
45900,45900,0,45900,45900,0,False,SCHEDULED,1631912400,HSL:1086_20210917_La_2_1244,86,HSL:1510106,Kasarmit
47100,47100,0,47100,47100,0,False,SCHEDULED,1631912400,HSL:1086_20210917_La_2_1304,86,HSL:1510106,Kasarmit
48300,48300,0,48300,48300,0,False,SCHEDULED,1631912400,HSL:1086_20210917_La_2_1324,86,HSL:1510106,Kasarmit
49500,49500,0,49500,49500,0,False,SCHEDULED,1631912400,HSL:1086_20210917_La_2_1344,86,HSL:1510106,Kasarmit
50700,50700,0,50700,50700,0,False,SCHEDULED,1631912400,HSL:1086_20210917_La_2_1404,86,HSL:1510106,Kasarmit
45540,45538,-2,45540,45538,-2,True,UPDATED,1631912400,HSL:2548_20210917_La_2_1215,548,HSL:2241204,Vanha-Mankkaa
45720,45757,37,45720,45764,44,True,UPDATED,1631912400,HSL:2114_20210917_La_2_1225,114,HSL:2241204,Vanha-Mankkaa
46020,46065,45,46020,46074,54,True,UPDATED,1631912400,HSL:2549_20210917_La_2_1229,549,HSL:2241204,Vanha-Mankkaa
46440,46469,29,46440,46478,38,True,UPDATED,1631912400,HSL:2548_20210917_La_2_1230,548,HSL:2241204,Vanha-Mankkaa
46620,46620,0,46620,46620,0,False,SCHEDULED,1631912400,HSL:2114_20210917_La_2_1240,114,HSL:2241204,Vanha-Mankkaa
45360,45369,9,45360,45381,21,True,UPDATED,1631912400,HSL:2548_20210917_La_1_1228,548,HSL:2241203,Vanha-Mankkaa
45780,45780,0,45780,45780,0,True,UPDATED,1631912400,HSL:2549_20210917_La_1_1235,549,HSL:2241203,Vanha-Mankkaa
46140,46140,0,46140,46140,0,False,SCHEDULED,1631912400,HSL:2114_20210917_La_1_1238,114,HSL:2241203,Vanha-Mankkaa
46260,46260,0,46260,46260,0,False,SCHEDULED,1631912400,HSL:2548_20210917_La_1_1243,548,HSL:2241203,Vanha-Mankkaa
46320,46393,73,46320,46413,93,True,UPDATED,1631912400,HSL:2543_20210917_La_2_1222,543,HSL:2241203,Vanha-Mankkaa
45420,45371,-49,45480,45480,0,True,UPDATED,1631912400,HSL:2548_20210917_La_2_1215,548,HSL:2241206,Mankkaankallio
45660,45697,37,45660,45713,53,True,UPDATED,1631912400,HSL:2114_20210917_La_2_1225,114,HSL:2241206,Mankkaankallio
45720,45757,37,45720,45762,42,True,UPDATED,1631912400,HSL:2543_20210917_La_1_1225,543,HSL:2241206,Mankkaankallio
45900,46018,118,45960,46018,58,True,UPDATED,1631912400,HSL:2549_20210917_La_2_1229,549,HSL:2241206,Mankkaankallio
46320,46383,63,46380,46422,42,True,UPDATED,1631912400,HSL:2548_20210917_La_2_1230,548,HSL:2241206,Mankkaankallio
45420,45420,0,45420,45425,5,True,UPDATED,1631912400,HSL:2548_20210917_La_1_1228,548,HSL:2241205,Mankkaankallio
45840,45840,0,45840,45840,0,True,UPDATED,1631912400,HSL:2549_20210917_La_1_1235,549,HSL:2241205,Mankkaankallio
46200,46200,0,46200,46200,0,False,SCHEDULED,1631912400,HSL:2114_20210917_La_1_1238,114,HSL:2241205,Mankkaankallio
46320,46320,0,46320,46320,0,False,SCHEDULED,1631912400,HSL:2548_20210917_La_1_1243,548,HSL:2241205,Mankkaankallio
46380,46420,40,46380,46423,43,True,UPDATED,1631912400,HSL:2543_20210917_La_2_1222,543,HSL:2241205,Mankkaankallio
45420,45588,168,45420,45588,168,True,UPDATED,1631912400,HSL:2134_20210917_La_1_1224,134,HSL:2433211,Kukkumäki
45780,45865,85,45780,45870,90,True,UPDATED,1631912400,HSL:2531_20210917_La_1_1221,531,HSL:2433211,Kukkumäki
46320,46320,0,46320,46320,0,True,UPDATED,1631912400,HSL:2136_20210917_La_1_1239,136,HSL:2433211,Kukkumäki
46680,46680,0,46680,46680,0,False,SCHEDULED,1631912400,HSL:2531_20210917_La_1_1236,531,HSL:2433211,Kukkumäki
47220,47220,0,47220,47220,0,False,SCHEDULED,1631912400,HSL:2134_20210917_La_1_1254,134,HSL:2433211,Kukkumäki
45600,45603,3,45600,45603,3,True,UPDATED,1631912400,HSL:2548_20210917_La_2_1215,548,HSL:2241202,Seilimäki
45780,45826,46,45780,45832,52,True,UPDATED,1631912400,HSL:2114_20210917_La_2_1225,114,HSL:2241202,Seilimäki
46080,46136,56,46080,46143,63,True,UPDATED,1631912400,HSL:2549_20210917_La_2_1229,549,HSL:2241202,Seilimäki
46500,46540,40,46500,46548,48,True,UPDATED,1631912400,HSL:2548_20210917_La_2_1230,548,HSL:2241202,Seilimäki
46680,46680,0,46680,46680,0,False,SCHEDULED,1631912400,HSL:2114_20210917_La_2_1240,114,HSL:2241202,Seilimäki
46020,46109,89,46020,46116,96,True,UPDATED,1631912400,HSL:2531_20210917_La_2_1230,531,HSL:2433212,Kukkumäki
46140,46201,61,46140,46210,70,True,UPDATED,1631912400,HSL:2134_20210917_La_2_1232,134,HSL:2433212,Kukkumäki
46920,46920,0,46920,46920,0,False,SCHEDULED,1631912400,HSL:2531_20210917_La_2_1245,531,HSL:2433212,Kukkumäki
47040,47040,0,47040,47040,0,False,SCHEDULED,1631912400,HSL:2136_20210917_La_2_1247,136,HSL:2433212,Kukkumäki
47820,47820,0,47820,47820,0,False,SCHEDULED,1631912400,HSL:2531_20210917_La_2_1259,531,HSL:2433212,Kukkumäki
45300,45317,17,45300,45324,24,True,UPDATED,1631912400,HSL:2548_20210917_La_1_1228,548,HSL:2241201,Seilimäki
45720,45720,0,45720,45720,0,True,UPDATED,1631912400,HSL:2549_20210917_La_1_1235,549,HSL:2241201,Seilimäki
46080,46080,0,46080,46080,0,False,SCHEDULED,1631912400,HSL:2114_20210917_La_1_1238,114,HSL:2241201,Seilimäki
46200,46200,0,46200,46200,0,False,SCHEDULED,1631912400,HSL:2548_20210917_La_1_1243,548,HSL:2241201,Seilimäki
46620,46620,0,46620,46620,0,False,SCHEDULED,1631912400,HSL:2549_20210917_La_1_1250,549,HSL:2241201,Seilimäki
46200,46200,0,46200,46200,0,False,SCHEDULED,1631912400,HSL:1073_20210917_La_2_1241,73,HSL:1402181,Päivöläntie
47400,47400,0,47400,47400,0,False,SCHEDULED,1631912400,HSL:1073_20210917_La_2_1301,73,HSL:1402181,Päivöläntie
48600,48600,0,48600,48600,0,False,SCHEDULED,1631912400,HSL:1073_20210917_La_2_1321,73,HSL:1402181,Päivöläntie
49800,49800,0,49800,49800,0,False,SCHEDULED,1631912400,HSL:1073_20210917_La_2_1341,73,HSL:1402181,Päivöläntie
51000,51000,0,51000,51000,0,False,SCHEDULED,1631912400,HSL:1073_20210917_La_2_1401,73,HSL:1402181,Päivöläntie
46260,46260,0,46260,46260,0,False,SCHEDULED,1631912400,HSL:1073_20210917_La_2_1241,73,HSL:1402183,Rintamasotilaantie
47460,47460,0,47460,47460,0,False,SCHEDULED,1631912400,HSL:1073_20210917_La_2_1301,73,HSL:1402183,Rintamasotilaantie
48660,48660,0,48660,48660,0,False,SCHEDULED,1631912400,HSL:1073_20210917_La_2_1321,73,HSL:1402183,Rintamasotilaantie
49860,49860,0,49860,49860,0,False,SCHEDULED,1631912400,HSL:1073_20210917_La_2_1341,73,HSL:1402183,Rintamasotilaantie
51060,51060,0,51060,51060,0,False,SCHEDULED,1631912400,HSL:1073_20210917_La_2_1401,73,HSL:1402183,Rintamasotilaantie
45600,45600,0,45600,45600,0,False,SCHEDULED,1631912400,HSL:9973_20210917_La_1_1221,973,HSL:9090207,Nurmikatu
47400,47400,0,47400,47400,0,False,SCHEDULED,1631912400,HSL:9973_20210917_La_1_1251,973,HSL:9090207,Nurmikatu
49200,49200,0,49200,49200,0,False,SCHEDULED,1631912400,HSL:9973_20210917_La_1_1321,973,HSL:9090207,Nurmikatu
51000,51000,0,51000,51000,0,False,SCHEDULED,1631912400,HSL:9973_20210917_La_1_1351,973,HSL:9090207,Nurmikatu
52740,52740,0,52740,52740,0,False,SCHEDULED,1631912400,HSL:9973_20210917_La_1_1420,973,HSL:9090207,Nurmikatu
45480,45456,-24,45480,45456,-24,True,UPDATED,1631912400,HSL:1074_20210917_La_1_1203,74,HSL:1402182,Päivöläntie
46080,46153,73,46080,46158,78,True,UPDATED,1631912400,HSL:1073_20210917_La_1_1213,73,HSL:1402182,Päivöläntie
46680,46648,-32,46680,46648,-32,True,UPDATED,1631912400,HSL:1074_20210917_La_1_1223,74,HSL:1402182,Päivöläntie
47280,47300,20,47280,47304,24,True,UPDATED,1631912400,HSL:1073_20210917_La_1_1232,73,HSL:1402182,Päivöläntie
47880,47880,0,47880,47880,0,False,SCHEDULED,1631912400,HSL:1074_20210917_La_1_1242,74,HSL:1402182,Päivöläntie
45300,45314,14,45300,45319,19,True,UPDATED,1631912400,HSL:2136_20210917_La_2_1217,136,HSL:2433210,Puolarmäki
46080,46180,100,46080,46183,103,True,UPDATED,1631912400,HSL:2531_20210917_La_2_1230,531,HSL:2433210,Puolarmäki
46200,46262,62,46200,46267,67,True,UPDATED,1631912400,HSL:2134_20210917_La_2_1232,134,HSL:2433210,Puolarmäki
46980,46980,0,46980,46980,0,False,SCHEDULED,1631912400,HSL:2531_20210917_La_2_1245,531,HSL:2433210,Puolarmäki
47100,47100,0,47100,47100,0,False,SCHEDULED,1631912400,HSL:2136_20210917_La_2_1247,136,HSL:2433210,Puolarmäki
45300,45298,-2,45300,45341,41,True,UPDATED,1631912400,HSL:1009_20210917_La_1_1210,9,HSL:1121405,Helsinginkatu
46020,46015,-5,46020,46039,19,True,UPDATED,1631912400,HSL:1009_20210917_La_1_1222,9,HSL:1121405,Helsinginkatu
46740,46891,151,46740,46907,167,True,UPDATED,1631912400,HSL:1009_20210917_La_1_1234,9,HSL:1121405,Helsinginkatu
47460,47460,0,47460,47460,0,False,SCHEDULED,1631912400,HSL:1009_20210917_La_1_1246,9,HSL:1121405,Helsinginkatu
48180,48180,0,48180,48180,0,False,SCHEDULED,1631912400,HSL:1009_20210917_La_1_1258,9,HSL:1121405,Helsinginkatu
45420,45624,204,45420,45712,292,True,UPDATED,1631912400,HSL:1001_20210917_La_2_1221,1,HSL:1121406,Helsinginkatu
45960,45960,0,45960,45960,0,False,SCHEDULED,1631912400,HSL:1009_20210917_La_2_1237,9,HSL:1121406,Helsinginkatu
46140,46179,39,46140,46179,39,True,UPDATED,1631912400,HSL:1001_20210917_La_2_1233,1,HSL:1121406,Helsinginkatu
46740,46740,0,46740,46740,0,False,SCHEDULED,1631912400,HSL:1009_20210917_La_2_1249,9,HSL:1121406,Helsinginkatu
46860,46860,0,46860,46860,0,False,SCHEDULED,1631912400,HSL:1001_20210917_La_2_1245,1,HSL:1121406,Helsinginkatu
45900,45900,0,45900,45900,0,False,SCHEDULED,1631912400,HSL:1009_20210917_La_2_1237,9,HSL:1121404,Fleminginkatu
46680,46680,0,46680,46680,0,False,SCHEDULED,1631912400,HSL:1009_20210917_La_2_1249,9,HSL:1121404,Fleminginkatu
47400,47400,0,47400,47400,0,False,SCHEDULED,1631912400,HSL:1009_20210917_La_2_1301,9,HSL:1121404,Fleminginkatu
48120,48120,0,48120,48120,0,False,SCHEDULED,1631912400,HSL:1009_20210917_La_2_1313,9,HSL:1121404,Fleminginkatu
48780,48780,0,48780,48780,0,False,SCHEDULED,1631912400,HSL:1009_20210917_La_2_1325,9,HSL:1121404,Fleminginkatu
46260,46335,75,46260,46338,78,True,UPDATED,1631912400,HSL:2543_20210917_La_2_1222,543,HSL:2241219,Juhanintie
47400,47400,0,47400,47400,0,False,SCHEDULED,1631912400,HSL:2115_20210917_La_1_1300,115,HSL:2241219,Juhanintie
48060,48060,0,48060,48060,0,False,SCHEDULED,1631912400,HSL:2543_20210917_La_2_1252,543,HSL:2241219,Juhanintie
49860,49860,0,49860,49860,0,False,SCHEDULED,1631912400,HSL:2543_20210917_La_2_1322,543,HSL:2241219,Juhanintie
50040,50040,0,50040,50040,0,False,SCHEDULED,1631912400,HSL:2115_20210917_La_1_1344,115,HSL:2241219,Juhanintie
45540,45592,52,45540,45592,52,True,UPDATED,1631912400,HSL:1074_20210917_La_2_1232,74,HSL:1402173,Tapanilankaari
46140,46140,0,46140,46140,0,False,SCHEDULED,1631912400,HSL:1073_20210917_La_2_1241,73,HSL:1402173,Tapanilankaari
46740,46740,0,46740,46740,0,False,SCHEDULED,1631912400,HSL:1074_20210917_La_2_1252,74,HSL:1402173,Tapanilankaari
47340,47340,0,47340,47340,0,False,SCHEDULED,1631912400,HSL:1073_20210917_La_2_1301,73,HSL:1402173,Tapanilankaari
47940,47940,0,47940,47940,0,False,SCHEDULED,1631912400,HSL:1074_20210917_La_2_1312,74,HSL:1402173,Tapanilankaari
45300,45433,133,45300,45436,136,True,UPDATED,1631912400,HSL:2115_20210917_La_2_1234,115,HSL:2241218,Laurintie
45900,45866,-34,45900,45868,-32,True,UPDATED,1631912400,HSL:2543_20210917_La_1_1225,543,HSL:2241218,Laurintie
47700,47700,0,47700,47700,0,False,SCHEDULED,1631912400,HSL:2543_20210917_La_1_1255,543,HSL:2241218,Laurintie
48000,48000,0,48000,48000,0,False,SCHEDULED,1631912400,HSL:2115_20210917_La_2_1319,115,HSL:2241218,Laurintie
49500,49500,0,49500,49500,0,False,SCHEDULED,1631912400,HSL:2543_20210917_La_1_1325,543,HSL:2241218,Laurintie
47280,47280,0,47280,47280,0,False,SCHEDULED,1631912400,HSL:4332_20210917_La_2_1306,332,HSL:4200210,Pikkujärventie
47580,47580,0,47580,47580,0,False,SCHEDULED,1631912400,HSL:4335B_20210917_La_2_1311,335B,HSL:4200210,Pikkujärventie
50880,50880,0,50880,50880,0,False,SCHEDULED,1631912400,HSL:4332_20210917_La_2_1406,332,HSL:4200210,Pikkujärventie
51180,51180,0,51180,51180,0,False,SCHEDULED,1631912400,HSL:4335B_20210917_La_2_1411,335B,HSL:4200210,Pikkujärventie
54480,54480,0,54480,54480,0,False,SCHEDULED,1631912400,HSL:4332_20210917_La_2_1506,332,HSL:4200210,Pikkujärventie
47040,47040,0,47040,47040,0,False,SCHEDULED,1631912400,HSL:9973_20210917_La_1_1251,973,HSL:4880207,Västäräkkikuja
48840,48840,0,48840,48840,0,False,SCHEDULED,1631912400,HSL:9973_20210917_La_1_1321,973,HSL:4880207,Västäräkkikuja
50640,50640,0,50640,50640,0,False,SCHEDULED,1631912400,HSL:9973_20210917_La_1_1351,973,HSL:4880207,Västäräkkikuja
52380,52380,0,52380,52380,0,False,SCHEDULED,1631912400,HSL:9973_20210917_La_1_1420,973,HSL:4880207,Västäräkkikuja
54240,54240,0,54240,54240,0,False,SCHEDULED,1631912400,HSL:9973_20210917_La_1_1450,973,HSL:4880207,Västäräkkikuja
46920,46920,0,46920,46920,0,False,SCHEDULED,1631912400,HSL:9973_20210917_La_2_1250,973,HSL:4880206,Västäräkkikuja
48720,48720,0,48720,48720,0,False,SCHEDULED,1631912400,HSL:9973_20210917_La_2_1320,973,HSL:4880206,Västäräkkikuja
50520,50520,0,50520,50520,0,False,SCHEDULED,1631912400,HSL:9973_20210917_La_2_1350,973,HSL:4880206,Västäräkkikuja
52320,52320,0,52320,52320,0,False,SCHEDULED,1631912400,HSL:9973_20210917_La_2_1420,973,HSL:4880206,Västäräkkikuja
54120,54120,0,54120,54120,0,False,SCHEDULED,1631912400,HSL:9973_20210917_La_2_1450,973,HSL:4880206,Västäräkkikuja
45360,45528,168,45360,45528,168,True,UPDATED,1631912400,HSL:2134_20210917_La_1_1224,134,HSL:2433209,Puolarmäki
45720,45818,98,45720,45820,100,True,UPDATED,1631912400,HSL:2531_20210917_La_1_1221,531,HSL:2433209,Puolarmäki
46260,46260,0,46260,46260,0,True,UPDATED,1631912400,HSL:2136_20210917_La_1_1239,136,HSL:2433209,Puolarmäki
46620,46620,0,46620,46620,0,False,SCHEDULED,1631912400,HSL:2531_20210917_La_1_1236,531,HSL:2433209,Puolarmäki
47160,47160,0,47160,47160,0,False,SCHEDULED,1631912400,HSL:2134_20210917_La_1_1254,134,HSL:2433209,Puolarmäki
47340,47340,0,47340,47340,0,False,SCHEDULED,1631912400,HSL:4332_20210917_La_2_1306,332,HSL:4200212,Hirsikuja
47640,47640,0,47640,47640,0,False,SCHEDULED,1631912400,HSL:4335B_20210917_La_2_1311,335B,HSL:4200212,Hirsikuja
50940,50940,0,50940,50940,0,False,SCHEDULED,1631912400,HSL:4332_20210917_La_2_1406,332,HSL:4200212,Hirsikuja
51240,51240,0,51240,51240,0,False,SCHEDULED,1631912400,HSL:4335B_20210917_La_2_1411,335B,HSL:4200212,Hirsikuja
54540,54540,0,54540,54540,0,False,SCHEDULED,1631912400,HSL:4332_20210917_La_2_1506,332,HSL:4200212,Hirsikuja
46920,46920,0,46920,46920,0,False,SCHEDULED,1631912400,HSL:9973_20210917_La_1_1251,973,HSL:4880205,Siepporinne
48720,48720,0,48720,48720,0,False,SCHEDULED,1631912400,HSL:9973_20210917_La_1_1321,973,HSL:4880205,Siepporinne
50520,50520,0,50520,50520,0,False,SCHEDULED,1631912400,HSL:9973_20210917_La_1_1351,973,HSL:4880205,Siepporinne
52260,52260,0,52260,52260,0,False,SCHEDULED,1631912400,HSL:9973_20210917_La_1_1420,973,HSL:4880205,Siepporinne
54120,54120,0,54120,54120,0,False,SCHEDULED,1631912400,HSL:9973_20210917_La_1_1450,973,HSL:4880205,Siepporinne
45780,45744,-36,45780,45745,-35,True,UPDATED,1631912400,HSL:2158_20210917_La_1_1223,158,HSL:2421220,Kattilarinne
45960,46033,73,45960,46034,74,True,UPDATED,1631912400,HSL:2542_20210917_La_2_1222,542,HSL:2421220,Kattilarinne
46680,46680,0,46680,46680,0,False,SCHEDULED,1631912400,HSL:2158_20210917_La_1_1238,158,HSL:2421220,Kattilarinne
46860,46860,0,46860,46860,0,False,SCHEDULED,1631912400,HSL:2542_20210917_La_2_1237,542,HSL:2421220,Kattilarinne
47580,47580,0,47580,47580,0,False,SCHEDULED,1631912400,HSL:2158_20210917_La_1_1253,158,HSL:2421220,Kattilarinne
46140,46248,108,46140,46248,108,True,UPDATED,1631912400,HSL:2543_20210917_La_2_1222,543,HSL:2241215,Lukutie
47340,47340,0,47340,47340,0,False,SCHEDULED,1631912400,HSL:2115_20210917_La_1_1300,115,HSL:2241215,Lukutie
47940,47940,0,47940,47940,0,False,SCHEDULED,1631912400,HSL:2543_20210917_La_2_1252,543,HSL:2241215,Lukutie
49740,49740,0,49740,49740,0,False,SCHEDULED,1631912400,HSL:2543_20210917_La_2_1322,543,HSL:2241215,Lukutie
49980,49980,0,49980,49980,0,False,SCHEDULED,1631912400,HSL:2115_20210917_La_1_1344,115,HSL:2241215,Lukutie
46740,46740,0,46740,46740,0,False,SCHEDULED,1631912400,HSL:4335B_20210917_La_1_1238,335B,HSL:4200211,Hirsikuja
46920,46946,26,46920,46949,29,True,UPDATED,1631912400,HSL:4332_20210917_La_1_1217,332,HSL:4200211,Hirsikuja
50340,50340,0,50340,50340,0,False,SCHEDULED,1631912400,HSL:4335B_20210917_La_1_1338,335B,HSL:4200211,Hirsikuja
50520,50520,0,50520,50520,0,False,SCHEDULED,1631912400,HSL:4332_20210917_La_1_1317,332,HSL:4200211,Hirsikuja
53940,53940,0,53940,53940,0,False,SCHEDULED,1631912400,HSL:4335B_20210917_La_1_1438,335B,HSL:4200211,Hirsikuja
45420,45517,97,45420,45518,98,True,UPDATED,1631912400,HSL:2115_20210917_La_2_1234,115,HSL:2241214,Juhannusmäki
46020,46013,-7,46020,46016,-4,True,UPDATED,1631912400,HSL:2543_20210917_La_1_1225,543,HSL:2241214,Juhannusmäki
47820,47820,0,47820,47820,0,False,SCHEDULED,1631912400,HSL:2543_20210917_La_1_1255,543,HSL:2241214,Juhannusmäki
48120,48120,0,48120,48120,0,False,SCHEDULED,1631912400,HSL:2115_20210917_La_2_1319,115,HSL:2241214,Juhannusmäki
49620,49620,0,49620,49620,0,False,SCHEDULED,1631912400,HSL:2543_20210917_La_1_1325,543,HSL:2241214,Juhannusmäki
47040,47040,0,47040,47040,0,False,SCHEDULED,1631912400,HSL:9973_20210917_La_2_1250,973,HSL:4880204,Siepporinne
48840,48840,0,48840,48840,0,False,SCHEDULED,1631912400,HSL:9973_20210917_La_2_1320,973,HSL:4880204,Siepporinne
50640,50640,0,50640,50640,0,False,SCHEDULED,1631912400,HSL:9973_20210917_La_2_1350,973,HSL:4880204,Siepporinne
52440,52440,0,52440,52440,0,False,SCHEDULED,1631912400,HSL:9973_20210917_La_2_1420,973,HSL:4880204,Siepporinne
54240,54240,0,54240,54240,0,False,SCHEDULED,1631912400,HSL:9973_20210917_La_2_1450,973,HSL:4880204,Siepporinne
46200,46293,93,46200,46294,94,True,UPDATED,1631912400,HSL:2543_20210917_La_2_1222,543,HSL:2241217,Laurintie
47340,47340,0,47340,47340,0,False,SCHEDULED,1631912400,HSL:2115_20210917_La_1_1300,115,HSL:2241217,Laurintie
48000,48000,0,48000,48000,0,False,SCHEDULED,1631912400,HSL:2543_20210917_La_2_1252,543,HSL:2241217,Laurintie
49800,49800,0,49800,49800,0,False,SCHEDULED,1631912400,HSL:2543_20210917_La_2_1322,543,HSL:2241217,Laurintie
49980,49980,0,49980,49980,0,False,SCHEDULED,1631912400,HSL:2115_20210917_La_1_1344,115,HSL:2241217,Laurintie
47220,47220,0,47220,47220,0,False,SCHEDULED,1631912400,HSL:4332_20210917_La_2_1306,332,HSL:4200214,Uudentuvantie
47520,47520,0,47520,47520,0,False,SCHEDULED,1631912400,HSL:4335B_20210917_La_2_1311,335B,HSL:4200214,Uudentuvantie
50820,50820,0,50820,50820,0,False,SCHEDULED,1631912400,HSL:4332_20210917_La_2_1406,332,HSL:4200214,Uudentuvantie
51120,51120,0,51120,51120,0,False,SCHEDULED,1631912400,HSL:4335B_20210917_La_2_1411,335B,HSL:4200214,Uudentuvantie
54420,54420,0,54420,54420,0,False,SCHEDULED,1631912400,HSL:4332_20210917_La_2_1506,332,HSL:4200214,Uudentuvantie
46860,46860,0,46860,46860,0,False,SCHEDULED,1631912400,HSL:4335B_20210917_La_1_1238,335B,HSL:4200213,Uudentuvantie
47040,47070,30,47040,47080,40,True,UPDATED,1631912400,HSL:4332_20210917_La_1_1217,332,HSL:4200213,Uudentuvantie
50460,50460,0,50460,50460,0,False,SCHEDULED,1631912400,HSL:4335B_20210917_La_1_1338,335B,HSL:4200213,Uudentuvantie
50640,50640,0,50640,50640,0,False,SCHEDULED,1631912400,HSL:4332_20210917_La_1_1317,332,HSL:4200213,Uudentuvantie
54060,54060,0,54060,54060,0,False,SCHEDULED,1631912400,HSL:4335B_20210917_La_1_1438,335B,HSL:4200213,Uudentuvantie
45600,45617,17,45600,45620,20,True,UPDATED,1631912400,HSL:1074_20210917_La_2_1232,74,HSL:1402179,Moisiontie
46140,46140,0,46140,46140,0,False,SCHEDULED,1631912400,HSL:1073_20210917_La_2_1241,73,HSL:1402179,Moisiontie
46800,46800,0,46800,46800,0,False,SCHEDULED,1631912400,HSL:1074_20210917_La_2_1252,74,HSL:1402179,Moisiontie
47340,47340,0,47340,47340,0,False,SCHEDULED,1631912400,HSL:1073_20210917_La_2_1301,73,HSL:1402179,Moisiontie
48000,48000,0,48000,48000,0,False,SCHEDULED,1631912400,HSL:1074_20210917_La_2_1312,74,HSL:1402179,Moisiontie
45360,45474,114,45360,45477,117,True,UPDATED,1631912400,HSL:2115_20210917_La_2_1234,115,HSL:2241216,Lukutie
45960,45971,11,45960,45972,12,True,UPDATED,1631912400,HSL:2543_20210917_La_1_1225,543,HSL:2241216,Lukutie
47760,47760,0,47760,47760,0,False,SCHEDULED,1631912400,HSL:2543_20210917_La_1_1255,543,HSL:2241216,Lukutie
48060,48060,0,48060,48060,0,False,SCHEDULED,1631912400,HSL:2115_20210917_La_2_1319,115,HSL:2241216,Lukutie
49560,49560,0,49560,49560,0,False,SCHEDULED,1631912400,HSL:2543_20210917_La_1_1325,543,HSL:2241216,Lukutie
46980,46980,0,46980,46980,0,False,SCHEDULED,1631912400,HSL:9973_20210917_La_2_1250,973,HSL:4880202,Anttilantie
48780,48780,0,48780,48780,0,False,SCHEDULED,1631912400,HSL:9973_20210917_La_2_1320,973,HSL:4880202,Anttilantie
50580,50580,0,50580,50580,0,False,SCHEDULED,1631912400,HSL:9973_20210917_La_2_1350,973,HSL:4880202,Anttilantie
52380,52380,0,52380,52380,0,False,SCHEDULED,1631912400,HSL:9973_20210917_La_2_1420,973,HSL:4880202,Anttilantie
54180,54180,0,54180,54180,0,False,SCHEDULED,1631912400,HSL:9973_20210917_La_2_1450,973,HSL:4880202,Anttilantie
45300,45369,69,45300,45371,71,True,UPDATED,1631912400,HSL:2533_20210917_La_1_1218,533,HSL:2241211,Lukusilta
45660,45848,188,45660,45848,188,True,UPDATED,1631912400,HSL:2532_20210917_La_1_1224,532,HSL:2241211,Lukusilta
45960,45960,0,45960,45960,0,False,SCHEDULED,1631912400,HSL:2118_20210917_La_1_1232,118,HSL:2241211,Lukusilta
46200,46313,113,46200,46315,115,True,UPDATED,1631912400,HSL:2533_20210917_La_1_1233,533,HSL:2241211,Lukusilta
46560,46560,0,46560,46560,0,False,SCHEDULED,1631912400,HSL:2532_20210917_La_1_1239,532,HSL:2241211,Lukusilta
46980,46980,0,46980,46980,0,False,SCHEDULED,1631912400,HSL:9973_20210917_La_1_1251,973,HSL:4880201,Anttilantie
48780,48780,0,48780,48780,0,False,SCHEDULED,1631912400,HSL:9973_20210917_La_1_1321,973,HSL:4880201,Anttilantie
50580,50580,0,50580,50580,0,False,SCHEDULED,1631912400,HSL:9973_20210917_La_1_1351,973,HSL:4880201,Anttilantie
52320,52320,0,52320,52320,0,False,SCHEDULED,1631912400,HSL:9973_20210917_La_1_1420,973,HSL:4880201,Anttilantie
54180,54180,0,54180,54180,0,False,SCHEDULED,1631912400,HSL:9973_20210917_La_1_1450,973,HSL:4880201,Anttilantie
45720,45966,246,45720,45977,257,True,UPDATED,1631912400,HSL:2125_20210917_La_1_1225,125,HSL:2433207,Puolarmetsänkatu
46080,46080,0,46080,46080,0,False,SCHEDULED,1631912400,HSL:2158_20210917_La_1_1238,158,HSL:2433207,Puolarmetsänkatu
46620,46620,0,46620,46620,0,False,SCHEDULED,1631912400,HSL:2125_20210917_La_1_1240,125,HSL:2433207,Puolarmetsänkatu
46980,46980,0,46980,46980,0,False,SCHEDULED,1631912400,HSL:2158_20210917_La_1_1253,158,HSL:2433207,Puolarmetsänkatu
47520,47520,0,47520,47520,0,False,SCHEDULED,1631912400,HSL:2125_20210917_La_1_1255,125,HSL:2433207,Puolarmetsänkatu
46320,46269,-51,46320,46273,-47,True,UPDATED,1631912400,HSL:1077_20210917_La_1_1220,77,HSL:1414152,Huokotie
47520,47520,0,47520,47520,0,False,SCHEDULED,1631912400,HSL:1077_20210917_La_1_1240,77,HSL:1414152,Huokotie
48720,48720,0,48720,48720,0,False,SCHEDULED,1631912400,HSL:1077_20210917_La_1_1300,77,HSL:1414152,Huokotie
49920,49920,0,49920,49920,0,False,SCHEDULED,1631912400,HSL:1077_20210917_La_1_1320,77,HSL:1414152,Huokotie
51180,51180,0,51180,51180,0,False,SCHEDULED,1631912400,HSL:1077_20210917_La_1_1340,77,HSL:1414152,Huokotie
45780,45780,0,45780,45780,0,False,SCHEDULED,1631912400,HSL:1077_20210917_La_2_1241,77,HSL:1414153,Huokotie
46980,46980,0,46980,46980,0,False,SCHEDULED,1631912400,HSL:1077_20210917_La_2_1301,77,HSL:1414153,Huokotie
48180,48180,0,48180,48180,0,False,SCHEDULED,1631912400,HSL:1077_20210917_La_2_1321,77,HSL:1414153,Huokotie
49380,49380,0,49380,49380,0,False,SCHEDULED,1631912400,HSL:1077_20210917_La_2_1341,77,HSL:1414153,Huokotie
50580,50580,0,50580,50580,0,False,SCHEDULED,1631912400,HSL:1077_20210917_La_2_1401,77,HSL:1414153,Huokotie
45360,45353,-7,45360,45451,91,True,UPDATED,1631912400,HSL:1069_20210917_La_1_1123,69,HSL:1414154,Kalteentie
45660,45660,0,45660,45660,0,False,SCHEDULED,1631912400,HSL:1069_20210917_La_2_1241,69,HSL:1414154,Kalteentie
46560,46519,-41,46560,46519,-41,True,UPDATED,1631912400,HSL:1069_20210917_La_1_1143,69,HSL:1414154,Kalteentie
46860,46860,0,46860,46860,0,False,SCHEDULED,1631912400,HSL:1069_20210917_La_2_1301,69,HSL:1414154,Kalteentie
47760,47804,44,47760,47804,44,True,UPDATED,1631912400,HSL:1069_20210917_La_1_1203,69,HSL:1414154,Kalteentie
45300,45322,22,45300,45326,26,True,UPDATED,1631912400,HSL:1069_20210917_La_1_1123,69,HSL:1414155,Kuussillantie
46440,46331,-109,46440,46360,-80,True,UPDATED,1631912400,HSL:1077_20210917_La_1_1220,77,HSL:1414155,Kuussillantie
46500,46463,-37,46500,46465,-35,True,UPDATED,1631912400,HSL:1069_20210917_La_1_1143,69,HSL:1414155,Kuussillantie
47640,47640,0,47640,47640,0,False,SCHEDULED,1631912400,HSL:1077_20210917_La_1_1240,77,HSL:1414155,Kuussillantie
47700,47744,44,47700,47744,44,True,UPDATED,1631912400,HSL:1069_20210917_La_1_1203,69,HSL:1414155,Kuussillantie
45720,45720,0,45720,45720,0,False,SCHEDULED,1631912400,HSL:1077_20210917_La_2_1241,77,HSL:1414156,Kuussillantie
45780,45780,0,45780,45780,0,False,SCHEDULED,1631912400,HSL:1069_20210917_La_2_1241,69,HSL:1414156,Kuussillantie
46920,46920,0,46920,46920,0,False,SCHEDULED,1631912400,HSL:1077_20210917_La_2_1301,77,HSL:1414156,Kuussillantie
46980,46980,0,46980,46980,0,False,SCHEDULED,1631912400,HSL:1069_20210917_La_2_1301,69,HSL:1414156,Kuussillantie
48120,48120,0,48120,48120,0,False,SCHEDULED,1631912400,HSL:1077_20210917_La_2_1321,77,HSL:1414156,Kuussillantie
45900,45888,-12,45900,45890,-10,True,UPDATED,1631912400,HSL:2158_20210917_La_1_1223,158,HSL:2421224,Kiviruukki
46800,46800,0,46800,46800,0,False,SCHEDULED,1631912400,HSL:2158_20210917_La_1_1238,158,HSL:2421224,Kiviruukki
47700,47700,0,47700,47700,0,False,SCHEDULED,1631912400,HSL:2158_20210917_La_1_1253,158,HSL:2421224,Kiviruukki
48600,48600,0,48600,48600,0,False,SCHEDULED,1631912400,HSL:2158_20210917_La_1_1308,158,HSL:2421224,Kiviruukki
49500,49500,0,49500,49500,0,False,SCHEDULED,1631912400,HSL:2158_20210917_La_1_1323,158,HSL:2421224,Kiviruukki
45420,45420,0,45420,45420,0,True,UPDATED,1631912400,HSL:2158_20210917_La_2_1236,158,HSL:2421223,Tiilismäki
46320,46320,0,46320,46320,0,False,SCHEDULED,1631912400,HSL:2158_20210917_La_2_1251,158,HSL:2421223,Tiilismäki
47220,47220,0,47220,47220,0,False,SCHEDULED,1631912400,HSL:2158_20210917_La_2_1306,158,HSL:2421223,Tiilismäki
48120,48120,0,48120,48120,0,False,SCHEDULED,1631912400,HSL:2158_20210917_La_2_1321,158,HSL:2421223,Tiilismäki
49020,49020,0,49020,49020,0,False,SCHEDULED,1631912400,HSL:2158_20210917_La_2_1336,158,HSL:2421223,Tiilismäki
45840,45841,1,45840,45843,3,True,UPDATED,1631912400,HSL:2158_20210917_La_1_1223,158,HSL:2421222,Tiilismäki
46740,46740,0,46740,46740,0,False,SCHEDULED,1631912400,HSL:2158_20210917_La_1_1238,158,HSL:2421222,Tiilismäki
47640,47640,0,47640,47640,0,False,SCHEDULED,1631912400,HSL:2158_20210917_La_1_1253,158,HSL:2421222,Tiilismäki
48540,48540,0,48540,48540,0,False,SCHEDULED,1631912400,HSL:2158_20210917_La_1_1308,158,HSL:2421222,Tiilismäki
49440,49440,0,49440,49440,0,False,SCHEDULED,1631912400,HSL:2158_20210917_La_1_1323,158,HSL:2421222,Tiilismäki
45360,45208,-152,45360,45360,0,True,UPDATED,1631912400,HSL:2158_20210917_La_2_1236,158,HSL:2421227,Tiilenvalajantie
46260,46260,0,46260,46260,0,False,SCHEDULED,1631912400,HSL:2158_20210917_La_2_1251,158,HSL:2421227,Tiilenvalajantie
47160,47160,0,47160,47160,0,False,SCHEDULED,1631912400,HSL:2158_20210917_La_2_1306,158,HSL:2421227,Tiilenvalajantie
48060,48060,0,48060,48060,0,False,SCHEDULED,1631912400,HSL:2158_20210917_La_2_1321,158,HSL:2421227,Tiilenvalajantie
48960,48960,0,48960,48960,0,False,SCHEDULED,1631912400,HSL:2158_20210917_La_2_1336,158,HSL:2421227,Tiilenvalajantie
45960,45919,-41,45960,45929,-31,True,UPDATED,1631912400,HSL:2158_20210917_La_1_1223,158,HSL:2421226,Tiilenvalajantie
46860,46860,0,46860,46860,0,False,SCHEDULED,1631912400,HSL:2158_20210917_La_1_1238,158,HSL:2421226,Tiilenvalajantie
47760,47760,0,47760,47760,0,False,SCHEDULED,1631912400,HSL:2158_20210917_La_1_1253,158,HSL:2421226,Tiilenvalajantie
48660,48660,0,48660,48660,0,False,SCHEDULED,1631912400,HSL:2158_20210917_La_1_1308,158,HSL:2421226,Tiilenvalajantie
49560,49560,0,49560,49560,0,False,SCHEDULED,1631912400,HSL:2158_20210917_La_1_1323,158,HSL:2421226,Tiilenvalajantie
45420,45420,0,45420,45420,0,True,UPDATED,1631912400,HSL:2158_20210917_La_2_1236,158,HSL:2421225,Kiviruukki
46320,46320,0,46320,46320,0,False,SCHEDULED,1631912400,HSL:2158_20210917_La_2_1251,158,HSL:2421225,Kiviruukki
47220,47220,0,47220,47220,0,False,SCHEDULED,1631912400,HSL:2158_20210917_La_2_1306,158,HSL:2421225,Kiviruukki
48120,48120,0,48120,48120,0,False,SCHEDULED,1631912400,HSL:2158_20210917_La_2_1321,158,HSL:2421225,Kiviruukki
49020,49020,0,49020,49020,0,False,SCHEDULED,1631912400,HSL:2158_20210917_La_2_1336,158,HSL:2421225,Kiviruukki
45120,45388,268,45120,45388,268,True,UPDATED,1631912400,HSL:4332_20210917_La_2_1206,332,HSL:1463118,Konalan puisto
45840,45959,119,45840,45959,119,True,UPDATED,1631912400,HSL:2345N_20210917_La_2_1208,345N,HSL:1463118,Konalan puisto
46020,46020,0,46020,46020,0,False,SCHEDULED,1631912400,HSL:1037_20210917_La_2_1233,37,HSL:1463118,Konalan puisto
46560,46602,42,46560,46602,42,True,UPDATED,1631912400,HSL:2321_20210917_La_2_1229,321,HSL:1463118,Konalan puisto
47220,47220,0,47220,47220,0,False,SCHEDULED,1631912400,HSL:1037_20210917_La_2_1253,37,HSL:1463118,Konalan puisto
45660,45920,260,45660,45920,260,True,UPDATED,1631912400,HSL:1030_20210917_La_2_1221,30,HSL:1463116,Jännetie
46140,46140,0,46140,46140,0,False,SCHEDULED,1631912400,HSL:1059_20210917_La_2_1239,59,HSL:1463116,Jännetie
46560,46560,0,46560,46560,0,True,UPDATED,1631912400,HSL:1030_20210917_La_2_1236,30,HSL:1463116,Jännetie
47040,47040,0,47040,47040,0,False,SCHEDULED,1631912400,HSL:1059_20210917_La_2_1254,59,HSL:1463116,Jännetie
47460,47460,0,47460,47460,0,False,SCHEDULED,1631912400,HSL:1030_20210917_La_2_1251,30,HSL:1463116,Jännetie
45540,45522,-18,45540,45528,-12,True,UPDATED,1631912400,HSL:4332_20210917_La_1_1217,332,HSL:1463117,Konalan puisto
46140,46197,57,46140,46201,61,True,UPDATED,1631912400,HSL:1037_20210917_La_1_1224,37,HSL:1463117,Konalan puisto
46200,46253,53,46200,46258,58,True,UPDATED,1631912400,HSL:2321_20210917_La_1_1229,321,HSL:1463117,Konalan puisto
46980,46980,0,46980,46980,0,False,SCHEDULED,1631912400,HSL:4322_20210917_La_1_1241,322,HSL:1463117,Konalan puisto
47340,47340,0,47340,47340,0,False,SCHEDULED,1631912400,HSL:1037_20210917_La_1_1244,37,HSL:1463117,Konalan puisto
45360,45427,67,45360,45427,67,True,UPDATED,1631912400,HSL:2200_20210917_La_2_1204,200,HSL:1463114,Pitäjänmäen asema
45720,45798,78,45720,45816,96,True,UPDATED,1631912400,HSL:2550_20210917_La_2_1219,550,HSL:1463114,Pitäjänmäen asema
45720,45980,260,45720,45980,260,True,UPDATED,1631912400,HSL:1030_20210917_La_2_1221,30,HSL:1463114,Pitäjänmäen asema
45960,46107,147,45960,46132,172,True,UPDATED,1631912400,HSL:2200_20210917_La_2_1214,200,HSL:1463114,Pitäjänmäen asema
46140,46176,36,46140,46191,51,True,UPDATED,1631912400,HSL:2201_20210917_La_1_1230,201,HSL:1463114,Pitäjänmäen asema
46800,45477,-1323,46800,45477,-1323,True,UPDATED,1631912400,HSL:1030_20210917_La_1_1222,30,HSL:1463115,Jännetie
45480,45713,233,45480,45713,233,True,UPDATED,1631912400,HSL:1059_20210917_La_1_1201,59,HSL:1463115,Jännetie
45900,46094,194,45900,46154,254,True,UPDATED,1631912400,HSL:1030_20210917_La_1_1207,30,HSL:1463115,Jännetie
46380,46560,180,46380,46560,180,True,UPDATED,1631912400,HSL:1059_20210917_La_1_1216,59,HSL:1463115,Jännetie
47280,47329,49,47280,47329,49,True,UPDATED,1631912400,HSL:1059_20210917_La_1_1231,59,HSL:1463115,Jännetie
45360,45396,36,45360,45396,36,True,UPDATED,1631912400,HSL:2550_20210917_La_1_1152,550,HSL:1463113,Pitäjänmäen asema
46740,45477,-1263,46740,45477,-1263,True,UPDATED,1631912400,HSL:1030_20210917_La_1_1222,30,HSL:1463113,Pitäjänmäen asema
45480,45560,80,45480,45560,80,True,UPDATED,1631912400,HSL:2200_20210917_La_1_1214,200,HSL:1463113,Pitäjänmäen asema
45420,45653,233,45420,45653,233,True,UPDATED,1631912400,HSL:1059_20210917_La_1_1201,59,HSL:1463113,Pitäjänmäen asema
45900,45857,-43,45900,45869,-31,True,UPDATED,1631912400,HSL:2553K_20210917_La_1_1150,553K,HSL:1463113,Pitäjänmäen asema
46380,46380,0,46380,46380,0,False,SCHEDULED,1631912400,HSL:1097V_20210917_La_2_1240,97V,HSL:1451139,Kuutsalontie
48180,48180,0,48180,48180,0,False,SCHEDULED,1631912400,HSL:1097V_20210917_La_2_1310,97V,HSL:1451139,Kuutsalontie
49980,49980,0,49980,49980,0,False,SCHEDULED,1631912400,HSL:1097V_20210917_La_2_1340,97V,HSL:1451139,Kuutsalontie
51780,51780,0,51780,51780,0,False,SCHEDULED,1631912400,HSL:1097V_20210917_La_2_1410,97V,HSL:1451139,Kuutsalontie
53580,53580,0,53580,53580,0,False,SCHEDULED,1631912400,HSL:1097V_20210917_La_2_1440,97V,HSL:1451139,Kuutsalontie
45840,45823,-17,45840,45823,-17,True,UPDATED,1631912400,HSL:2201_20210917_La_1_1230,201,HSL:1463105,Taavinkuja
47220,47220,0,47220,47220,0,False,SCHEDULED,1631912400,HSL:2201_20210917_La_2_1300,201,HSL:1463105,Taavinkuja
49440,49440,0,49440,49440,0,False,SCHEDULED,1631912400,HSL:2201_20210917_La_1_1330,201,HSL:1463105,Taavinkuja
50820,50820,0,50820,50820,0,False,SCHEDULED,1631912400,HSL:2201_20210917_La_2_1400,201,HSL:1463105,Taavinkuja
53040,53040,0,53040,53040,0,False,SCHEDULED,1631912400,HSL:2201_20210917_La_1_1430,201,HSL:1463105,Taavinkuja
45900,45919,19,45900,45987,87,True,UPDATED,1631912400,HSL:2201_20210917_La_1_1230,201,HSL:1463106,Kotikallio
47280,47280,0,47280,47280,0,False,SCHEDULED,1631912400,HSL:2201_20210917_La_2_1300,201,HSL:1463106,Kotikallio
49500,49500,0,49500,49500,0,False,SCHEDULED,1631912400,HSL:2201_20210917_La_1_1330,201,HSL:1463106,Kotikallio
50880,50880,0,50880,50880,0,False,SCHEDULED,1631912400,HSL:2201_20210917_La_2_1400,201,HSL:1463106,Kotikallio
53100,53100,0,53100,53100,0,False,SCHEDULED,1631912400,HSL:2201_20210917_La_1_1430,201,HSL:1463106,Kotikallio
47160,47160,0,47160,47160,0,False,SCHEDULED,1631912400,HSL:2201_20210917_La_2_1300,201,HSL:1463103,Kyläkirkko
50760,50760,0,50760,50760,0,False,SCHEDULED,1631912400,HSL:2201_20210917_La_2_1400,201,HSL:1463103,Kyläkirkko
54360,54360,0,54360,54360,0,False,SCHEDULED,1631912400,HSL:2201_20210917_La_2_1500,201,HSL:1463103,Kyläkirkko
46020,46043,23,46020,46049,29,True,UPDATED,1631912400,HSL:2201_20210917_La_1_1230,201,HSL:1463104,Kyläkirkko
49620,49620,0,49620,49620,0,False,SCHEDULED,1631912400,HSL:2201_20210917_La_1_1330,201,HSL:1463104,Kyläkirkko
53220,53220,0,53220,53220,0,False,SCHEDULED,1631912400,HSL:2201_20210917_La_1_1430,201,HSL:1463104,Kyläkirkko
56820,56820,0,56820,56820,0,False,SCHEDULED,1631912400,HSL:2201_20210917_La_1_1530,201,HSL:1463104,Kyläkirkko
47100,47100,0,47100,47100,0,False,SCHEDULED,1631912400,HSL:2201_20210917_La_2_1300,201,HSL:1463101,Knuutintie
50700,50700,0,50700,50700,0,False,SCHEDULED,1631912400,HSL:2201_20210917_La_2_1400,201,HSL:1463101,Knuutintie
54300,54300,0,54300,54300,0,False,SCHEDULED,1631912400,HSL:2201_20210917_La_2_1500,201,HSL:1463101,Knuutintie
46080,46075,-5,46080,46077,-3,True,UPDATED,1631912400,HSL:2201_20210917_La_1_1230,201,HSL:1463102,Knuutintie
49680,49680,0,49680,49680,0,False,SCHEDULED,1631912400,HSL:2201_20210917_La_1_1330,201,HSL:1463102,Knuutintie
53280,53280,0,53280,53280,0,False,SCHEDULED,1631912400,HSL:2201_20210917_La_1_1430,201,HSL:1463102,Knuutintie
56880,56880,0,56880,56880,0,False,SCHEDULED,1631912400,HSL:2201_20210917_La_1_1530,201,HSL:1463102,Knuutintie
46140,46140,0,46140,46140,0,False,SCHEDULED,1631912400,HSL:1097V_20210917_La_2_1240,97V,HSL:1451128,Itäväylä
47940,47940,0,47940,47940,0,False,SCHEDULED,1631912400,HSL:1097V_20210917_La_2_1310,97V,HSL:1451128,Itäväylä
49740,49740,0,49740,49740,0,False,SCHEDULED,1631912400,HSL:1097V_20210917_La_2_1340,97V,HSL:1451128,Itäväylä
51540,51540,0,51540,51540,0,False,SCHEDULED,1631912400,HSL:1097V_20210917_La_2_1410,97V,HSL:1451128,Itäväylä
53340,53340,0,53340,53340,0,False,SCHEDULED,1631912400,HSL:1097V_20210917_La_2_1440,97V,HSL:1451128,Itäväylä
46560,46560,0,46560,46560,0,False,SCHEDULED,1631912400,HSL:1097V_20210917_La_1_1244,97V,HSL:1451127,Itäväylä
48420,48420,0,48420,48420,0,False,SCHEDULED,1631912400,HSL:1097V_20210917_La_1_1314,97V,HSL:1451127,Itäväylä
50220,50220,0,50220,50220,0,False,SCHEDULED,1631912400,HSL:1097V_20210917_La_1_1344,97V,HSL:1451127,Itäväylä
52020,52020,0,52020,52020,0,False,SCHEDULED,1631912400,HSL:1097V_20210917_La_1_1414,97V,HSL:1451127,Itäväylä
53820,53820,0,53820,53820,0,False,SCHEDULED,1631912400,HSL:1097V_20210917_La_1_1444,97V,HSL:1451127,Itäväylä
45900,45885,-15,45900,45920,20,True,UPDATED,1631912400,HSL:1095_20210917_La_2_1227,95,HSL:1451126,Inkeroistentie
46800,46800,0,46800,46800,0,False,SCHEDULED,1631912400,HSL:1095_20210917_La_2_1242,95,HSL:1451126,Inkeroistentie
47700,47700,0,47700,47700,0,False,SCHEDULED,1631912400,HSL:1095_20210917_La_2_1257,95,HSL:1451126,Inkeroistentie
48600,48600,0,48600,48600,0,False,SCHEDULED,1631912400,HSL:1095_20210917_La_2_1312,95,HSL:1451126,Inkeroistentie
49500,49500,0,49500,49500,0,False,SCHEDULED,1631912400,HSL:1095_20210917_La_2_1327,95,HSL:1451126,Inkeroistentie
46020,46020,0,46020,46020,0,True,UPDATED,1631912400,HSL:1095_20210917_La_1_1240,95,HSL:1451125,Inkeroistentie
46920,46920,0,46920,46920,0,False,SCHEDULED,1631912400,HSL:1095_20210917_La_1_1255,95,HSL:1451125,Inkeroistentie
47820,47820,0,47820,47820,0,False,SCHEDULED,1631912400,HSL:1095_20210917_La_1_1310,95,HSL:1451125,Inkeroistentie
48720,48720,0,48720,48720,0,False,SCHEDULED,1631912400,HSL:1095_20210917_La_1_1325,95,HSL:1451125,Inkeroistentie
49620,49620,0,49620,49620,0,False,SCHEDULED,1631912400,HSL:1095_20210917_La_1_1340,95,HSL:1451125,Inkeroistentie
46200,46200,0,46200,46200,0,False,SCHEDULED,1631912400,HSL:1097V_20210917_La_2_1240,97V,HSL:1451124,Muinaislinnanpolku
48000,48000,0,48000,48000,0,False,SCHEDULED,1631912400,HSL:1097V_20210917_La_2_1310,97V,HSL:1451124,Muinaislinnanpolku
49800,49800,0,49800,49800,0,False,SCHEDULED,1631912400,HSL:1097V_20210917_La_2_1340,97V,HSL:1451124,Muinaislinnanpolku
51600,51600,0,51600,51600,0,False,SCHEDULED,1631912400,HSL:1097V_20210917_La_2_1410,97V,HSL:1451124,Muinaislinnanpolku
53400,53400,0,53400,53400,0,False,SCHEDULED,1631912400,HSL:1097V_20210917_La_2_1440,97V,HSL:1451124,Muinaislinnanpolku
46500,46500,0,46500,46500,0,False,SCHEDULED,1631912400,HSL:1097V_20210917_La_1_1244,97V,HSL:1451123,Muinaislinnanpolku
48360,48360,0,48360,48360,0,False,SCHEDULED,1631912400,HSL:1097V_20210917_La_1_1314,97V,HSL:1451123,Muinaislinnanpolku
50160,50160,0,50160,50160,0,False,SCHEDULED,1631912400,HSL:1097V_20210917_La_1_1344,97V,HSL:1451123,Muinaislinnanpolku
51960,51960,0,51960,51960,0,False,SCHEDULED,1631912400,HSL:1097V_20210917_La_1_1414,97V,HSL:1451123,Muinaislinnanpolku
53760,53760,0,53760,53760,0,False,SCHEDULED,1631912400,HSL:1097V_20210917_La_1_1444,97V,HSL:1451123,Muinaislinnanpolku
46440,46440,0,46440,46440,0,False,SCHEDULED,1631912400,HSL:1097V_20210917_La_1_1244,97V,HSL:1451122,Uiskotie
48300,48300,0,48300,48300,0,False,SCHEDULED,1631912400,HSL:1097V_20210917_La_1_1314,97V,HSL:1451122,Uiskotie
50100,50100,0,50100,50100,0,False,SCHEDULED,1631912400,HSL:1097V_20210917_La_1_1344,97V,HSL:1451122,Uiskotie
51900,51900,0,51900,51900,0,False,SCHEDULED,1631912400,HSL:1097V_20210917_La_1_1414,97V,HSL:1451122,Uiskotie
53700,53700,0,53700,53700,0,False,SCHEDULED,1631912400,HSL:1097V_20210917_La_1_1444,97V,HSL:1451122,Uiskotie
46260,46260,0,46260,46260,0,False,SCHEDULED,1631912400,HSL:1097V_20210917_La_2_1240,97V,HSL:1451116,Uiskotie
48060,48060,0,48060,48060,0,False,SCHEDULED,1631912400,HSL:1097V_20210917_La_2_1310,97V,HSL:1451116,Uiskotie
49860,49860,0,49860,49860,0,False,SCHEDULED,1631912400,HSL:1097V_20210917_La_2_1340,97V,HSL:1451116,Uiskotie
51660,51660,0,51660,51660,0,False,SCHEDULED,1631912400,HSL:1097V_20210917_La_2_1410,97V,HSL:1451116,Uiskotie
53460,53460,0,53460,53460,0,False,SCHEDULED,1631912400,HSL:1097V_20210917_La_2_1440,97V,HSL:1451116,Uiskotie
46320,46320,0,46320,46320,0,False,SCHEDULED,1631912400,HSL:1097V_20210917_La_2_1240,97V,HSL:1451115,Pyötsaarenkuja
48120,48120,0,48120,48120,0,False,SCHEDULED,1631912400,HSL:1097V_20210917_La_2_1310,97V,HSL:1451115,Pyötsaarenkuja
49920,49920,0,49920,49920,0,False,SCHEDULED,1631912400,HSL:1097V_20210917_La_2_1340,97V,HSL:1451115,Pyötsaarenkuja
51720,51720,0,51720,51720,0,False,SCHEDULED,1631912400,HSL:1097V_20210917_La_2_1410,97V,HSL:1451115,Pyötsaarenkuja
53520,53520,0,53520,53520,0,False,SCHEDULED,1631912400,HSL:1097V_20210917_La_2_1440,97V,HSL:1451115,Pyötsaarenkuja
46380,46380,0,46380,46380,0,False,SCHEDULED,1631912400,HSL:1097V_20210917_La_1_1244,97V,HSL:1451114,Pyötsaarenkuja
48240,48240,0,48240,48240,0,False,SCHEDULED,1631912400,HSL:1097V_20210917_La_1_1314,97V,HSL:1451114,Pyötsaarenkuja
50040,50040,0,50040,50040,0,False,SCHEDULED,1631912400,HSL:1097V_20210917_La_1_1344,97V,HSL:1451114,Pyötsaarenkuja
51840,51840,0,51840,51840,0,False,SCHEDULED,1631912400,HSL:1097V_20210917_La_1_1414,97V,HSL:1451114,Pyötsaarenkuja
53640,53640,0,53640,53640,0,False,SCHEDULED,1631912400,HSL:1097V_20210917_La_1_1444,97V,HSL:1451114,Pyötsaarenkuja
45360,45349,-11,45360,45356,-4,True,UPDATED,1631912400,HSL:1097_20210917_La_2_1226,97,HSL:1451113,Karhulantie
45960,45979,19,45960,45987,27,True,UPDATED,1631912400,HSL:1095_20210917_La_2_1227,95,HSL:1451113,Karhulantie
46860,46860,0,46860,46860,0,False,SCHEDULED,1631912400,HSL:1095_20210917_La_2_1242,95,HSL:1451113,Karhulantie
47160,47160,0,47160,47160,0,False,SCHEDULED,1631912400,HSL:1097_20210917_La_2_1256,97,HSL:1451113,Karhulantie
47760,47760,0,47760,47760,0,False,SCHEDULED,1631912400,HSL:1095_20210917_La_2_1257,95,HSL:1451113,Karhulantie
45240,45304,64,45240,45313,73,True,UPDATED,1631912400,HSL:2531_20210917_La_2_1215,531,HSL:2433246,Puolarmetsänkatu
45360,45319,-41,45360,45319,-41,True,UPDATED,1631912400,HSL:2136_20210917_La_2_1217,136,HSL:2433246,Puolarmetsänkatu
45720,45763,43,45720,45820,100,True,UPDATED,1631912400,HSL:2125_20210917_La_2_1230,125,HSL:2433246,Puolarmetsänkatu
46200,46200,0,46200,46200,0,True,UPDATED,1631912400,HSL:2158_20210917_La_2_1236,158,HSL:2433246,Puolarmetsänkatu
46140,46226,86,46140,46235,95,True,UPDATED,1631912400,HSL:2531_20210917_La_2_1230,531,HSL:2433246,Puolarmetsänkatu
45660,45808,148,45660,45808,148,True,UPDATED,1631912400,HSL:3002P_20210917_La_1_1218,P,HSL:4250551,Vehkala
46260,46370,110,46260,46370,110,True,UPDATED,1631912400,HSL:3002P_20210917_La_1_1228,P,HSL:4250551,Vehkala
46860,46860,0,46860,46860,0,False,SCHEDULED,1631912400,HSL:3002P_20210917_La_1_1238,P,HSL:4250551,Vehkala
47460,47460,0,47460,47460,0,False,SCHEDULED,1631912400,HSL:3002P_20210917_La_1_1248,P,HSL:4250551,Vehkala
48060,48060,0,48060,48060,0,False,SCHEDULED,1631912400,HSL:3002P_20210917_La_1_1258,P,HSL:4250551,Vehkala
45300,45477,177,45300,45477,177,True,UPDATED,1631912400,HSL:2550_20210917_La_1_1221,550,HSL:1361104,Viikinranta
45480,45517,37,45480,45533,53,True,UPDATED,1631912400,HSL:1057_20210917_La_1_1218,57,HSL:1361104,Viikinranta
45540,45519,-21,45540,45545,5,True,UPDATED,1631912400,HSL:1071_20210917_La_2_1222,71,HSL:1361104,Viikinranta
45900,45960,60,45900,45960,60,True,UPDATED,1631912400,HSL:2550_20210917_La_1_1231,550,HSL:1361104,Viikinranta
46020,46007,-13,46020,46021,1,True,UPDATED,1631912400,HSL:1506_20210917_La_1_1230,506,HSL:1361104,Viikinranta
45780,45819,39,45780,45823,43,True,UPDATED,1631912400,HSL:1078_20210917_La_1_1221,78,HSL:1361105,Hernepellonkuja
45480,45878,398,45480,45881,401,True,UPDATED,1631912400,HSL:1057_20210917_La_2_1217,57,HSL:1361105,Hernepellonkuja
46140,46225,85,46140,46228,88,True,UPDATED,1631912400,HSL:1057_20210917_La_2_1227,57,HSL:1361105,Hernepellonkuja
46740,46740,0,46740,46740,0,False,SCHEDULED,1631912400,HSL:1057_20210917_La_2_1237,57,HSL:1361105,Hernepellonkuja
46980,46980,0,46980,46980,0,False,SCHEDULED,1631912400,HSL:1078_20210917_La_1_1241,78,HSL:1361105,Hernepellonkuja
45360,45434,74,45360,45443,83,True,UPDATED,1631912400,HSL:1057_20210917_La_1_1218,57,HSL:1361106,Hernepellonkuja
45960,45960,0,45960,45960,0,False,SCHEDULED,1631912400,HSL:1057_20210917_La_1_1228,57,HSL:1361106,Hernepellonkuja
46260,46260,0,46260,46260,0,False,SCHEDULED,1631912400,HSL:1078_20210917_La_2_1240,78,HSL:1361106,Hernepellonkuja
46560,46560,0,46560,46560,0,False,SCHEDULED,1631912400,HSL:1057_20210917_La_1_1238,57,HSL:1361106,Hernepellonkuja
47160,47160,0,47160,47160,0,False,SCHEDULED,1631912400,HSL:1057_20210917_La_1_1248,57,HSL:1361106,Hernepellonkuja
45300,45572,272,45300,45572,272,True,UPDATED,1631912400,HSL:2550_20210917_La_2_1139,550,HSL:1361107,Maaherrantie
45840,45869,29,45840,45874,34,True,UPDATED,1631912400,HSL:1078_20210917_La_1_1221,78,HSL:1361107,Maaherrantie
45540,45926,386,45540,45933,393,True,UPDATED,1631912400,HSL:1057_20210917_La_2_1217,57,HSL:1361107,Maaherrantie
46200,46273,73,46200,46278,78,True,UPDATED,1631912400,HSL:1057_20210917_La_2_1227,57,HSL:1361107,Maaherrantie
45900,46343,443,45900,46343,443,True,UPDATED,1631912400,HSL:2550_20210917_La_2_1149,550,HSL:1361107,Maaherrantie
45300,45380,80,45300,45386,86,True,UPDATED,1631912400,HSL:1057_20210917_La_1_1218,57,HSL:1361108,Maaherrantie
45720,45780,60,45720,45780,60,True,UPDATED,1631912400,HSL:2550_20210917_La_1_1231,550,HSL:1361108,Maaherrantie
45900,45900,0,45900,45900,0,False,SCHEDULED,1631912400,HSL:1057_20210917_La_1_1228,57,HSL:1361108,Maaherrantie
46200,46200,0,46200,46200,0,False,SCHEDULED,1631912400,HSL:1078_20210917_La_2_1240,78,HSL:1361108,Maaherrantie
46320,46320,0,46320,46320,0,True,UPDATED,1631912400,HSL:2550_20210917_La_1_1241,550,HSL:1361108,Maaherrantie
45420,45411,-9,45420,45411,-9,True,UPDATED,1631912400,HSL:2214_20210917_La_1_1231,214,HSL:2133260,Leppälinnunrinne
45720,45720,0,45720,45720,0,True,UPDATED,1631912400,HSL:2215_20210917_La_1_1236,215,HSL:2133260,Leppälinnunrinne
46560,46560,0,46560,46560,0,False,SCHEDULED,1631912400,HSL:2224_20210917_La_1_1250,224,HSL:2133260,Leppälinnunrinne
46920,46920,0,46920,46920,0,False,SCHEDULED,1631912400,HSL:2215_20210917_La_1_1256,215,HSL:2133260,Leppälinnunrinne
47220,47220,0,47220,47220,0,False,SCHEDULED,1631912400,HSL:2214_20210917_La_1_1301,214,HSL:2133260,Leppälinnunrinne
45720,45710,-10,45720,45764,44,True,UPDATED,1631912400,HSL:1095_20210917_La_2_1227,95,HSL:1451104,Huntutie
46620,46620,0,46620,46620,0,False,SCHEDULED,1631912400,HSL:1095_20210917_La_2_1242,95,HSL:1451104,Huntutie
47520,47520,0,47520,47520,0,False,SCHEDULED,1631912400,HSL:1095_20210917_La_2_1257,95,HSL:1451104,Huntutie
48420,48420,0,48420,48420,0,False,SCHEDULED,1631912400,HSL:1095_20210917_La_2_1312,95,HSL:1451104,Huntutie
49320,49320,0,49320,49320,0,False,SCHEDULED,1631912400,HSL:1095_20210917_La_2_1327,95,HSL:1451104,Huntutie
45300,45414,114,45300,45426,126,True,UPDATED,1631912400,HSL:1095_20210917_La_1_1225,95,HSL:1451103,Huntutie
46200,46200,0,46200,46200,0,True,UPDATED,1631912400,HSL:1095_20210917_La_1_1240,95,HSL:1451103,Huntutie
47100,47100,0,47100,47100,0,False,SCHEDULED,1631912400,HSL:1095_20210917_La_1_1255,95,HSL:1451103,Huntutie
48000,48000,0,48000,48000,0,False,SCHEDULED,1631912400,HSL:1095_20210917_La_1_1310,95,HSL:1451103,Huntutie
48900,48900,0,48900,48900,0,False,SCHEDULED,1631912400,HSL:1095_20210917_La_1_1325,95,HSL:1451103,Huntutie
45660,45705,45,45660,45725,65,True,UPDATED,1631912400,HSL:2550_20210917_La_1_1231,550,HSL:1361101,Pasteurinkatu
45840,45840,0,45840,45840,0,False,SCHEDULED,1631912400,HSL:1057_20210917_La_1_1228,57,HSL:1361101,Pasteurinkatu
46140,46140,0,46140,46140,0,False,SCHEDULED,1631912400,HSL:1078_20210917_La_2_1240,78,HSL:1361101,Pasteurinkatu
46260,46260,0,46260,46260,0,True,UPDATED,1631912400,HSL:2550_20210917_La_1_1241,550,HSL:1361101,Pasteurinkatu
46440,46440,0,46440,46440,0,False,SCHEDULED,1631912400,HSL:1057_20210917_La_1_1238,57,HSL:1361101,Pasteurinkatu
45360,45632,272,45360,45632,272,True,UPDATED,1631912400,HSL:2550_20210917_La_2_1139,550,HSL:1361102,Pasteurinkatu
45900,45942,42,45900,45956,56,True,UPDATED,1631912400,HSL:1078_20210917_La_1_1221,78,HSL:1361102,Pasteurinkatu
45600,45997,397,45600,46012,412,True,UPDATED,1631912400,HSL:1057_20210917_La_2_1217,57,HSL:1361102,Pasteurinkatu
46260,46319,59,46260,46335,75,True,UPDATED,1631912400,HSL:1057_20210917_La_2_1227,57,HSL:1361102,Pasteurinkatu
45960,46486,526,45960,46504,544,True,UPDATED,1631912400,HSL:2550_20210917_La_2_1149,550,HSL:1361102,Pasteurinkatu
45300,45521,221,45300,45521,221,True,UPDATED,1631912400,HSL:1001_20210917_La_1_1210,1,HSL:1121436,Sörnäinen (M)
45540,45662,122,45540,45662,122,True,UPDATED,1631912400,HSL:1006_20210917_La_1_1216,6,HSL:1121436,Sörnäinen (M)
45900,45937,37,45900,45937,37,True,UPDATED,1631912400,HSL:1007_20210917_La_1_1218,7,HSL:1121436,Sörnäinen (M)
46020,46107,87,46020,46152,132,True,UPDATED,1631912400,HSL:1001_20210917_La_1_1222,1,HSL:1121436,Sörnäinen (M)
46260,46339,79,46260,46339,79,True,UPDATED,1631912400,HSL:1006_20210917_La_1_1228,6,HSL:1121436,Sörnäinen (M)
45300,45501,201,45300,45604,304,True,UPDATED,1631912400,HSL:1001_20210917_La_2_1221,1,HSL:1121437,Sörnäinen (M)
46020,46059,39,46020,46059,39,True,UPDATED,1631912400,HSL:1001_20210917_La_2_1233,1,HSL:1121437,Sörnäinen (M)
46740,46740,0,46740,46740,0,False,SCHEDULED,1631912400,HSL:1001_20210917_La_2_1245,1,HSL:1121437,Sörnäinen (M)
47460,47460,0,47460,47460,0,False,SCHEDULED,1631912400,HSL:1001_20210917_La_2_1257,1,HSL:1121437,Sörnäinen (M)
48180,48180,0,48180,48180,0,False,SCHEDULED,1631912400,HSL:1001_20210917_La_2_1309,1,HSL:1121437,Sörnäinen (M)
45120,45392,272,45120,45392,272,True,UPDATED,1631912400,HSL:2550_20210917_La_2_1139,550,HSL:1361103,Viikinranta
45540,45497,-43,45540,45497,-43,True,UPDATED,1631912400,HSL:1071_20210917_La_1_1218,71,HSL:1361103,Viikinranta
45720,45782,62,45720,45790,70,True,UPDATED,1631912400,HSL:1078_20210917_La_1_1221,78,HSL:1361103,Viikinranta
45360,45804,444,45360,45812,452,True,UPDATED,1631912400,HSL:1057_20210917_La_2_1217,57,HSL:1361103,Viikinranta
46020,46149,129,46020,46157,137,True,UPDATED,1631912400,HSL:1057_20210917_La_2_1227,57,HSL:1361103,Viikinranta
45120,45597,477,45120,45597,477,True,UPDATED,1631912400,HSL:6173_20210917_La_1_1151,173,HSL:6070243,Sillankulma
48720,48720,0,48720,48720,0,False,SCHEDULED,1631912400,HSL:6173_20210917_La_1_1251,173,HSL:6070243,Sillankulma
52320,52320,0,52320,52320,0,False,SCHEDULED,1631912400,HSL:6173_20210917_La_1_1349,173,HSL:6070243,Sillankulma
55920,55920,0,55920,55920,0,False,SCHEDULED,1631912400,HSL:6173_20210917_La_1_1448,173,HSL:6070243,Sillankulma
59460,59460,0,59460,59460,0,False,SCHEDULED,1631912400,HSL:6173_20210917_La_1_1548,173,HSL:6070243,Sillankulma
45780,45868,88,45780,45898,118,True,UPDATED,1631912400,HSL:3001I_20210917_La_1_1206,I,HSL:4250501,Vehkala
46380,46383,3,46380,46413,33,True,UPDATED,1631912400,HSL:3001I_20210917_La_1_1216,I,HSL:4250501,Vehkala
46980,47020,40,46980,47050,70,True,UPDATED,1631912400,HSL:3001I_20210917_La_1_1226,I,HSL:4250501,Vehkala
47580,47580,0,47580,47580,0,False,SCHEDULED,1631912400,HSL:3001I_20210917_La_1_1236,I,HSL:4250501,Vehkala
48180,48180,0,48180,48180,0,False,SCHEDULED,1631912400,HSL:3001I_20210917_La_1_1246,I,HSL:4250501,Vehkala
45360,45736,376,45360,45736,376,True,UPDATED,1631912400,HSL:6173_20210917_La_1_1151,173,HSL:6070241,Syväjärvi
48960,48960,0,48960,48960,0,False,SCHEDULED,1631912400,HSL:6173_20210917_La_1_1251,173,HSL:6070241,Syväjärvi
52560,52560,0,52560,52560,0,False,SCHEDULED,1631912400,HSL:6173_20210917_La_1_1349,173,HSL:6070241,Syväjärvi
56160,56160,0,56160,56160,0,False,SCHEDULED,1631912400,HSL:6173_20210917_La_1_1448,173,HSL:6070241,Syväjärvi
59700,59700,0,59700,59700,0,False,SCHEDULED,1631912400,HSL:6173_20210917_La_1_1548,173,HSL:6070241,Syväjärvi
45960,45939,-21,45960,45977,17,True,UPDATED,1631912400,HSL:2553K_20210917_La_2_1203,553K,HSL:1385180,Tasankotie
47160,47221,61,47160,47221,61,True,UPDATED,1631912400,HSL:2553K_20210917_La_2_1223,553K,HSL:1385180,Tasankotie
48360,48360,0,48360,48360,0,False,SCHEDULED,1631912400,HSL:2553K_20210917_La_2_1242,553K,HSL:1385180,Tasankotie
49560,49560,0,49560,49560,0,False,SCHEDULED,1631912400,HSL:2553K_20210917_La_2_1302,553K,HSL:1385180,Tasankotie
50760,50760,0,50760,50760,0,False,SCHEDULED,1631912400,HSL:2553K_20210917_La_2_1322,553K,HSL:1385180,Tasankotie
94020,94020,0,94020,94020,0,False,SCHEDULED,1631912400,HSL:1023N_20210917_La_1_2605,23N,HSL:1203112,Huutokonttori
95220,95220,0,95220,95220,0,False,SCHEDULED,1631912400,HSL:1023N_20210917_La_1_2625,23N,HSL:1203112,Huutokonttori
96420,96420,0,96420,96420,0,False,SCHEDULED,1631912400,HSL:1023N_20210917_La_1_2645,23N,HSL:1203112,Huutokonttori
97620,97620,0,97620,97620,0,False,SCHEDULED,1631912400,HSL:1023N_20210917_La_1_2705,23N,HSL:1203112,Huutokonttori
98820,98820,0,98820,98820,0,False,SCHEDULED,1631912400,HSL:1023N_20210917_La_1_2725,23N,HSL:1203112,Huutokonttori
45540,45947,407,45540,45947,407,True,UPDATED,1631912400,HSL:6173_20210917_La_1_1151,173,HSL:6070237,Kantvik
47820,47820,0,47820,47820,0,False,SCHEDULED,1631912400,HSL:6173_20210917_La_2_1301,173,HSL:6070237,Kantvik
49140,49140,0,49140,49140,0,False,SCHEDULED,1631912400,HSL:6173_20210917_La_1_1251,173,HSL:6070237,Kantvik
51420,51420,0,51420,51420,0,False,SCHEDULED,1631912400,HSL:6173_20210917_La_2_1401,173,HSL:6070237,Kantvik
52740,52740,0,52740,52740,0,False,SCHEDULED,1631912400,HSL:6173_20210917_La_1_1349,173,HSL:6070237,Kantvik
45660,46022,362,45660,46029,369,True,UPDATED,1631912400,HSL:6173_20210917_La_1_1151,173,HSL:6070234,Sokeritehdas
49260,49260,0,49260,49260,0,False,SCHEDULED,1631912400,HSL:6173_20210917_La_1_1251,173,HSL:6070234,Sokeritehdas
52860,52860,0,52860,52860,0,False,SCHEDULED,1631912400,HSL:6173_20210917_La_1_1349,173,HSL:6070234,Sokeritehdas
56460,56460,0,56460,56460,0,False,SCHEDULED,1631912400,HSL:6173_20210917_La_1_1448,173,HSL:6070234,Sokeritehdas
60000,60000,0,60000,60000,0,False,SCHEDULED,1631912400,HSL:6173_20210917_La_1_1548,173,HSL:6070234,Sokeritehdas
45420,45477,57,45420,45483,63,True,UPDATED,1631912400,HSL:1069_20210917_La_2_1222,69,HSL:1385174,Pakkastie
46560,46560,0,46560,46560,0,False,SCHEDULED,1631912400,HSL:1069_20210917_La_2_1241,69,HSL:1385174,Pakkastie
47760,47760,0,47760,47760,0,False,SCHEDULED,1631912400,HSL:1069_20210917_La_2_1301,69,HSL:1385174,Pakkastie
48960,48960,0,48960,48960,0,False,SCHEDULED,1631912400,HSL:1069_20210917_La_2_1321,69,HSL:1385174,Pakkastie
50160,50160,0,50160,50160,0,False,SCHEDULED,1631912400,HSL:1069_20210917_La_2_1341,69,HSL:1385174,Pakkastie
93900,93900,0,93900,93900,0,False,SCHEDULED,1631912400,HSL:1023N_20210917_La_1_2605,23N,HSL:1203108,Länsiterm. T1
95100,95100,0,95100,95100,0,False,SCHEDULED,1631912400,HSL:1023N_20210917_La_1_2625,23N,HSL:1203108,Länsiterm. T1
95640,95640,0,95640,95640,0,False,SCHEDULED,1631912400,HSL:1023N_20210917_La_2_2603,23N,HSL:1203108,Länsiterm. T1
96300,96300,0,96300,96300,0,False,SCHEDULED,1631912400,HSL:1023N_20210917_La_1_2645,23N,HSL:1203108,Länsiterm. T1
96840,96840,0,96840,96840,0,False,SCHEDULED,1631912400,HSL:1023N_20210917_La_2_2623,23N,HSL:1203108,Länsiterm. T1
45360,45422,62,45360,45435,75,True,UPDATED,1631912400,HSL:1069_20210917_La_2_1222,69,HSL:1385172,Tullivuorenkuja
46500,46500,0,46500,46500,0,False,SCHEDULED,1631912400,HSL:1069_20210917_La_2_1241,69,HSL:1385172,Tullivuorenkuja
47700,47700,0,47700,47700,0,False,SCHEDULED,1631912400,HSL:1069_20210917_La_2_1301,69,HSL:1385172,Tullivuorenkuja
48900,48900,0,48900,48900,0,False,SCHEDULED,1631912400,HSL:1069_20210917_La_2_1321,69,HSL:1385172,Tullivuorenkuja
50100,50100,0,50100,50100,0,False,SCHEDULED,1631912400,HSL:1069_20210917_La_2_1341,69,HSL:1385172,Tullivuorenkuja
95340,95340,0,95340,95340,0,False,SCHEDULED,1631912400,HSL:1023N_20210917_La_2_2603,23N,HSL:1203107,Huutokonttori
96540,96540,0,96540,96540,0,False,SCHEDULED,1631912400,HSL:1023N_20210917_La_2_2623,23N,HSL:1203107,Huutokonttori
97740,97740,0,97740,97740,0,False,SCHEDULED,1631912400,HSL:1023N_20210917_La_2_2643,23N,HSL:1203107,Huutokonttori
98940,98940,0,98940,98940,0,False,SCHEDULED,1631912400,HSL:1023N_20210917_La_2_2703,23N,HSL:1203107,Huutokonttori
100140,100140,0,100140,100140,0,False,SCHEDULED,1631912400,HSL:1023N_20210917_La_2_2723,23N,HSL:1203107,Huutokonttori
45360,45425,65,45360,45425,65,True,UPDATED,1631912400,HSL:2436_20210917_La_2_1229,436,HSL:2715215,Juvanpuisto
46140,46140,0,46140,46140,0,False,SCHEDULED,1631912400,HSL:2582_20210917_La_2_1242,582,HSL:2715215,Juvanpuisto
47340,47340,0,47340,47340,0,False,SCHEDULED,1631912400,HSL:2236_20210917_La_2_1254,236,HSL:2715215,Juvanpuisto
47940,47940,0,47940,47940,0,False,SCHEDULED,1631912400,HSL:2582_20210917_La_2_1312,582,HSL:2715215,Juvanpuisto
48960,48960,0,48960,48960,0,False,SCHEDULED,1631912400,HSL:2436_20210917_La_2_1329,436,HSL:2715215,Juvanpuisto
48000,48000,0,48000,48000,0,False,SCHEDULED,1631912400,HSL:7192V_20210917_La_1_1240,192V,HSL:6070229,Kaapelitie
56460,56460,0,56460,56460,0,False,SCHEDULED,1631912400,HSL:7192T_20210917_La_1_1500,192T,HSL:6070229,Kaapelitie
58140,58140,0,58140,58140,0,False,SCHEDULED,1631912400,HSL:6182A_20210917_La_1_1600,182A,HSL:6070229,Kaapelitie
58200,58200,0,58200,58200,0,False,SCHEDULED,1631912400,HSL:7191_20210917_La_1_1605,191,HSL:6070229,Kaapelitie
65580,65580,0,65580,65580,0,False,SCHEDULED,1631912400,HSL:7192V_20210917_La_1_1740,192V,HSL:6070229,Kaapelitie
46560,46545,-15,46560,46547,-13,True,UPDATED,1631912400,HSL:2236_20210917_La_1_1226,236,HSL:2715214,Juvanpuisto
46620,46592,-28,46620,46592,-28,True,UPDATED,1631912400,HSL:2582_20210917_La_1_1230,582,HSL:2715214,Juvanpuisto
47820,47855,35,47820,47858,38,True,UPDATED,1631912400,HSL:2436_20210917_La_1_1232,436,HSL:2715214,Juvanpuisto
48420,48420,0,48420,48420,0,False,SCHEDULED,1631912400,HSL:2582_20210917_La_1_1300,582,HSL:2715214,Juvanpuisto
50220,50220,0,50220,50220,0,False,SCHEDULED,1631912400,HSL:2236_20210917_La_1_1326,236,HSL:2715214,Juvanpuisto
48180,48180,0,48180,48180,0,False,SCHEDULED,1631912400,HSL:6173_20210917_La_2_1301,173,HSL:6070227,Syväjärvi
51780,51780,0,51780,51780,0,False,SCHEDULED,1631912400,HSL:6173_20210917_La_2_1401,173,HSL:6070227,Syväjärvi
55440,55440,0,55440,55440,0,False,SCHEDULED,1631912400,HSL:6173_20210917_La_2_1502,173,HSL:6070227,Syväjärvi
59040,59040,0,59040,59040,0,False,SCHEDULED,1631912400,HSL:6173_20210917_La_2_1602,173,HSL:6070227,Syväjärvi
62640,62640,0,62640,62640,0,False,SCHEDULED,1631912400,HSL:6173_20210917_La_2_1659,173,HSL:6070227,Syväjärvi
48060,48060,0,48060,48060,0,False,SCHEDULED,1631912400,HSL:7192V_20210917_La_2_1315,192V,HSL:6070228,Kaapelitie
59400,59400,0,59400,59400,0,False,SCHEDULED,1631912400,HSL:7192V_20210917_La_2_1623,192V,HSL:6070228,Kaapelitie
60600,60600,0,60600,60600,0,False,SCHEDULED,1631912400,HSL:6182A_20210917_La_2_1630,182A,HSL:6070228,Kaapelitie
62460,62460,0,62460,62460,0,False,SCHEDULED,1631912400,HSL:7192V_20210917_La_2_1715,192V,HSL:6070228,Kaapelitie
77100,77100,0,77100,77100,0,False,SCHEDULED,1631912400,HSL:7191_20210917_La_2_2113,191,HSL:6070228,Kaapelitie
45420,45823,403,45420,45827,407,True,UPDATED,1631912400,HSL:6173_20210917_La_1_1151,173,HSL:6070225,Aamuruskonkuja
49020,49020,0,49020,49020,0,False,SCHEDULED,1631912400,HSL:6173_20210917_La_1_1251,173,HSL:6070225,Aamuruskonkuja
52620,52620,0,52620,52620,0,False,SCHEDULED,1631912400,HSL:6173_20210917_La_1_1349,173,HSL:6070225,Aamuruskonkuja
56220,56220,0,56220,56220,0,False,SCHEDULED,1631912400,HSL:6173_20210917_La_1_1448,173,HSL:6070225,Aamuruskonkuja
59760,59760,0,59760,59760,0,False,SCHEDULED,1631912400,HSL:6173_20210917_La_1_1548,173,HSL:6070225,Aamuruskonkuja
46260,46260,0,46260,46260,0,False,SCHEDULED,1631912400,HSL:2582_20210917_La_2_1242,582,HSL:2715210,Nikunmäentie
47460,47460,0,47460,47460,0,False,SCHEDULED,1631912400,HSL:2236_20210917_La_2_1254,236,HSL:2715210,Nikunmäentie
48060,48060,0,48060,48060,0,False,SCHEDULED,1631912400,HSL:2582_20210917_La_2_1312,582,HSL:2715210,Nikunmäentie
49860,49860,0,49860,49860,0,False,SCHEDULED,1631912400,HSL:2582_20210917_La_2_1342,582,HSL:2715210,Nikunmäentie
51060,51060,0,51060,51060,0,False,SCHEDULED,1631912400,HSL:2236_20210917_La_2_1354,236,HSL:2715210,Nikunmäentie
48120,48120,0,48120,48120,0,False,SCHEDULED,1631912400,HSL:6173_20210917_La_2_1301,173,HSL:6070226,Aamuruskonkuja
51720,51720,0,51720,51720,0,False,SCHEDULED,1631912400,HSL:6173_20210917_La_2_1401,173,HSL:6070226,Aamuruskonkuja
55380,55380,0,55380,55380,0,False,SCHEDULED,1631912400,HSL:6173_20210917_La_2_1502,173,HSL:6070226,Aamuruskonkuja
58980,58980,0,58980,58980,0,False,SCHEDULED,1631912400,HSL:6173_20210917_La_2_1602,173,HSL:6070226,Aamuruskonkuja
62580,62580,0,62580,62580,0,False,SCHEDULED,1631912400,HSL:6173_20210917_La_2_1659,173,HSL:6070226,Aamuruskonkuja
45180,45467,287,45180,45481,301,True,UPDATED,1631912400,HSL:1001_20210917_La_1_1210,1,HSL:1121450,Helsinginkatu
45900,45986,86,45900,46008,108,True,UPDATED,1631912400,HSL:1001_20210917_La_1_1222,1,HSL:1121450,Helsinginkatu
46680,46680,0,46680,46680,0,True,UPDATED,1631912400,HSL:1001_20210917_La_1_1235,1,HSL:1121450,Helsinginkatu
47400,47400,0,47400,47400,0,False,SCHEDULED,1631912400,HSL:1001_20210917_La_1_1247,1,HSL:1121450,Helsinginkatu
48120,48120,0,48120,48120,0,False,SCHEDULED,1631912400,HSL:1001_20210917_La_1_1259,1,HSL:1121450,Helsinginkatu
45480,45827,347,45480,45827,347,True,UPDATED,1631912400,HSL:6173_20210917_La_1_1151,173,HSL:6070223,Edis
47700,47700,0,47700,47700,0,False,SCHEDULED,1631912400,HSL:6173_20210917_La_2_1301,173,HSL:6070223,Edis
49080,49080,0,49080,49080,0,False,SCHEDULED,1631912400,HSL:6173_20210917_La_1_1251,173,HSL:6070223,Edis
51300,51300,0,51300,51300,0,False,SCHEDULED,1631912400,HSL:6173_20210917_La_2_1401,173,HSL:6070223,Edis
52680,52680,0,52680,52680,0,False,SCHEDULED,1631912400,HSL:6173_20210917_La_1_1349,173,HSL:6070223,Edis
46500,46523,23,46500,46532,32,True,UPDATED,1631912400,HSL:2236_20210917_La_1_1226,236,HSL:2715213,Juvankartano
46560,46553,-7,46560,46558,-2,True,UPDATED,1631912400,HSL:2582_20210917_La_1_1230,582,HSL:2715213,Juvankartano
47760,47799,39,47760,47805,45,True,UPDATED,1631912400,HSL:2436_20210917_La_1_1232,436,HSL:2715213,Juvankartano
48360,48360,0,48360,48360,0,False,SCHEDULED,1631912400,HSL:2582_20210917_La_1_1300,582,HSL:2715213,Juvankartano
50160,50160,0,50160,50160,0,False,SCHEDULED,1631912400,HSL:2236_20210917_La_1_1326,236,HSL:2715213,Juvankartano
48120,48120,0,48120,48120,0,False,SCHEDULED,1631912400,HSL:6173_20210917_La_2_1301,173,HSL:6070224,Sokeritehtaantie
51720,51720,0,51720,51720,0,False,SCHEDULED,1631912400,HSL:6173_20210917_La_2_1401,173,HSL:6070224,Sokeritehtaantie
55320,55320,0,55320,55320,0,False,SCHEDULED,1631912400,HSL:6173_20210917_La_2_1502,173,HSL:6070224,Sokeritehtaantie
58920,58920,0,58920,58920,0,False,SCHEDULED,1631912400,HSL:6173_20210917_La_2_1602,173,HSL:6070224,Sokeritehtaantie
62520,62520,0,62520,62520,0,False,SCHEDULED,1631912400,HSL:6173_20210917_La_2_1659,173,HSL:6070224,Sokeritehtaantie
45300,45424,124,45300,45439,139,True,UPDATED,1631912400,HSL:2215_20210917_La_2_1221,215,HSL:2133219,Rastaskukkula
45240,45440,200,45240,45459,219,True,UPDATED,1631912400,HSL:2200_20210917_La_2_1214,200,HSL:2133219,Rastaskukkula
45900,45900,0,45900,45900,0,False,SCHEDULED,1631912400,HSL:2214_20210917_La_2_1231,214,HSL:2133219,Rastaskukkula
45840,45944,104,45840,45977,137,True,UPDATED,1631912400,HSL:2200_20210917_La_2_1224,200,HSL:2133219,Rastaskukkula
46500,46500,0,46500,46500,0,False,SCHEDULED,1631912400,HSL:2215_20210917_La_2_1241,215,HSL:2133219,Rastaskukkula
45600,45564,-36,45600,45564,-36,True,UPDATED,1631912400,HSL:2214_20210917_La_1_1231,214,HSL:2133217,Karakallion keskus
45780,45905,125,45780,45926,146,True,UPDATED,1631912400,HSL:2200_20210917_La_1_1204,200,HSL:2133217,Karakallion keskus
46380,46455,75,46380,46475,95,True,UPDATED,1631912400,HSL:2200_20210917_La_1_1214,200,HSL:2133217,Karakallion keskus
46740,46740,0,46740,46740,0,False,SCHEDULED,1631912400,HSL:2224_20210917_La_1_1250,224,HSL:2133217,Karakallion keskus
46980,47036,56,46980,47051,71,True,UPDATED,1631912400,HSL:2200_20210917_La_1_1224,200,HSL:2133217,Karakallion keskus
45120,45278,158,45120,45329,209,True,UPDATED,1631912400,HSL:2200_20210917_La_2_1214,200,HSL:2133216,Karakallion keskus
45780,45780,0,45780,45780,0,False,SCHEDULED,1631912400,HSL:2214_20210917_La_2_1231,214,HSL:2133216,Karakallion keskus
45720,45815,95,45720,45836,116,True,UPDATED,1631912400,HSL:2200_20210917_La_2_1224,200,HSL:2133216,Karakallion keskus
46320,46381,61,46320,46400,80,True,UPDATED,1631912400,HSL:2200_20210917_La_2_1234,200,HSL:2133216,Karakallion keskus
46740,46888,148,46740,46903,163,True,UPDATED,1631912400,HSL:2224_20210917_La_2_1223,224,HSL:2133216,Karakallion keskus
45480,45462,-18,45480,45462,-18,True,UPDATED,1631912400,HSL:2214_20210917_La_1_1231,214,HSL:2133211,Poutahaukanpolku
45660,45771,111,45660,45790,130,True,UPDATED,1631912400,HSL:2200_20210917_La_1_1204,200,HSL:2133211,Poutahaukanpolku
46260,46272,12,46260,46272,12,True,UPDATED,1631912400,HSL:2200_20210917_La_1_1214,200,HSL:2133211,Poutahaukanpolku
46620,46620,0,46620,46620,0,False,SCHEDULED,1631912400,HSL:2224_20210917_La_1_1250,224,HSL:2133211,Poutahaukanpolku
46860,46878,18,46860,46894,34,True,UPDATED,1631912400,HSL:2200_20210917_La_1_1224,200,HSL:2133211,Poutahaukanpolku
46080,46080,0,46080,46080,0,False,SCHEDULED,1631912400,HSL:1077_20210917_La_2_1241,77,HSL:1385162,Harkkoraudantie
46380,46380,0,46380,46380,0,False,SCHEDULED,1631912400,HSL:1069_20210917_La_2_1241,69,HSL:1385162,Harkkoraudantie
47280,47280,0,47280,47280,0,False,SCHEDULED,1631912400,HSL:1077_20210917_La_2_1301,77,HSL:1385162,Harkkoraudantie
47580,47580,0,47580,47580,0,False,SCHEDULED,1631912400,HSL:1069_20210917_La_2_1301,69,HSL:1385162,Harkkoraudantie
48480,48480,0,48480,48480,0,False,SCHEDULED,1631912400,HSL:1077_20210917_La_2_1321,77,HSL:1385162,Harkkoraudantie
46080,46096,16,46080,46105,25,True,UPDATED,1631912400,HSL:2553K_20210917_La_1_1229,553K,HSL:1385163,Tasankotie
47280,47280,0,47280,47280,0,False,SCHEDULED,1631912400,HSL:2553K_20210917_La_1_1249,553K,HSL:1385163,Tasankotie
48420,48420,0,48420,48420,0,False,SCHEDULED,1631912400,HSL:2553K_20210917_La_1_1308,553K,HSL:1385163,Tasankotie
49620,49620,0,49620,49620,0,False,SCHEDULED,1631912400,HSL:2553K_20210917_La_1_1328,553K,HSL:1385163,Tasankotie
50820,50820,0,50820,50820,0,False,SCHEDULED,1631912400,HSL:2553K_20210917_La_1_1348,553K,HSL:1385163,Tasankotie
45660,45660,0,45660,45688,28,True,UPDATED,1631912400,HSL:1003_20210917_La_2_1229,3,HSL:1121482,Urheilutalo
46380,46380,0,46380,46380,0,True,UPDATED,1631912400,HSL:1003_20210917_La_2_1241,3,HSL:1121482,Urheilutalo
47100,47100,0,47100,47100,0,False,SCHEDULED,1631912400,HSL:1003_20210917_La_2_1253,3,HSL:1121482,Urheilutalo
47820,47820,0,47820,47820,0,False,SCHEDULED,1631912400,HSL:1003_20210917_La_2_1305,3,HSL:1121482,Urheilutalo
48540,48540,0,48540,48540,0,False,SCHEDULED,1631912400,HSL:1003_20210917_La_2_1317,3,HSL:1121482,Urheilutalo
45300,45464,164,45300,45467,167,True,UPDATED,1631912400,HSL:2215_20210917_La_2_1221,215,HSL:2133210,Pääskyskuja
45900,45900,0,45900,45900,0,False,SCHEDULED,1631912400,HSL:2214_20210917_La_2_1231,214,HSL:2133210,Pääskyskuja
46500,46500,0,46500,46500,0,False,SCHEDULED,1631912400,HSL:2215_20210917_La_2_1241,215,HSL:2133210,Pääskyskuja
46920,47095,175,46920,47098,178,True,UPDATED,1631912400,HSL:2224_20210917_La_2_1223,224,HSL:2133210,Pääskyskuja
47700,47700,0,47700,47700,0,False,SCHEDULED,1631912400,HSL:2215_20210917_La_2_1301,215,HSL:2133210,Pääskyskuja
45840,45851,11,45840,45857,17,True,UPDATED,1631912400,HSL:2553K_20210917_La_2_1203,553K,HSL:1385160,Pilvitie
47040,47126,86,47040,47126,86,True,UPDATED,1631912400,HSL:2553K_20210917_La_2_1223,553K,HSL:1385160,Pilvitie
48240,48240,0,48240,48240,0,False,SCHEDULED,1631912400,HSL:2553K_20210917_La_2_1242,553K,HSL:1385160,Pilvitie
49440,49440,0,49440,49440,0,False,SCHEDULED,1631912400,HSL:2553K_20210917_La_2_1302,553K,HSL:1385160,Pilvitie
50640,50640,0,50640,50640,0,False,SCHEDULED,1631912400,HSL:2553K_20210917_La_2_1322,553K,HSL:1385160,Pilvitie
45720,45736,16,45720,45759,39,True,UPDATED,1631912400,HSL:1003_20210917_La_1_1216,3,HSL:1121480,Urheilutalo
46440,46461,21,46440,46485,45,True,UPDATED,1631912400,HSL:1003_20210917_La_1_1228,3,HSL:1121480,Urheilutalo
47160,47160,0,47160,47160,0,False,SCHEDULED,1631912400,HSL:1003_20210917_La_1_1240,3,HSL:1121480,Urheilutalo
47880,47880,0,47880,47880,0,False,SCHEDULED,1631912400,HSL:1003_20210917_La_1_1252,3,HSL:1121480,Urheilutalo
48600,48600,0,48600,48600,0,False,SCHEDULED,1631912400,HSL:1003_20210917_La_1_1304,3,HSL:1121480,Urheilutalo
46200,46187,-13,46200,46193,-7,True,UPDATED,1631912400,HSL:2553K_20210917_La_1_1229,553K,HSL:1385161,Pilvitie
47400,47400,0,47400,47400,0,False,SCHEDULED,1631912400,HSL:2553K_20210917_La_1_1249,553K,HSL:1385161,Pilvitie
48540,48540,0,48540,48540,0,False,SCHEDULED,1631912400,HSL:2553K_20210917_La_1_1308,553K,HSL:1385161,Pilvitie
49740,49740,0,49740,49740,0,False,SCHEDULED,1631912400,HSL:2553K_20210917_La_1_1328,553K,HSL:1385161,Pilvitie
50940,50940,0,50940,50940,0,False,SCHEDULED,1631912400,HSL:2553K_20210917_La_1_1348,553K,HSL:1385161,Pilvitie
45840,45840,0,45840,45840,0,False,SCHEDULED,1631912400,HSL:2214_20210917_La_2_1231,214,HSL:2133214,Karakallionkuja
46800,46937,137,46800,46942,142,True,UPDATED,1631912400,HSL:2224_20210917_La_2_1223,224,HSL:2133214,Karakallionkuja
47640,47640,0,47640,47640,0,False,SCHEDULED,1631912400,HSL:2214_20210917_La_2_1300,214,HSL:2133214,Karakallionkuja
48600,48600,0,48600,48600,0,False,SCHEDULED,1631912400,HSL:2224_20210917_La_2_1252,224,HSL:2133214,Karakallionkuja
49440,49440,0,49440,49440,0,False,SCHEDULED,1631912400,HSL:2214_20210917_La_2_1330,214,HSL:2133214,Karakallionkuja
45480,45480,0,45480,45485,5,True,UPDATED,1631912400,HSL:4560_20210917_La_2_1145,560,HSL:1541218,Koukkusaarentie
46080,45983,-97,46080,46008,-72,True,UPDATED,1631912400,HSL:4560_20210917_La_2_1155,560,HSL:1541218,Koukkusaarentie
46680,46935,255,46680,46955,275,True,UPDATED,1631912400,HSL:4560_20210917_La_2_1205,560,HSL:1541218,Koukkusaarentie
47280,47254,-26,47280,47254,-26,True,UPDATED,1631912400,HSL:4560_20210917_La_2_1215,560,HSL:1541218,Koukkusaarentie
47880,47935,55,47880,47953,73,True,UPDATED,1631912400,HSL:4560_20210917_La_2_1225,560,HSL:1541218,Koukkusaarentie
45540,45510,-30,45540,45510,-30,True,UPDATED,1631912400,HSL:2214_20210917_La_1_1231,214,HSL:2133213,Karakallionkuja
46680,46680,0,46680,46680,0,False,SCHEDULED,1631912400,HSL:2224_20210917_La_1_1250,224,HSL:2133213,Karakallionkuja
47340,47340,0,47340,47340,0,False,SCHEDULED,1631912400,HSL:2214_20210917_La_1_1301,214,HSL:2133213,Karakallionkuja
48480,48480,0,48480,48480,0,False,SCHEDULED,1631912400,HSL:2224_20210917_La_1_1320,224,HSL:2133213,Karakallionkuja
49140,49140,0,49140,49140,0,False,SCHEDULED,1631912400,HSL:2214_20210917_La_1_1331,214,HSL:2133213,Karakallionkuja
45420,45474,54,45420,45474,54,True,UPDATED,1631912400,HSL:2436_20210917_La_2_1229,436,HSL:2715247,Juvankartano
46200,46200,0,46200,46200,0,False,SCHEDULED,1631912400,HSL:2582_20210917_La_2_1242,582,HSL:2715247,Juvankartano
47400,47400,0,47400,47400,0,False,SCHEDULED,1631912400,HSL:2236_20210917_La_2_1254,236,HSL:2715247,Juvankartano
48000,48000,0,48000,48000,0,False,SCHEDULED,1631912400,HSL:2582_20210917_La_2_1312,582,HSL:2715247,Juvankartano
49020,49020,0,49020,49020,0,False,SCHEDULED,1631912400,HSL:2436_20210917_La_2_1329,436,HSL:2715247,Juvankartano
45720,45720,0,45720,45720,0,True,UPDATED,1631912400,HSL:2239_20210917_La_2_1237,239,HSL:2715249,Kylvömaa
49320,49320,0,49320,49320,0,False,SCHEDULED,1631912400,HSL:2239_20210917_La_2_1337,239,HSL:2715249,Kylvömaa
52920,52920,0,52920,52920,0,False,SCHEDULED,1631912400,HSL:2239_20210917_La_2_1437,239,HSL:2715249,Kylvömaa
56520,56520,0,56520,56520,0,False,SCHEDULED,1631912400,HSL:2239_20210917_La_2_1537,239,HSL:2715249,Kylvömaa
60120,60120,0,60120,60120,0,False,SCHEDULED,1631912400,HSL:2239_20210917_La_2_1637,239,HSL:2715249,Kylvömaa
45240,45300,60,45240,45311,71,True,UPDATED,1631912400,HSL:2436_20210917_La_2_1229,436,HSL:2715240,Niipperin koulu
46020,46020,0,46020,46020,0,False,SCHEDULED,1631912400,HSL:2582_20210917_La_2_1242,582,HSL:2715240,Niipperin koulu
47220,47220,0,47220,47220,0,False,SCHEDULED,1631912400,HSL:2236_20210917_La_2_1254,236,HSL:2715240,Niipperin koulu
47820,47820,0,47820,47820,0,False,SCHEDULED,1631912400,HSL:2582_20210917_La_2_1312,582,HSL:2715240,Niipperin koulu
48840,48840,0,48840,48840,0,False,SCHEDULED,1631912400,HSL:2436_20210917_La_2_1329,436,HSL:2715240,Niipperin koulu
46680,46704,24,46680,46710,30,True,UPDATED,1631912400,HSL:2236_20210917_La_1_1226,236,HSL:2715241,Niipperin koulu
46740,46737,-3,46740,46744,4,True,UPDATED,1631912400,HSL:2582_20210917_La_1_1230,582,HSL:2715241,Niipperin koulu
47940,47976,36,47940,47983,43,True,UPDATED,1631912400,HSL:2436_20210917_La_1_1232,436,HSL:2715241,Niipperin koulu
48180,48180,0,48180,48180,0,False,SCHEDULED,1631912400,HSL:2239_20210917_La_1_1246,239,HSL:2715241,Niipperin koulu
48540,48540,0,48540,48540,0,False,SCHEDULED,1631912400,HSL:2582_20210917_La_1_1300,582,HSL:2715241,Niipperin koulu
45720,45720,0,45720,45720,0,True,UPDATED,1631912400,HSL:2215_20210917_La_1_1236,215,HSL:2133227,Rastaspuisto
46920,46920,0,46920,46920,0,False,SCHEDULED,1631912400,HSL:2215_20210917_La_1_1256,215,HSL:2133227,Rastaspuisto
48120,48120,0,48120,48120,0,False,SCHEDULED,1631912400,HSL:2215_20210917_La_1_1316,215,HSL:2133227,Rastaspuisto
49320,49320,0,49320,49320,0,False,SCHEDULED,1631912400,HSL:2215_20210917_La_1_1336,215,HSL:2133227,Rastaspuisto
50520,50520,0,50520,50520,0,False,SCHEDULED,1631912400,HSL:2215_20210917_La_1_1356,215,HSL:2133227,Rastaspuisto
45240,45361,121,45240,45369,129,True,UPDATED,1631912400,HSL:2215_20210917_La_2_1221,215,HSL:2133222,Rastasmäki
46440,46440,0,46440,46440,0,False,SCHEDULED,1631912400,HSL:2215_20210917_La_2_1241,215,HSL:2133222,Rastasmäki
47640,47640,0,47640,47640,0,False,SCHEDULED,1631912400,HSL:2215_20210917_La_2_1301,215,HSL:2133222,Rastasmäki
48840,48840,0,48840,48840,0,False,SCHEDULED,1631912400,HSL:2215_20210917_La_2_1321,215,HSL:2133222,Rastasmäki
50040,50040,0,50040,50040,0,False,SCHEDULED,1631912400,HSL:2215_20210917_La_2_1341,215,HSL:2133222,Rastasmäki
45780,45780,0,45780,45780,0,True,UPDATED,1631912400,HSL:2215_20210917_La_1_1236,215,HSL:2133221,Rastasmäki
46980,46980,0,46980,46980,0,False,SCHEDULED,1631912400,HSL:2215_20210917_La_1_1256,215,HSL:2133221,Rastasmäki
48180,48180,0,48180,48180,0,False,SCHEDULED,1631912400,HSL:2215_20210917_La_1_1316,215,HSL:2133221,Rastasmäki
49380,49380,0,49380,49380,0,False,SCHEDULED,1631912400,HSL:2215_20210917_La_1_1336,215,HSL:2133221,Rastasmäki
50580,50580,0,50580,50580,0,False,SCHEDULED,1631912400,HSL:2215_20210917_La_1_1356,215,HSL:2133221,Rastasmäki
45300,45336,36,45300,45339,39,True,UPDATED,1631912400,HSL:1069_20210917_La_2_1222,69,HSL:1385152,Kankiraudantie
46140,46140,0,46140,46140,0,False,SCHEDULED,1631912400,HSL:1077_20210917_La_2_1241,77,HSL:1385152,Kankiraudantie
46440,46440,0,46440,46440,0,False,SCHEDULED,1631912400,HSL:1069_20210917_La_2_1241,69,HSL:1385152,Kankiraudantie
47340,47340,0,47340,47340,0,False,SCHEDULED,1631912400,HSL:1077_20210917_La_2_1301,77,HSL:1385152,Kankiraudantie
47640,47640,0,47640,47640,0,False,SCHEDULED,1631912400,HSL:1069_20210917_La_2_1301,69,HSL:1385152,Kankiraudantie
45300,45344,44,45300,45350,50,True,UPDATED,1631912400,HSL:1069_20210917_La_2_1222,69,HSL:1385150,Malmin lentokenttä
46140,46140,0,46140,46140,0,False,SCHEDULED,1631912400,HSL:1077_20210917_La_2_1241,77,HSL:1385150,Malmin lentokenttä
46440,46440,0,46440,46440,0,False,SCHEDULED,1631912400,HSL:1069_20210917_La_2_1241,69,HSL:1385150,Malmin lentokenttä
47340,47340,0,47340,47340,0,False,SCHEDULED,1631912400,HSL:1077_20210917_La_2_1301,77,HSL:1385150,Malmin lentokenttä
47640,47640,0,47640,47640,0,False,SCHEDULED,1631912400,HSL:1069_20210917_La_2_1301,69,HSL:1385150,Malmin lentokenttä
45660,45741,81,45660,45751,91,True,UPDATED,1631912400,HSL:2200_20210917_La_2_1224,200,HSL:2133225,Karamäki
46260,46308,48,46260,46317,57,True,UPDATED,1631912400,HSL:2200_20210917_La_2_1234,200,HSL:2133225,Karamäki
46680,46802,122,46680,46804,124,True,UPDATED,1631912400,HSL:2224_20210917_La_2_1223,224,HSL:2133225,Karamäki
46860,46860,0,46860,46860,0,False,SCHEDULED,1631912400,HSL:2200_20210917_La_2_1244,200,HSL:2133225,Karamäki
47460,47460,0,47460,47460,0,False,SCHEDULED,1631912400,HSL:2200_20210917_La_2_1254,200,HSL:2133225,Karamäki
46800,46800,0,46800,46800,0,False,SCHEDULED,1631912400,HSL:2224_20210917_La_1_1250,224,HSL:2133224,Karamäki
48600,48600,0,48600,48600,0,False,SCHEDULED,1631912400,HSL:2224_20210917_La_1_1320,224,HSL:2133224,Karamäki
50400,50400,0,50400,50400,0,False,SCHEDULED,1631912400,HSL:2224_20210917_La_1_1350,224,HSL:2133224,Karamäki
52200,52200,0,52200,52200,0,False,SCHEDULED,1631912400,HSL:2224_20210917_La_1_1420,224,HSL:2133224,Karamäki
54000,54000,0,54000,54000,0,False,SCHEDULED,1631912400,HSL:2224_20210917_La_1_1450,224,HSL:2133224,Karamäki
45660,45624,-36,45660,45624,-36,True,UPDATED,1631912400,HSL:2214_20210917_La_1_1231,214,HSL:2133223,Karakalliontie
47460,47460,0,47460,47460,0,False,SCHEDULED,1631912400,HSL:2214_20210917_La_1_1301,214,HSL:2133223,Karakalliontie
49260,49260,0,49260,49260,0,False,SCHEDULED,1631912400,HSL:2214_20210917_La_1_1331,214,HSL:2133223,Karakalliontie
51060,51060,0,51060,51060,0,False,SCHEDULED,1631912400,HSL:2214_20210917_La_1_1401,214,HSL:2133223,Karakalliontie
52860,52860,0,52860,52860,0,False,SCHEDULED,1631912400,HSL:2214_20210917_La_1_1431,214,HSL:2133223,Karakalliontie
46620,46635,15,46620,46641,21,True,UPDATED,1631912400,HSL:2236_20210917_La_1_1226,236,HSL:2715237,Juvantie
46680,46665,-15,46680,46674,-6,True,UPDATED,1631912400,HSL:2582_20210917_La_1_1230,582,HSL:2715237,Juvantie
47880,47922,42,47880,47929,49,True,UPDATED,1631912400,HSL:2436_20210917_La_1_1232,436,HSL:2715237,Juvantie
48480,48480,0,48480,48480,0,False,SCHEDULED,1631912400,HSL:2582_20210917_La_1_1300,582,HSL:2715237,Juvantie
50280,50280,0,50280,50280,0,False,SCHEDULED,1631912400,HSL:2236_20210917_La_1_1326,236,HSL:2715237,Juvantie
45300,45372,72,45300,45382,82,True,UPDATED,1631912400,HSL:2436_20210917_La_2_1229,436,HSL:2715239,Juvantie
46080,46080,0,46080,46080,0,False,SCHEDULED,1631912400,HSL:2582_20210917_La_2_1242,582,HSL:2715239,Juvantie
47280,47280,0,47280,47280,0,False,SCHEDULED,1631912400,HSL:2236_20210917_La_2_1254,236,HSL:2715239,Juvantie
47880,47880,0,47880,47880,0,False,SCHEDULED,1631912400,HSL:2582_20210917_La_2_1312,582,HSL:2715239,Juvantie
48900,48900,0,48900,48900,0,False,SCHEDULED,1631912400,HSL:2436_20210917_La_2_1329,436,HSL:2715239,Juvantie
45480,45556,76,45480,45556,76,True,UPDATED,1631912400,HSL:2436_20210917_La_2_1229,436,HSL:2715230,Juvanmalminpuisto
49080,49080,0,49080,49080,0,False,SCHEDULED,1631912400,HSL:2436_20210917_La_2_1329,436,HSL:2715230,Juvanmalminpuisto
52680,52680,0,52680,52680,0,False,SCHEDULED,1631912400,HSL:2436_20210917_La_2_1429,436,HSL:2715230,Juvanmalminpuisto
56280,56280,0,56280,56280,0,False,SCHEDULED,1631912400,HSL:2436_20210917_La_2_1529,436,HSL:2715230,Juvanmalminpuisto
59880,59880,0,59880,59880,0,False,SCHEDULED,1631912400,HSL:2436_20210917_La_2_1629,436,HSL:2715230,Juvanmalminpuisto
45540,45540,0,45540,45540,0,True,UPDATED,1631912400,HSL:1079_20210917_La_2_1238,79,HSL:1402121,Tapulikaupungintie
46140,46140,0,46140,46140,0,False,SCHEDULED,1631912400,HSL:1079_20210917_La_2_1248,79,HSL:1402121,Tapulikaupungintie
46380,46408,28,46380,46408,28,True,UPDATED,1631912400,HSL:1073_20210917_La_1_1213,73,HSL:1402121,Tapulikaupungintie
46740,46740,0,46740,46740,0,False,SCHEDULED,1631912400,HSL:1079_20210917_La_2_1258,79,HSL:1402121,Tapulikaupungintie
47340,47340,0,47340,47340,0,False,SCHEDULED,1631912400,HSL:1079_20210917_La_2_1308,79,HSL:1402121,Tapulikaupungintie
45300,45309,9,45300,45329,29,True,UPDATED,1631912400,HSL:1073_20210917_La_1_1153,73,HSL:1402120,Tikkuritie
46500,46572,72,46500,46582,82,True,UPDATED,1631912400,HSL:1073_20210917_La_1_1213,73,HSL:1402120,Tikkuritie
47700,47749,49,47700,47749,49,True,UPDATED,1631912400,HSL:1073_20210917_La_1_1232,73,HSL:1402120,Tikkuritie
48900,48900,0,48900,48900,0,False,SCHEDULED,1631912400,HSL:1073_20210917_La_1_1252,73,HSL:1402120,Tikkuritie
50100,50100,0,50100,50100,0,False,SCHEDULED,1631912400,HSL:1073_20210917_La_1_1312,73,HSL:1402120,Tikkuritie
45600,45586,-14,45600,45593,-7,True,UPDATED,1631912400,HSL:1079_20210917_La_1_1151,79,HSL:1402122,Tapulikaupungintie
45900,45900,0,45900,45900,0,False,SCHEDULED,1631912400,HSL:1073_20210917_La_2_1241,73,HSL:1402122,Tapulikaupungintie
46200,46222,22,46200,46225,25,True,UPDATED,1631912400,HSL:1079_20210917_La_1_1201,79,HSL:1402122,Tapulikaupungintie
46800,46824,24,46800,46827,27,True,UPDATED,1631912400,HSL:1079_20210917_La_1_1211,79,HSL:1402122,Tapulikaupungintie
47100,47100,0,47100,47100,0,False,SCHEDULED,1631912400,HSL:1073_20210917_La_2_1301,73,HSL:1402122,Tapulikaupungintie
46320,46320,0,46320,46320,0,False,SCHEDULED,1631912400,HSL:1075_20210917_La_2_1252,75,HSL:1402125,Puistolan asema
47520,47520,0,47520,47520,0,False,SCHEDULED,1631912400,HSL:1075_20210917_La_2_1312,75,HSL:1402125,Puistolan asema
48720,48720,0,48720,48720,0,False,SCHEDULED,1631912400,HSL:1075_20210917_La_2_1332,75,HSL:1402125,Puistolan asema
49920,49920,0,49920,49920,0,False,SCHEDULED,1631912400,HSL:1075_20210917_La_2_1352,75,HSL:1402125,Puistolan asema
51120,51120,0,51120,51120,0,False,SCHEDULED,1631912400,HSL:1075_20210917_La_2_1412,75,HSL:1402125,Puistolan asema
45300,45373,73,45300,45378,78,True,UPDATED,1631912400,HSL:1069_20210917_La_2_1222,69,HSL:1385148,Valuraudantie
46140,46140,0,46140,46140,0,False,SCHEDULED,1631912400,HSL:1077_20210917_La_2_1241,77,HSL:1385148,Valuraudantie
46440,46440,0,46440,46440,0,False,SCHEDULED,1631912400,HSL:1069_20210917_La_2_1241,69,HSL:1385148,Valuraudantie
47340,47340,0,47340,47340,0,False,SCHEDULED,1631912400,HSL:1077_20210917_La_2_1301,77,HSL:1385148,Valuraudantie
47640,47640,0,47640,47640,0,False,SCHEDULED,1631912400,HSL:1069_20210917_La_2_1301,69,HSL:1385148,Valuraudantie
46260,46346,86,46260,46348,88,True,UPDATED,1631912400,HSL:4445T_20210917_La_1_1230,445T,HSL:4320201,Strandkullantie
49380,49380,0,49380,49380,0,False,SCHEDULED,1631912400,HSL:4445_20210917_La_1_1330,445,HSL:4320201,Strandkullantie
52980,52980,0,52980,52980,0,False,SCHEDULED,1631912400,HSL:4445_20210917_La_1_1430,445,HSL:4320201,Strandkullantie
57060,57060,0,57060,57060,0,False,SCHEDULED,1631912400,HSL:4445T_20210917_La_1_1530,445T,HSL:4320201,Strandkullantie
60180,60180,0,60180,60180,0,False,SCHEDULED,1631912400,HSL:4445_20210917_La_1_1630,445,HSL:4320201,Strandkullantie
47400,47400,0,47400,47400,0,False,SCHEDULED,1631912400,HSL:4445_20210917_La_2_1305,445,HSL:4320202,Strandkullantie
50460,50460,0,50460,50460,0,False,SCHEDULED,1631912400,HSL:4445T_20210917_La_2_1355,445T,HSL:4320202,Strandkullantie
54600,54600,0,54600,54600,0,False,SCHEDULED,1631912400,HSL:4445_20210917_La_2_1505,445,HSL:4320202,Strandkullantie
58200,58200,0,58200,58200,0,False,SCHEDULED,1631912400,HSL:4445_20210917_La_2_1605,445,HSL:4320202,Strandkullantie
61260,61260,0,61260,61260,0,False,SCHEDULED,1631912400,HSL:4445T_20210917_La_2_1655,445T,HSL:4320202,Strandkullantie
45660,45660,0,45660,45660,0,True,UPDATED,1631912400,HSL:1079_20210917_La_2_1238,79,HSL:1402127,Henrik Forsiuksen t.
46260,46260,0,46260,46260,0,False,SCHEDULED,1631912400,HSL:1079_20210917_La_2_1248,79,HSL:1402127,Henrik Forsiuksen t.
46860,46860,0,46860,46860,0,False,SCHEDULED,1631912400,HSL:1079_20210917_La_2_1258,79,HSL:1402127,Henrik Forsiuksen t.
47460,47460,0,47460,47460,0,False,SCHEDULED,1631912400,HSL:1079_20210917_La_2_1308,79,HSL:1402127,Henrik Forsiuksen t.
48060,48060,0,48060,48060,0,False,SCHEDULED,1631912400,HSL:1079_20210917_La_2_1318,79,HSL:1402127,Henrik Forsiuksen t.
46320,46348,28,46320,46348,28,True,UPDATED,1631912400,HSL:4445T_20210917_La_1_1230,445T,HSL:4320205,Männiköntie
49440,49440,0,49440,49440,0,False,SCHEDULED,1631912400,HSL:4445_20210917_La_1_1330,445,HSL:4320205,Männiköntie
53040,53040,0,53040,53040,0,False,SCHEDULED,1631912400,HSL:4445_20210917_La_1_1430,445,HSL:4320205,Männiköntie
57120,57120,0,57120,57120,0,False,SCHEDULED,1631912400,HSL:4445T_20210917_La_1_1530,445T,HSL:4320205,Männiköntie
60240,60240,0,60240,60240,0,False,SCHEDULED,1631912400,HSL:4445_20210917_La_1_1630,445,HSL:4320205,Männiköntie
47340,47340,0,47340,47340,0,False,SCHEDULED,1631912400,HSL:4445_20210917_La_2_1305,445,HSL:4320206,Männiköntie
50400,50400,0,50400,50400,0,False,SCHEDULED,1631912400,HSL:4445T_20210917_La_2_1355,445T,HSL:4320206,Männiköntie
54540,54540,0,54540,54540,0,False,SCHEDULED,1631912400,HSL:4445_20210917_La_2_1505,445,HSL:4320206,Männiköntie
58140,58140,0,58140,58140,0,False,SCHEDULED,1631912400,HSL:4445_20210917_La_2_1605,445,HSL:4320206,Männiköntie
61200,61200,0,61200,61200,0,False,SCHEDULED,1631912400,HSL:4445T_20210917_La_2_1655,445T,HSL:4320206,Männiköntie
45480,44956,-524,45480,45480,0,True,UPDATED,1631912400,HSL:1079_20210917_La_2_1238,79,HSL:1402126,Puistolan asema
46080,46080,0,46080,46080,0,False,SCHEDULED,1631912400,HSL:1079_20210917_La_2_1248,79,HSL:1402126,Puistolan asema
46680,46680,0,46680,46680,0,False,SCHEDULED,1631912400,HSL:1079_20210917_La_2_1258,79,HSL:1402126,Puistolan asema
47280,47280,0,47280,47280,0,False,SCHEDULED,1631912400,HSL:1079_20210917_La_2_1308,79,HSL:1402126,Puistolan asema
47880,47880,0,47880,47880,0,False,SCHEDULED,1631912400,HSL:1079_20210917_La_2_1318,79,HSL:1402126,Puistolan asema
45480,45452,-28,45480,45459,-21,True,UPDATED,1631912400,HSL:1079_20210917_La_1_1151,79,HSL:1402128,Henrik Forsiuksen t.
46080,46099,19,46080,46099,19,True,UPDATED,1631912400,HSL:1079_20210917_La_1_1201,79,HSL:1402128,Henrik Forsiuksen t.
46680,46715,35,46680,46715,35,True,UPDATED,1631912400,HSL:1079_20210917_La_1_1211,79,HSL:1402128,Henrik Forsiuksen t.
47280,47343,63,47280,47343,63,True,UPDATED,1631912400,HSL:1079_20210917_La_1_1221,79,HSL:1402128,Henrik Forsiuksen t.
47880,47837,-43,47880,47890,10,True,UPDATED,1631912400,HSL:1079_20210917_La_1_1231,79,HSL:1402128,Henrik Forsiuksen t.
46440,46430,-10,46440,46430,-10,True,UPDATED,1631912400,HSL:4445T_20210917_La_1_1230,445T,HSL:4320209,Metsärinne
49560,49560,0,49560,49560,0,False,SCHEDULED,1631912400,HSL:4445_20210917_La_1_1330,445,HSL:4320209,Metsärinne
53160,53160,0,53160,53160,0,False,SCHEDULED,1631912400,HSL:4445_20210917_La_1_1430,445,HSL:4320209,Metsärinne
57240,57240,0,57240,57240,0,False,SCHEDULED,1631912400,HSL:4445T_20210917_La_1_1530,445T,HSL:4320209,Metsärinne
60360,60360,0,60360,60360,0,False,SCHEDULED,1631912400,HSL:4445_20210917_La_1_1630,445,HSL:4320209,Metsärinne
47880,47880,0,47880,47880,0,False,SCHEDULED,1631912400,HSL:9665K_20210917_La_1_1256,665K,HSL:9502000,Tehtaankatu
51480,51480,0,51480,51480,0,False,SCHEDULED,1631912400,HSL:9665K_20210917_La_1_1356,665K,HSL:9502000,Tehtaankatu
55080,55080,0,55080,55080,0,False,SCHEDULED,1631912400,HSL:9665K_20210917_La_1_1456,665K,HSL:9502000,Tehtaankatu
58680,58680,0,58680,58680,0,False,SCHEDULED,1631912400,HSL:9665K_20210917_La_1_1556,665K,HSL:9502000,Tehtaankatu
62280,62280,0,62280,62280,0,False,SCHEDULED,1631912400,HSL:9665K_20210917_La_1_1656,665K,HSL:9502000,Tehtaankatu
46380,46377,-3,46380,46377,-3,True,UPDATED,1631912400,HSL:4445T_20210917_La_1_1230,445T,HSL:4320207,Lehtimäentie
49440,49440,0,49440,49440,0,False,SCHEDULED,1631912400,HSL:4445_20210917_La_1_1330,445,HSL:4320207,Lehtimäentie
53040,53040,0,53040,53040,0,False,SCHEDULED,1631912400,HSL:4445_20210917_La_1_1430,445,HSL:4320207,Lehtimäentie
57180,57180,0,57180,57180,0,False,SCHEDULED,1631912400,HSL:4445T_20210917_La_1_1530,445T,HSL:4320207,Lehtimäentie
60240,60240,0,60240,60240,0,False,SCHEDULED,1631912400,HSL:4445_20210917_La_1_1630,445,HSL:4320207,Lehtimäentie
47340,47340,0,47340,47340,0,False,SCHEDULED,1631912400,HSL:4445_20210917_La_2_1305,445,HSL:4320208,Lehtimäentie
50400,50400,0,50400,50400,0,False,SCHEDULED,1631912400,HSL:4445T_20210917_La_2_1355,445T,HSL:4320208,Lehtimäentie
54540,54540,0,54540,54540,0,False,SCHEDULED,1631912400,HSL:4445_20210917_La_2_1505,445,HSL:4320208,Lehtimäentie
58140,58140,0,58140,58140,0,False,SCHEDULED,1631912400,HSL:4445_20210917_La_2_1605,445,HSL:4320208,Lehtimäentie
61200,61200,0,61200,61200,0,False,SCHEDULED,1631912400,HSL:4445T_20210917_La_2_1655,445T,HSL:4320208,Lehtimäentie
45420,45367,-53,45420,45367,-53,True,UPDATED,1631912400,HSL:2214_20210917_La_1_1231,214,HSL:2133209,Pääskyskuja
45660,45660,0,45660,45660,0,True,UPDATED,1631912400,HSL:2215_20210917_La_1_1236,215,HSL:2133209,Pääskyskuja
46560,46560,0,46560,46560,0,False,SCHEDULED,1631912400,HSL:2224_20210917_La_1_1250,224,HSL:2133209,Pääskyskuja
46860,46860,0,46860,46860,0,False,SCHEDULED,1631912400,HSL:2215_20210917_La_1_1256,215,HSL:2133209,Pääskyskuja
47220,47220,0,47220,47220,0,False,SCHEDULED,1631912400,HSL:2214_20210917_La_1_1301,214,HSL:2133209,Pääskyskuja
45300,45411,111,45300,45414,114,True,UPDATED,1631912400,HSL:2236_20210917_La_2_1154,236,HSL:2133204,Leppäsilta
45360,45537,177,45360,45540,180,True,UPDATED,1631912400,HSL:2215_20210917_La_2_1221,215,HSL:2133204,Leppäsilta
45540,45656,116,45540,45660,120,True,UPDATED,1631912400,HSL:2532_20210917_La_1_1209,532,HSL:2133204,Leppäsilta
45960,45960,0,45960,45960,0,False,SCHEDULED,1631912400,HSL:2214_20210917_La_2_1231,214,HSL:2133204,Leppäsilta
46080,45992,-88,46080,45993,-87,True,UPDATED,1631912400,HSL:2227_20210917_La_2_1228,227,HSL:2133204,Leppäsilta
45360,45387,27,45360,45391,31,True,UPDATED,1631912400,HSL:2227_20210917_La_1_1231,227,HSL:2133203,Leppäsilta
45540,45540,0,45540,45540,0,True,UPDATED,1631912400,HSL:2532_20210917_La_2_1234,532,HSL:2133203,Leppäsilta
46260,46260,0,46260,46260,0,False,SCHEDULED,1631912400,HSL:2239_20210917_La_1_1246,239,HSL:2133203,Leppäsilta
46440,46440,0,46440,46440,0,False,SCHEDULED,1631912400,HSL:2532_20210917_La_2_1249,532,HSL:2133203,Leppäsilta
47160,47160,0,47160,47160,0,False,SCHEDULED,1631912400,HSL:2227_20210917_La_1_1301,227,HSL:2133203,Leppäsilta
45480,45439,-41,45480,45501,21,True,UPDATED,1631912400,HSL:4560_20210917_La_1_1226,560,HSL:1541207,Koukkusaarentie
46080,46080,0,46080,46080,0,False,SCHEDULED,1631912400,HSL:4560_20210917_La_1_1236,560,HSL:1541207,Koukkusaarentie
46680,46680,0,46680,46680,0,False,SCHEDULED,1631912400,HSL:4560_20210917_La_1_1246,560,HSL:1541207,Koukkusaarentie
47280,47280,0,47280,47280,0,False,SCHEDULED,1631912400,HSL:4560_20210917_La_1_1256,560,HSL:1541207,Koukkusaarentie
47880,47880,0,47880,47880,0,False,SCHEDULED,1631912400,HSL:4560_20210917_La_1_1306,560,HSL:1541207,Koukkusaarentie
45600,45012,-588,45600,45600,0,True,UPDATED,1631912400,HSL:1006_20210917_La_1_1240,6,HSL:1204401,Eiranranta
46320,46320,0,46320,46320,0,False,SCHEDULED,1631912400,HSL:1006_20210917_La_1_1252,6,HSL:1204401,Eiranranta
47040,47040,0,47040,47040,0,False,SCHEDULED,1631912400,HSL:1006_20210917_La_1_1304,6,HSL:1204401,Eiranranta
47760,47760,0,47760,47760,0,False,SCHEDULED,1631912400,HSL:1006_20210917_La_1_1316,6,HSL:1204401,Eiranranta
48480,48480,0,48480,48480,0,False,SCHEDULED,1631912400,HSL:1006_20210917_La_1_1328,6,HSL:1204401,Eiranranta
45540,45571,31,45540,45571,31,True,UPDATED,1631912400,HSL:1006_20210917_La_2_1206,6,HSL:1204402,Eiranranta
46260,46328,68,46260,46328,68,True,UPDATED,1631912400,HSL:1006_20210917_La_2_1218,6,HSL:1204402,Eiranranta
46980,46980,0,46980,46980,0,False,SCHEDULED,1631912400,HSL:1006_20210917_La_2_1230,6,HSL:1204402,Eiranranta
47700,47700,0,47700,47700,0,False,SCHEDULED,1631912400,HSL:1006_20210917_La_2_1242,6,HSL:1204402,Eiranranta
48420,48420,0,48420,48420,0,False,SCHEDULED,1631912400,HSL:1006_20210917_La_2_1254,6,HSL:1204402,Eiranranta
45720,45720,0,45720,45720,0,True,UPDATED,1631912400,HSL:1006_20210917_La_1_1240,6,HSL:1204403,Munkkisaari
46440,46440,0,46440,46440,0,False,SCHEDULED,1631912400,HSL:1006_20210917_La_1_1252,6,HSL:1204403,Munkkisaari
47160,47160,0,47160,47160,0,False,SCHEDULED,1631912400,HSL:1006_20210917_La_1_1304,6,HSL:1204403,Munkkisaari
47880,47880,0,47880,47880,0,False,SCHEDULED,1631912400,HSL:1006_20210917_La_1_1316,6,HSL:1204403,Munkkisaari
48600,48600,0,48600,48600,0,False,SCHEDULED,1631912400,HSL:1006_20210917_La_1_1328,6,HSL:1204403,Munkkisaari
45480,45511,31,45480,45511,31,True,UPDATED,1631912400,HSL:1006_20210917_La_2_1206,6,HSL:1204404,Munkkisaari
46200,46268,68,46200,46268,68,True,UPDATED,1631912400,HSL:1006_20210917_La_2_1218,6,HSL:1204404,Munkkisaari
46920,46920,0,46920,46920,0,False,SCHEDULED,1631912400,HSL:1006_20210917_La_2_1230,6,HSL:1204404,Munkkisaari
47640,47640,0,47640,47640,0,False,SCHEDULED,1631912400,HSL:1006_20210917_La_2_1242,6,HSL:1204404,Munkkisaari
48360,48360,0,48360,48360,0,False,SCHEDULED,1631912400,HSL:1006_20210917_La_2_1254,6,HSL:1204404,Munkkisaari
47220,47220,0,47220,47220,0,False,SCHEDULED,1631912400,HSL:4445_20210917_La_2_1305,445,HSL:4320212,Reunarinne
50220,50220,0,50220,50220,0,False,SCHEDULED,1631912400,HSL:4445T_20210917_La_2_1355,445T,HSL:4320212,Reunarinne
54420,54420,0,54420,54420,0,False,SCHEDULED,1631912400,HSL:4445_20210917_La_2_1505,445,HSL:4320212,Reunarinne
58020,58020,0,58020,58020,0,False,SCHEDULED,1631912400,HSL:4445_20210917_La_2_1605,445,HSL:4320212,Reunarinne
61020,61020,0,61020,61020,0,False,SCHEDULED,1631912400,HSL:4445T_20210917_La_2_1655,445T,HSL:4320212,Reunarinne
45780,45780,0,45780,45780,0,True,UPDATED,1631912400,HSL:1006_20210917_La_1_1240,6,HSL:1204405,Telakanpuistikko
46500,46500,0,46500,46500,0,False,SCHEDULED,1631912400,HSL:1006_20210917_La_1_1252,6,HSL:1204405,Telakanpuistikko
47220,47220,0,47220,47220,0,False,SCHEDULED,1631912400,HSL:1006_20210917_La_1_1304,6,HSL:1204405,Telakanpuistikko
47940,47940,0,47940,47940,0,False,SCHEDULED,1631912400,HSL:1006_20210917_La_1_1316,6,HSL:1204405,Telakanpuistikko
48660,48660,0,48660,48660,0,False,SCHEDULED,1631912400,HSL:1006_20210917_La_1_1328,6,HSL:1204405,Telakanpuistikko
46560,46497,-63,46560,46497,-63,True,UPDATED,1631912400,HSL:4445T_20210917_La_1_1230,445T,HSL:4320213,Reunakuja
49620,49620,0,49620,49620,0,False,SCHEDULED,1631912400,HSL:4445_20210917_La_1_1330,445,HSL:4320213,Reunakuja
53220,53220,0,53220,53220,0,False,SCHEDULED,1631912400,HSL:4445_20210917_La_1_1430,445,HSL:4320213,Reunakuja
57360,57360,0,57360,57360,0,False,SCHEDULED,1631912400,HSL:4445T_20210917_La_1_1530,445T,HSL:4320213,Reunakuja
60420,60420,0,60420,60420,0,False,SCHEDULED,1631912400,HSL:4445_20210917_La_1_1630,445,HSL:4320213,Reunakuja
45420,45451,31,45420,45451,31,True,UPDATED,1631912400,HSL:1006_20210917_La_2_1206,6,HSL:1204406,Telakanpuistikko
46140,46208,68,46140,46208,68,True,UPDATED,1631912400,HSL:1006_20210917_La_2_1218,6,HSL:1204406,Telakanpuistikko
46860,46860,0,46860,46860,0,False,SCHEDULED,1631912400,HSL:1006_20210917_La_2_1230,6,HSL:1204406,Telakanpuistikko
47580,47580,0,47580,47580,0,False,SCHEDULED,1631912400,HSL:1006_20210917_La_2_1242,6,HSL:1204406,Telakanpuistikko
48300,48300,0,48300,48300,0,False,SCHEDULED,1631912400,HSL:1006_20210917_La_2_1254,6,HSL:1204406,Telakanpuistikko
47280,47280,0,47280,47280,0,False,SCHEDULED,1631912400,HSL:4445_20210917_La_2_1305,445,HSL:4320210,Metsärinne
50280,50280,0,50280,50280,0,False,SCHEDULED,1631912400,HSL:4445T_20210917_La_2_1355,445T,HSL:4320210,Metsärinne
54480,54480,0,54480,54480,0,False,SCHEDULED,1631912400,HSL:4445_20210917_La_2_1505,445,HSL:4320210,Metsärinne
58080,58080,0,58080,58080,0,False,SCHEDULED,1631912400,HSL:4445_20210917_La_2_1605,445,HSL:4320210,Metsärinne
61080,61080,0,61080,61080,0,False,SCHEDULED,1631912400,HSL:4445T_20210917_La_2_1655,445T,HSL:4320210,Metsärinne
46500,46476,-24,46500,46476,-24,True,UPDATED,1631912400,HSL:4445T_20210917_La_1_1230,445T,HSL:4320211,Reunarinne
49560,49560,0,49560,49560,0,False,SCHEDULED,1631912400,HSL:4445_20210917_La_1_1330,445,HSL:4320211,Reunarinne
53160,53160,0,53160,53160,0,False,SCHEDULED,1631912400,HSL:4445_20210917_La_1_1430,445,HSL:4320211,Reunarinne
57300,57300,0,57300,57300,0,False,SCHEDULED,1631912400,HSL:4445T_20210917_La_1_1530,445T,HSL:4320211,Reunarinne
60360,60360,0,60360,60360,0,False,SCHEDULED,1631912400,HSL:4445_20210917_La_1_1630,445,HSL:4320211,Reunarinne
48120,48120,0,48120,48120,0,False,SCHEDULED,1631912400,HSL:2239_20210917_La_1_1246,239,HSL:2715251,Kylvötie
51780,51780,0,51780,51780,0,False,SCHEDULED,1631912400,HSL:2239_20210917_La_1_1346,239,HSL:2715251,Kylvötie
55380,55380,0,55380,55380,0,False,SCHEDULED,1631912400,HSL:2239_20210917_La_1_1446,239,HSL:2715251,Kylvötie
59040,59040,0,59040,59040,0,False,SCHEDULED,1631912400,HSL:2239_20210917_La_1_1546,239,HSL:2715251,Kylvötie
62640,62640,0,62640,62640,0,False,SCHEDULED,1631912400,HSL:2239_20210917_La_1_1646,239,HSL:2715251,Kylvötie
47100,47100,0,47100,47100,0,False,SCHEDULED,1631912400,HSL:4445_20210917_La_2_1305,445,HSL:4320216,Josvaholmantie
50100,50100,0,50100,50100,0,False,SCHEDULED,1631912400,HSL:4445T_20210917_La_2_1355,445T,HSL:4320216,Josvaholmantie
54300,54300,0,54300,54300,0,False,SCHEDULED,1631912400,HSL:4445_20210917_La_2_1505,445,HSL:4320216,Josvaholmantie
57900,57900,0,57900,57900,0,False,SCHEDULED,1631912400,HSL:4445_20210917_La_2_1605,445,HSL:4320216,Josvaholmantie
60900,60900,0,60900,60900,0,False,SCHEDULED,1631912400,HSL:4445T_20210917_La_2_1655,445T,HSL:4320216,Josvaholmantie
45720,45720,0,45720,45720,0,True,UPDATED,1631912400,HSL:2239_20210917_La_2_1237,239,HSL:2715250,Kylvötie
49320,49320,0,49320,49320,0,False,SCHEDULED,1631912400,HSL:2239_20210917_La_2_1337,239,HSL:2715250,Kylvötie
52920,52920,0,52920,52920,0,False,SCHEDULED,1631912400,HSL:2239_20210917_La_2_1437,239,HSL:2715250,Kylvötie
56520,56520,0,56520,56520,0,False,SCHEDULED,1631912400,HSL:2239_20210917_La_2_1537,239,HSL:2715250,Kylvötie
60120,60120,0,60120,60120,0,False,SCHEDULED,1631912400,HSL:2239_20210917_La_2_1637,239,HSL:2715250,Kylvötie
46620,46554,-66,46620,46554,-66,True,UPDATED,1631912400,HSL:4445T_20210917_La_1_1230,445T,HSL:4320217,Josvaholmantie
49680,49680,0,49680,49680,0,False,SCHEDULED,1631912400,HSL:4445_20210917_La_1_1330,445,HSL:4320217,Josvaholmantie
53280,53280,0,53280,53280,0,False,SCHEDULED,1631912400,HSL:4445_20210917_La_1_1430,445,HSL:4320217,Josvaholmantie
57420,57420,0,57420,57420,0,False,SCHEDULED,1631912400,HSL:4445T_20210917_La_1_1530,445T,HSL:4320217,Josvaholmantie
60480,60480,0,60480,60480,0,False,SCHEDULED,1631912400,HSL:4445_20210917_La_1_1630,445,HSL:4320217,Josvaholmantie
47160,47160,0,47160,47160,0,False,SCHEDULED,1631912400,HSL:4445_20210917_La_2_1305,445,HSL:4320214,Reunakuja
50220,50220,0,50220,50220,0,False,SCHEDULED,1631912400,HSL:4445T_20210917_La_2_1355,445T,HSL:4320214,Reunakuja
54360,54360,0,54360,54360,0,False,SCHEDULED,1631912400,HSL:4445_20210917_La_2_1505,445,HSL:4320214,Reunakuja
57960,57960,0,57960,57960,0,False,SCHEDULED,1631912400,HSL:4445_20210917_La_2_1605,445,HSL:4320214,Reunakuja
61020,61020,0,61020,61020,0,False,SCHEDULED,1631912400,HSL:4445T_20210917_La_2_1655,445T,HSL:4320214,Reunakuja
45840,45840,0,45840,45840,0,False,SCHEDULED,1631912400,HSL:1073_20210917_La_2_1241,73,HSL:1402119,Arttolantie
47040,47040,0,47040,47040,0,False,SCHEDULED,1631912400,HSL:1073_20210917_La_2_1301,73,HSL:1402119,Arttolantie
48240,48240,0,48240,48240,0,False,SCHEDULED,1631912400,HSL:1073_20210917_La_2_1321,73,HSL:1402119,Arttolantie
49440,49440,0,49440,49440,0,False,SCHEDULED,1631912400,HSL:1073_20210917_La_2_1341,73,HSL:1402119,Arttolantie
50640,50640,0,50640,50640,0,False,SCHEDULED,1631912400,HSL:1073_20210917_La_2_1401,73,HSL:1402119,Arttolantie
47100,47100,0,47100,47100,0,False,SCHEDULED,1631912400,HSL:4445_20210917_La_2_1305,445,HSL:4320218,Lammintie
50100,50100,0,50100,50100,0,False,SCHEDULED,1631912400,HSL:4445T_20210917_La_2_1355,445T,HSL:4320218,Lammintie
54300,54300,0,54300,54300,0,False,SCHEDULED,1631912400,HSL:4445_20210917_La_2_1505,445,HSL:4320218,Lammintie
57900,57900,0,57900,57900,0,False,SCHEDULED,1631912400,HSL:4445_20210917_La_2_1605,445,HSL:4320218,Lammintie
60900,60900,0,60900,60900,0,False,SCHEDULED,1631912400,HSL:4445T_20210917_La_2_1655,445T,HSL:4320218,Lammintie
45600,45600,0,45600,45600,0,True,UPDATED,1631912400,HSL:1079_20210917_La_2_1238,79,HSL:1402145,Kämnerintie
46200,46200,0,46200,46200,0,False,SCHEDULED,1631912400,HSL:1079_20210917_La_2_1248,79,HSL:1402145,Kämnerintie
46800,46800,0,46800,46800,0,False,SCHEDULED,1631912400,HSL:1079_20210917_La_2_1258,79,HSL:1402145,Kämnerintie
47400,47400,0,47400,47400,0,False,SCHEDULED,1631912400,HSL:1079_20210917_La_2_1308,79,HSL:1402145,Kämnerintie
48000,48000,0,48000,48000,0,False,SCHEDULED,1631912400,HSL:1079_20210917_La_2_1318,79,HSL:1402145,Kämnerintie
45540,45531,-9,45540,45531,-9,True,UPDATED,1631912400,HSL:1079_20210917_La_1_1151,79,HSL:1402144,Kämnerintie
46140,46170,30,46140,46178,38,True,UPDATED,1631912400,HSL:1079_20210917_La_1_1201,79,HSL:1402144,Kämnerintie
46740,46773,33,46740,46780,40,True,UPDATED,1631912400,HSL:1079_20210917_La_1_1211,79,HSL:1402144,Kämnerintie
47340,47366,26,47340,47366,26,True,UPDATED,1631912400,HSL:1079_20210917_La_1_1221,79,HSL:1402144,Kämnerintie
47940,47898,-42,47940,47948,8,True,UPDATED,1631912400,HSL:1079_20210917_La_1_1231,79,HSL:1402144,Kämnerintie
46620,46563,-57,46620,46615,-5,True,UPDATED,1631912400,HSL:4445T_20210917_La_1_1230,445T,HSL:4320220,Lammintie
49680,49680,0,49680,49680,0,False,SCHEDULED,1631912400,HSL:4445_20210917_La_1_1330,445,HSL:4320220,Lammintie
53280,53280,0,53280,53280,0,False,SCHEDULED,1631912400,HSL:4445_20210917_La_1_1430,445,HSL:4320220,Lammintie
57420,57420,0,57420,57420,0,False,SCHEDULED,1631912400,HSL:4445T_20210917_La_1_1530,445T,HSL:4320220,Lammintie
60480,60480,0,60480,60480,0,False,SCHEDULED,1631912400,HSL:4445_20210917_La_1_1630,445,HSL:4320220,Lammintie
45660,45640,-20,45660,45739,79,True,UPDATED,1631912400,HSL:1079_20210917_La_1_1151,79,HSL:1402132,"Puistolan as., tulo"
46020,46108,88,46020,46108,88,True,UPDATED,1631912400,HSL:1075_20210917_La_1_1208,75,HSL:1402132,"Puistolan as., tulo"
46260,46284,24,46260,46314,54,True,UPDATED,1631912400,HSL:1079_20210917_La_1_1201,79,HSL:1402132,"Puistolan as., tulo"
46860,46883,23,46860,46903,43,True,UPDATED,1631912400,HSL:1079_20210917_La_1_1211,79,HSL:1402132,"Puistolan as., tulo"
47220,47441,221,47220,47463,243,True,UPDATED,1631912400,HSL:1075_20210917_La_1_1228,75,HSL:1402132,"Puistolan as., tulo"
45600,45600,0,45600,45600,0,True,UPDATED,1631912400,HSL:2113_20210917_La_1_1227,113,HSL:2121202,Kurkijoentie
45840,45865,25,45840,45873,33,True,UPDATED,1631912400,HSL:2550_20210917_La_2_1229,550,HSL:2121202,Kurkijoentie
46440,46440,0,46440,46440,0,False,SCHEDULED,1631912400,HSL:2550_20210917_La_2_1239,550,HSL:2121202,Kurkijoentie
46500,46500,0,46500,46500,0,False,SCHEDULED,1631912400,HSL:2113_20210917_La_1_1242,113,HSL:2121202,Kurkijoentie
47040,47040,0,47040,47040,0,False,SCHEDULED,1631912400,HSL:2550_20210917_La_2_1249,550,HSL:2121202,Kurkijoentie
45960,45979,19,45960,45982,22,True,UPDATED,1631912400,HSL:2111_20210917_La_1_1230,111,HSL:2211238,Tapiolansilta
46860,46860,0,46860,46860,0,False,SCHEDULED,1631912400,HSL:2111_20210917_La_1_1245,111,HSL:2211238,Tapiolansilta
47760,47760,0,47760,47760,0,False,SCHEDULED,1631912400,HSL:2111_20210917_La_1_1300,111,HSL:2211238,Tapiolansilta
48660,48660,0,48660,48660,0,False,SCHEDULED,1631912400,HSL:2111_20210917_La_1_1315,111,HSL:2211238,Tapiolansilta
49560,49560,0,49560,49560,0,False,SCHEDULED,1631912400,HSL:2111_20210917_La_1_1330,111,HSL:2211238,Tapiolansilta
45900,45961,61,45900,45964,64,True,UPDATED,1631912400,HSL:2111_20210917_La_2_1223,111,HSL:2211237,Tapiolansilta
46800,46800,0,46800,46800,0,True,UPDATED,1631912400,HSL:2111_20210917_La_2_1238,111,HSL:2211237,Tapiolansilta
47700,47700,0,47700,47700,0,False,SCHEDULED,1631912400,HSL:2111_20210917_La_2_1253,111,HSL:2211237,Tapiolansilta
48660,48660,0,48660,48660,0,False,SCHEDULED,1631912400,HSL:2111_20210917_La_2_1308,111,HSL:2211237,Tapiolansilta
49560,49560,0,49560,49560,0,False,SCHEDULED,1631912400,HSL:2111_20210917_La_2_1323,111,HSL:2211237,Tapiolansilta
45900,45936,36,45900,45940,40,True,UPDATED,1631912400,HSL:2111_20210917_La_1_1230,111,HSL:2211236,Sateentie
46800,46800,0,46800,46800,0,False,SCHEDULED,1631912400,HSL:2111_20210917_La_1_1245,111,HSL:2211236,Sateentie
47700,47700,0,47700,47700,0,False,SCHEDULED,1631912400,HSL:2111_20210917_La_1_1300,111,HSL:2211236,Sateentie
48600,48600,0,48600,48600,0,False,SCHEDULED,1631912400,HSL:2111_20210917_La_1_1315,111,HSL:2211236,Sateentie
49500,49500,0,49500,49500,0,False,SCHEDULED,1631912400,HSL:2111_20210917_La_1_1330,111,HSL:2211236,Sateentie
45960,46005,45,45960,46011,51,True,UPDATED,1631912400,HSL:2111_20210917_La_2_1223,111,HSL:2211235,Sateentie
46860,46860,0,46860,46860,0,True,UPDATED,1631912400,HSL:2111_20210917_La_2_1238,111,HSL:2211235,Sateentie
47760,47760,0,47760,47760,0,False,SCHEDULED,1631912400,HSL:2111_20210917_La_2_1253,111,HSL:2211235,Sateentie
48720,48720,0,48720,48720,0,False,SCHEDULED,1631912400,HSL:2111_20210917_La_2_1308,111,HSL:2211235,Sateentie
49620,49620,0,49620,49620,0,False,SCHEDULED,1631912400,HSL:2111_20210917_La_2_1323,111,HSL:2211235,Sateentie
46260,46311,51,46260,46336,76,True,UPDATED,1631912400,HSL:1069_20210917_La_2_1222,69,HSL:1391104,Suvitie
47400,47400,0,47400,47400,0,False,SCHEDULED,1631912400,HSL:1069_20210917_La_2_1241,69,HSL:1391104,Suvitie
48600,48600,0,48600,48600,0,False,SCHEDULED,1631912400,HSL:1069_20210917_La_2_1301,69,HSL:1391104,Suvitie
49800,49800,0,49800,49800,0,False,SCHEDULED,1631912400,HSL:1069_20210917_La_2_1321,69,HSL:1391104,Suvitie
51000,51000,0,51000,51000,0,False,SCHEDULED,1631912400,HSL:1069_20210917_La_2_1341,69,HSL:1391104,Suvitie
46080,46096,16,46080,46096,16,True,UPDATED,1631912400,HSL:1069_20210917_La_1_1203,69,HSL:1391101,Suvitie
47280,47352,72,47280,47363,83,True,UPDATED,1631912400,HSL:1069_20210917_La_1_1222,69,HSL:1391101,Suvitie
48480,48480,0,48480,48480,0,False,SCHEDULED,1631912400,HSL:1069_20210917_La_1_1242,69,HSL:1391101,Suvitie
49680,49680,0,49680,49680,0,False,SCHEDULED,1631912400,HSL:1069_20210917_La_1_1302,69,HSL:1391101,Suvitie
50880,50880,0,50880,50880,0,False,SCHEDULED,1631912400,HSL:1069_20210917_La_1_1322,69,HSL:1391101,Suvitie
45480,45540,60,45480,45546,66,True,UPDATED,1631912400,HSL:1016_20210917_La_1_1222,16,HSL:1420132,Tupasaarentie
46740,46740,0,46740,46740,0,False,SCHEDULED,1631912400,HSL:1016_20210917_La_1_1242,16,HSL:1420132,Tupasaarentie
47940,47940,0,47940,47940,0,False,SCHEDULED,1631912400,HSL:1016_20210917_La_1_1302,16,HSL:1420132,Tupasaarentie
49140,49140,0,49140,49140,0,False,SCHEDULED,1631912400,HSL:1016_20210917_La_1_1322,16,HSL:1420132,Tupasaarentie
50340,50340,0,50340,50340,0,False,SCHEDULED,1631912400,HSL:1016_20210917_La_1_1342,16,HSL:1420132,Tupasaarentie
45300,45382,82,45300,45391,91,True,UPDATED,1631912400,HSL:4560_20210917_La_1_1156,560,HSL:1391108,Vanha Tapanilantie
45360,45459,99,45360,45459,99,True,UPDATED,1631912400,HSL:1079_20210917_La_1_1201,79,HSL:1391108,Vanha Tapanilantie
45780,45840,60,45780,45849,69,True,UPDATED,1631912400,HSL:4561_20210917_La_1_1223,561,HSL:1391108,Vanha Tapanilantie
45900,45956,56,45900,45956,56,True,UPDATED,1631912400,HSL:4560_20210917_La_1_1206,560,HSL:1391108,Vanha Tapanilantie
45960,46030,70,45960,46037,77,True,UPDATED,1631912400,HSL:1079_20210917_La_1_1211,79,HSL:1391108,Vanha Tapanilantie
46140,46200,60,46140,46205,65,True,UPDATED,1631912400,HSL:1069_20210917_La_2_1222,69,HSL:1391105,Syystie
47340,47340,0,47340,47340,0,False,SCHEDULED,1631912400,HSL:1069_20210917_La_2_1241,69,HSL:1391105,Syystie
48540,48540,0,48540,48540,0,False,SCHEDULED,1631912400,HSL:1069_20210917_La_2_1301,69,HSL:1391105,Syystie
49740,49740,0,49740,49740,0,False,SCHEDULED,1631912400,HSL:1069_20210917_La_2_1321,69,HSL:1391105,Syystie
50940,50940,0,50940,50940,0,False,SCHEDULED,1631912400,HSL:1069_20210917_La_2_1341,69,HSL:1391105,Syystie
45300,45422,122,45300,45423,123,True,UPDATED,1631912400,HSL:1079_20210917_La_1_1201,79,HSL:1391106,Syystie
45720,45796,76,45720,45807,87,True,UPDATED,1631912400,HSL:4561_20210917_La_1_1223,561,HSL:1391106,Syystie
45900,45998,98,45900,45999,99,True,UPDATED,1631912400,HSL:1079_20210917_La_1_1211,79,HSL:1391106,Syystie
46200,46310,110,46200,46317,117,True,UPDATED,1631912400,HSL:1554_20210917_La_1_1233,554,HSL:1391106,Syystie
46500,46599,99,46500,46608,108,True,UPDATED,1631912400,HSL:1079_20210917_La_1_1221,79,HSL:1391106,Syystie
46080,46116,36,46080,46123,43,True,UPDATED,1631912400,HSL:1081_20210917_La_2_1223,81,HSL:1420136,Rantatöyry
46980,46980,0,46980,46980,0,True,UPDATED,1631912400,HSL:1081_20210917_La_2_1238,81,HSL:1420136,Rantatöyry
47880,47880,0,47880,47880,0,False,SCHEDULED,1631912400,HSL:1081_20210917_La_2_1253,81,HSL:1420136,Rantatöyry
48780,48780,0,48780,48780,0,False,SCHEDULED,1631912400,HSL:1081_20210917_La_2_1308,81,HSL:1420136,Rantatöyry
49680,49680,0,49680,49680,0,False,SCHEDULED,1631912400,HSL:1081_20210917_La_2_1323,81,HSL:1420136,Rantatöyry
95400,95400,0,95400,95400,0,False,SCHEDULED,1631912400,HSL:1023N_20210917_La_2_2603,23N,HSL:1203191,Välimerenkatu
96600,96600,0,96600,96600,0,False,SCHEDULED,1631912400,HSL:1023N_20210917_La_2_2623,23N,HSL:1203191,Välimerenkatu
97800,97800,0,97800,97800,0,False,SCHEDULED,1631912400,HSL:1023N_20210917_La_2_2643,23N,HSL:1203191,Välimerenkatu
99000,99000,0,99000,99000,0,False,SCHEDULED,1631912400,HSL:1023N_20210917_La_2_2703,23N,HSL:1203191,Välimerenkatu
100200,100200,0,100200,100200,0,False,SCHEDULED,1631912400,HSL:1023N_20210917_La_2_2723,23N,HSL:1203191,Välimerenkatu
45600,45671,71,45600,45683,83,True,UPDATED,1631912400,HSL:1083_20210917_La_2_1236,83,HSL:1432111,Ruonasalmi
46500,46500,0,46500,46500,0,False,SCHEDULED,1631912400,HSL:1083_20210917_La_2_1251,83,HSL:1432111,Ruonasalmi
47400,47400,0,47400,47400,0,False,SCHEDULED,1631912400,HSL:1083_20210917_La_2_1306,83,HSL:1432111,Ruonasalmi
48300,48300,0,48300,48300,0,False,SCHEDULED,1631912400,HSL:1083_20210917_La_2_1321,83,HSL:1432111,Ruonasalmi
49200,49200,0,49200,49200,0,False,SCHEDULED,1631912400,HSL:1083_20210917_La_2_1336,83,HSL:1432111,Ruonasalmi
79080,79080,0,79080,79080,0,False,SCHEDULED,1631912400,HSL:1082B_20210917_La_2_2150,82B,HSL:1432110,Ruonasalmi
80880,80880,0,80880,80880,0,False,SCHEDULED,1631912400,HSL:1082B_20210917_La_2_2220,82B,HSL:1432110,Ruonasalmi
82680,82680,0,82680,82680,0,False,SCHEDULED,1631912400,HSL:1082B_20210917_La_2_2250,82B,HSL:1432110,Ruonasalmi
84420,84420,0,84420,84420,0,False,SCHEDULED,1631912400,HSL:1082B_20210917_La_2_2320,82B,HSL:1432110,Ruonasalmi
86040,86040,0,86040,86040,0,False,SCHEDULED,1631912400,HSL:1095N_20210917_La_2_2333,95N,HSL:1432110,Ruonasalmi
45900,45900,0,45900,45900,0,True,UPDATED,1631912400,HSL:1092_20210917_La_2_1235,92,HSL:1456102,Kauppamyllyntie
46800,46800,0,46800,46800,0,False,SCHEDULED,1631912400,HSL:1092_20210917_La_2_1250,92,HSL:1456102,Kauppamyllyntie
47700,47700,0,47700,47700,0,False,SCHEDULED,1631912400,HSL:1092_20210917_La_2_1305,92,HSL:1456102,Kauppamyllyntie
48600,48600,0,48600,48600,0,False,SCHEDULED,1631912400,HSL:1092_20210917_La_2_1320,92,HSL:1456102,Kauppamyllyntie
49500,49500,0,49500,49500,0,False,SCHEDULED,1631912400,HSL:1092_20210917_La_2_1335,92,HSL:1456102,Kauppamyllyntie
45540,45540,0,45540,45540,0,True,UPDATED,1631912400,HSL:3002P_20210917_La_1_1208,P,HSL:4520551,Aviapolis
46140,46244,104,46140,46244,104,True,UPDATED,1631912400,HSL:3002P_20210917_La_1_1218,P,HSL:4520551,Aviapolis
46740,46806,66,46740,46806,66,True,UPDATED,1631912400,HSL:3002P_20210917_La_1_1228,P,HSL:4520551,Aviapolis
47340,47340,0,47340,47340,0,False,SCHEDULED,1631912400,HSL:3002P_20210917_La_1_1238,P,HSL:4520551,Aviapolis
47940,47940,0,47940,47940,0,False,SCHEDULED,1631912400,HSL:3002P_20210917_La_1_1248,P,HSL:4520551,Aviapolis
45480,45480,0,45480,45480,0,True,UPDATED,1631912400,HSL:1092_20210917_La_1_1234,92,HSL:1456101,Kauppamyllyntie
46380,46380,0,46380,46380,0,False,SCHEDULED,1631912400,HSL:1092_20210917_La_1_1249,92,HSL:1456101,Kauppamyllyntie
47280,47280,0,47280,47280,0,False,SCHEDULED,1631912400,HSL:1092_20210917_La_1_1304,92,HSL:1456101,Kauppamyllyntie
48180,48180,0,48180,48180,0,False,SCHEDULED,1631912400,HSL:1092_20210917_La_1_1319,92,HSL:1456101,Kauppamyllyntie
49080,49080,0,49080,49080,0,False,SCHEDULED,1631912400,HSL:1092_20210917_La_1_1334,92,HSL:1456101,Kauppamyllyntie
45480,45480,0,45480,45480,0,False,SCHEDULED,1631912400,HSL:2114_20210917_La_1_1238,114,HSL:2211223,Tapiola (M)
46380,46380,0,46380,46380,0,False,SCHEDULED,1631912400,HSL:2114_20210917_La_1_1253,114,HSL:2211223,Tapiola (M)
46800,46800,0,46800,46800,0,False,SCHEDULED,1631912400,HSL:2115_20210917_La_1_1300,115,HSL:2211223,Tapiola (M)
47280,47280,0,47280,47280,0,False,SCHEDULED,1631912400,HSL:2114_20210917_La_1_1308,114,HSL:2211223,Tapiola (M)
48180,48180,0,48180,48180,0,False,SCHEDULED,1631912400,HSL:2114_20210917_La_1_1323,114,HSL:2211223,Tapiola (M)
46020,46020,0,46020,46020,0,False,SCHEDULED,1631912400,HSL:1080_20210917_La_1_1238,80,HSL:1432125,Prinssintie
46920,46920,0,46920,46920,0,False,SCHEDULED,1631912400,HSL:1080_20210917_La_1_1253,80,HSL:1432125,Prinssintie
47820,47820,0,47820,47820,0,False,SCHEDULED,1631912400,HSL:1080_20210917_La_1_1308,80,HSL:1432125,Prinssintie
48720,48720,0,48720,48720,0,False,SCHEDULED,1631912400,HSL:1080_20210917_La_1_1323,80,HSL:1432125,Prinssintie
49620,49620,0,49620,49620,0,False,SCHEDULED,1631912400,HSL:1080_20210917_La_1_1338,80,HSL:1432125,Prinssintie
45720,45720,0,45720,45720,0,False,SCHEDULED,1631912400,HSL:2113_20210917_La_1_1242,113,HSL:2211222,Tapiola (M)
46620,46620,0,46620,46620,0,False,SCHEDULED,1631912400,HSL:2113_20210917_La_1_1257,113,HSL:2211222,Tapiola (M)
47520,47520,0,47520,47520,0,False,SCHEDULED,1631912400,HSL:2113_20210917_La_1_1312,113,HSL:2211222,Tapiola (M)
48420,48420,0,48420,48420,0,False,SCHEDULED,1631912400,HSL:2113_20210917_La_1_1327,113,HSL:2211222,Tapiola (M)
49320,49320,0,49320,49320,0,False,SCHEDULED,1631912400,HSL:2113_20210917_La_1_1342,113,HSL:2211222,Tapiola (M)
45420,45405,-15,45420,45405,-15,True,UPDATED,1631912400,HSL:1056_20210917_La_2_1212,56,HSL:1240133,A.I. Virtasen aukio
45540,45777,237,45540,45789,249,True,UPDATED,1631912400,HSL:1506_20210917_La_2_1214,506,HSL:1240133,A.I. Virtasen aukio
45960,45960,0,45960,45960,0,False,SCHEDULED,1631912400,HSL:1056_20210917_La_2_1221,56,HSL:1240133,A.I. Virtasen aukio
46560,46625,65,46560,46625,65,True,UPDATED,1631912400,HSL:1056_20210917_La_2_1231,56,HSL:1240133,A.I. Virtasen aukio
46740,46771,31,46740,46771,31,True,UPDATED,1631912400,HSL:1506_20210917_La_2_1234,506,HSL:1240133,A.I. Virtasen aukio
46080,46080,0,46080,46080,0,False,SCHEDULED,1631912400,HSL:1080_20210917_La_1_1238,80,HSL:1432123,Prinsessantie
46980,46980,0,46980,46980,0,False,SCHEDULED,1631912400,HSL:1080_20210917_La_1_1253,80,HSL:1432123,Prinsessantie
47880,47880,0,47880,47880,0,False,SCHEDULED,1631912400,HSL:1080_20210917_La_1_1308,80,HSL:1432123,Prinsessantie
48780,48780,0,48780,48780,0,False,SCHEDULED,1631912400,HSL:1080_20210917_La_1_1323,80,HSL:1432123,Prinsessantie
49680,49680,0,49680,49680,0,False,SCHEDULED,1631912400,HSL:1080_20210917_La_1_1338,80,HSL:1432123,Prinsessantie
45360,45424,64,45360,45444,84,True,UPDATED,1631912400,HSL:1506_20210917_La_1_1210,506,HSL:1240134,A.I. Virtasen aukio
45660,45660,0,45660,45660,0,False,SCHEDULED,1631912400,HSL:1056_20210917_La_1_1230,56,HSL:1240134,A.I. Virtasen aukio
46260,46260,0,46260,46260,0,False,SCHEDULED,1631912400,HSL:1056_20210917_La_1_1240,56,HSL:1240134,A.I. Virtasen aukio
46560,46562,2,46560,46588,28,True,UPDATED,1631912400,HSL:1506_20210917_La_1_1230,506,HSL:1240134,A.I. Virtasen aukio
46860,46860,0,46860,46860,0,False,SCHEDULED,1631912400,HSL:1056_20210917_La_1_1250,56,HSL:1240134,A.I. Virtasen aukio
46200,46200,0,46200,46200,0,False,SCHEDULED,1631912400,HSL:3001Z_20210917_La_1_1235,Z,HSL:4610502,Tikkurila
46500,46500,0,46500,46500,0,False,SCHEDULED,1631912400,HSL:3001R_20210917_La_1_1240,R,HSL:4610502,Tikkurila
48300,48300,0,48300,48300,0,False,SCHEDULED,1631912400,HSL:3001R_20210917_La_1_1310,R,HSL:4610502,Tikkurila
49800,49800,0,49800,49800,0,False,SCHEDULED,1631912400,HSL:3001Z_20210917_La_1_1335,Z,HSL:4610502,Tikkurila
50100,50100,0,50100,50100,0,False,SCHEDULED,1631912400,HSL:3001R_20210917_La_1_1340,R,HSL:4610502,Tikkurila
45540,45540,0,45540,45540,0,False,SCHEDULED,1631912400,HSL:2112_20210917_La_1_1239,112,HSL:2211227,Tapiola (M)
46440,46440,0,46440,46440,0,False,SCHEDULED,1631912400,HSL:2112_20210917_La_1_1254,112,HSL:2211227,Tapiola (M)
47340,47340,0,47340,47340,0,False,SCHEDULED,1631912400,HSL:2112_20210917_La_1_1309,112,HSL:2211227,Tapiola (M)
48240,48240,0,48240,48240,0,False,SCHEDULED,1631912400,HSL:2112_20210917_La_1_1324,112,HSL:2211227,Tapiola (M)
49140,49140,0,49140,49140,0,False,SCHEDULED,1631912400,HSL:2112_20210917_La_1_1339,112,HSL:2211227,Tapiola (M)
45360,45287,-73,45360,45312,-48,True,UPDATED,1631912400,HSL:1056_20210917_La_2_1212,56,HSL:1240131,Intiankatu
45420,45674,254,45420,45697,277,True,UPDATED,1631912400,HSL:1506_20210917_La_2_1214,506,HSL:1240131,Intiankatu
45900,45900,0,45900,45900,0,False,SCHEDULED,1631912400,HSL:1056_20210917_La_2_1221,56,HSL:1240131,Intiankatu
46500,46565,65,46500,46565,65,True,UPDATED,1631912400,HSL:1056_20210917_La_2_1231,56,HSL:1240131,Intiankatu
46620,46651,31,46620,46651,31,True,UPDATED,1631912400,HSL:1506_20210917_La_2_1234,506,HSL:1240131,Intiankatu
45480,45527,47,45480,45547,67,True,UPDATED,1631912400,HSL:1506_20210917_La_1_1210,506,HSL:1240132,Intiankatu
45720,45720,0,45720,45720,0,False,SCHEDULED,1631912400,HSL:1056_20210917_La_1_1230,56,HSL:1240132,Intiankatu
46320,46320,0,46320,46320,0,False,SCHEDULED,1631912400,HSL:1056_20210917_La_1_1240,56,HSL:1240132,Intiankatu
46680,46736,56,46680,46758,78,True,UPDATED,1631912400,HSL:1506_20210917_La_1_1230,506,HSL:1240132,Intiankatu
46920,46920,0,46920,46920,0,False,SCHEDULED,1631912400,HSL:1056_20210917_La_1_1250,56,HSL:1240132,Intiankatu
45300,45315,15,45360,45375,15,True,UPDATED,1631912400,HSL:3001I_20210917_La_1_1216,I,HSL:4610503,Tikkurila
45900,45947,47,45960,46007,47,True,UPDATED,1631912400,HSL:3001I_20210917_La_1_1226,I,HSL:4610503,Tikkurila
46500,46500,0,46560,46560,0,False,SCHEDULED,1631912400,HSL:3001I_20210917_La_1_1236,I,HSL:4610503,Tikkurila
47100,47100,0,47160,47160,0,False,SCHEDULED,1631912400,HSL:3001I_20210917_La_1_1246,I,HSL:4610503,Tikkurila
47700,47700,0,47760,47760,0,False,SCHEDULED,1631912400,HSL:3001I_20210917_La_1_1256,I,HSL:4610503,Tikkurila
45600,45600,0,45600,45600,0,False,SCHEDULED,1631912400,HSL:2125_20210917_La_1_1240,125,HSL:2211226,Tapiola (M)
46020,46020,0,46020,46020,0,False,SCHEDULED,1631912400,HSL:2124_20210917_La_1_1247,124,HSL:2211226,Tapiola (M)
46500,46500,0,46500,46500,0,False,SCHEDULED,1631912400,HSL:2125_20210917_La_1_1255,125,HSL:2211226,Tapiola (M)
46920,46920,0,46920,46920,0,False,SCHEDULED,1631912400,HSL:2124K_20210917_La_1_1302,124K,HSL:2211226,Tapiola (M)
47400,47400,0,47400,47400,0,False,SCHEDULED,1631912400,HSL:2125_20210917_La_1_1310,125,HSL:2211226,Tapiola (M)
46020,46020,0,46020,46020,0,False,SCHEDULED,1631912400,HSL:2118B_20210917_La_1_1247,118B,HSL:2211225,Tapiola (M)
46920,46920,0,46920,46920,0,False,SCHEDULED,1631912400,HSL:2118_20210917_La_1_1302,118,HSL:2211225,Tapiola (M)
47820,47820,0,47820,47820,0,False,SCHEDULED,1631912400,HSL:2118B_20210917_La_1_1317,118B,HSL:2211225,Tapiola (M)
48720,48720,0,48720,48720,0,False,SCHEDULED,1631912400,HSL:2118_20210917_La_1_1332,118,HSL:2211225,Tapiola (M)
49620,49620,0,49620,49620,0,False,SCHEDULED,1631912400,HSL:2118B_20210917_La_1_1347,118B,HSL:2211225,Tapiola (M)
45780,45780,0,45780,45780,0,False,SCHEDULED,1631912400,HSL:2548_20210917_La_1_1243,548,HSL:2211224,Tapiola (M)
46200,46200,0,46200,46200,0,False,SCHEDULED,1631912400,HSL:2549_20210917_La_1_1250,549,HSL:2211224,Tapiola (M)
46680,46680,0,46680,46680,0,False,SCHEDULED,1631912400,HSL:2548_20210917_La_1_1258,548,HSL:2211224,Tapiola (M)
47100,47100,0,47100,47100,0,False,SCHEDULED,1631912400,HSL:2549_20210917_La_1_1305,549,HSL:2211224,Tapiola (M)
47580,47580,0,47580,47580,0,False,SCHEDULED,1631912400,HSL:2548_20210917_La_1_1313,548,HSL:2211224,Tapiola (M)
45600,45625,25,45660,45685,25,True,UPDATED,1631912400,HSL:3001K_20210917_La_1_1221,K,HSL:4610501,Tikkurila
46200,46211,11,46260,46271,11,True,UPDATED,1631912400,HSL:3001K_20210917_La_1_1231,K,HSL:4610501,Tikkurila
46800,46800,0,46860,46860,0,False,SCHEDULED,1631912400,HSL:3001K_20210917_La_1_1241,K,HSL:4610501,Tikkurila
47400,47400,0,47460,47460,0,False,SCHEDULED,1631912400,HSL:3001K_20210917_La_1_1251,K,HSL:4610501,Tikkurila
48000,48000,0,48060,48060,0,False,SCHEDULED,1631912400,HSL:3001K_20210917_La_1_1301,K,HSL:4610501,Tikkurila
45540,45540,0,45540,45540,0,True,UPDATED,1631912400,HSL:1080_20210917_La_2_1235,80,HSL:1432122,Prinsessantie
46440,46440,0,46440,46440,0,False,SCHEDULED,1631912400,HSL:1080_20210917_La_2_1250,80,HSL:1432122,Prinsessantie
47340,47340,0,47340,47340,0,False,SCHEDULED,1631912400,HSL:1080_20210917_La_2_1305,80,HSL:1432122,Prinsessantie
48240,48240,0,48240,48240,0,False,SCHEDULED,1631912400,HSL:1080_20210917_La_2_1320,80,HSL:1432122,Prinsessantie
49140,49140,0,49140,49140,0,False,SCHEDULED,1631912400,HSL:1080_20210917_La_2_1335,80,HSL:1432122,Prinsessantie
45360,45360,0,45360,45360,0,False,SCHEDULED,1631912400,HSL:4721_20210917_La_1_1227,721,HSL:1240122,Koskelan varikko
45240,45383,143,45240,45389,149,True,UPDATED,1631912400,HSL:1077_20210917_La_1_1220,77,HSL:1240122,Koskelan varikko
45360,45457,97,45360,45465,105,True,UPDATED,1631912400,HSL:1074_20210917_La_1_1223,74,HSL:1240122,Koskelan varikko
45480,45558,78,45480,45565,85,True,UPDATED,1631912400,HSL:1078_20210917_La_1_1221,78,HSL:1240122,Koskelan varikko
46080,46080,0,46080,46080,0,False,SCHEDULED,1631912400,HSL:4731_20210917_La_1_1239,731,HSL:1240122,Koskelan varikko
45180,45340,160,45180,45353,173,True,UPDATED,1631912400,HSL:1073_20210917_La_2_1201,73,HSL:1240123,Koskelan varikko
45420,45420,0,45420,45420,0,False,SCHEDULED,1631912400,HSL:1078_20210917_La_2_1220,78,HSL:1240123,Koskelan varikko
45300,45446,146,45300,45446,146,True,UPDATED,1631912400,HSL:1075_20210917_La_2_1212,75,HSL:1240123,Koskelan varikko
45660,45538,-122,45660,45538,-122,True,UPDATED,1631912400,HSL:4721_20210917_La_2_1200,721,HSL:1240123,Koskelan varikko
45660,45604,-56,45660,45604,-56,True,UPDATED,1631912400,HSL:1077_20210917_La_2_1221,77,HSL:1240123,Koskelan varikko
45240,45340,100,45240,45348,108,True,UPDATED,1631912400,HSL:1077_20210917_La_1_1220,77,HSL:1240121,Sumatrantie
45360,45360,0,45360,45360,0,False,SCHEDULED,1631912400,HSL:4721_20210917_La_1_1227,721,HSL:1240121,Sumatrantie
45360,45405,45,45360,45414,54,True,UPDATED,1631912400,HSL:1074_20210917_La_1_1223,74,HSL:1240121,Sumatrantie
45420,45514,94,45420,45514,94,True,UPDATED,1631912400,HSL:1078_20210917_La_1_1221,78,HSL:1240121,Sumatrantie
45900,46043,143,45900,46056,156,True,UPDATED,1631912400,HSL:1073_20210917_La_1_1232,73,HSL:1240121,Sumatrantie
47100,47100,0,47100,47100,0,False,SCHEDULED,1631912400,HSL:4624_20210917_La_2_1236,624,HSL:4670208,Ristipuro
48840,48840,0,48840,48840,0,False,SCHEDULED,1631912400,HSL:4623K_20210917_La_1_1300,623K,HSL:4670208,Ristipuro
48900,48900,0,48900,48900,0,False,SCHEDULED,1631912400,HSL:4624_20210917_La_2_1306,624,HSL:4670208,Ristipuro
50700,50700,0,50700,50700,0,False,SCHEDULED,1631912400,HSL:4624_20210917_La_2_1336,624,HSL:4670208,Ristipuro
52440,52440,0,52440,52440,0,False,SCHEDULED,1631912400,HSL:4623K_20210917_La_1_1400,623K,HSL:4670208,Ristipuro
48000,48000,0,48000,48000,0,False,SCHEDULED,1631912400,HSL:4623K_20210917_La_2_1303,623K,HSL:4670207,Laaksotie
51600,51600,0,51600,51600,0,False,SCHEDULED,1631912400,HSL:4623K_20210917_La_2_1403,623K,HSL:4670207,Laaksotie
55200,55200,0,55200,55200,0,False,SCHEDULED,1631912400,HSL:4623K_20210917_La_2_1503,623K,HSL:4670207,Laaksotie
58800,58800,0,58800,58800,0,False,SCHEDULED,1631912400,HSL:4623K_20210917_La_2_1603,623K,HSL:4670207,Laaksotie
62400,62400,0,62400,62400,0,False,SCHEDULED,1631912400,HSL:4623K_20210917_La_2_1703,623K,HSL:4670207,Laaksotie
47100,47100,0,47100,47100,0,False,SCHEDULED,1631912400,HSL:4624_20210917_La_2_1236,624,HSL:4670206,Laaksotie
48780,48780,0,48780,48780,0,False,SCHEDULED,1631912400,HSL:4623K_20210917_La_1_1300,623K,HSL:4670206,Laaksotie
48900,48900,0,48900,48900,0,False,SCHEDULED,1631912400,HSL:4624_20210917_La_2_1306,624,HSL:4670206,Laaksotie
50700,50700,0,50700,50700,0,False,SCHEDULED,1631912400,HSL:4624_20210917_La_2_1336,624,HSL:4670206,Laaksotie
52380,52380,0,52380,52380,0,False,SCHEDULED,1631912400,HSL:4623K_20210917_La_1_1400,623K,HSL:4670206,Laaksotie
48720,48720,0,48720,48720,0,False,SCHEDULED,1631912400,HSL:4623K_20210917_La_1_1300,623K,HSL:4670205,Kuoppatie
52320,52320,0,52320,52320,0,False,SCHEDULED,1631912400,HSL:4623K_20210917_La_1_1400,623K,HSL:4670205,Kuoppatie
55920,55920,0,55920,55920,0,False,SCHEDULED,1631912400,HSL:4623K_20210917_La_1_1500,623K,HSL:4670205,Kuoppatie
59520,59520,0,59520,59520,0,False,SCHEDULED,1631912400,HSL:4623K_20210917_La_1_1600,623K,HSL:4670205,Kuoppatie
63120,63120,0,63120,63120,0,False,SCHEDULED,1631912400,HSL:4623K_20210917_La_1_1700,623K,HSL:4670205,Kuoppatie
46020,45976,-44,46020,45976,-44,True,UPDATED,1631912400,HSL:4615_20210917_La_1_1225,615,HSL:1342198,Muurimestarintie
46260,46194,-66,46260,46198,-62,True,UPDATED,1631912400,HSL:4611_20210917_La_1_1229,611,HSL:1342198,Muurimestarintie
46980,46980,0,46980,46980,0,False,SCHEDULED,1631912400,HSL:4614_20210917_La_1_1240,614,HSL:1342198,Muurimestarintie
47460,47460,0,47460,47460,0,False,SCHEDULED,1631912400,HSL:4611_20210917_La_1_1249,611,HSL:1342198,Muurimestarintie
47820,47820,0,47820,47820,0,False,SCHEDULED,1631912400,HSL:4615_20210917_La_1_1255,615,HSL:1342198,Muurimestarintie
48120,48120,0,48120,48120,0,False,SCHEDULED,1631912400,HSL:4623K_20210917_La_2_1303,623K,HSL:4670204,Kuoppatie
51720,51720,0,51720,51720,0,False,SCHEDULED,1631912400,HSL:4623K_20210917_La_2_1403,623K,HSL:4670204,Kuoppatie
55320,55320,0,55320,55320,0,False,SCHEDULED,1631912400,HSL:4623K_20210917_La_2_1503,623K,HSL:4670204,Kuoppatie
58920,58920,0,58920,58920,0,False,SCHEDULED,1631912400,HSL:4623K_20210917_La_2_1603,623K,HSL:4670204,Kuoppatie
62520,62520,0,62520,62520,0,False,SCHEDULED,1631912400,HSL:4623K_20210917_La_2_1703,623K,HSL:4670204,Kuoppatie
46140,46140,0,46140,46140,0,True,UPDATED,1631912400,HSL:1065_20210917_La_2_1235,65,HSL:1240113,Sofianlehto
47340,47340,0,47340,47340,0,False,SCHEDULED,1631912400,HSL:1065_20210917_La_2_1255,65,HSL:1240113,Sofianlehto
48540,48540,0,48540,48540,0,False,SCHEDULED,1631912400,HSL:1065_20210917_La_2_1315,65,HSL:1240113,Sofianlehto
49740,49740,0,49740,49740,0,False,SCHEDULED,1631912400,HSL:1065_20210917_La_2_1335,65,HSL:1240113,Sofianlehto
50940,50940,0,50940,50940,0,False,SCHEDULED,1631912400,HSL:1065_20210917_La_2_1355,65,HSL:1240113,Sofianlehto
45360,45434,74,45360,45446,86,True,UPDATED,1631912400,HSL:1065_20210917_La_1_1220,65,HSL:1240114,Kätilöopisto
46560,46560,0,46560,46560,0,False,SCHEDULED,1631912400,HSL:1065_20210917_La_1_1240,65,HSL:1240114,Kätilöopisto
47820,47820,0,47820,47820,0,False,SCHEDULED,1631912400,HSL:1065_20210917_La_1_1300,65,HSL:1240114,Kätilöopisto
49020,49020,0,49020,49020,0,False,SCHEDULED,1631912400,HSL:1065_20210917_La_1_1320,65,HSL:1240114,Kätilöopisto
50220,50220,0,50220,50220,0,False,SCHEDULED,1631912400,HSL:1065_20210917_La_1_1340,65,HSL:1240114,Kätilöopisto
45300,45374,74,45300,45374,74,True,UPDATED,1631912400,HSL:1065_20210917_La_1_1220,65,HSL:1240112,Sofianlehto
46500,46500,0,46500,46500,0,False,SCHEDULED,1631912400,HSL:1065_20210917_La_1_1240,65,HSL:1240112,Sofianlehto
47760,47760,0,47760,47760,0,False,SCHEDULED,1631912400,HSL:1065_20210917_La_1_1300,65,HSL:1240112,Sofianlehto
48960,48960,0,48960,48960,0,False,SCHEDULED,1631912400,HSL:1065_20210917_La_1_1320,65,HSL:1240112,Sofianlehto
50160,50160,0,50160,50160,0,False,SCHEDULED,1631912400,HSL:1065_20210917_La_1_1340,65,HSL:1240112,Sofianlehto
45540,45499,-41,45540,45499,-41,True,UPDATED,1631912400,HSL:4615_20210917_La_1_1225,615,HSL:1240110,Pyöräilystadion
45780,45800,20,45780,45807,27,True,UPDATED,1631912400,HSL:4611_20210917_La_1_1229,611,HSL:1240110,Pyöräilystadion
46500,46500,0,46500,46500,0,False,SCHEDULED,1631912400,HSL:4614_20210917_La_1_1240,614,HSL:1240110,Pyöräilystadion
46980,46980,0,46980,46980,0,False,SCHEDULED,1631912400,HSL:4611_20210917_La_1_1249,611,HSL:1240110,Pyöräilystadion
47340,47340,0,47340,47340,0,False,SCHEDULED,1631912400,HSL:4615_20210917_La_1_1255,615,HSL:1240110,Pyöräilystadion
45480,45456,-24,45480,45478,-2,True,UPDATED,1631912400,HSL:1056_20210917_La_2_1212,56,HSL:1240118,Kumpulan kampus
45300,45499,199,45300,45519,219,True,UPDATED,1631912400,HSL:1073_20210917_La_2_1201,73,HSL:1240118,Kumpulan kampus
45360,45586,226,45360,45591,231,True,UPDATED,1631912400,HSL:1075_20210917_La_2_1212,75,HSL:1240118,Kumpulan kampus
45720,45598,-122,45720,45598,-122,True,UPDATED,1631912400,HSL:4721_20210917_La_2_1200,721,HSL:1240118,Kumpulan kampus
45600,45600,0,45600,45600,0,False,SCHEDULED,1631912400,HSL:1078_20210917_La_2_1220,78,HSL:1240118,Kumpulan kampus
46020,46020,0,46020,46020,0,True,UPDATED,1631912400,HSL:1065_20210917_La_2_1235,65,HSL:1240115,Kätilöopisto
47220,47220,0,47220,47220,0,False,SCHEDULED,1631912400,HSL:1065_20210917_La_2_1255,65,HSL:1240115,Kätilöopisto
48420,48420,0,48420,48420,0,False,SCHEDULED,1631912400,HSL:1065_20210917_La_2_1315,65,HSL:1240115,Kätilöopisto
49620,49620,0,49620,49620,0,False,SCHEDULED,1631912400,HSL:1065_20210917_La_2_1335,65,HSL:1240115,Kätilöopisto
50820,50820,0,50820,50820,0,False,SCHEDULED,1631912400,HSL:1065_20210917_La_2_1355,65,HSL:1240115,Kätilöopisto
45420,45454,34,45420,45472,52,True,UPDATED,1631912400,HSL:1082_20210917_La_1_1230,82,HSL:1432159,Keijukaistenpolku
45900,45900,0,45900,45900,0,False,SCHEDULED,1631912400,HSL:1080_20210917_La_1_1238,80,HSL:1432159,Keijukaistenpolku
46320,46320,0,46320,46320,0,False,SCHEDULED,1631912400,HSL:1082_20210917_La_1_1245,82,HSL:1432159,Keijukaistenpolku
46800,46800,0,46800,46800,0,False,SCHEDULED,1631912400,HSL:1080_20210917_La_1_1253,80,HSL:1432159,Keijukaistenpolku
47220,47220,0,47220,47220,0,False,SCHEDULED,1631912400,HSL:1082_20210917_La_1_1300,82,HSL:1432159,Keijukaistenpolku
45540,45642,102,45540,45644,104,True,UPDATED,1631912400,HSL:1055_20210917_La_2_1229,55,HSL:1240102,Kyläsaarenkatu
46440,46440,0,46440,46440,0,False,SCHEDULED,1631912400,HSL:1055_20210917_La_2_1244,55,HSL:1240102,Kyläsaarenkatu
47340,47340,0,47340,47340,0,False,SCHEDULED,1631912400,HSL:1055_20210917_La_2_1259,55,HSL:1240102,Kyläsaarenkatu
48240,48240,0,48240,48240,0,False,SCHEDULED,1631912400,HSL:1055_20210917_La_2_1314,55,HSL:1240102,Kyläsaarenkatu
49140,49140,0,49140,49140,0,False,SCHEDULED,1631912400,HSL:1055_20210917_La_2_1329,55,HSL:1240102,Kyläsaarenkatu
45300,45299,-1,45300,45346,46,True,UPDATED,1631912400,HSL:1074_20210917_La_1_1223,74,HSL:1240103,Kumpulan kampus
45300,45421,121,45300,45421,121,True,UPDATED,1631912400,HSL:1078_20210917_La_1_1221,78,HSL:1240103,Kumpulan kampus
45540,45540,0,45540,45540,0,False,SCHEDULED,1631912400,HSL:1056_20210917_La_1_1230,56,HSL:1240103,Kumpulan kampus
45840,45963,123,45840,45983,143,True,UPDATED,1631912400,HSL:1073_20210917_La_1_1232,73,HSL:1240103,Kumpulan kampus
46020,46020,0,46020,46020,0,False,SCHEDULED,1631912400,HSL:4731_20210917_La_1_1239,731,HSL:1240103,Kumpulan kampus
45360,45396,36,45360,45410,50,True,UPDATED,1631912400,HSL:1082_20210917_La_2_1228,82,HSL:1432158,Porolahden koulu
45780,45780,0,45780,45780,0,True,UPDATED,1631912400,HSL:1080_20210917_La_2_1235,80,HSL:1432158,Porolahden koulu
46260,46260,0,46260,46260,0,False,SCHEDULED,1631912400,HSL:1082_20210917_La_2_1243,82,HSL:1432158,Porolahden koulu
46680,46680,0,46680,46680,0,False,SCHEDULED,1631912400,HSL:1080_20210917_La_2_1250,80,HSL:1432158,Porolahden koulu
47160,47160,0,47160,47160,0,False,SCHEDULED,1631912400,HSL:1082_20210917_La_2_1258,82,HSL:1432158,Porolahden koulu
45360,45398,38,45360,45415,55,True,UPDATED,1631912400,HSL:1082_20210917_La_1_1230,82,HSL:1432157,Porolahden koulu
45840,45840,0,45840,45840,0,False,SCHEDULED,1631912400,HSL:1080_20210917_La_1_1238,80,HSL:1432157,Porolahden koulu
46260,46260,0,46260,46260,0,False,SCHEDULED,1631912400,HSL:1082_20210917_La_1_1245,82,HSL:1432157,Porolahden koulu
46740,46740,0,46740,46740,0,False,SCHEDULED,1631912400,HSL:1080_20210917_La_1_1253,80,HSL:1432157,Porolahden koulu
47160,47160,0,47160,47160,0,False,SCHEDULED,1631912400,HSL:1082_20210917_La_1_1300,82,HSL:1432157,Porolahden koulu
45360,45424,64,45360,45429,69,True,UPDATED,1631912400,HSL:2549_20210917_La_2_1229,549,HSL:3170210,Terveyskeskus
46140,46140,0,46140,46140,0,False,SCHEDULED,1631912400,HSL:2533_20210917_La_2_1238,533,HSL:3170210,Terveyskeskus
46260,46260,0,46260,46260,0,False,SCHEDULED,1631912400,HSL:2549_20210917_La_2_1244,549,HSL:3170210,Terveyskeskus
47040,47040,0,47040,47040,0,False,SCHEDULED,1631912400,HSL:2533_20210917_La_2_1253,533,HSL:3170210,Terveyskeskus
47160,47160,0,47160,47160,0,False,SCHEDULED,1631912400,HSL:2549_20210917_La_2_1259,549,HSL:3170210,Terveyskeskus
45540,45540,0,45540,45540,0,False,SCHEDULED,1631912400,HSL:2549_20210917_La_1_1220,549,HSL:3170211,Terveyskeskus
45960,46002,42,45960,46005,45,True,UPDATED,1631912400,HSL:2533_20210917_La_1_1218,533,HSL:3170211,Terveyskeskus
46440,46440,0,46440,46440,0,True,UPDATED,1631912400,HSL:2549_20210917_La_1_1235,549,HSL:3170211,Terveyskeskus
46860,46908,48,46860,46913,53,True,UPDATED,1631912400,HSL:2533_20210917_La_1_1233,533,HSL:3170211,Terveyskeskus
47340,47340,0,47340,47340,0,False,SCHEDULED,1631912400,HSL:2549_20210917_La_1_1250,549,HSL:3170211,Terveyskeskus
45180,45620,440,45240,45638,398,True,UPDATED,1631912400,HSL:1057_20210917_La_2_1217,57,HSL:1240101,Valtimontie
45840,45933,93,45900,45975,75,True,UPDATED,1631912400,HSL:1057_20210917_La_2_1227,57,HSL:1240101,Valtimontie
46440,46440,0,46500,46500,0,False,SCHEDULED,1631912400,HSL:1057_20210917_La_2_1237,57,HSL:1240101,Valtimontie
47040,47040,0,47100,47100,0,False,SCHEDULED,1631912400,HSL:1057_20210917_La_2_1247,57,HSL:1240101,Valtimontie
47640,47640,0,47700,47700,0,False,SCHEDULED,1631912400,HSL:1057_20210917_La_2_1257,57,HSL:1240101,Valtimontie
45600,45600,0,45600,45600,0,False,SCHEDULED,1631912400,HSL:2549_20210917_La_1_1220,549,HSL:3170212,Uimahalli
46020,46043,23,46020,46049,29,True,UPDATED,1631912400,HSL:2533_20210917_La_1_1218,533,HSL:3170212,Uimahalli
46500,46500,0,46500,46500,0,True,UPDATED,1631912400,HSL:2549_20210917_La_1_1235,549,HSL:3170212,Uimahalli
46920,46947,27,46920,46954,34,True,UPDATED,1631912400,HSL:2533_20210917_La_1_1233,533,HSL:3170212,Uimahalli
47400,47400,0,47400,47400,0,False,SCHEDULED,1631912400,HSL:2549_20210917_La_1_1250,549,HSL:3170212,Uimahalli
45360,45358,-2,45360,45368,8,True,UPDATED,1631912400,HSL:2549_20210917_La_2_1229,549,HSL:3170213,Uimahalli
46080,46080,0,46080,46080,0,False,SCHEDULED,1631912400,HSL:2533_20210917_La_2_1238,533,HSL:3170213,Uimahalli
46260,46260,0,46260,46260,0,False,SCHEDULED,1631912400,HSL:2549_20210917_La_2_1244,549,HSL:3170213,Uimahalli
46980,46980,0,46980,46980,0,False,SCHEDULED,1631912400,HSL:2533_20210917_La_2_1253,533,HSL:3170213,Uimahalli
47160,47160,0,47160,47160,0,False,SCHEDULED,1631912400,HSL:2549_20210917_La_2_1259,549,HSL:3170213,Uimahalli
45420,45660,240,45420,45668,248,True,UPDATED,1631912400,HSL:1506_20210917_La_2_1214,506,HSL:1240108,Kumpula
45840,45840,0,45840,45840,0,False,SCHEDULED,1631912400,HSL:1056_20210917_La_2_1221,56,HSL:1240108,Kumpula
46440,46505,65,46440,46505,65,True,UPDATED,1631912400,HSL:1056_20210917_La_2_1231,56,HSL:1240108,Kumpula
46620,46651,31,46620,46651,31,True,UPDATED,1631912400,HSL:1506_20210917_La_2_1234,506,HSL:1240108,Kumpula
47040,47040,0,47040,47040,0,False,SCHEDULED,1631912400,HSL:1056_20210917_La_2_1241,56,HSL:1240108,Kumpula
45240,45316,76,45240,45326,86,True,UPDATED,1631912400,HSL:1065_20210917_La_1_1220,65,HSL:1240109,Pyöräilystadion
45420,45419,-1,45420,45426,6,True,UPDATED,1631912400,HSL:1061_20210917_La_1_1222,61,HSL:1240109,Pyöräilystadion
45600,45762,162,45600,45774,174,True,UPDATED,1631912400,HSL:1066_20210917_La_1_1226,66,HSL:1240109,Pyöräilystadion
45960,46075,115,45960,46083,123,True,UPDATED,1631912400,HSL:1064_20210917_La_1_1232,64,HSL:1240109,Pyöräilystadion
46200,46200,0,46200,46200,0,False,SCHEDULED,1631912400,HSL:1067_20210917_La_1_1236,67,HSL:1240109,Pyöräilystadion
45240,45430,190,45240,45442,202,True,UPDATED,1631912400,HSL:1073_20210917_La_2_1201,73,HSL:1240106,Sumatrantie
45660,45538,-122,45660,45538,-122,True,UPDATED,1631912400,HSL:4721_20210917_La_2_1200,721,HSL:1240106,Sumatrantie
45360,45530,170,45360,45540,180,True,UPDATED,1631912400,HSL:1075_20210917_La_2_1212,75,HSL:1240106,Sumatrantie
45540,45540,0,45540,45540,0,False,SCHEDULED,1631912400,HSL:1078_20210917_La_2_1220,78,HSL:1240106,Sumatrantie
45720,45718,-2,45720,45728,8,True,UPDATED,1631912400,HSL:1077_20210917_La_2_1221,77,HSL:1240106,Sumatrantie
45480,45547,67,45480,45547,67,True,UPDATED,1631912400,HSL:1506_20210917_La_1_1210,506,HSL:1240107,Kumpula
45780,45780,0,45780,45780,0,False,SCHEDULED,1631912400,HSL:1056_20210917_La_1_1230,56,HSL:1240107,Kumpula
46380,46380,0,46380,46380,0,False,SCHEDULED,1631912400,HSL:1056_20210917_La_1_1240,56,HSL:1240107,Kumpula
46680,46758,78,46680,46758,78,True,UPDATED,1631912400,HSL:1506_20210917_La_1_1230,506,HSL:1240107,Kumpula
46980,46980,0,46980,46980,0,False,SCHEDULED,1631912400,HSL:1056_20210917_La_1_1250,56,HSL:1240107,Kumpula
47100,47100,0,47100,47100,0,False,SCHEDULED,1631912400,HSL:9973_20210917_La_1_1251,973,HSL:9060209,Virpitie
48900,48900,0,48900,48900,0,False,SCHEDULED,1631912400,HSL:9973_20210917_La_1_1321,973,HSL:9060209,Virpitie
50700,50700,0,50700,50700,0,False,SCHEDULED,1631912400,HSL:9973_20210917_La_1_1351,973,HSL:9060209,Virpitie
52440,52440,0,52440,52440,0,False,SCHEDULED,1631912400,HSL:9973_20210917_La_1_1420,973,HSL:9060209,Virpitie
54300,54300,0,54300,54300,0,False,SCHEDULED,1631912400,HSL:9973_20210917_La_1_1450,973,HSL:9060209,Virpitie
46860,46860,0,46860,46860,0,False,SCHEDULED,1631912400,HSL:9973_20210917_La_2_1250,973,HSL:9060208,Virpitie
48660,48660,0,48660,48660,0,False,SCHEDULED,1631912400,HSL:9973_20210917_La_2_1320,973,HSL:9060208,Virpitie
50460,50460,0,50460,50460,0,False,SCHEDULED,1631912400,HSL:9973_20210917_La_2_1350,973,HSL:9060208,Virpitie
52260,52260,0,52260,52260,0,False,SCHEDULED,1631912400,HSL:9973_20210917_La_2_1420,973,HSL:9060208,Virpitie
54060,54060,0,54060,54060,0,False,SCHEDULED,1631912400,HSL:9973_20210917_La_2_1450,973,HSL:9060208,Virpitie
46500,46500,0,46500,46500,0,False,SCHEDULED,1631912400,HSL:9973_20210917_La_2_1250,973,HSL:9060207,Nurmikatu
48300,48300,0,48300,48300,0,False,SCHEDULED,1631912400,HSL:9973_20210917_La_2_1320,973,HSL:9060207,Nurmikatu
50100,50100,0,50100,50100,0,False,SCHEDULED,1631912400,HSL:9973_20210917_La_2_1350,973,HSL:9060207,Nurmikatu
51900,51900,0,51900,51900,0,False,SCHEDULED,1631912400,HSL:9973_20210917_La_2_1420,973,HSL:9060207,Nurmikatu
53700,53700,0,53700,53700,0,False,SCHEDULED,1631912400,HSL:9973_20210917_La_2_1450,973,HSL:9060207,Nurmikatu
45420,45405,-15,45420,45418,-2,True,UPDATED,1631912400,HSL:2224_20210917_La_1_1220,224,HSL:3170205,Postitori
45840,45907,67,45840,45918,78,True,UPDATED,1631912400,HSL:2548_20210917_La_2_1230,548,HSL:3170205,Postitori
46740,46740,0,46740,46740,0,False,SCHEDULED,1631912400,HSL:2548_20210917_La_2_1245,548,HSL:3170205,Postitori
47220,47220,0,47220,47220,0,False,SCHEDULED,1631912400,HSL:2224_20210917_La_1_1250,224,HSL:3170205,Postitori
47640,47640,0,47640,47640,0,False,SCHEDULED,1631912400,HSL:2548_20210917_La_2_1300,548,HSL:3170205,Postitori
45720,45773,53,45720,45778,58,True,UPDATED,1631912400,HSL:1083_20210917_La_2_1236,83,HSL:1432151,Roihuvuorentie
46620,46620,0,46620,46620,0,False,SCHEDULED,1631912400,HSL:1083_20210917_La_2_1251,83,HSL:1432151,Roihuvuorentie
47520,47520,0,47520,47520,0,False,SCHEDULED,1631912400,HSL:1083_20210917_La_2_1306,83,HSL:1432151,Roihuvuorentie
48420,48420,0,48420,48420,0,False,SCHEDULED,1631912400,HSL:1083_20210917_La_2_1321,83,HSL:1432151,Roihuvuorentie
49320,49320,0,49320,49320,0,False,SCHEDULED,1631912400,HSL:1083_20210917_La_2_1336,83,HSL:1432151,Roihuvuorentie
45660,45660,0,45660,45660,0,True,UPDATED,1631912400,HSL:2245A_20210917_La_2_1234,245A,HSL:2644263,Haukkalammentie
47460,47460,0,47460,47460,0,False,SCHEDULED,1631912400,HSL:2245A_20210917_La_2_1304,245A,HSL:2644263,Haukkalammentie
49320,49320,0,49320,49320,0,False,SCHEDULED,1631912400,HSL:2245A_20210917_La_2_1335,245A,HSL:2644263,Haukkalammentie
51060,51060,0,51060,51060,0,False,SCHEDULED,1631912400,HSL:2245A_20210917_La_2_1404,245A,HSL:2644263,Haukkalammentie
52920,52920,0,52920,52920,0,False,SCHEDULED,1631912400,HSL:2245A_20210917_La_2_1435,245A,HSL:2644263,Haukkalammentie
45960,45943,-17,45960,45947,-13,True,UPDATED,1631912400,HSL:2548_20210917_La_1_1228,548,HSL:3170206,Postitori
46260,46374,114,46260,46379,119,True,UPDATED,1631912400,HSL:2224_20210917_La_2_1223,224,HSL:3170206,Postitori
46860,46860,0,46860,46860,0,False,SCHEDULED,1631912400,HSL:2548_20210917_La_1_1243,548,HSL:3170206,Postitori
47760,47760,0,47760,47760,0,False,SCHEDULED,1631912400,HSL:2548_20210917_La_1_1258,548,HSL:3170206,Postitori
48060,48060,0,48060,48060,0,False,SCHEDULED,1631912400,HSL:2224_20210917_La_2_1252,224,HSL:3170206,Postitori
45480,45511,31,45480,45518,38,True,UPDATED,1631912400,HSL:2549_20210917_La_2_1229,549,HSL:3170207,Postitori
46260,46260,0,46260,46260,0,False,SCHEDULED,1631912400,HSL:2533_20210917_La_2_1238,533,HSL:3170207,Postitori
46380,46380,0,46380,46380,0,False,SCHEDULED,1631912400,HSL:2549_20210917_La_2_1244,549,HSL:3170207,Postitori
47160,47160,0,47160,47160,0,False,SCHEDULED,1631912400,HSL:2533_20210917_La_2_1253,533,HSL:3170207,Postitori
47280,47280,0,47280,47280,0,False,SCHEDULED,1631912400,HSL:2549_20210917_La_2_1259,549,HSL:3170207,Postitori
46200,46177,-23,46200,46177,-23,True,UPDATED,1631912400,HSL:2245A_20210917_La_1_1225,245A,HSL:2644260,Koivuranta
48060,48060,0,48060,48060,0,False,SCHEDULED,1631912400,HSL:2245A_20210917_La_1_1256,245A,HSL:2644260,Koivuranta
49800,49800,0,49800,49800,0,False,SCHEDULED,1631912400,HSL:2245A_20210917_La_1_1325,245A,HSL:2644260,Koivuranta
51660,51660,0,51660,51660,0,False,SCHEDULED,1631912400,HSL:2245A_20210917_La_1_1356,245A,HSL:2644260,Koivuranta
53400,53400,0,53400,53400,0,False,SCHEDULED,1631912400,HSL:2245A_20210917_La_1_1425,245A,HSL:2644260,Koivuranta
45540,45540,0,45540,45540,0,False,SCHEDULED,1631912400,HSL:2549_20210917_La_1_1220,549,HSL:3170208,Samis
45900,45966,66,45900,45969,69,True,UPDATED,1631912400,HSL:2533_20210917_La_1_1218,533,HSL:3170208,Samis
46440,46440,0,46440,46440,0,True,UPDATED,1631912400,HSL:2549_20210917_La_1_1235,549,HSL:3170208,Samis
46800,46866,66,46800,46870,70,True,UPDATED,1631912400,HSL:2533_20210917_La_1_1233,533,HSL:3170208,Samis
47340,47340,0,47340,47340,0,False,SCHEDULED,1631912400,HSL:2549_20210917_La_1_1250,549,HSL:3170208,Samis
46440,46434,-6,46440,46465,25,True,UPDATED,1631912400,HSL:2245A_20210917_La_1_1225,245A,HSL:2644266,Takala
48300,48300,0,48300,48300,0,False,SCHEDULED,1631912400,HSL:2245A_20210917_La_1_1256,245A,HSL:2644266,Takala
50040,50040,0,50040,50040,0,False,SCHEDULED,1631912400,HSL:2245A_20210917_La_1_1325,245A,HSL:2644266,Takala
51900,51900,0,51900,51900,0,False,SCHEDULED,1631912400,HSL:2245A_20210917_La_1_1356,245A,HSL:2644266,Takala
53640,53640,0,53640,53640,0,False,SCHEDULED,1631912400,HSL:2245A_20210917_La_1_1425,245A,HSL:2644266,Takala
45660,45720,60,45660,45731,71,True,UPDATED,1631912400,HSL:1083_20210917_La_2_1236,83,HSL:1432155,Satumaanpolku
46560,46560,0,46560,46560,0,False,SCHEDULED,1631912400,HSL:1083_20210917_La_2_1251,83,HSL:1432155,Satumaanpolku
47460,47460,0,47460,47460,0,False,SCHEDULED,1631912400,HSL:1083_20210917_La_2_1306,83,HSL:1432155,Satumaanpolku
48360,48360,0,48360,48360,0,False,SCHEDULED,1631912400,HSL:1083_20210917_La_2_1321,83,HSL:1432155,Satumaanpolku
49260,49260,0,49260,49260,0,False,SCHEDULED,1631912400,HSL:1083_20210917_La_2_1336,83,HSL:1432155,Satumaanpolku
45420,45455,35,45420,45458,38,True,UPDATED,1631912400,HSL:2549_20210917_La_2_1229,549,HSL:3170209,Samis
46200,46200,0,46200,46200,0,False,SCHEDULED,1631912400,HSL:2533_20210917_La_2_1238,533,HSL:3170209,Samis
46320,46320,0,46320,46320,0,False,SCHEDULED,1631912400,HSL:2549_20210917_La_2_1244,549,HSL:3170209,Samis
47100,47100,0,47100,47100,0,False,SCHEDULED,1631912400,HSL:2533_20210917_La_2_1253,533,HSL:3170209,Samis
47220,47220,0,47220,47220,0,False,SCHEDULED,1631912400,HSL:2549_20210917_La_2_1259,549,HSL:3170209,Samis
46380,46382,2,46380,46388,8,True,UPDATED,1631912400,HSL:2245A_20210917_La_1_1225,245A,HSL:2644264,Haukkalammentie
48240,48240,0,48240,48240,0,False,SCHEDULED,1631912400,HSL:2245A_20210917_La_1_1256,245A,HSL:2644264,Haukkalammentie
49980,49980,0,49980,49980,0,False,SCHEDULED,1631912400,HSL:2245A_20210917_La_1_1325,245A,HSL:2644264,Haukkalammentie
51840,51840,0,51840,51840,0,False,SCHEDULED,1631912400,HSL:2245A_20210917_La_1_1356,245A,HSL:2644264,Haukkalammentie
53580,53580,0,53580,53580,0,False,SCHEDULED,1631912400,HSL:2245A_20210917_La_1_1425,245A,HSL:2644264,Haukkalammentie
45600,45600,0,45600,45600,0,True,UPDATED,1631912400,HSL:2245A_20210917_La_2_1234,245A,HSL:2644265,Takala
47400,47400,0,47400,47400,0,False,SCHEDULED,1631912400,HSL:2245A_20210917_La_2_1304,245A,HSL:2644265,Takala
49260,49260,0,49260,49260,0,False,SCHEDULED,1631912400,HSL:2245A_20210917_La_2_1335,245A,HSL:2644265,Takala
51000,51000,0,51000,51000,0,False,SCHEDULED,1631912400,HSL:2245A_20210917_La_2_1404,245A,HSL:2644265,Takala
52860,52860,0,52860,52860,0,False,SCHEDULED,1631912400,HSL:2245A_20210917_La_2_1435,245A,HSL:2644265,Takala
79020,79020,0,79020,79020,0,False,SCHEDULED,1631912400,HSL:1082B_20210917_La_2_2150,82B,HSL:1432152,Satumaanpolku
80820,80820,0,80820,80820,0,False,SCHEDULED,1631912400,HSL:1082B_20210917_La_2_2220,82B,HSL:1432152,Satumaanpolku
82620,82620,0,82620,82620,0,False,SCHEDULED,1631912400,HSL:1082B_20210917_La_2_2250,82B,HSL:1432152,Satumaanpolku
84360,84360,0,84360,84360,0,False,SCHEDULED,1631912400,HSL:1082B_20210917_La_2_2320,82B,HSL:1432152,Satumaanpolku
85980,85980,0,85980,85980,0,False,SCHEDULED,1631912400,HSL:1095N_20210917_La_2_2333,95N,HSL:1432152,Satumaanpolku
45840,45840,0,45840,45840,0,True,UPDATED,1631912400,HSL:2245A_20210917_La_2_1234,245A,HSL:2644259,Koivuranta
47700,47700,0,47700,47700,0,False,SCHEDULED,1631912400,HSL:2245A_20210917_La_2_1304,245A,HSL:2644259,Koivuranta
49560,49560,0,49560,49560,0,False,SCHEDULED,1631912400,HSL:2245A_20210917_La_2_1335,245A,HSL:2644259,Koivuranta
51300,51300,0,51300,51300,0,False,SCHEDULED,1631912400,HSL:2245A_20210917_La_2_1404,245A,HSL:2644259,Koivuranta
53160,53160,0,53160,53160,0,False,SCHEDULED,1631912400,HSL:2245A_20210917_La_2_1435,245A,HSL:2644259,Koivuranta
45720,45720,0,45720,45720,0,True,UPDATED,1631912400,HSL:2245A_20210917_La_2_1234,245A,HSL:2644257,Punjonsuo
47520,47520,0,47520,47520,0,False,SCHEDULED,1631912400,HSL:2245A_20210917_La_2_1304,245A,HSL:2644257,Punjonsuo
49380,49380,0,49380,49380,0,False,SCHEDULED,1631912400,HSL:2245A_20210917_La_2_1335,245A,HSL:2644257,Punjonsuo
51120,51120,0,51120,51120,0,False,SCHEDULED,1631912400,HSL:2245A_20210917_La_2_1404,245A,HSL:2644257,Punjonsuo
52980,52980,0,52980,52980,0,False,SCHEDULED,1631912400,HSL:2245A_20210917_La_2_1435,245A,HSL:2644257,Punjonsuo
46320,46311,-9,46320,46312,-8,True,UPDATED,1631912400,HSL:2245A_20210917_La_1_1225,245A,HSL:2644258,Punjonsuo
48180,48180,0,48180,48180,0,False,SCHEDULED,1631912400,HSL:2245A_20210917_La_1_1256,245A,HSL:2644258,Punjonsuo
49920,49920,0,49920,49920,0,False,SCHEDULED,1631912400,HSL:2245A_20210917_La_1_1325,245A,HSL:2644258,Punjonsuo
51780,51780,0,51780,51780,0,False,SCHEDULED,1631912400,HSL:2245A_20210917_La_1_1356,245A,HSL:2644258,Punjonsuo
53520,53520,0,53520,53520,0,False,SCHEDULED,1631912400,HSL:2245A_20210917_La_1_1425,245A,HSL:2644258,Punjonsuo
45720,45799,79,45720,45804,84,True,UPDATED,1631912400,HSL:2548_20210917_La_2_1230,548,HSL:3170201,Kandidaatintie
46620,46620,0,46620,46620,0,False,SCHEDULED,1631912400,HSL:2548_20210917_La_2_1245,548,HSL:3170201,Kandidaatintie
47100,47100,0,47100,47100,0,False,SCHEDULED,1631912400,HSL:2224_20210917_La_1_1250,224,HSL:3170201,Kandidaatintie
47520,47520,0,47520,47520,0,False,SCHEDULED,1631912400,HSL:2548_20210917_La_2_1300,548,HSL:3170201,Kandidaatintie
48420,48420,0,48420,48420,0,False,SCHEDULED,1631912400,HSL:2548_20210917_La_2_1315,548,HSL:3170201,Kandidaatintie
46140,46136,-4,46140,46175,35,True,UPDATED,1631912400,HSL:2548_20210917_La_1_1228,548,HSL:3170202,Puutarhatie
46380,46506,126,46380,46509,129,True,UPDATED,1631912400,HSL:2224_20210917_La_2_1223,224,HSL:3170202,Puutarhatie
47040,47040,0,47040,47040,0,False,SCHEDULED,1631912400,HSL:2548_20210917_La_1_1243,548,HSL:3170202,Puutarhatie
47940,47940,0,47940,47940,0,False,SCHEDULED,1631912400,HSL:2548_20210917_La_1_1258,548,HSL:3170202,Puutarhatie
48180,48180,0,48180,48180,0,False,SCHEDULED,1631912400,HSL:2224_20210917_La_2_1252,224,HSL:3170202,Puutarhatie
45360,45347,-13,45360,45352,-8,True,UPDATED,1631912400,HSL:2224_20210917_La_1_1220,224,HSL:3170203,Raamattuopisto
45780,45850,70,45780,45854,74,True,UPDATED,1631912400,HSL:2548_20210917_La_2_1230,548,HSL:3170203,Raamattuopisto
46680,46680,0,46680,46680,0,False,SCHEDULED,1631912400,HSL:2548_20210917_La_2_1245,548,HSL:3170203,Raamattuopisto
47160,47160,0,47160,47160,0,False,SCHEDULED,1631912400,HSL:2224_20210917_La_1_1250,224,HSL:3170203,Raamattuopisto
47580,47580,0,47580,47580,0,False,SCHEDULED,1631912400,HSL:2548_20210917_La_2_1300,548,HSL:3170203,Raamattuopisto
45300,45357,57,45300,45369,69,True,UPDATED,1631912400,HSL:2531B_20210917_La_1_1229,531B,HSL:2313211,Matinlahti
45720,45720,0,45720,45720,0,False,SCHEDULED,1631912400,HSL:2531_20210917_La_1_1236,531,HSL:2313211,Matinlahti
46200,46200,0,46200,46200,0,False,SCHEDULED,1631912400,HSL:2531B_20210917_La_1_1244,531B,HSL:2313211,Matinlahti
46620,46620,0,46620,46620,0,False,SCHEDULED,1631912400,HSL:2531_20210917_La_1_1251,531,HSL:2313211,Matinlahti
47100,47100,0,47100,47100,0,False,SCHEDULED,1631912400,HSL:2531B_20210917_La_1_1259,531B,HSL:2313211,Matinlahti
45300,45484,184,45300,45493,193,True,UPDATED,1631912400,HSL:2531_20210917_La_2_1200,531,HSL:2313210,Matinlahti
45720,45782,62,45720,45792,72,True,UPDATED,1631912400,HSL:2531B_20210917_La_2_1231,531B,HSL:2313210,Matinlahti
46200,46228,28,46200,46270,70,True,UPDATED,1631912400,HSL:2531_20210917_La_2_1215,531,HSL:2313210,Matinlahti
46620,46620,0,46620,46620,0,False,SCHEDULED,1631912400,HSL:2531B_20210917_La_2_1246,531B,HSL:2313210,Matinlahti
47100,47186,86,47100,47186,86,True,UPDATED,1631912400,HSL:2531_20210917_La_2_1230,531,HSL:2313210,Matinlahti
46020,46005,-15,46020,46008,-12,True,UPDATED,1631912400,HSL:2548_20210917_La_1_1228,548,HSL:3170204,Raamattuopisto
46320,46432,112,46320,46437,117,True,UPDATED,1631912400,HSL:2224_20210917_La_2_1223,224,HSL:3170204,Raamattuopisto
46920,46920,0,46920,46920,0,False,SCHEDULED,1631912400,HSL:2548_20210917_La_1_1243,548,HSL:3170204,Raamattuopisto
47820,47820,0,47820,47820,0,False,SCHEDULED,1631912400,HSL:2548_20210917_La_1_1258,548,HSL:3170204,Raamattuopisto
48120,48120,0,48120,48120,0,False,SCHEDULED,1631912400,HSL:2224_20210917_La_2_1252,224,HSL:3170204,Raamattuopisto
45360,45466,106,45360,45475,115,True,UPDATED,1631912400,HSL:2582_20210917_La_2_1212,582,HSL:2632273,Bemböle skola
46380,46418,38,46380,46426,46,True,UPDATED,1631912400,HSL:2227_20210917_La_1_1231,227,HSL:2632273,Bemböle skola
47160,47160,0,47160,47160,0,False,SCHEDULED,1631912400,HSL:2582_20210917_La_2_1242,582,HSL:2632273,Bemböle skola
48180,48180,0,48180,48180,0,False,SCHEDULED,1631912400,HSL:2227_20210917_La_1_1301,227,HSL:2632273,Bemböle skola
48960,48960,0,48960,48960,0,False,SCHEDULED,1631912400,HSL:2582_20210917_La_2_1312,582,HSL:2632273,Bemböle skola
45360,45459,99,45360,45477,117,True,UPDATED,1631912400,HSL:4560_20210917_La_1_1146,560,HSL:1354102,Paloheinän maja
45960,45989,29,45960,46003,43,True,UPDATED,1631912400,HSL:4560_20210917_La_1_1156,560,HSL:1354102,Paloheinän maja
46560,46589,29,46560,46589,29,True,UPDATED,1631912400,HSL:4560_20210917_La_1_1206,560,HSL:1354102,Paloheinän maja
47160,47160,0,47160,47160,0,False,SCHEDULED,1631912400,HSL:4560_20210917_La_1_1216,560,HSL:1354102,Paloheinän maja
47760,47788,28,47760,47788,28,True,UPDATED,1631912400,HSL:4560_20210917_La_1_1226,560,HSL:1354102,Paloheinän maja
45360,45591,231,45360,45591,231,True,UPDATED,1631912400,HSL:2321_20210917_La_1_1153,321,HSL:2632271,Karamzinin koulu
45660,45743,83,45660,45743,83,True,UPDATED,1631912400,HSL:2533_20210917_La_1_1203,533,HSL:2632271,Karamzinin koulu
45960,45922,-38,45960,46001,41,True,UPDATED,1631912400,HSL:2236_20210917_La_1_1226,236,HSL:2632271,Karamzinin koulu
46080,46165,85,46080,46173,93,True,UPDATED,1631912400,HSL:2582_20210917_La_1_1230,582,HSL:2632271,Karamzinin koulu
46560,46545,-15,46560,46561,1,True,UPDATED,1631912400,HSL:2533_20210917_La_1_1218,533,HSL:2632271,Karamzinin koulu
45300,45391,91,45300,45391,91,True,UPDATED,1631912400,HSL:4560_20210917_La_1_1146,560,HSL:1354101,Sysiniitty
45900,45923,23,45900,45929,29,True,UPDATED,1631912400,HSL:4560_20210917_La_1_1156,560,HSL:1354101,Sysiniitty
46500,46509,9,46500,46509,9,True,UPDATED,1631912400,HSL:4560_20210917_La_1_1206,560,HSL:1354101,Sysiniitty
47100,47100,0,47100,47100,0,False,SCHEDULED,1631912400,HSL:4560_20210917_La_1_1216,560,HSL:1354101,Sysiniitty
47700,47717,17,47700,47717,17,True,UPDATED,1631912400,HSL:4560_20210917_La_1_1226,560,HSL:1354101,Sysiniitty
45420,45527,107,45420,45536,116,True,UPDATED,1631912400,HSL:4560_20210917_La_2_1225,560,HSL:1354100,Paloheinän maja
46020,46020,0,46020,46020,0,False,SCHEDULED,1631912400,HSL:4560_20210917_La_2_1235,560,HSL:1354100,Paloheinän maja
46620,46620,0,46620,46620,0,False,SCHEDULED,1631912400,HSL:4560_20210917_La_2_1245,560,HSL:1354100,Paloheinän maja
47220,47220,0,47220,47220,0,False,SCHEDULED,1631912400,HSL:4560_20210917_La_2_1255,560,HSL:1354100,Paloheinän maja
47820,47820,0,47820,47820,0,False,SCHEDULED,1631912400,HSL:4560_20210917_La_2_1305,560,HSL:1354100,Paloheinän maja
45420,45420,0,45420,45420,0,False,SCHEDULED,1631912400,HSL:9973_20210917_La_1_1221,973,HSL:9060219,Lehmuskatu
47220,47220,0,47220,47220,0,False,SCHEDULED,1631912400,HSL:9973_20210917_La_1_1251,973,HSL:9060219,Lehmuskatu
49020,49020,0,49020,49020,0,False,SCHEDULED,1631912400,HSL:9973_20210917_La_1_1321,973,HSL:9060219,Lehmuskatu
50820,50820,0,50820,50820,0,False,SCHEDULED,1631912400,HSL:9973_20210917_La_1_1351,973,HSL:9060219,Lehmuskatu
52560,52560,0,52560,52560,0,False,SCHEDULED,1631912400,HSL:9973_20210917_La_1_1420,973,HSL:9060219,Lehmuskatu
46740,46740,0,46740,46740,0,False,SCHEDULED,1631912400,HSL:9973_20210917_La_2_1250,973,HSL:9060218,Lehmuskatu
48540,48540,0,48540,48540,0,False,SCHEDULED,1631912400,HSL:9973_20210917_La_2_1320,973,HSL:9060218,Lehmuskatu
50340,50340,0,50340,50340,0,False,SCHEDULED,1631912400,HSL:9973_20210917_La_2_1350,973,HSL:9060218,Lehmuskatu
52140,52140,0,52140,52140,0,False,SCHEDULED,1631912400,HSL:9973_20210917_La_2_1420,973,HSL:9060218,Lehmuskatu
53940,53940,0,53940,53940,0,False,SCHEDULED,1631912400,HSL:9973_20210917_La_2_1450,973,HSL:9060218,Lehmuskatu
45360,45360,0,45360,45360,0,False,SCHEDULED,1631912400,HSL:9973_20210917_La_1_1221,973,HSL:9060213,Mäkitie
47160,47160,0,47160,47160,0,False,SCHEDULED,1631912400,HSL:9973_20210917_La_1_1251,973,HSL:9060213,Mäkitie
48960,48960,0,48960,48960,0,False,SCHEDULED,1631912400,HSL:9973_20210917_La_1_1321,973,HSL:9060213,Mäkitie
50760,50760,0,50760,50760,0,False,SCHEDULED,1631912400,HSL:9973_20210917_La_1_1351,973,HSL:9060213,Mäkitie
52500,52500,0,52500,52500,0,False,SCHEDULED,1631912400,HSL:9973_20210917_La_1_1420,973,HSL:9060213,Mäkitie
45960,45960,0,45960,45960,0,True,UPDATED,1631912400,HSL:2245A_20210917_La_2_1234,245A,HSL:2644251,Meerlammentie
47820,47820,0,47820,47820,0,False,SCHEDULED,1631912400,HSL:2245A_20210917_La_2_1304,245A,HSL:2644251,Meerlammentie
49680,49680,0,49680,49680,0,False,SCHEDULED,1631912400,HSL:2245A_20210917_La_2_1335,245A,HSL:2644251,Meerlammentie
51420,51420,0,51420,51420,0,False,SCHEDULED,1631912400,HSL:2245A_20210917_La_2_1404,245A,HSL:2644251,Meerlammentie
53280,53280,0,53280,53280,0,False,SCHEDULED,1631912400,HSL:2245A_20210917_La_2_1435,245A,HSL:2644251,Meerlammentie
45660,45660,0,45660,45660,0,True,UPDATED,1631912400,HSL:1080_20210917_La_2_1235,80,HSL:1432162,Vuorenpeikontie
46140,46140,0,46140,46140,0,False,SCHEDULED,1631912400,HSL:1082_20210917_La_2_1243,82,HSL:1432162,Vuorenpeikontie
46560,46560,0,46560,46560,0,False,SCHEDULED,1631912400,HSL:1080_20210917_La_2_1250,80,HSL:1432162,Vuorenpeikontie
47040,47040,0,47040,47040,0,False,SCHEDULED,1631912400,HSL:1082_20210917_La_2_1258,82,HSL:1432162,Vuorenpeikontie
47460,47460,0,47460,47460,0,False,SCHEDULED,1631912400,HSL:1080_20210917_La_2_1305,80,HSL:1432162,Vuorenpeikontie
45480,45519,39,45480,45544,64,True,UPDATED,1631912400,HSL:1082_20210917_La_1_1230,82,HSL:1432161,Vuorenpeikontie
45960,45960,0,45960,45960,0,False,SCHEDULED,1631912400,HSL:1080_20210917_La_1_1238,80,HSL:1432161,Vuorenpeikontie
46380,46380,0,46380,46380,0,False,SCHEDULED,1631912400,HSL:1082_20210917_La_1_1245,82,HSL:1432161,Vuorenpeikontie
46860,46860,0,46860,46860,0,False,SCHEDULED,1631912400,HSL:1080_20210917_La_1_1253,80,HSL:1432161,Vuorenpeikontie
47280,47280,0,47280,47280,0,False,SCHEDULED,1631912400,HSL:1082_20210917_La_1_1300,82,HSL:1432161,Vuorenpeikontie
46020,46042,22,46020,46043,23,True,UPDATED,1631912400,HSL:2245A_20210917_La_1_1225,245A,HSL:2644252,Meerlammentie
47880,47880,0,47880,47880,0,False,SCHEDULED,1631912400,HSL:2245A_20210917_La_1_1256,245A,HSL:2644252,Meerlammentie
49620,49620,0,49620,49620,0,False,SCHEDULED,1631912400,HSL:2245A_20210917_La_1_1325,245A,HSL:2644252,Meerlammentie
51480,51480,0,51480,51480,0,False,SCHEDULED,1631912400,HSL:2245A_20210917_La_1_1356,245A,HSL:2644252,Meerlammentie
53220,53220,0,53220,53220,0,False,SCHEDULED,1631912400,HSL:2245A_20210917_La_1_1425,245A,HSL:2644252,Meerlammentie
46800,46800,0,46800,46800,0,False,SCHEDULED,1631912400,HSL:9973_20210917_La_2_1250,973,HSL:9060212,Käpytie
48600,48600,0,48600,48600,0,False,SCHEDULED,1631912400,HSL:9973_20210917_La_2_1320,973,HSL:9060212,Käpytie
50400,50400,0,50400,50400,0,False,SCHEDULED,1631912400,HSL:9973_20210917_La_2_1350,973,HSL:9060212,Käpytie
52200,52200,0,52200,52200,0,False,SCHEDULED,1631912400,HSL:9973_20210917_La_2_1420,973,HSL:9060212,Käpytie
54000,54000,0,54000,54000,0,False,SCHEDULED,1631912400,HSL:9973_20210917_La_2_1450,973,HSL:9060212,Käpytie
47100,47100,0,47100,47100,0,False,SCHEDULED,1631912400,HSL:9973_20210917_La_1_1251,973,HSL:9060211,Koivikko
48900,48900,0,48900,48900,0,False,SCHEDULED,1631912400,HSL:9973_20210917_La_1_1321,973,HSL:9060211,Koivikko
50700,50700,0,50700,50700,0,False,SCHEDULED,1631912400,HSL:9973_20210917_La_1_1351,973,HSL:9060211,Koivikko
52440,52440,0,52440,52440,0,False,SCHEDULED,1631912400,HSL:9973_20210917_La_1_1420,973,HSL:9060211,Koivikko
54300,54300,0,54300,54300,0,False,SCHEDULED,1631912400,HSL:9973_20210917_La_1_1450,973,HSL:9060211,Koivikko
45300,45363,63,45300,45363,63,True,UPDATED,1631912400,HSL:1082_20210917_La_2_1228,82,HSL:1432160,Keijukaistenpolku
45720,45720,0,45720,45720,0,True,UPDATED,1631912400,HSL:1080_20210917_La_2_1235,80,HSL:1432160,Keijukaistenpolku
46200,46200,0,46200,46200,0,False,SCHEDULED,1631912400,HSL:1082_20210917_La_2_1243,82,HSL:1432160,Keijukaistenpolku
46620,46620,0,46620,46620,0,False,SCHEDULED,1631912400,HSL:1080_20210917_La_2_1250,80,HSL:1432160,Keijukaistenpolku
47100,47100,0,47100,47100,0,False,SCHEDULED,1631912400,HSL:1082_20210917_La_2_1258,82,HSL:1432160,Keijukaistenpolku
45960,45997,37,45960,45998,38,True,UPDATED,1631912400,HSL:2245A_20210917_La_1_1225,245A,HSL:2644250,Solvik
47820,47820,0,47820,47820,0,False,SCHEDULED,1631912400,HSL:2245A_20210917_La_1_1256,245A,HSL:2644250,Solvik
49560,49560,0,49560,49560,0,False,SCHEDULED,1631912400,HSL:2245A_20210917_La_1_1325,245A,HSL:2644250,Solvik
51420,51420,0,51420,51420,0,False,SCHEDULED,1631912400,HSL:2245A_20210917_La_1_1356,245A,HSL:2644250,Solvik
53160,53160,0,53160,53160,0,False,SCHEDULED,1631912400,HSL:2245A_20210917_La_1_1425,245A,HSL:2644250,Solvik
46860,46860,0,46860,46860,0,False,SCHEDULED,1631912400,HSL:9973_20210917_La_2_1250,973,HSL:9060210,Koivikko
48660,48660,0,48660,48660,0,False,SCHEDULED,1631912400,HSL:9973_20210917_La_2_1320,973,HSL:9060210,Koivikko
50460,50460,0,50460,50460,0,False,SCHEDULED,1631912400,HSL:9973_20210917_La_2_1350,973,HSL:9060210,Koivikko
52260,52260,0,52260,52260,0,False,SCHEDULED,1631912400,HSL:9973_20210917_La_2_1420,973,HSL:9060210,Koivikko
54060,54060,0,54060,54060,0,False,SCHEDULED,1631912400,HSL:9973_20210917_La_2_1450,973,HSL:9060210,Koivikko
45360,45471,111,45360,45471,111,True,UPDATED,1631912400,HSL:3001I_20210917_La_1_1206,I,HSL:4520501,Aviapolis
45960,45986,26,45960,45986,26,True,UPDATED,1631912400,HSL:3001I_20210917_La_1_1216,I,HSL:4520501,Aviapolis
46560,46623,63,46560,46623,63,True,UPDATED,1631912400,HSL:3001I_20210917_La_1_1226,I,HSL:4520501,Aviapolis
47160,47160,0,47160,47160,0,False,SCHEDULED,1631912400,HSL:3001I_20210917_La_1_1236,I,HSL:4520501,Aviapolis
47760,47760,0,47760,47760,0,False,SCHEDULED,1631912400,HSL:3001I_20210917_La_1_1246,I,HSL:4520501,Aviapolis
45720,45720,0,45720,45720,0,True,UPDATED,1631912400,HSL:2245A_20210917_La_2_1234,245A,HSL:2644255,Linnunkivi
47580,47580,0,47580,47580,0,False,SCHEDULED,1631912400,HSL:2245A_20210917_La_2_1304,245A,HSL:2644255,Linnunkivi
49440,49440,0,49440,49440,0,False,SCHEDULED,1631912400,HSL:2245A_20210917_La_2_1335,245A,HSL:2644255,Linnunkivi
51180,51180,0,51180,51180,0,False,SCHEDULED,1631912400,HSL:2245A_20210917_La_2_1404,245A,HSL:2644255,Linnunkivi
53040,53040,0,53040,53040,0,False,SCHEDULED,1631912400,HSL:2245A_20210917_La_2_1435,245A,HSL:2644255,Linnunkivi
47520,47520,0,47520,47520,0,False,SCHEDULED,1631912400,HSL:9963_20210917_La_1_1300,963,HSL:9060217,Myrtinoja
51240,51240,0,51240,51240,0,False,SCHEDULED,1631912400,HSL:9963_20210917_La_1_1402,963,HSL:9060217,Myrtinoja
54840,54840,0,54840,54840,0,False,SCHEDULED,1631912400,HSL:9963_20210917_La_1_1502,963,HSL:9060217,Myrtinoja
58440,58440,0,58440,58440,0,False,SCHEDULED,1631912400,HSL:9963_20210917_La_1_1602,963,HSL:9060217,Myrtinoja
62040,62040,0,62040,62040,0,False,SCHEDULED,1631912400,HSL:9963_20210917_La_1_1702,963,HSL:9060217,Myrtinoja
46260,46281,21,46260,46282,22,True,UPDATED,1631912400,HSL:2245A_20210917_La_1_1225,245A,HSL:2644256,Linnunkivi
48120,48120,0,48120,48120,0,False,SCHEDULED,1631912400,HSL:2245A_20210917_La_1_1256,245A,HSL:2644256,Linnunkivi
49860,49860,0,49860,49860,0,False,SCHEDULED,1631912400,HSL:2245A_20210917_La_1_1325,245A,HSL:2644256,Linnunkivi
51720,51720,0,51720,51720,0,False,SCHEDULED,1631912400,HSL:2245A_20210917_La_1_1356,245A,HSL:2644256,Linnunkivi
53460,53460,0,53460,53460,0,False,SCHEDULED,1631912400,HSL:2245A_20210917_La_1_1425,245A,HSL:2644256,Linnunkivi
45900,45900,0,45900,45900,0,True,UPDATED,1631912400,HSL:2245A_20210917_La_2_1234,245A,HSL:2644253,Meerlampi
47760,47760,0,47760,47760,0,False,SCHEDULED,1631912400,HSL:2245A_20210917_La_2_1304,245A,HSL:2644253,Meerlampi
49620,49620,0,49620,49620,0,False,SCHEDULED,1631912400,HSL:2245A_20210917_La_2_1335,245A,HSL:2644253,Meerlampi
51360,51360,0,51360,51360,0,False,SCHEDULED,1631912400,HSL:2245A_20210917_La_2_1404,245A,HSL:2644253,Meerlampi
53220,53220,0,53220,53220,0,False,SCHEDULED,1631912400,HSL:2245A_20210917_La_2_1435,245A,HSL:2644253,Meerlampi
45600,45600,0,45600,45600,0,True,UPDATED,1631912400,HSL:1080_20210917_La_2_1235,80,HSL:1432164,Prinssintie
46500,46500,0,46500,46500,0,False,SCHEDULED,1631912400,HSL:1080_20210917_La_2_1250,80,HSL:1432164,Prinssintie
47400,47400,0,47400,47400,0,False,SCHEDULED,1631912400,HSL:1080_20210917_La_2_1305,80,HSL:1432164,Prinssintie
48300,48300,0,48300,48300,0,False,SCHEDULED,1631912400,HSL:1080_20210917_La_2_1320,80,HSL:1432164,Prinssintie
49200,49200,0,49200,49200,0,False,SCHEDULED,1631912400,HSL:1080_20210917_La_2_1335,80,HSL:1432164,Prinssintie
46140,46125,-15,46140,46126,-14,True,UPDATED,1631912400,HSL:2245A_20210917_La_1_1225,245A,HSL:2644254,Meerlampi
48000,48000,0,48000,48000,0,False,SCHEDULED,1631912400,HSL:2245A_20210917_La_1_1256,245A,HSL:2644254,Meerlampi
49740,49740,0,49740,49740,0,False,SCHEDULED,1631912400,HSL:2245A_20210917_La_1_1325,245A,HSL:2644254,Meerlampi
51600,51600,0,51600,51600,0,False,SCHEDULED,1631912400,HSL:2245A_20210917_La_1_1356,245A,HSL:2644254,Meerlampi
53340,53340,0,53340,53340,0,False,SCHEDULED,1631912400,HSL:2245A_20210917_La_1_1425,245A,HSL:2644254,Meerlampi
45420,45437,17,45420,45458,38,True,UPDATED,1631912400,HSL:2550_20210917_La_1_1132,550,HSL:2211212,Tapiola (M)
45480,45603,123,45480,45679,199,True,UPDATED,1631912400,HSL:2510_20210917_La_1_1158,510,HSL:2211212,Tapiola (M)
46080,46049,-31,46080,46069,-11,True,UPDATED,1631912400,HSL:2550_20210917_La_1_1142,550,HSL:2211212,Tapiola (M)
46020,46105,85,46020,46148,128,True,UPDATED,1631912400,HSL:2111_20210917_La_2_1223,111,HSL:2211212,Tapiola (M)
46380,46598,218,46380,46632,252,True,UPDATED,1631912400,HSL:2510_20210917_La_1_1213,510,HSL:2211212,Tapiola (M)
47100,47205,105,47100,47205,105,True,UPDATED,1631912400,HSL:3001R_20210917_La_2_1225,R,HSL:4610553,Tikkurila
47400,47477,77,47400,47477,77,True,UPDATED,1631912400,HSL:3001Z_20210917_La_2_1219,Z,HSL:4610553,Tikkurila
48900,48900,0,48900,48900,0,False,SCHEDULED,1631912400,HSL:3001R_20210917_La_2_1255,R,HSL:4610553,Tikkurila
50700,50700,0,50700,50700,0,False,SCHEDULED,1631912400,HSL:3001R_20210917_La_2_1325,R,HSL:4610553,Tikkurila
51000,51000,0,51000,51000,0,False,SCHEDULED,1631912400,HSL:3001Z_20210917_La_2_1319,Z,HSL:4610553,Tikkurila
45360,45360,0,45360,45360,0,False,SCHEDULED,1631912400,HSL:2549_20210917_La_1_1220,549,HSL:3170230,Kauniaistentie
45720,45738,18,45720,45744,24,True,UPDATED,1631912400,HSL:2533_20210917_La_1_1218,533,HSL:3170230,Kauniaistentie
45780,45779,-1,45780,45786,6,True,UPDATED,1631912400,HSL:2548_20210917_La_1_1228,548,HSL:3170230,Kauniaistentie
46260,46260,0,46260,46260,0,True,UPDATED,1631912400,HSL:2549_20210917_La_1_1235,549,HSL:3170230,Kauniaistentie
46620,46655,35,46620,46663,43,True,UPDATED,1631912400,HSL:2533_20210917_La_1_1233,533,HSL:3170230,Kauniaistentie
45360,45374,14,45360,45391,31,True,UPDATED,1631912400,HSL:2550_20210917_La_1_1132,550,HSL:2211211,Kontiontie
45420,45551,131,45420,45596,176,True,UPDATED,1631912400,HSL:2510_20210917_La_1_1158,510,HSL:2211211,Kontiontie
46020,46001,-19,46020,46004,-16,True,UPDATED,1631912400,HSL:2550_20210917_La_1_1142,550,HSL:2211211,Kontiontie
46320,46543,223,46320,46548,228,True,UPDATED,1631912400,HSL:2510_20210917_La_1_1213,510,HSL:2211211,Kontiontie
46620,46649,29,46620,46652,32,True,UPDATED,1631912400,HSL:2550_20210917_La_1_1152,550,HSL:2211211,Kontiontie
45480,45490,10,45480,45490,10,True,UPDATED,1631912400,HSL:2533_20210917_La_2_1223,533,HSL:3170231,Kauniaistentie
45540,45632,92,45540,45637,97,True,UPDATED,1631912400,HSL:2549_20210917_La_2_1229,549,HSL:3170231,Kauniaistentie
45960,46040,80,45960,46045,85,True,UPDATED,1631912400,HSL:2548_20210917_La_2_1230,548,HSL:3170231,Kauniaistentie
46380,46380,0,46380,46380,0,False,SCHEDULED,1631912400,HSL:2533_20210917_La_2_1238,533,HSL:3170231,Kauniaistentie
46440,46440,0,46440,46440,0,False,SCHEDULED,1631912400,HSL:2549_20210917_La_2_1244,549,HSL:3170231,Kauniaistentie
45240,45306,66,45300,45373,73,True,UPDATED,1631912400,HSL:3001K_20210917_La_2_1221,K,HSL:4610551,Tikkurila
45600,45716,116,45600,45716,116,True,UPDATED,1631912400,HSL:3002P_20210917_La_1_1158,P,HSL:4610551,Tikkurila
45840,45972,132,45900,46032,132,True,UPDATED,1631912400,HSL:3001K_20210917_La_2_1231,K,HSL:4610551,Tikkurila
46200,46316,116,46200,46316,116,True,UPDATED,1631912400,HSL:3002P_20210917_La_1_1208,P,HSL:4610551,Tikkurila
46440,46440,0,46500,46500,0,False,SCHEDULED,1631912400,HSL:3001K_20210917_La_2_1241,K,HSL:4610551,Tikkurila
46080,46080,0,46080,46080,0,False,SCHEDULED,1631912400,HSL:1082_20210917_La_2_1243,82,HSL:1432179,Roihuvuoren kirkko
46980,46980,0,46980,46980,0,False,SCHEDULED,1631912400,HSL:1082_20210917_La_2_1258,82,HSL:1432179,Roihuvuoren kirkko
47880,47880,0,47880,47880,0,False,SCHEDULED,1631912400,HSL:1082_20210917_La_2_1313,82,HSL:1432179,Roihuvuoren kirkko
48780,48780,0,48780,48780,0,False,SCHEDULED,1631912400,HSL:1082_20210917_La_2_1328,82,HSL:1432179,Roihuvuoren kirkko
49680,49680,0,49680,49680,0,False,SCHEDULED,1631912400,HSL:1082_20210917_La_2_1343,82,HSL:1432179,Roihuvuoren kirkko
46140,46237,97,46140,46243,103,True,UPDATED,1631912400,HSL:2224_20210917_La_2_1223,224,HSL:3170232,Kaupungintalo
47940,47940,0,47940,47940,0,False,SCHEDULED,1631912400,HSL:2224_20210917_La_2_1252,224,HSL:3170232,Kaupungintalo
49740,49740,0,49740,49740,0,False,SCHEDULED,1631912400,HSL:2224_20210917_La_2_1322,224,HSL:3170232,Kaupungintalo
51540,51540,0,51540,51540,0,False,SCHEDULED,1631912400,HSL:2224_20210917_La_2_1352,224,HSL:3170232,Kaupungintalo
53340,53340,0,53340,53340,0,False,SCHEDULED,1631912400,HSL:2224_20210917_La_2_1422,224,HSL:3170232,Kaupungintalo
45540,45590,50,45540,45609,69,True,UPDATED,1631912400,HSL:1082_20210917_La_1_1230,82,HSL:1432178,Roihuvuoren kirkko
46440,46440,0,46440,46440,0,False,SCHEDULED,1631912400,HSL:1082_20210917_La_1_1245,82,HSL:1432178,Roihuvuoren kirkko
47340,47340,0,47340,47340,0,False,SCHEDULED,1631912400,HSL:1082_20210917_La_1_1300,82,HSL:1432178,Roihuvuoren kirkko
48240,48240,0,48240,48240,0,False,SCHEDULED,1631912400,HSL:1082_20210917_La_1_1315,82,HSL:1432178,Roihuvuoren kirkko
49140,49140,0,49140,49140,0,False,SCHEDULED,1631912400,HSL:1082_20210917_La_1_1330,82,HSL:1432178,Roihuvuoren kirkko
45540,45578,38,45540,45590,50,True,UPDATED,1631912400,HSL:2224_20210917_La_1_1220,224,HSL:3170233,Kaupungintalo
47340,47340,0,47340,47340,0,False,SCHEDULED,1631912400,HSL:2224_20210917_La_1_1250,224,HSL:3170233,Kaupungintalo
49140,49140,0,49140,49140,0,False,SCHEDULED,1631912400,HSL:2224_20210917_La_1_1320,224,HSL:3170233,Kaupungintalo
50940,50940,0,50940,50940,0,False,SCHEDULED,1631912400,HSL:2224_20210917_La_1_1350,224,HSL:3170233,Kaupungintalo
52740,52740,0,52740,52740,0,False,SCHEDULED,1631912400,HSL:2224_20210917_La_1_1420,224,HSL:3170233,Kaupungintalo
46560,46560,0,46560,46560,0,False,SCHEDULED,1631912400,HSL:9973_20210917_La_2_1250,973,HSL:9060231,Kantokatu
48360,48360,0,48360,48360,0,False,SCHEDULED,1631912400,HSL:9973_20210917_La_2_1320,973,HSL:9060231,Kantokatu
50160,50160,0,50160,50160,0,False,SCHEDULED,1631912400,HSL:9973_20210917_La_2_1350,973,HSL:9060231,Kantokatu
51960,51960,0,51960,51960,0,False,SCHEDULED,1631912400,HSL:9973_20210917_La_2_1420,973,HSL:9060231,Kantokatu
53760,53760,0,53760,53760,0,False,SCHEDULED,1631912400,HSL:9973_20210917_La_2_1450,973,HSL:9060231,Kantokatu
45600,45648,48,45600,45651,51,True,UPDATED,1631912400,HSL:2224_20210917_La_1_1220,224,HSL:3170234,Kauppalantie
47400,47400,0,47400,47400,0,False,SCHEDULED,1631912400,HSL:2224_20210917_La_1_1250,224,HSL:3170234,Kauppalantie
49200,49200,0,49200,49200,0,False,SCHEDULED,1631912400,HSL:2224_20210917_La_1_1320,224,HSL:3170234,Kauppalantie
51000,51000,0,51000,51000,0,False,SCHEDULED,1631912400,HSL:2224_20210917_La_1_1350,224,HSL:3170234,Kauppalantie
52800,52800,0,52800,52800,0,False,SCHEDULED,1631912400,HSL:2224_20210917_La_1_1420,224,HSL:3170234,Kauppalantie
45540,45540,0,45540,45540,0,False,SCHEDULED,1631912400,HSL:9973_20210917_La_1_1221,973,HSL:9060230,Kannisto
47340,47340,0,47340,47340,0,False,SCHEDULED,1631912400,HSL:9973_20210917_La_1_1251,973,HSL:9060230,Kannisto
49140,49140,0,49140,49140,0,False,SCHEDULED,1631912400,HSL:9973_20210917_La_1_1321,973,HSL:9060230,Kannisto
50940,50940,0,50940,50940,0,False,SCHEDULED,1631912400,HSL:9973_20210917_La_1_1351,973,HSL:9060230,Kannisto
52680,52680,0,52680,52680,0,False,SCHEDULED,1631912400,HSL:9973_20210917_La_1_1420,973,HSL:9060230,Kannisto
46080,46184,104,46080,46187,107,True,UPDATED,1631912400,HSL:2224_20210917_La_2_1223,224,HSL:3170235,Kauppalantie
47880,47880,0,47880,47880,0,False,SCHEDULED,1631912400,HSL:2224_20210917_La_2_1252,224,HSL:3170235,Kauppalantie
49680,49680,0,49680,49680,0,False,SCHEDULED,1631912400,HSL:2224_20210917_La_2_1322,224,HSL:3170235,Kauppalantie
51480,51480,0,51480,51480,0,False,SCHEDULED,1631912400,HSL:2224_20210917_La_2_1352,224,HSL:3170235,Kauppalantie
53280,53280,0,53280,53280,0,False,SCHEDULED,1631912400,HSL:2224_20210917_La_2_1422,224,HSL:3170235,Kauppalantie
45660,45693,33,45660,45696,36,True,UPDATED,1631912400,HSL:2224_20210917_La_1_1220,224,HSL:3170236,Jondalintie
47460,47460,0,47460,47460,0,False,SCHEDULED,1631912400,HSL:2224_20210917_La_1_1250,224,HSL:3170236,Jondalintie
49260,49260,0,49260,49260,0,False,SCHEDULED,1631912400,HSL:2224_20210917_La_1_1320,224,HSL:3170236,Jondalintie
51060,51060,0,51060,51060,0,False,SCHEDULED,1631912400,HSL:2224_20210917_La_1_1350,224,HSL:3170236,Jondalintie
52860,52860,0,52860,52860,0,False,SCHEDULED,1631912400,HSL:2224_20210917_La_1_1420,224,HSL:3170236,Jondalintie
45240,45280,40,45300,45350,50,True,UPDATED,1631912400,HSL:2510_20210917_La_2_1232,510,HSL:2211213,Tapiola (M)
45720,45720,0,45720,45720,0,False,SCHEDULED,1631912400,HSL:2550_20210917_La_2_1239,550,HSL:2211213,Tapiola (M)
45840,45809,-31,45840,45874,34,True,UPDATED,1631912400,HSL:2111_20210917_La_1_1230,111,HSL:2211213,Tapiola (M)
46140,46140,0,46200,46200,0,False,SCHEDULED,1631912400,HSL:2510_20210917_La_2_1247,510,HSL:2211213,Tapiola (M)
46320,46320,0,46320,46320,0,False,SCHEDULED,1631912400,HSL:2550_20210917_La_2_1249,550,HSL:2211213,Tapiola (M)
46020,46159,139,46020,46161,141,True,UPDATED,1631912400,HSL:2224_20210917_La_2_1223,224,HSL:3170237,Jondalintie
47820,47820,0,47820,47820,0,False,SCHEDULED,1631912400,HSL:2224_20210917_La_2_1252,224,HSL:3170237,Jondalintie
49620,49620,0,49620,49620,0,False,SCHEDULED,1631912400,HSL:2224_20210917_La_2_1322,224,HSL:3170237,Jondalintie
51420,51420,0,51420,51420,0,False,SCHEDULED,1631912400,HSL:2224_20210917_La_2_1352,224,HSL:3170237,Jondalintie
53220,53220,0,53220,53220,0,False,SCHEDULED,1631912400,HSL:2224_20210917_La_2_1422,224,HSL:3170237,Jondalintie
45420,45438,18,45420,45500,80,True,UPDATED,1631912400,HSL:2112_20210917_La_2_1220,112,HSL:2211217,Tapiola (M)
45480,45448,-32,45480,45531,51,True,UPDATED,1631912400,HSL:2114_20210917_La_2_1210,114,HSL:2211217,Tapiola (M)
45480,45628,148,45480,45680,200,True,UPDATED,1631912400,HSL:2113_20210917_La_2_1214,113,HSL:2211217,Tapiola (M)
45660,45705,45,45660,45759,99,True,UPDATED,1631912400,HSL:2549_20210917_La_2_1214,549,HSL:2211217,Tapiola (M)
45480,45706,226,45480,45770,290,True,UPDATED,1631912400,HSL:2124_20210917_La_2_1203,124,HSL:2211217,Tapiola (M)
46620,46620,0,46620,46620,0,False,SCHEDULED,1631912400,HSL:9973_20210917_La_2_1250,973,HSL:9060229,Kannisto
48420,48420,0,48420,48420,0,False,SCHEDULED,1631912400,HSL:9973_20210917_La_2_1320,973,HSL:9060229,Kannisto
50220,50220,0,50220,50220,0,False,SCHEDULED,1631912400,HSL:9973_20210917_La_2_1350,973,HSL:9060229,Kannisto
52020,52020,0,52020,52020,0,False,SCHEDULED,1631912400,HSL:9973_20210917_La_2_1420,973,HSL:9060229,Kannisto
53820,53820,0,53820,53820,0,False,SCHEDULED,1631912400,HSL:9973_20210917_La_2_1450,973,HSL:9060229,Kannisto
45420,45420,0,45420,45420,0,False,SCHEDULED,1631912400,HSL:9973_20210917_La_1_1221,973,HSL:9060224,Marttilanpolku
47220,47220,0,47220,47220,0,False,SCHEDULED,1631912400,HSL:9973_20210917_La_1_1251,973,HSL:9060224,Marttilanpolku
49020,49020,0,49020,49020,0,False,SCHEDULED,1631912400,HSL:9973_20210917_La_1_1321,973,HSL:9060224,Marttilanpolku
50820,50820,0,50820,50820,0,False,SCHEDULED,1631912400,HSL:9973_20210917_La_1_1351,973,HSL:9060224,Marttilanpolku
52560,52560,0,52560,52560,0,False,SCHEDULED,1631912400,HSL:9973_20210917_La_1_1420,973,HSL:9060224,Marttilanpolku
46020,46020,0,46020,46020,0,True,UPDATED,1631912400,HSL:2111_20210917_La_2_1238,111,HSL:2313202,Matinkallio
46920,46920,0,46920,46920,0,False,SCHEDULED,1631912400,HSL:2111_20210917_La_2_1253,111,HSL:2313202,Matinkallio
47880,47880,0,47880,47880,0,False,SCHEDULED,1631912400,HSL:2111_20210917_La_2_1308,111,HSL:2313202,Matinkallio
48780,48780,0,48780,48780,0,False,SCHEDULED,1631912400,HSL:2111_20210917_La_2_1323,111,HSL:2313202,Matinkallio
49680,49680,0,49680,49680,0,False,SCHEDULED,1631912400,HSL:2111_20210917_La_2_1338,111,HSL:2313202,Matinkallio
45900,45900,0,45900,45900,0,False,SCHEDULED,1631912400,HSL:2533_20210917_La_2_1238,533,HSL:3170227,Petas
46080,46080,0,46080,46080,0,False,SCHEDULED,1631912400,HSL:2549_20210917_La_2_1244,549,HSL:3170227,Petas
46800,46800,0,46800,46800,0,False,SCHEDULED,1631912400,HSL:2533_20210917_La_2_1253,533,HSL:3170227,Petas
46980,46980,0,46980,46980,0,False,SCHEDULED,1631912400,HSL:2549_20210917_La_2_1259,549,HSL:3170227,Petas
47700,47700,0,47700,47700,0,False,SCHEDULED,1631912400,HSL:2533_20210917_La_2_1308,533,HSL:3170227,Petas
45660,45663,3,45660,45663,3,True,UPDATED,1631912400,HSL:2533_20210917_La_1_1218,533,HSL:3170228,Fasaaninpolku
45720,45727,7,45720,45730,10,True,UPDATED,1631912400,HSL:2548_20210917_La_1_1228,548,HSL:3170228,Fasaaninpolku
46560,46604,44,46560,46608,48,True,UPDATED,1631912400,HSL:2533_20210917_La_1_1233,533,HSL:3170228,Fasaaninpolku
46620,46620,0,46620,46620,0,False,SCHEDULED,1631912400,HSL:2548_20210917_La_1_1243,548,HSL:3170228,Fasaaninpolku
47460,47460,0,47460,47460,0,False,SCHEDULED,1631912400,HSL:2533_20210917_La_1_1248,533,HSL:3170228,Fasaaninpolku
46680,46680,0,46680,46680,0,False,SCHEDULED,1631912400,HSL:9973_20210917_La_2_1250,973,HSL:9060223,Marttilanpolku
48480,48480,0,48480,48480,0,False,SCHEDULED,1631912400,HSL:9973_20210917_La_2_1320,973,HSL:9060223,Marttilanpolku
50280,50280,0,50280,50280,0,False,SCHEDULED,1631912400,HSL:9973_20210917_La_2_1350,973,HSL:9060223,Marttilanpolku
52080,52080,0,52080,52080,0,False,SCHEDULED,1631912400,HSL:9973_20210917_La_2_1420,973,HSL:9060223,Marttilanpolku
53880,53880,0,53880,53880,0,False,SCHEDULED,1631912400,HSL:9973_20210917_La_2_1450,973,HSL:9060223,Marttilanpolku
45900,45848,-52,45900,45854,-46,True,UPDATED,1631912400,HSL:2111_20210917_La_1_1215,111,HSL:2313201,Matinkallio
46800,46791,-9,46800,46796,-4,True,UPDATED,1631912400,HSL:2111_20210917_La_1_1230,111,HSL:2313201,Matinkallio
47700,47700,0,47700,47700,0,False,SCHEDULED,1631912400,HSL:2111_20210917_La_1_1245,111,HSL:2313201,Matinkallio
48600,48600,0,48600,48600,0,False,SCHEDULED,1631912400,HSL:2111_20210917_La_1_1300,111,HSL:2313201,Matinkallio
49500,49500,0,49500,49500,0,False,SCHEDULED,1631912400,HSL:2111_20210917_La_1_1315,111,HSL:2313201,Matinkallio
45420,45420,0,45420,45420,0,True,UPDATED,1631912400,HSL:2112_20210917_La_2_1235,112,HSL:2313204,Matinniitty
46320,46320,0,46320,46320,0,False,SCHEDULED,1631912400,HSL:2112_20210917_La_2_1250,112,HSL:2313204,Matinniitty
47220,47220,0,47220,47220,0,False,SCHEDULED,1631912400,HSL:2112_20210917_La_2_1305,112,HSL:2313204,Matinniitty
48120,48120,0,48120,48120,0,False,SCHEDULED,1631912400,HSL:2112_20210917_La_2_1320,112,HSL:2313204,Matinniitty
49020,49020,0,49020,49020,0,False,SCHEDULED,1631912400,HSL:2112_20210917_La_2_1335,112,HSL:2313204,Matinniitty
45420,45420,0,45420,45420,0,False,SCHEDULED,1631912400,HSL:9973_20210917_La_1_1221,973,HSL:9060222,Marttila
47220,47220,0,47220,47220,0,False,SCHEDULED,1631912400,HSL:9973_20210917_La_1_1251,973,HSL:9060222,Marttila
49020,49020,0,49020,49020,0,False,SCHEDULED,1631912400,HSL:9973_20210917_La_1_1321,973,HSL:9060222,Marttila
50820,50820,0,50820,50820,0,False,SCHEDULED,1631912400,HSL:9973_20210917_La_1_1351,973,HSL:9060222,Marttila
52560,52560,0,52560,52560,0,False,SCHEDULED,1631912400,HSL:9973_20210917_La_1_1420,973,HSL:9060222,Marttila
45540,45530,-10,45540,45530,-10,True,UPDATED,1631912400,HSL:2533_20210917_La_2_1223,533,HSL:3170229,Fasaaninpolku
45960,46082,122,45960,46085,125,True,UPDATED,1631912400,HSL:2548_20210917_La_2_1230,548,HSL:3170229,Fasaaninpolku
46440,46440,0,46440,46440,0,False,SCHEDULED,1631912400,HSL:2533_20210917_La_2_1238,533,HSL:3170229,Fasaaninpolku
46860,46860,0,46860,46860,0,False,SCHEDULED,1631912400,HSL:2548_20210917_La_2_1245,548,HSL:3170229,Fasaaninpolku
47340,47340,0,47340,47340,0,False,SCHEDULED,1631912400,HSL:2533_20210917_La_2_1253,533,HSL:3170229,Fasaaninpolku
46740,46740,0,46740,46740,0,False,SCHEDULED,1631912400,HSL:9973_20210917_La_2_1250,973,HSL:9060221,Marttila
48540,48540,0,48540,48540,0,False,SCHEDULED,1631912400,HSL:9973_20210917_La_2_1320,973,HSL:9060221,Marttila
50340,50340,0,50340,50340,0,False,SCHEDULED,1631912400,HSL:9973_20210917_La_2_1350,973,HSL:9060221,Marttila
52140,52140,0,52140,52140,0,False,SCHEDULED,1631912400,HSL:9973_20210917_La_2_1420,973,HSL:9060221,Marttila
53940,53940,0,53940,53940,0,False,SCHEDULED,1631912400,HSL:9973_20210917_La_2_1450,973,HSL:9060221,Marttila
45540,45569,29,45540,45574,34,True,UPDATED,1631912400,HSL:2112_20210917_La_1_1224,112,HSL:2313203,Matinniitty
46440,46440,0,46440,46440,0,False,SCHEDULED,1631912400,HSL:2112_20210917_La_1_1239,112,HSL:2313203,Matinniitty
47340,47340,0,47340,47340,0,False,SCHEDULED,1631912400,HSL:2112_20210917_La_1_1254,112,HSL:2313203,Matinniitty
48240,48240,0,48240,48240,0,False,SCHEDULED,1631912400,HSL:2112_20210917_La_1_1309,112,HSL:2313203,Matinniitty
49140,49140,0,49140,49140,0,False,SCHEDULED,1631912400,HSL:2112_20210917_La_1_1324,112,HSL:2313203,Matinniitty
47640,47640,0,47640,47640,0,False,SCHEDULED,1631912400,HSL:9963_20210917_La_1_1300,963,HSL:9060228,Saviontaival
51360,51360,0,51360,51360,0,False,SCHEDULED,1631912400,HSL:9963_20210917_La_1_1402,963,HSL:9060228,Saviontaival
54960,54960,0,54960,54960,0,False,SCHEDULED,1631912400,HSL:9963_20210917_La_1_1502,963,HSL:9060228,Saviontaival
58560,58560,0,58560,58560,0,False,SCHEDULED,1631912400,HSL:9963_20210917_La_1_1602,963,HSL:9060228,Saviontaival
62100,62100,0,62100,62100,0,False,SCHEDULED,1631912400,HSL:9963_20210917_La_1_1702,963,HSL:9060228,Saviontaival
45960,45960,0,45960,45960,0,True,UPDATED,1631912400,HSL:2111_20210917_La_2_1238,111,HSL:2313206,Nelikko
46860,46860,0,46860,46860,0,False,SCHEDULED,1631912400,HSL:2111_20210917_La_2_1253,111,HSL:2313206,Nelikko
47760,47760,0,47760,47760,0,False,SCHEDULED,1631912400,HSL:2111_20210917_La_2_1308,111,HSL:2313206,Nelikko
48660,48660,0,48660,48660,0,False,SCHEDULED,1631912400,HSL:2111_20210917_La_2_1323,111,HSL:2313206,Nelikko
49560,49560,0,49560,49560,0,False,SCHEDULED,1631912400,HSL:2111_20210917_La_2_1338,111,HSL:2313206,Nelikko
45300,45380,80,45300,45391,91,True,UPDATED,1631912400,HSL:2550_20210917_La_1_1231,550,HSL:1456122,Holkkitie
45900,45900,0,45900,45900,0,True,UPDATED,1631912400,HSL:2550_20210917_La_1_1241,550,HSL:1456122,Holkkitie
46500,46500,0,46500,46500,0,False,SCHEDULED,1631912400,HSL:2550_20210917_La_1_1251,550,HSL:1456122,Holkkitie
47100,47100,0,47100,47100,0,False,SCHEDULED,1631912400,HSL:2550_20210917_La_1_1301,550,HSL:1456122,Holkkitie
47700,47700,0,47700,47700,0,False,SCHEDULED,1631912400,HSL:2550_20210917_La_1_1311,550,HSL:1456122,Holkkitie
45960,45921,-39,45960,45944,-16,True,UPDATED,1631912400,HSL:2111_20210917_La_1_1215,111,HSL:2313205,Nelikko
46860,46856,-4,46860,46876,16,True,UPDATED,1631912400,HSL:2111_20210917_La_1_1230,111,HSL:2313205,Nelikko
47760,47760,0,47760,47760,0,False,SCHEDULED,1631912400,HSL:2111_20210917_La_1_1245,111,HSL:2313205,Nelikko
48660,48660,0,48660,48660,0,False,SCHEDULED,1631912400,HSL:2111_20210917_La_1_1300,111,HSL:2313205,Nelikko
49560,49560,0,49560,49560,0,False,SCHEDULED,1631912400,HSL:2111_20210917_La_1_1315,111,HSL:2313205,Nelikko
45840,45840,0,45840,45840,0,True,UPDATED,1631912400,HSL:9963_20210917_La_2_1236,963,HSL:9060227,Saviontaival
49560,49560,0,49560,49560,0,False,SCHEDULED,1631912400,HSL:9963_20210917_La_2_1338,963,HSL:9060227,Saviontaival
53160,53160,0,53160,53160,0,False,SCHEDULED,1631912400,HSL:9963_20210917_La_2_1438,963,HSL:9060227,Saviontaival
56760,56760,0,56760,56760,0,False,SCHEDULED,1631912400,HSL:9963_20210917_La_2_1538,963,HSL:9060227,Saviontaival
60360,60360,0,60360,60360,0,False,SCHEDULED,1631912400,HSL:9963_20210917_La_2_1638,963,HSL:9060227,Saviontaival
45480,45480,0,45480,45480,0,False,SCHEDULED,1631912400,HSL:9973_20210917_La_1_1221,973,HSL:9060226,Mäyräkorventie
47280,47280,0,47280,47280,0,False,SCHEDULED,1631912400,HSL:9973_20210917_La_1_1251,973,HSL:9060226,Mäyräkorventie
49080,49080,0,49080,49080,0,False,SCHEDULED,1631912400,HSL:9973_20210917_La_1_1321,973,HSL:9060226,Mäyräkorventie
50880,50880,0,50880,50880,0,False,SCHEDULED,1631912400,HSL:9973_20210917_La_1_1351,973,HSL:9060226,Mäyräkorventie
52620,52620,0,52620,52620,0,False,SCHEDULED,1631912400,HSL:9973_20210917_La_1_1420,973,HSL:9060226,Mäyräkorventie
46680,46680,0,46680,46680,0,False,SCHEDULED,1631912400,HSL:9973_20210917_La_2_1250,973,HSL:9060225,Mäyräkorventie
48480,48480,0,48480,48480,0,False,SCHEDULED,1631912400,HSL:9973_20210917_La_2_1320,973,HSL:9060225,Mäyräkorventie
50280,50280,0,50280,50280,0,False,SCHEDULED,1631912400,HSL:9973_20210917_La_2_1350,973,HSL:9060225,Mäyräkorventie
52080,52080,0,52080,52080,0,False,SCHEDULED,1631912400,HSL:9973_20210917_La_2_1420,973,HSL:9060225,Mäyräkorventie
53880,53880,0,53880,53880,0,False,SCHEDULED,1631912400,HSL:9973_20210917_La_2_1450,973,HSL:9060225,Mäyräkorventie
45120,45388,268,45120,45398,278,True,UPDATED,1631912400,HSL:2550_20210917_La_2_1129,550,HSL:1456123,Holkkitie
45900,45900,0,45900,45900,0,True,UPDATED,1631912400,HSL:1092_20210917_La_2_1235,92,HSL:1456123,Holkkitie
45720,45992,272,45720,45992,272,True,UPDATED,1631912400,HSL:2550_20210917_La_2_1139,550,HSL:1456123,Holkkitie
46800,46800,0,46800,46800,0,False,SCHEDULED,1631912400,HSL:1092_20210917_La_2_1250,92,HSL:1456123,Holkkitie
46320,46810,490,46320,46817,497,True,UPDATED,1631912400,HSL:2550_20210917_La_2_1149,550,HSL:1456123,Holkkitie
45660,45660,0,45660,45660,0,False,SCHEDULED,1631912400,HSL:2549_20210917_La_1_1220,549,HSL:3170223,Valkonauhantie
46080,46099,19,46080,46101,21,True,UPDATED,1631912400,HSL:2533_20210917_La_1_1218,533,HSL:3170223,Valkonauhantie
46560,46560,0,46560,46560,0,True,UPDATED,1631912400,HSL:2549_20210917_La_1_1235,549,HSL:3170223,Valkonauhantie
46980,47005,25,46980,47007,27,True,UPDATED,1631912400,HSL:2533_20210917_La_1_1233,533,HSL:3170223,Valkonauhantie
47460,47460,0,47460,47460,0,False,SCHEDULED,1631912400,HSL:2549_20210917_La_1_1250,549,HSL:3170223,Valkonauhantie
45420,45420,0,45420,45420,0,True,UPDATED,1631912400,HSL:1092_20210917_La_1_1234,92,HSL:1456118,Roihupelto
45840,45840,0,45840,45840,0,True,UPDATED,1631912400,HSL:2550_20210917_La_1_1241,550,HSL:1456118,Roihupelto
46320,46320,0,46320,46320,0,False,SCHEDULED,1631912400,HSL:1092_20210917_La_1_1249,92,HSL:1456118,Roihupelto
46440,46440,0,46440,46440,0,False,SCHEDULED,1631912400,HSL:2550_20210917_La_1_1251,550,HSL:1456118,Roihupelto
47040,47040,0,47040,47040,0,False,SCHEDULED,1631912400,HSL:2550_20210917_La_1_1301,550,HSL:1456118,Roihupelto
46020,46020,0,46020,46020,0,False,SCHEDULED,1631912400,HSL:2533_20210917_La_2_1238,533,HSL:3170224,Valkonauhantie
46140,46140,0,46140,46140,0,False,SCHEDULED,1631912400,HSL:2549_20210917_La_2_1244,549,HSL:3170224,Valkonauhantie
46920,46920,0,46920,46920,0,False,SCHEDULED,1631912400,HSL:2533_20210917_La_2_1253,533,HSL:3170224,Valkonauhantie
47040,47040,0,47040,47040,0,False,SCHEDULED,1631912400,HSL:2549_20210917_La_2_1259,549,HSL:3170224,Valkonauhantie
47820,47820,0,47820,47820,0,False,SCHEDULED,1631912400,HSL:2533_20210917_La_2_1308,533,HSL:3170224,Valkonauhantie
45720,45720,0,45720,45720,0,False,SCHEDULED,1631912400,HSL:2549_20210917_La_1_1220,549,HSL:3170225,Työväen Akatemia
46140,46113,-27,46140,46116,-24,True,UPDATED,1631912400,HSL:2533_20210917_La_1_1218,533,HSL:3170225,Työväen Akatemia
46620,46620,0,46620,46620,0,True,UPDATED,1631912400,HSL:2549_20210917_La_1_1235,549,HSL:3170225,Työväen Akatemia
47040,47041,1,47040,47046,6,True,UPDATED,1631912400,HSL:2533_20210917_La_1_1233,533,HSL:3170225,Työväen Akatemia
47520,47520,0,47520,47520,0,False,SCHEDULED,1631912400,HSL:2549_20210917_La_1_1250,549,HSL:3170225,Työväen Akatemia
45960,45960,0,45960,45960,0,False,SCHEDULED,1631912400,HSL:2533_20210917_La_2_1238,533,HSL:3170226,Työväen Akatemia
46140,46140,0,46140,46140,0,False,SCHEDULED,1631912400,HSL:2549_20210917_La_2_1244,549,HSL:3170226,Työväen Akatemia
46860,46860,0,46860,46860,0,False,SCHEDULED,1631912400,HSL:2533_20210917_La_2_1253,533,HSL:3170226,Työväen Akatemia
47040,47040,0,47040,47040,0,False,SCHEDULED,1631912400,HSL:2549_20210917_La_2_1259,549,HSL:3170226,Työväen Akatemia
47760,47760,0,47760,47760,0,False,SCHEDULED,1631912400,HSL:2533_20210917_La_2_1308,533,HSL:3170226,Työväen Akatemia
45540,45622,82,45540,45639,99,True,UPDATED,1631912400,HSL:1082_20210917_La_1_1230,82,HSL:1432180,Kreijarinkuja
46440,46440,0,46440,46440,0,False,SCHEDULED,1631912400,HSL:1082_20210917_La_1_1245,82,HSL:1432180,Kreijarinkuja
47340,47340,0,47340,47340,0,False,SCHEDULED,1631912400,HSL:1082_20210917_La_1_1300,82,HSL:1432180,Kreijarinkuja
48240,48240,0,48240,48240,0,False,SCHEDULED,1631912400,HSL:1082_20210917_La_1_1315,82,HSL:1432180,Kreijarinkuja
49140,49140,0,49140,49140,0,False,SCHEDULED,1631912400,HSL:1082_20210917_La_1_1330,82,HSL:1432180,Kreijarinkuja
46080,46080,0,46080,46080,0,False,SCHEDULED,1631912400,HSL:1082_20210917_La_2_1243,82,HSL:1432181,Kreijarinkuja
46980,46980,0,46980,46980,0,False,SCHEDULED,1631912400,HSL:1082_20210917_La_2_1258,82,HSL:1432181,Kreijarinkuja
47880,47880,0,47880,47880,0,False,SCHEDULED,1631912400,HSL:1082_20210917_La_2_1313,82,HSL:1432181,Kreijarinkuja
48780,48780,0,48780,48780,0,False,SCHEDULED,1631912400,HSL:1082_20210917_La_2_1328,82,HSL:1432181,Kreijarinkuja
49680,49680,0,49680,49680,0,False,SCHEDULED,1631912400,HSL:1082_20210917_La_2_1343,82,HSL:1432181,Kreijarinkuja
45600,45600,0,45600,45600,0,False,SCHEDULED,1631912400,HSL:9973_20210917_La_1_1221,973,HSL:9060232,Kantokatu
47400,47400,0,47400,47400,0,False,SCHEDULED,1631912400,HSL:9973_20210917_La_1_1251,973,HSL:9060232,Kantokatu
49200,49200,0,49200,49200,0,False,SCHEDULED,1631912400,HSL:9973_20210917_La_1_1321,973,HSL:9060232,Kantokatu
51000,51000,0,51000,51000,0,False,SCHEDULED,1631912400,HSL:9973_20210917_La_1_1351,973,HSL:9060232,Kantokatu
52740,52740,0,52740,52740,0,False,SCHEDULED,1631912400,HSL:9973_20210917_La_1_1420,973,HSL:9060232,Kantokatu
45960,45955,-5,45960,45960,0,True,UPDATED,1631912400,HSL:1074_20210917_La_2_1232,74,HSL:1391187,Huhtapuisto
47160,47160,0,47160,47160,0,False,SCHEDULED,1631912400,HSL:1074_20210917_La_2_1252,74,HSL:1391187,Huhtapuisto
48360,48360,0,48360,48360,0,False,SCHEDULED,1631912400,HSL:1074_20210917_La_2_1312,74,HSL:1391187,Huhtapuisto
49560,49560,0,49560,49560,0,False,SCHEDULED,1631912400,HSL:1074_20210917_La_2_1332,74,HSL:1391187,Huhtapuisto
50760,50760,0,50760,50760,0,False,SCHEDULED,1631912400,HSL:1074_20210917_La_2_1352,74,HSL:1391187,Huhtapuisto
45480,45480,0,45480,45480,0,False,SCHEDULED,1631912400,HSL:2549_20210917_La_1_1220,549,HSL:3170257,Postitori
45840,45907,67,45840,45911,71,True,UPDATED,1631912400,HSL:2533_20210917_La_1_1218,533,HSL:3170257,Postitori
46380,46380,0,46380,46380,0,True,UPDATED,1631912400,HSL:2549_20210917_La_1_1235,549,HSL:3170257,Postitori
46740,46809,69,46740,46813,73,True,UPDATED,1631912400,HSL:2533_20210917_La_1_1233,533,HSL:3170257,Postitori
47280,47280,0,47280,47280,0,False,SCHEDULED,1631912400,HSL:2549_20210917_La_1_1250,549,HSL:3170257,Postitori
45480,45486,6,45480,45489,9,True,UPDATED,1631912400,HSL:2550_20210917_La_1_1152,550,HSL:2000203,Mäkkylän asema
45600,45692,92,45600,45692,92,True,UPDATED,1631912400,HSL:2200_20210917_La_1_1214,200,HSL:2000203,Mäkkylän asema
46080,45981,-99,46080,45984,-96,True,UPDATED,1631912400,HSL:2553K_20210917_La_1_1150,553K,HSL:2000203,Mäkkylän asema
46080,46203,123,46080,46209,129,True,UPDATED,1631912400,HSL:2550_20210917_La_1_1202,550,HSL:2000203,Mäkkylän asema
46200,46270,70,46200,46277,77,True,UPDATED,1631912400,HSL:2200_20210917_La_1_1224,200,HSL:2000203,Mäkkylän asema
45600,45635,35,45600,45665,65,True,UPDATED,1631912400,HSL:3001I_20210917_La_1_1216,I,HSL:4700551,Leinelä
46200,46272,72,46200,46302,102,True,UPDATED,1631912400,HSL:3001I_20210917_La_1_1226,I,HSL:4700551,Leinelä
46800,46800,0,46800,46800,0,False,SCHEDULED,1631912400,HSL:3001I_20210917_La_1_1236,I,HSL:4700551,Leinelä
47400,47400,0,47400,47400,0,False,SCHEDULED,1631912400,HSL:3001I_20210917_La_1_1246,I,HSL:4700551,Leinelä
48000,48000,0,48000,48000,0,False,SCHEDULED,1631912400,HSL:3001I_20210917_La_1_1256,I,HSL:4700551,Leinelä
45300,45381,81,45300,45396,96,True,UPDATED,1631912400,HSL:2200_20210917_La_2_1224,200,HSL:3170241,Petas
45660,45650,-10,45660,45657,-3,True,UPDATED,1631912400,HSL:2227_20210917_La_2_1228,227,HSL:3170241,Petas
45900,45969,69,45900,45983,83,True,UPDATED,1631912400,HSL:2200_20210917_La_2_1234,200,HSL:3170241,Petas
46500,46500,0,46500,46500,0,False,SCHEDULED,1631912400,HSL:2200_20210917_La_2_1244,200,HSL:3170241,Petas
47100,47100,0,47100,47100,0,False,SCHEDULED,1631912400,HSL:2200_20210917_La_2_1254,200,HSL:3170241,Petas
45360,45275,-85,45420,45420,0,True,UPDATED,1631912400,HSL:2533_20210917_La_2_1223,533,HSL:3170240,Kauniaisten asema
45480,45453,-27,45480,45510,30,True,UPDATED,1631912400,HSL:2224_20210917_La_1_1220,224,HSL:3170240,Kauniaisten asema
45480,45544,64,45480,45569,89,True,UPDATED,1631912400,HSL:2549_20210917_La_2_1229,549,HSL:3170240,Kauniaisten asema
45900,45956,56,45900,45981,81,True,UPDATED,1631912400,HSL:2548_20210917_La_2_1230,548,HSL:3170240,Kauniaisten asema
46260,46260,0,46320,46320,0,False,SCHEDULED,1631912400,HSL:2533_20210917_La_2_1238,533,HSL:3170240,Kauniaisten asema
45360,45360,0,45420,45420,0,False,SCHEDULED,1631912400,HSL:2549_20210917_La_1_1220,549,HSL:3170239,Kauniaisten asema
45780,45779,-1,45840,45853,13,True,UPDATED,1631912400,HSL:2533_20210917_La_1_1218,533,HSL:3170239,Kauniaisten asema
45840,45869,29,45900,45907,7,True,UPDATED,1631912400,HSL:2548_20210917_La_1_1228,548,HSL:3170239,Kauniaisten asema
46260,46260,0,46320,46320,0,True,UPDATED,1631912400,HSL:2549_20210917_La_1_1235,549,HSL:3170239,Kauniaisten asema
46200,46326,126,46200,46354,154,True,UPDATED,1631912400,HSL:2224_20210917_La_2_1223,224,HSL:3170239,Kauniaisten asema
47160,47160,0,47160,47160,0,False,SCHEDULED,1631912400,HSL:9665K_20210917_La_2_1248,665K,HSL:9508004,Kivipuisto
50760,50760,0,50760,50760,0,False,SCHEDULED,1631912400,HSL:9665K_20210917_La_2_1348,665K,HSL:9508004,Kivipuisto
54360,54360,0,54360,54360,0,False,SCHEDULED,1631912400,HSL:9665K_20210917_La_2_1448,665K,HSL:9508004,Kivipuisto
57960,57960,0,57960,57960,0,False,SCHEDULED,1631912400,HSL:9665K_20210917_La_2_1548,665K,HSL:9508004,Kivipuisto
61620,61620,0,61620,61620,0,False,SCHEDULED,1631912400,HSL:9665K_20210917_La_2_1649,665K,HSL:9508004,Kivipuisto
48120,48120,0,48120,48120,0,False,SCHEDULED,1631912400,HSL:9665K_20210917_La_1_1256,665K,HSL:9508005,Kivipuisto
51720,51720,0,51720,51720,0,False,SCHEDULED,1631912400,HSL:9665K_20210917_La_1_1356,665K,HSL:9508005,Kivipuisto
55320,55320,0,55320,55320,0,False,SCHEDULED,1631912400,HSL:9665K_20210917_La_1_1456,665K,HSL:9508005,Kivipuisto
58920,58920,0,58920,58920,0,False,SCHEDULED,1631912400,HSL:9665K_20210917_La_1_1556,665K,HSL:9508005,Kivipuisto
62520,62520,0,62520,62520,0,False,SCHEDULED,1631912400,HSL:9665K_20210917_La_1_1656,665K,HSL:9508005,Kivipuisto
47880,47880,0,47880,47880,0,False,SCHEDULED,1631912400,HSL:2345N_20210917_La_2_1308,345N,HSL:2722201,Lahnus
51480,51480,0,51480,51480,0,False,SCHEDULED,1631912400,HSL:2345N_20210917_La_2_1408,345N,HSL:2722201,Lahnus
55080,55080,0,55080,55080,0,False,SCHEDULED,1631912400,HSL:2345N_20210917_La_2_1507,345N,HSL:2722201,Lahnus
58680,58680,0,58680,58680,0,False,SCHEDULED,1631912400,HSL:2345N_20210917_La_2_1607,345N,HSL:2722201,Lahnus
62280,62280,0,62280,62280,0,False,SCHEDULED,1631912400,HSL:2345N_20210917_La_2_1707,345N,HSL:2722201,Lahnus
46140,46207,67,46140,46213,73,True,UPDATED,1631912400,HSL:4561_20210917_La_1_1223,561,HSL:4500226,Tammistonkatu
47340,47340,0,47340,47340,0,False,SCHEDULED,1631912400,HSL:4561_20210917_La_1_1243,561,HSL:4500226,Tammistonkatu
48600,48600,0,48600,48600,0,False,SCHEDULED,1631912400,HSL:4561_20210917_La_1_1303,561,HSL:4500226,Tammistonkatu
49800,49800,0,49800,49800,0,False,SCHEDULED,1631912400,HSL:4561_20210917_La_1_1323,561,HSL:4500226,Tammistonkatu
51000,51000,0,51000,51000,0,False,SCHEDULED,1631912400,HSL:4561_20210917_La_1_1343,561,HSL:4500226,Tammistonkatu
48540,48540,0,48540,48540,0,False,SCHEDULED,1631912400,HSL:4623K_20210917_La_2_1303,623K,HSL:4500224,Isopelto
52140,52140,0,52140,52140,0,False,SCHEDULED,1631912400,HSL:4623K_20210917_La_2_1403,623K,HSL:4500224,Isopelto
55740,55740,0,55740,55740,0,False,SCHEDULED,1631912400,HSL:4623K_20210917_La_2_1503,623K,HSL:4500224,Isopelto
59340,59340,0,59340,59340,0,False,SCHEDULED,1631912400,HSL:4623K_20210917_La_2_1603,623K,HSL:4500224,Isopelto
62940,62940,0,62940,62940,0,False,SCHEDULED,1631912400,HSL:4623K_20210917_La_2_1703,623K,HSL:4500224,Isopelto
47100,47100,0,47100,47100,0,False,SCHEDULED,1631912400,HSL:9665K_20210917_La_2_1248,665K,HSL:9508002,Saunakallio
50700,50700,0,50700,50700,0,False,SCHEDULED,1631912400,HSL:9665K_20210917_La_2_1348,665K,HSL:9508002,Saunakallio
54300,54300,0,54300,54300,0,False,SCHEDULED,1631912400,HSL:9665K_20210917_La_2_1448,665K,HSL:9508002,Saunakallio
57900,57900,0,57900,57900,0,False,SCHEDULED,1631912400,HSL:9665K_20210917_La_2_1548,665K,HSL:9508002,Saunakallio
61560,61560,0,61560,61560,0,False,SCHEDULED,1631912400,HSL:9665K_20210917_La_2_1649,665K,HSL:9508002,Saunakallio
48180,48180,0,48180,48180,0,False,SCHEDULED,1631912400,HSL:9665K_20210917_La_1_1256,665K,HSL:9508003,Saunakallio
51780,51780,0,51780,51780,0,False,SCHEDULED,1631912400,HSL:9665K_20210917_La_1_1356,665K,HSL:9508003,Saunakallio
55380,55380,0,55380,55380,0,False,SCHEDULED,1631912400,HSL:9665K_20210917_La_1_1456,665K,HSL:9508003,Saunakallio
58980,58980,0,58980,58980,0,False,SCHEDULED,1631912400,HSL:9665K_20210917_La_1_1556,665K,HSL:9508003,Saunakallio
62580,62580,0,62580,62580,0,False,SCHEDULED,1631912400,HSL:9665K_20210917_La_1_1656,665K,HSL:9508003,Saunakallio
45480,45479,-1,45480,45479,-1,True,UPDATED,1631912400,HSL:4614_20210917_La_1_1210,614,HSL:4500222,Rosendalinrinki
46320,46270,-50,46320,46270,-50,True,UPDATED,1631912400,HSL:4615_20210917_La_1_1225,615,HSL:4500222,Rosendalinrinki
47280,47280,0,47280,47280,0,False,SCHEDULED,1631912400,HSL:4614_20210917_La_1_1240,614,HSL:4500222,Rosendalinrinki
48120,48120,0,48120,48120,0,False,SCHEDULED,1631912400,HSL:4615_20210917_La_1_1255,615,HSL:4500222,Rosendalinrinki
49080,49080,0,49080,49080,0,False,SCHEDULED,1631912400,HSL:4614_20210917_La_1_1310,614,HSL:4500222,Rosendalinrinki
47040,47040,0,47040,47040,0,False,SCHEDULED,1631912400,HSL:9665K_20210917_La_2_1248,665K,HSL:9508000,Maahisentie
50640,50640,0,50640,50640,0,False,SCHEDULED,1631912400,HSL:9665K_20210917_La_2_1348,665K,HSL:9508000,Maahisentie
54240,54240,0,54240,54240,0,False,SCHEDULED,1631912400,HSL:9665K_20210917_La_2_1448,665K,HSL:9508000,Maahisentie
57840,57840,0,57840,57840,0,False,SCHEDULED,1631912400,HSL:9665K_20210917_La_2_1548,665K,HSL:9508000,Maahisentie
61500,61500,0,61500,61500,0,False,SCHEDULED,1631912400,HSL:9665K_20210917_La_2_1649,665K,HSL:9508000,Maahisentie
46380,46406,26,46380,46423,43,True,UPDATED,1631912400,HSL:4561_20210917_La_1_1223,561,HSL:4500221,Voimakuja
47580,47580,0,47580,47580,0,False,SCHEDULED,1631912400,HSL:4561_20210917_La_1_1243,561,HSL:4500221,Voimakuja
48840,48840,0,48840,48840,0,False,SCHEDULED,1631912400,HSL:4561_20210917_La_1_1303,561,HSL:4500221,Voimakuja
50040,50040,0,50040,50040,0,False,SCHEDULED,1631912400,HSL:4561_20210917_La_1_1323,561,HSL:4500221,Voimakuja
51240,51240,0,51240,51240,0,False,SCHEDULED,1631912400,HSL:4561_20210917_La_1_1343,561,HSL:4500221,Voimakuja
48180,48180,0,48180,48180,0,False,SCHEDULED,1631912400,HSL:9665K_20210917_La_1_1256,665K,HSL:9508001,Maahisentie
51780,51780,0,51780,51780,0,False,SCHEDULED,1631912400,HSL:9665K_20210917_La_1_1356,665K,HSL:9508001,Maahisentie
55380,55380,0,55380,55380,0,False,SCHEDULED,1631912400,HSL:9665K_20210917_La_1_1456,665K,HSL:9508001,Maahisentie
58980,58980,0,58980,58980,0,False,SCHEDULED,1631912400,HSL:9665K_20210917_La_1_1556,665K,HSL:9508001,Maahisentie
62580,62580,0,62580,62580,0,False,SCHEDULED,1631912400,HSL:9665K_20210917_La_1_1656,665K,HSL:9508001,Maahisentie
46800,46800,0,46800,46800,0,False,SCHEDULED,1631912400,HSL:2236_20210917_La_2_1254,236,HSL:2722212,Piennartie
47940,47940,0,47940,47940,0,False,SCHEDULED,1631912400,HSL:2345N_20210917_La_2_1308,345N,HSL:2722212,Piennartie
50400,50400,0,50400,50400,0,False,SCHEDULED,1631912400,HSL:2236_20210917_La_2_1354,236,HSL:2722212,Piennartie
51540,51540,0,51540,51540,0,False,SCHEDULED,1631912400,HSL:2345N_20210917_La_2_1408,345N,HSL:2722212,Piennartie
54000,54000,0,54000,54000,0,False,SCHEDULED,1631912400,HSL:2236_20210917_La_2_1454,236,HSL:2722212,Piennartie
46320,46429,109,46320,46433,113,True,UPDATED,1631912400,HSL:2345N_20210917_La_1_1205,345N,HSL:2722213,Lahnus
49920,49920,0,49920,49920,0,False,SCHEDULED,1631912400,HSL:2345N_20210917_La_1_1305,345N,HSL:2722213,Lahnus
53520,53520,0,53520,53520,0,False,SCHEDULED,1631912400,HSL:2345N_20210917_La_1_1405,345N,HSL:2722213,Lahnus
57120,57120,0,57120,57120,0,False,SCHEDULED,1631912400,HSL:2345N_20210917_La_1_1505,345N,HSL:2722213,Lahnus
60720,60720,0,60720,60720,0,False,SCHEDULED,1631912400,HSL:2345N_20210917_La_1_1605,345N,HSL:2722213,Lahnus
46260,46363,103,46260,46364,104,True,UPDATED,1631912400,HSL:2345N_20210917_La_1_1205,345N,HSL:2722211,Piennartie
47100,47098,-2,47100,47099,-1,True,UPDATED,1631912400,HSL:2236_20210917_La_1_1226,236,HSL:2722211,Piennartie
49860,49860,0,49860,49860,0,False,SCHEDULED,1631912400,HSL:2345N_20210917_La_1_1305,345N,HSL:2722211,Piennartie
50760,50760,0,50760,50760,0,False,SCHEDULED,1631912400,HSL:2236_20210917_La_1_1326,236,HSL:2722211,Piennartie
53460,53460,0,53460,53460,0,False,SCHEDULED,1631912400,HSL:2345N_20210917_La_1_1405,345N,HSL:2722211,Piennartie
47820,47820,0,47820,47820,0,False,SCHEDULED,1631912400,HSL:2345N_20210917_La_2_1308,345N,HSL:2722216,Hemgård
51420,51420,0,51420,51420,0,False,SCHEDULED,1631912400,HSL:2345N_20210917_La_2_1408,345N,HSL:2722216,Hemgård
55020,55020,0,55020,55020,0,False,SCHEDULED,1631912400,HSL:2345N_20210917_La_2_1507,345N,HSL:2722216,Hemgård
58620,58620,0,58620,58620,0,False,SCHEDULED,1631912400,HSL:2345N_20210917_La_2_1607,345N,HSL:2722216,Hemgård
62220,62220,0,62220,62220,0,False,SCHEDULED,1631912400,HSL:2345N_20210917_La_2_1707,345N,HSL:2722216,Hemgård
46440,46472,32,46440,46472,32,True,UPDATED,1631912400,HSL:2345N_20210917_La_1_1205,345N,HSL:2722217,Luukki
50040,50040,0,50040,50040,0,False,SCHEDULED,1631912400,HSL:2345N_20210917_La_1_1305,345N,HSL:2722217,Luukki
53640,53640,0,53640,53640,0,False,SCHEDULED,1631912400,HSL:2345N_20210917_La_1_1405,345N,HSL:2722217,Luukki
57240,57240,0,57240,57240,0,False,SCHEDULED,1631912400,HSL:2345N_20210917_La_1_1505,345N,HSL:2722217,Luukki
60780,60780,0,60780,60780,0,False,SCHEDULED,1631912400,HSL:2345N_20210917_La_1_1605,345N,HSL:2722217,Luukki
46380,46472,92,46380,46472,92,True,UPDATED,1631912400,HSL:2345N_20210917_La_1_1205,345N,HSL:2722215,Hemgård
49980,49980,0,49980,49980,0,False,SCHEDULED,1631912400,HSL:2345N_20210917_La_1_1305,345N,HSL:2722215,Hemgård
53580,53580,0,53580,53580,0,False,SCHEDULED,1631912400,HSL:2345N_20210917_La_1_1405,345N,HSL:2722215,Hemgård
57180,57180,0,57180,57180,0,False,SCHEDULED,1631912400,HSL:2345N_20210917_La_1_1505,345N,HSL:2722215,Hemgård
60780,60780,0,60780,60780,0,False,SCHEDULED,1631912400,HSL:2345N_20210917_La_1_1605,345N,HSL:2722215,Hemgård
47760,47760,0,47760,47760,0,False,SCHEDULED,1631912400,HSL:2345N_20210917_La_2_1308,345N,HSL:2722218,Luukki
51360,51360,0,51360,51360,0,False,SCHEDULED,1631912400,HSL:2345N_20210917_La_2_1408,345N,HSL:2722218,Luukki
54960,54960,0,54960,54960,0,False,SCHEDULED,1631912400,HSL:2345N_20210917_La_2_1507,345N,HSL:2722218,Luukki
58560,58560,0,58560,58560,0,False,SCHEDULED,1631912400,HSL:2345N_20210917_La_2_1607,345N,HSL:2722218,Luukki
62160,62160,0,62160,62160,0,False,SCHEDULED,1631912400,HSL:2345N_20210917_La_2_1707,345N,HSL:2722218,Luukki
46500,46472,-28,46500,46472,-28,True,UPDATED,1631912400,HSL:2345N_20210917_La_1_1205,345N,HSL:2722219,Klockars
50100,50100,0,50100,50100,0,False,SCHEDULED,1631912400,HSL:2345N_20210917_La_1_1305,345N,HSL:2722219,Klockars
53700,53700,0,53700,53700,0,False,SCHEDULED,1631912400,HSL:2345N_20210917_La_1_1405,345N,HSL:2722219,Klockars
57300,57300,0,57300,57300,0,False,SCHEDULED,1631912400,HSL:2345N_20210917_La_1_1505,345N,HSL:2722219,Klockars
60840,60840,0,60840,60840,0,False,SCHEDULED,1631912400,HSL:2345N_20210917_La_1_1605,345N,HSL:2722219,Klockars
45720,45862,142,45720,45862,142,True,UPDATED,1631912400,HSL:1073_20210917_La_1_1213,73,HSL:1391140,Laulurastaantie
46920,47024,104,46920,47028,108,True,UPDATED,1631912400,HSL:1073_20210917_La_1_1232,73,HSL:1391140,Laulurastaantie
48120,48120,0,48120,48120,0,False,SCHEDULED,1631912400,HSL:1073_20210917_La_1_1252,73,HSL:1391140,Laulurastaantie
49320,49320,0,49320,49320,0,False,SCHEDULED,1631912400,HSL:1073_20210917_La_1_1312,73,HSL:1391140,Laulurastaantie
50520,50520,0,50520,50520,0,False,SCHEDULED,1631912400,HSL:1073_20210917_La_1_1332,73,HSL:1391140,Laulurastaantie
47700,47700,0,47700,47700,0,False,SCHEDULED,1631912400,HSL:2345N_20210917_La_2_1308,345N,HSL:2722220,Klockars
51300,51300,0,51300,51300,0,False,SCHEDULED,1631912400,HSL:2345N_20210917_La_2_1408,345N,HSL:2722220,Klockars
54900,54900,0,54900,54900,0,False,SCHEDULED,1631912400,HSL:2345N_20210917_La_2_1507,345N,HSL:2722220,Klockars
58500,58500,0,58500,58500,0,False,SCHEDULED,1631912400,HSL:2345N_20210917_La_2_1607,345N,HSL:2722220,Klockars
62100,62100,0,62100,62100,0,False,SCHEDULED,1631912400,HSL:2345N_20210917_La_2_1707,345N,HSL:2722220,Klockars
45780,45952,172,45780,45952,172,True,UPDATED,1631912400,HSL:2345N_20210917_La_1_1205,345N,HSL:4200201,Vihdintie
46560,46560,0,46560,46560,0,False,SCHEDULED,1631912400,HSL:4335B_20210917_La_1_1238,335B,HSL:4200201,Vihdintie
46740,46815,75,46740,46816,76,True,UPDATED,1631912400,HSL:4332_20210917_La_1_1217,332,HSL:4200201,Vihdintie
49380,49380,0,49380,49380,0,False,SCHEDULED,1631912400,HSL:2345N_20210917_La_1_1305,345N,HSL:4200201,Vihdintie
50160,50160,0,50160,50160,0,False,SCHEDULED,1631912400,HSL:4335B_20210917_La_1_1338,335B,HSL:4200201,Vihdintie
45240,45331,91,45240,45368,128,True,UPDATED,1631912400,HSL:1073_20210917_La_2_1221,73,HSL:1391143,Kotikaivontie
46440,46440,0,46440,46440,0,False,SCHEDULED,1631912400,HSL:1073_20210917_La_2_1241,73,HSL:1391143,Kotikaivontie
47640,47640,0,47640,47640,0,False,SCHEDULED,1631912400,HSL:1073_20210917_La_2_1301,73,HSL:1391143,Kotikaivontie
48840,48840,0,48840,48840,0,False,SCHEDULED,1631912400,HSL:1073_20210917_La_2_1321,73,HSL:1391143,Kotikaivontie
50040,50040,0,50040,50040,0,False,SCHEDULED,1631912400,HSL:1073_20210917_La_2_1341,73,HSL:1391143,Kotikaivontie
45840,45993,153,45840,45994,154,True,UPDATED,1631912400,HSL:2345N_20210917_La_1_1205,345N,HSL:4200203,Pikkujärvi
46680,46680,0,46680,46680,0,False,SCHEDULED,1631912400,HSL:4335B_20210917_La_1_1238,335B,HSL:4200203,Pikkujärvi
46860,46871,11,46860,46871,11,True,UPDATED,1631912400,HSL:4332_20210917_La_1_1217,332,HSL:4200203,Pikkujärvi
49440,49440,0,49440,49440,0,False,SCHEDULED,1631912400,HSL:2345N_20210917_La_1_1305,345N,HSL:4200203,Pikkujärvi
50280,50280,0,50280,50280,0,False,SCHEDULED,1631912400,HSL:4335B_20210917_La_1_1338,335B,HSL:4200203,Pikkujärvi
45300,45397,97,45300,45397,97,True,UPDATED,1631912400,HSL:1073_20210917_La_2_1221,73,HSL:1391141,Laulurastaantie
46500,46500,0,46500,46500,0,False,SCHEDULED,1631912400,HSL:1073_20210917_La_2_1241,73,HSL:1391141,Laulurastaantie
47700,47700,0,47700,47700,0,False,SCHEDULED,1631912400,HSL:1073_20210917_La_2_1301,73,HSL:1391141,Laulurastaantie
48900,48900,0,48900,48900,0,False,SCHEDULED,1631912400,HSL:1073_20210917_La_2_1321,73,HSL:1391141,Laulurastaantie
50100,50100,0,50100,50100,0,False,SCHEDULED,1631912400,HSL:1073_20210917_La_2_1341,73,HSL:1391141,Laulurastaantie
47460,47460,0,47460,47460,0,False,SCHEDULED,1631912400,HSL:4332_20210917_La_2_1306,332,HSL:4200202,Vihdintie
47820,47820,0,47820,47820,0,False,SCHEDULED,1631912400,HSL:4335B_20210917_La_2_1311,335B,HSL:4200202,Vihdintie
48420,48420,0,48420,48420,0,False,SCHEDULED,1631912400,HSL:2345N_20210917_La_2_1308,345N,HSL:4200202,Vihdintie
51060,51060,0,51060,51060,0,False,SCHEDULED,1631912400,HSL:4332_20210917_La_2_1406,332,HSL:4200202,Vihdintie
51420,51420,0,51420,51420,0,False,SCHEDULED,1631912400,HSL:4335B_20210917_La_2_1411,335B,HSL:4200202,Vihdintie
45780,45870,90,45780,45908,128,True,UPDATED,1631912400,HSL:1073_20210917_La_1_1213,73,HSL:1391142,Kotikaivontie
46980,47052,72,46980,47064,84,True,UPDATED,1631912400,HSL:1073_20210917_La_1_1232,73,HSL:1391142,Kotikaivontie
48180,48180,0,48180,48180,0,False,SCHEDULED,1631912400,HSL:1073_20210917_La_1_1252,73,HSL:1391142,Kotikaivontie
49380,49380,0,49380,49380,0,False,SCHEDULED,1631912400,HSL:1073_20210917_La_1_1312,73,HSL:1391142,Kotikaivontie
50580,50580,0,50580,50580,0,False,SCHEDULED,1631912400,HSL:1073_20210917_La_1_1332,73,HSL:1391142,Kotikaivontie
45900,46036,136,45900,46071,171,True,UPDATED,1631912400,HSL:2345N_20210917_La_1_1205,345N,HSL:4200205,Askistontie
49500,49500,0,49500,49500,0,False,SCHEDULED,1631912400,HSL:2345N_20210917_La_1_1305,345N,HSL:4200205,Askistontie
53100,53100,0,53100,53100,0,False,SCHEDULED,1631912400,HSL:2345N_20210917_La_1_1405,345N,HSL:4200205,Askistontie
56700,56700,0,56700,56700,0,False,SCHEDULED,1631912400,HSL:2345N_20210917_La_1_1505,345N,HSL:4200205,Askistontie
60300,60300,0,60300,60300,0,False,SCHEDULED,1631912400,HSL:2345N_20210917_La_1_1605,345N,HSL:4200205,Askistontie
45360,45352,-8,45360,45363,3,True,UPDATED,1631912400,HSL:2548_20210917_La_1_1213,548,HSL:2151207,Viherlaaksontori
46260,46259,-1,46260,46309,49,True,UPDATED,1631912400,HSL:2548_20210917_La_1_1228,548,HSL:2151207,Viherlaaksontori
46500,46500,0,46500,46500,0,False,SCHEDULED,1631912400,HSL:2239_20210917_La_1_1246,239,HSL:2151207,Viherlaaksontori
47160,47160,0,47160,47160,0,False,SCHEDULED,1631912400,HSL:2548_20210917_La_1_1243,548,HSL:2151207,Viherlaaksontori
47760,47760,0,47760,47760,0,False,SCHEDULED,1631912400,HSL:2236B_20210917_La_1_1306,236B,HSL:2151207,Viherlaaksontori
47040,47040,0,47040,47040,0,False,SCHEDULED,1631912400,HSL:9665K_20210917_La_1_1256,665K,HSL:9650604,Halosenniemi
50640,50640,0,50640,50640,0,False,SCHEDULED,1631912400,HSL:9665K_20210917_La_1_1356,665K,HSL:9650604,Halosenniemi
54240,54240,0,54240,54240,0,False,SCHEDULED,1631912400,HSL:9665K_20210917_La_1_1456,665K,HSL:9650604,Halosenniemi
57840,57840,0,57840,57840,0,False,SCHEDULED,1631912400,HSL:9665K_20210917_La_1_1556,665K,HSL:9650604,Halosenniemi
61440,61440,0,61440,61440,0,False,SCHEDULED,1631912400,HSL:9665K_20210917_La_1_1656,665K,HSL:9650604,Halosenniemi
47400,47400,0,47400,47400,0,False,SCHEDULED,1631912400,HSL:4332_20210917_La_2_1306,332,HSL:4200204,Pikkujärvi
47700,47700,0,47700,47700,0,False,SCHEDULED,1631912400,HSL:4335B_20210917_La_2_1311,335B,HSL:4200204,Pikkujärvi
48360,48360,0,48360,48360,0,False,SCHEDULED,1631912400,HSL:2345N_20210917_La_2_1308,345N,HSL:4200204,Pikkujärvi
51000,51000,0,51000,51000,0,False,SCHEDULED,1631912400,HSL:4332_20210917_La_2_1406,332,HSL:4200204,Pikkujärvi
51300,51300,0,51300,51300,0,False,SCHEDULED,1631912400,HSL:4335B_20210917_La_2_1411,335B,HSL:4200204,Pikkujärvi
45540,45604,64,45540,45617,77,True,UPDATED,1631912400,HSL:2548_20210917_La_2_1230,548,HSL:2151208,Viherlaaksontori
46200,46200,0,46200,46200,0,False,SCHEDULED,1631912400,HSL:2236B_20210917_La_2_1236,236B,HSL:2151208,Viherlaaksontori
46440,46440,0,46440,46440,0,False,SCHEDULED,1631912400,HSL:2548_20210917_La_2_1245,548,HSL:2151208,Viherlaaksontori
47340,47340,0,47340,47340,0,False,SCHEDULED,1631912400,HSL:2548_20210917_La_2_1300,548,HSL:2151208,Viherlaaksontori
47400,47400,0,47400,47400,0,True,UPDATED,1631912400,HSL:2239_20210917_La_2_1237,239,HSL:2151208,Viherlaaksontori
48120,48120,0,48120,48120,0,False,SCHEDULED,1631912400,HSL:9665K_20210917_La_2_1248,665K,HSL:9650605,Kansanopisto
51720,51720,0,51720,51720,0,False,SCHEDULED,1631912400,HSL:9665K_20210917_La_2_1348,665K,HSL:9650605,Kansanopisto
55320,55320,0,55320,55320,0,False,SCHEDULED,1631912400,HSL:9665K_20210917_La_2_1448,665K,HSL:9650605,Kansanopisto
58920,58920,0,58920,58920,0,False,SCHEDULED,1631912400,HSL:9665K_20210917_La_2_1548,665K,HSL:9650605,Kansanopisto
62520,62520,0,62520,62520,0,False,SCHEDULED,1631912400,HSL:9665K_20210917_La_2_1649,665K,HSL:9650605,Kansanopisto
45960,46071,111,45960,46071,111,True,UPDATED,1631912400,HSL:2345N_20210917_La_1_1205,345N,HSL:4200207,Timmermalmintie
49560,49560,0,49560,49560,0,False,SCHEDULED,1631912400,HSL:2345N_20210917_La_1_1305,345N,HSL:4200207,Timmermalmintie
53160,53160,0,53160,53160,0,False,SCHEDULED,1631912400,HSL:2345N_20210917_La_1_1405,345N,HSL:4200207,Timmermalmintie
56760,56760,0,56760,56760,0,False,SCHEDULED,1631912400,HSL:2345N_20210917_La_1_1505,345N,HSL:4200207,Timmermalmintie
60360,60360,0,60360,60360,0,False,SCHEDULED,1631912400,HSL:2345N_20210917_La_1_1605,345N,HSL:4200207,Timmermalmintie
45660,45686,26,45660,45691,31,True,UPDATED,1631912400,HSL:2227_20210917_La_1_1231,227,HSL:2151205,Kuusiniemi
47460,47460,0,47460,47460,0,False,SCHEDULED,1631912400,HSL:2227_20210917_La_1_1301,227,HSL:2151205,Kuusiniemi
49260,49260,0,49260,49260,0,False,SCHEDULED,1631912400,HSL:2227_20210917_La_1_1331,227,HSL:2151205,Kuusiniemi
51060,51060,0,51060,51060,0,False,SCHEDULED,1631912400,HSL:2227_20210917_La_1_1401,227,HSL:2151205,Kuusiniemi
52860,52860,0,52860,52860,0,False,SCHEDULED,1631912400,HSL:2227_20210917_La_1_1431,227,HSL:2151205,Kuusiniemi
47340,47340,0,47340,47340,0,False,SCHEDULED,1631912400,HSL:4332_20210917_La_2_1306,332,HSL:4200206,Askistontie
47640,47640,0,47640,47640,0,False,SCHEDULED,1631912400,HSL:4335B_20210917_La_2_1311,335B,HSL:4200206,Askistontie
48300,48300,0,48300,48300,0,False,SCHEDULED,1631912400,HSL:2345N_20210917_La_2_1308,345N,HSL:4200206,Askistontie
50940,50940,0,50940,50940,0,False,SCHEDULED,1631912400,HSL:4332_20210917_La_2_1406,332,HSL:4200206,Askistontie
51240,51240,0,51240,51240,0,False,SCHEDULED,1631912400,HSL:4335B_20210917_La_2_1411,335B,HSL:4200206,Askistontie
45720,45715,-5,45720,45718,-2,True,UPDATED,1631912400,HSL:2227_20210917_La_2_1228,227,HSL:2151206,Kuusiniemi
47520,47520,0,47520,47520,0,False,SCHEDULED,1631912400,HSL:2227_20210917_La_2_1258,227,HSL:2151206,Kuusiniemi
49320,49320,0,49320,49320,0,False,SCHEDULED,1631912400,HSL:2227_20210917_La_2_1328,227,HSL:2151206,Kuusiniemi
51120,51120,0,51120,51120,0,False,SCHEDULED,1631912400,HSL:2227_20210917_La_2_1358,227,HSL:2151206,Kuusiniemi
52920,52920,0,52920,52920,0,False,SCHEDULED,1631912400,HSL:2227_20210917_La_2_1428,227,HSL:2151206,Kuusiniemi
48240,48240,0,48240,48240,0,False,SCHEDULED,1631912400,HSL:9665K_20210917_La_2_1248,665K,HSL:9650603,Halosenniemi
51840,51840,0,51840,51840,0,False,SCHEDULED,1631912400,HSL:9665K_20210917_La_2_1348,665K,HSL:9650603,Halosenniemi
55440,55440,0,55440,55440,0,False,SCHEDULED,1631912400,HSL:9665K_20210917_La_2_1448,665K,HSL:9650603,Halosenniemi
59040,59040,0,59040,59040,0,False,SCHEDULED,1631912400,HSL:9665K_20210917_La_2_1548,665K,HSL:9650603,Halosenniemi
62640,62640,0,62640,62640,0,False,SCHEDULED,1631912400,HSL:9665K_20210917_La_2_1649,665K,HSL:9650603,Halosenniemi
46800,46800,0,46800,46800,0,False,SCHEDULED,1631912400,HSL:4335B_20210917_La_1_1238,335B,HSL:4200209,Pikkujärventie
46980,47003,23,46980,47014,34,True,UPDATED,1631912400,HSL:4332_20210917_La_1_1217,332,HSL:4200209,Pikkujärventie
50400,50400,0,50400,50400,0,False,SCHEDULED,1631912400,HSL:4335B_20210917_La_1_1338,335B,HSL:4200209,Pikkujärventie
50580,50580,0,50580,50580,0,False,SCHEDULED,1631912400,HSL:4332_20210917_La_1_1317,332,HSL:4200209,Pikkujärventie
54000,54000,0,54000,54000,0,False,SCHEDULED,1631912400,HSL:4335B_20210917_La_1_1438,335B,HSL:4200209,Pikkujärventie
45300,45496,196,45300,45509,209,True,UPDATED,1631912400,HSL:2200_20210917_La_1_1154,200,HSL:2151203,Kavallinmäki
45600,45638,38,45600,45645,45,True,UPDATED,1631912400,HSL:2227_20210917_La_1_1231,227,HSL:2151203,Kavallinmäki
45960,46170,210,45960,46182,222,True,UPDATED,1631912400,HSL:2200_20210917_La_1_1204,200,HSL:2151203,Kavallinmäki
46560,46707,147,46560,46720,160,True,UPDATED,1631912400,HSL:2200_20210917_La_1_1214,200,HSL:2151203,Kavallinmäki
47160,47278,118,47160,47290,130,True,UPDATED,1631912400,HSL:2200_20210917_La_1_1224,200,HSL:2151203,Kavallinmäki
45480,45504,24,45480,45518,38,True,UPDATED,1631912400,HSL:2200_20210917_La_2_1224,200,HSL:2151204,Kavallinmäki
45840,45752,-88,45840,45760,-80,True,UPDATED,1631912400,HSL:2227_20210917_La_2_1228,227,HSL:2151204,Kavallinmäki
46080,46075,-5,46080,46088,8,True,UPDATED,1631912400,HSL:2200_20210917_La_2_1234,200,HSL:2151204,Kavallinmäki
46680,46680,0,46680,46680,0,False,SCHEDULED,1631912400,HSL:2200_20210917_La_2_1244,200,HSL:2151204,Kavallinmäki
47280,47280,0,47280,47280,0,False,SCHEDULED,1631912400,HSL:2200_20210917_La_2_1254,200,HSL:2151204,Kavallinmäki
48240,48240,0,48240,48240,0,False,SCHEDULED,1631912400,HSL:2345N_20210917_La_2_1308,345N,HSL:4200208,Timmermalmintie
51840,51840,0,51840,51840,0,False,SCHEDULED,1631912400,HSL:2345N_20210917_La_2_1408,345N,HSL:4200208,Timmermalmintie
55440,55440,0,55440,55440,0,False,SCHEDULED,1631912400,HSL:2345N_20210917_La_2_1507,345N,HSL:4200208,Timmermalmintie
59040,59040,0,59040,59040,0,False,SCHEDULED,1631912400,HSL:2345N_20210917_La_2_1607,345N,HSL:4200208,Timmermalmintie
62640,62640,0,62640,62640,0,False,SCHEDULED,1631912400,HSL:2345N_20210917_La_2_1707,345N,HSL:4200208,Timmermalmintie
45240,45447,207,45240,45459,219,True,UPDATED,1631912400,HSL:2200_20210917_La_1_1154,200,HSL:2151201,Rajamänty
45540,45559,19,45540,45565,25,True,UPDATED,1631912400,HSL:2227_20210917_La_1_1231,227,HSL:2151201,Rajamänty
45900,46087,187,45900,46100,200,True,UPDATED,1631912400,HSL:2200_20210917_La_1_1204,200,HSL:2151201,Rajamänty
46440,46440,0,46440,46440,0,False,SCHEDULED,1631912400,HSL:2239_20210917_La_1_1246,239,HSL:2151201,Rajamänty
46500,46621,121,46500,46632,132,True,UPDATED,1631912400,HSL:2200_20210917_La_1_1214,200,HSL:2151201,Rajamänty
47220,47220,0,47220,47220,0,False,SCHEDULED,1631912400,HSL:9665K_20210917_La_1_1256,665K,HSL:9650606,Kansanopisto
50820,50820,0,50820,50820,0,False,SCHEDULED,1631912400,HSL:9665K_20210917_La_1_1356,665K,HSL:9650606,Kansanopisto
54420,54420,0,54420,54420,0,False,SCHEDULED,1631912400,HSL:9665K_20210917_La_1_1456,665K,HSL:9650606,Kansanopisto
58020,58020,0,58020,58020,0,False,SCHEDULED,1631912400,HSL:9665K_20210917_La_1_1556,665K,HSL:9650606,Kansanopisto
61620,61620,0,61620,61620,0,False,SCHEDULED,1631912400,HSL:9665K_20210917_La_1_1656,665K,HSL:9650606,Kansanopisto
45540,45596,56,45540,45608,68,True,UPDATED,1631912400,HSL:2200_20210917_La_2_1224,200,HSL:2151202,Rajamänty
45900,45848,-52,45900,45854,-46,True,UPDATED,1631912400,HSL:2227_20210917_La_2_1228,227,HSL:2151202,Rajamänty
46140,46165,25,46140,46177,37,True,UPDATED,1631912400,HSL:2200_20210917_La_2_1234,200,HSL:2151202,Rajamänty
46260,46260,0,46260,46260,0,False,SCHEDULED,1631912400,HSL:2236B_20210917_La_2_1236,236B,HSL:2151202,Rajamänty
46560,46653,93,46560,46658,98,True,UPDATED,1631912400,HSL:2224_20210917_La_2_1223,224,HSL:2151202,Rajamänty
48120,48120,0,48120,48120,0,False,SCHEDULED,1631912400,HSL:4623K_20210917_La_2_1303,623K,HSL:4670221,Simonkyläntie
51720,51720,0,51720,51720,0,False,SCHEDULED,1631912400,HSL:4623K_20210917_La_2_1403,623K,HSL:4670221,Simonkyläntie
55320,55320,0,55320,55320,0,False,SCHEDULED,1631912400,HSL:4623K_20210917_La_2_1503,623K,HSL:4670221,Simonkyläntie
58920,58920,0,58920,58920,0,False,SCHEDULED,1631912400,HSL:4623K_20210917_La_2_1603,623K,HSL:4670221,Simonkyläntie
62520,62520,0,62520,62520,0,False,SCHEDULED,1631912400,HSL:4623K_20210917_La_2_1703,623K,HSL:4670221,Simonkyläntie
57600,57600,0,57600,57600,0,False,SCHEDULED,1631912400,HSL:6182A_20210917_La_1_1600,182A,HSL:6040295,Kirkkonummi mk
37800,37800,0,37800,37800,0,False,SCHEDULED,1631998800,HSL:6182A_20210917_Su_1_1030,182A,HSL:6040295,Kirkkonummi mk
46980,46980,0,46980,46980,0,False,SCHEDULED,1631912400,HSL:9665K_20210917_La_1_1256,665K,HSL:9650611,Onnela
50580,50580,0,50580,50580,0,False,SCHEDULED,1631912400,HSL:9665K_20210917_La_1_1356,665K,HSL:9650611,Onnela
54180,54180,0,54180,54180,0,False,SCHEDULED,1631912400,HSL:9665K_20210917_La_1_1456,665K,HSL:9650611,Onnela
57780,57780,0,57780,57780,0,False,SCHEDULED,1631912400,HSL:9665K_20210917_La_1_1556,665K,HSL:9650611,Onnela
61380,61380,0,61380,61380,0,False,SCHEDULED,1631912400,HSL:9665K_20210917_La_1_1656,665K,HSL:9650611,Onnela
48300,48300,0,48300,48300,0,False,SCHEDULED,1631912400,HSL:9665K_20210917_La_2_1248,665K,HSL:9650610,Onnela
51900,51900,0,51900,51900,0,False,SCHEDULED,1631912400,HSL:9665K_20210917_La_2_1348,665K,HSL:9650610,Onnela
55500,55500,0,55500,55500,0,False,SCHEDULED,1631912400,HSL:9665K_20210917_La_2_1448,665K,HSL:9650610,Onnela
59100,59100,0,59100,59100,0,False,SCHEDULED,1631912400,HSL:9665K_20210917_La_2_1548,665K,HSL:9650610,Onnela
62700,62700,0,62700,62700,0,False,SCHEDULED,1631912400,HSL:9665K_20210917_La_2_1649,665K,HSL:9650610,Onnela
45000,45251,251,45000,45366,366,True,UPDATED,1631912400,HSL:6173_20210917_La_2_1202,173,HSL:6040291,Kirkkonummi mk
46860,46898,38,46860,46900,40,True,UPDATED,1631912400,HSL:6171_20210917_La_1_1216,171,HSL:6040291,Kirkkonummi mk
47160,47160,0,47160,47160,0,False,SCHEDULED,1631912400,HSL:6171_20210917_La_2_1306,171,HSL:6040291,Kirkkonummi mk
48600,48600,0,48600,48600,0,False,SCHEDULED,1631912400,HSL:6173_20210917_La_2_1301,173,HSL:6040291,Kirkkonummi mk
50400,50400,0,50400,50400,0,False,SCHEDULED,1631912400,HSL:6171_20210917_La_1_1313,171,HSL:6040291,Kirkkonummi mk
45420,45485,65,45420,45490,70,True,UPDATED,1631912400,HSL:1065_20210917_La_1_1220,65,HSL:1240180,Vähänkyröntie
46620,46620,0,46620,46620,0,False,SCHEDULED,1631912400,HSL:1065_20210917_La_1_1240,65,HSL:1240180,Vähänkyröntie
47880,47880,0,47880,47880,0,False,SCHEDULED,1631912400,HSL:1065_20210917_La_1_1300,65,HSL:1240180,Vähänkyröntie
49080,49080,0,49080,49080,0,False,SCHEDULED,1631912400,HSL:1065_20210917_La_1_1320,65,HSL:1240180,Vähänkyröntie
50280,50280,0,50280,50280,0,False,SCHEDULED,1631912400,HSL:1065_20210917_La_1_1340,65,HSL:1240180,Vähänkyröntie
45000,45301,301,45000,45421,421,True,UPDATED,1631912400,HSL:6173_20210917_La_1_1151,173,HSL:6040293,Kirkkonummi mk
48600,48600,0,48600,48600,0,False,SCHEDULED,1631912400,HSL:6173_20210917_La_1_1251,173,HSL:6040293,Kirkkonummi mk
52200,52200,0,52200,52200,0,False,SCHEDULED,1631912400,HSL:6173_20210917_La_1_1349,173,HSL:6040293,Kirkkonummi mk
55800,55800,0,55800,55800,0,False,SCHEDULED,1631912400,HSL:6173_20210917_La_1_1448,173,HSL:6040293,Kirkkonummi mk
59340,59340,0,59340,59340,0,False,SCHEDULED,1631912400,HSL:6173_20210917_La_1_1548,173,HSL:6040293,Kirkkonummi mk
45960,45960,0,45960,45960,0,True,UPDATED,1631912400,HSL:1065_20210917_La_2_1235,65,HSL:1240181,Vähänkyröntie
47160,47160,0,47160,47160,0,False,SCHEDULED,1631912400,HSL:1065_20210917_La_2_1255,65,HSL:1240181,Vähänkyröntie
48360,48360,0,48360,48360,0,False,SCHEDULED,1631912400,HSL:1065_20210917_La_2_1315,65,HSL:1240181,Vähänkyröntie
49560,49560,0,49560,49560,0,False,SCHEDULED,1631912400,HSL:1065_20210917_La_2_1335,65,HSL:1240181,Vähänkyröntie
50760,50760,0,50760,50760,0,False,SCHEDULED,1631912400,HSL:1065_20210917_La_2_1355,65,HSL:1240181,Vähänkyröntie
46800,46800,0,46800,46800,0,False,SCHEDULED,1631912400,HSL:4624_20210917_La_1_1249,624,HSL:4670209,Ristipuro
47940,47940,0,47940,47940,0,False,SCHEDULED,1631912400,HSL:4623K_20210917_La_2_1303,623K,HSL:4670209,Ristipuro
48600,48600,0,48600,48600,0,False,SCHEDULED,1631912400,HSL:4624_20210917_La_1_1319,624,HSL:4670209,Ristipuro
50400,50400,0,50400,50400,0,False,SCHEDULED,1631912400,HSL:4624_20210917_La_1_1349,624,HSL:4670209,Ristipuro
51540,51540,0,51540,51540,0,False,SCHEDULED,1631912400,HSL:4623K_20210917_La_2_1403,623K,HSL:4670209,Ristipuro
45300,45329,29,45300,45359,59,True,UPDATED,1631912400,HSL:3002P_20210917_La_1_1158,P,HSL:4700501,Leinelä
45900,45900,0,45900,45959,59,True,UPDATED,1631912400,HSL:3002P_20210917_La_1_1208,P,HSL:4700501,Leinelä
46500,46567,67,46500,46597,97,True,UPDATED,1631912400,HSL:3002P_20210917_La_1_1218,P,HSL:4700501,Leinelä
47100,47129,29,47100,47159,59,True,UPDATED,1631912400,HSL:3002P_20210917_La_1_1228,P,HSL:4700501,Leinelä
47700,47700,0,47700,47700,0,False,SCHEDULED,1631912400,HSL:3002P_20210917_La_1_1238,P,HSL:4700501,Leinelä
47100,47100,0,47100,47100,0,False,SCHEDULED,1631912400,HSL:9665K_20210917_La_1_1256,665K,HSL:9650619,Tuomala
50700,50700,0,50700,50700,0,False,SCHEDULED,1631912400,HSL:9665K_20210917_La_1_1356,665K,HSL:9650619,Tuomala
54300,54300,0,54300,54300,0,False,SCHEDULED,1631912400,HSL:9665K_20210917_La_1_1456,665K,HSL:9650619,Tuomala
57900,57900,0,57900,57900,0,False,SCHEDULED,1631912400,HSL:9665K_20210917_La_1_1556,665K,HSL:9650619,Tuomala
61500,61500,0,61500,61500,0,False,SCHEDULED,1631912400,HSL:9665K_20210917_La_1_1656,665K,HSL:9650619,Tuomala
45720,45849,129,45720,45862,142,True,UPDATED,1631912400,HSL:1073_20210917_La_1_1213,73,HSL:1391139,Syystie
46920,46978,58,46920,46990,70,True,UPDATED,1631912400,HSL:1073_20210917_La_1_1232,73,HSL:1391139,Syystie
48120,48120,0,48120,48120,0,False,SCHEDULED,1631912400,HSL:1073_20210917_La_1_1252,73,HSL:1391139,Syystie
49320,49320,0,49320,49320,0,False,SCHEDULED,1631912400,HSL:1073_20210917_La_1_1312,73,HSL:1391139,Syystie
50520,50520,0,50520,50520,0,False,SCHEDULED,1631912400,HSL:1073_20210917_La_1_1332,73,HSL:1391139,Syystie
48180,48180,0,48180,48180,0,False,SCHEDULED,1631912400,HSL:9665K_20210917_La_2_1248,665K,HSL:9650618,Tuomala
51780,51780,0,51780,51780,0,False,SCHEDULED,1631912400,HSL:9665K_20210917_La_2_1348,665K,HSL:9650618,Tuomala
55380,55380,0,55380,55380,0,False,SCHEDULED,1631912400,HSL:9665K_20210917_La_2_1448,665K,HSL:9650618,Tuomala
58980,58980,0,58980,58980,0,False,SCHEDULED,1631912400,HSL:9665K_20210917_La_2_1548,665K,HSL:9650618,Tuomala
62580,62580,0,62580,62580,0,False,SCHEDULED,1631912400,HSL:9665K_20210917_La_2_1649,665K,HSL:9650618,Tuomala
45540,45638,98,45540,45638,98,True,UPDATED,1631912400,HSL:1016_20210917_La_2_1230,16,HSL:1420104,Marsalkantie
46740,46740,0,46740,46740,0,False,SCHEDULED,1631912400,HSL:1016_20210917_La_2_1250,16,HSL:1420104,Marsalkantie
47940,47940,0,47940,47940,0,False,SCHEDULED,1631912400,HSL:1016_20210917_La_2_1310,16,HSL:1420104,Marsalkantie
49140,49140,0,49140,49140,0,False,SCHEDULED,1631912400,HSL:1016_20210917_La_2_1330,16,HSL:1420104,Marsalkantie
50340,50340,0,50340,50340,0,False,SCHEDULED,1631912400,HSL:1016_20210917_La_2_1350,16,HSL:1420104,Marsalkantie
47040,47040,0,47040,47040,0,False,SCHEDULED,1631912400,HSL:4624_20210917_La_2_1236,624,HSL:4670211,Purotie
48840,48840,0,48840,48840,0,False,SCHEDULED,1631912400,HSL:4624_20210917_La_2_1306,624,HSL:4670211,Purotie
50640,50640,0,50640,50640,0,False,SCHEDULED,1631912400,HSL:4624_20210917_La_2_1336,624,HSL:4670211,Purotie
52440,52440,0,52440,52440,0,False,SCHEDULED,1631912400,HSL:4624_20210917_La_2_1406,624,HSL:4670211,Purotie
54240,54240,0,54240,54240,0,False,SCHEDULED,1631912400,HSL:4624_20210917_La_2_1436,624,HSL:4670211,Purotie
45360,45382,22,45360,45386,26,True,UPDATED,1631912400,HSL:1016_20210917_La_1_1222,16,HSL:1420105,Kalliokaivonmäki
46620,46620,0,46620,46620,0,False,SCHEDULED,1631912400,HSL:1016_20210917_La_1_1242,16,HSL:1420105,Kalliokaivonmäki
47820,47820,0,47820,47820,0,False,SCHEDULED,1631912400,HSL:1016_20210917_La_1_1302,16,HSL:1420105,Kalliokaivonmäki
49020,49020,0,49020,49020,0,False,SCHEDULED,1631912400,HSL:1016_20210917_La_1_1322,16,HSL:1420105,Kalliokaivonmäki
50220,50220,0,50220,50220,0,False,SCHEDULED,1631912400,HSL:1016_20210917_La_1_1342,16,HSL:1420105,Kalliokaivonmäki
46860,46860,0,46860,46860,0,False,SCHEDULED,1631912400,HSL:4624_20210917_La_1_1249,624,HSL:4670210,Mattaksenkuja
48660,48660,0,48660,48660,0,False,SCHEDULED,1631912400,HSL:4624_20210917_La_1_1319,624,HSL:4670210,Mattaksenkuja
50460,50460,0,50460,50460,0,False,SCHEDULED,1631912400,HSL:4624_20210917_La_1_1349,624,HSL:4670210,Mattaksenkuja
52260,52260,0,52260,52260,0,False,SCHEDULED,1631912400,HSL:4624_20210917_La_1_1419,624,HSL:4670210,Mattaksenkuja
54060,54060,0,54060,54060,0,False,SCHEDULED,1631912400,HSL:4624_20210917_La_1_1449,624,HSL:4670210,Mattaksenkuja
45480,45586,106,45480,45586,106,True,UPDATED,1631912400,HSL:1016_20210917_La_2_1230,16,HSL:1420106,Kalliokaivonmäki
46680,46680,0,46680,46680,0,False,SCHEDULED,1631912400,HSL:1016_20210917_La_2_1250,16,HSL:1420106,Kalliokaivonmäki
47880,47880,0,47880,47880,0,False,SCHEDULED,1631912400,HSL:1016_20210917_La_2_1310,16,HSL:1420106,Kalliokaivonmäki
49080,49080,0,49080,49080,0,False,SCHEDULED,1631912400,HSL:1016_20210917_La_2_1330,16,HSL:1420106,Kalliokaivonmäki
50280,50280,0,50280,50280,0,False,SCHEDULED,1631912400,HSL:1016_20210917_La_2_1350,16,HSL:1420106,Kalliokaivonmäki
45420,45440,20,45420,45447,27,True,UPDATED,1631912400,HSL:1016_20210917_La_1_1222,16,HSL:1420107,Lars Sonckin tie
46680,46680,0,46680,46680,0,False,SCHEDULED,1631912400,HSL:1016_20210917_La_1_1242,16,HSL:1420107,Lars Sonckin tie
47880,47880,0,47880,47880,0,False,SCHEDULED,1631912400,HSL:1016_20210917_La_1_1302,16,HSL:1420107,Lars Sonckin tie
49080,49080,0,49080,49080,0,False,SCHEDULED,1631912400,HSL:1016_20210917_La_1_1322,16,HSL:1420107,Lars Sonckin tie
50280,50280,0,50280,50280,0,False,SCHEDULED,1631912400,HSL:1016_20210917_La_1_1342,16,HSL:1420107,Lars Sonckin tie
46560,46560,0,46560,46560,0,False,SCHEDULED,1631912400,HSL:1016_20210917_La_1_1242,16,HSL:1420101,Hopeasalmenranta
47760,47760,0,47760,47760,0,False,SCHEDULED,1631912400,HSL:1016_20210917_La_1_1302,16,HSL:1420101,Hopeasalmenranta
48960,48960,0,48960,48960,0,False,SCHEDULED,1631912400,HSL:1016_20210917_La_1_1322,16,HSL:1420101,Hopeasalmenranta
50160,50160,0,50160,50160,0,False,SCHEDULED,1631912400,HSL:1016_20210917_La_1_1342,16,HSL:1420101,Hopeasalmenranta
51360,51360,0,51360,51360,0,False,SCHEDULED,1631912400,HSL:1016_20210917_La_1_1402,16,HSL:1420101,Hopeasalmenranta
45600,45687,87,45600,45687,87,True,UPDATED,1631912400,HSL:1016_20210917_La_2_1230,16,HSL:1420102,Hopeasalmenranta
46800,46800,0,46800,46800,0,False,SCHEDULED,1631912400,HSL:1016_20210917_La_2_1250,16,HSL:1420102,Hopeasalmenranta
48000,48000,0,48000,48000,0,False,SCHEDULED,1631912400,HSL:1016_20210917_La_2_1310,16,HSL:1420102,Hopeasalmenranta
49200,49200,0,49200,49200,0,False,SCHEDULED,1631912400,HSL:1016_20210917_La_2_1330,16,HSL:1420102,Hopeasalmenranta
50400,50400,0,50400,50400,0,False,SCHEDULED,1631912400,HSL:1016_20210917_La_2_1350,16,HSL:1420102,Hopeasalmenranta
48240,48240,0,48240,48240,0,False,SCHEDULED,1631912400,HSL:9665K_20210917_La_2_1248,665K,HSL:9650620,Ukko-Pekka
51840,51840,0,51840,51840,0,False,SCHEDULED,1631912400,HSL:9665K_20210917_La_2_1348,665K,HSL:9650620,Ukko-Pekka
55440,55440,0,55440,55440,0,False,SCHEDULED,1631912400,HSL:9665K_20210917_La_2_1448,665K,HSL:9650620,Ukko-Pekka
59040,59040,0,59040,59040,0,False,SCHEDULED,1631912400,HSL:9665K_20210917_La_2_1548,665K,HSL:9650620,Ukko-Pekka
62640,62640,0,62640,62640,0,False,SCHEDULED,1631912400,HSL:9665K_20210917_La_2_1649,665K,HSL:9650620,Ukko-Pekka
45300,45338,38,45300,45345,45,True,UPDATED,1631912400,HSL:1016_20210917_La_1_1222,16,HSL:1420103,Marsalkantie
46560,46560,0,46560,46560,0,False,SCHEDULED,1631912400,HSL:1016_20210917_La_1_1242,16,HSL:1420103,Marsalkantie
47760,47760,0,47760,47760,0,False,SCHEDULED,1631912400,HSL:1016_20210917_La_1_1302,16,HSL:1420103,Marsalkantie
48960,48960,0,48960,48960,0,False,SCHEDULED,1631912400,HSL:1016_20210917_La_1_1322,16,HSL:1420103,Marsalkantie
50160,50160,0,50160,50160,0,False,SCHEDULED,1631912400,HSL:1016_20210917_La_1_1342,16,HSL:1420103,Marsalkantie
47100,47100,0,47100,47100,0,False,SCHEDULED,1631912400,HSL:9665K_20210917_La_1_1256,665K,HSL:9650621,Ukko-Pekka
50700,50700,0,50700,50700,0,False,SCHEDULED,1631912400,HSL:9665K_20210917_La_1_1356,665K,HSL:9650621,Ukko-Pekka
54300,54300,0,54300,54300,0,False,SCHEDULED,1631912400,HSL:9665K_20210917_La_1_1456,665K,HSL:9650621,Ukko-Pekka
57900,57900,0,57900,57900,0,False,SCHEDULED,1631912400,HSL:9665K_20210917_La_1_1556,665K,HSL:9650621,Ukko-Pekka
61500,61500,0,61500,61500,0,False,SCHEDULED,1631912400,HSL:9665K_20210917_La_1_1656,665K,HSL:9650621,Ukko-Pekka
46980,46980,0,46980,46980,0,False,SCHEDULED,1631912400,HSL:4624_20210917_La_1_1249,624,HSL:4670219,Laaksokuja
47880,47880,0,47880,47880,0,False,SCHEDULED,1631912400,HSL:9642_20210917_La_1_1316,642,HSL:4670219,Laaksokuja
48780,48780,0,48780,48780,0,False,SCHEDULED,1631912400,HSL:4624_20210917_La_1_1319,624,HSL:4670219,Laaksokuja
50580,50580,0,50580,50580,0,False,SCHEDULED,1631912400,HSL:4624_20210917_La_1_1349,624,HSL:4670219,Laaksokuja
51480,51480,0,51480,51480,0,False,SCHEDULED,1631912400,HSL:9642_20210917_La_1_1416,642,HSL:4670219,Laaksokuja
46920,46920,0,46920,46920,0,False,SCHEDULED,1631912400,HSL:4624_20210917_La_2_1236,624,HSL:4670218,Levonojantie
47160,47160,0,47160,47160,0,True,UPDATED,1631912400,HSL:9642_20210917_La_2_1238,642,HSL:4670218,Levonojantie
48720,48720,0,48720,48720,0,False,SCHEDULED,1631912400,HSL:4624_20210917_La_2_1306,624,HSL:4670218,Levonojantie
50520,50520,0,50520,50520,0,False,SCHEDULED,1631912400,HSL:4624_20210917_La_2_1336,624,HSL:4670218,Levonojantie
50760,50760,0,50760,50760,0,False,SCHEDULED,1631912400,HSL:9642_20210917_La_2_1338,642,HSL:4670218,Levonojantie
47040,47040,0,47040,47040,0,False,SCHEDULED,1631912400,HSL:4624_20210917_La_1_1249,624,HSL:4670217,Levonojantie
47940,47940,0,47940,47940,0,False,SCHEDULED,1631912400,HSL:9642_20210917_La_1_1316,642,HSL:4670217,Levonojantie
48840,48840,0,48840,48840,0,False,SCHEDULED,1631912400,HSL:4624_20210917_La_1_1319,624,HSL:4670217,Levonojantie
50640,50640,0,50640,50640,0,False,SCHEDULED,1631912400,HSL:4624_20210917_La_1_1349,624,HSL:4670217,Levonojantie
51540,51540,0,51540,51540,0,False,SCHEDULED,1631912400,HSL:9642_20210917_La_1_1416,642,HSL:4670217,Levonojantie
48660,48660,0,48660,48660,0,False,SCHEDULED,1631912400,HSL:4623K_20210917_La_1_1300,623K,HSL:4670216,Ruskeasanta
52260,52260,0,52260,52260,0,False,SCHEDULED,1631912400,HSL:4623K_20210917_La_1_1400,623K,HSL:4670216,Ruskeasanta
55860,55860,0,55860,55860,0,False,SCHEDULED,1631912400,HSL:4623K_20210917_La_1_1500,623K,HSL:4670216,Ruskeasanta
59460,59460,0,59460,59460,0,False,SCHEDULED,1631912400,HSL:4623K_20210917_La_1_1600,623K,HSL:4670216,Ruskeasanta
63060,63060,0,63060,63060,0,False,SCHEDULED,1631912400,HSL:4623K_20210917_La_1_1700,623K,HSL:4670216,Ruskeasanta
45420,45528,108,45420,45528,108,True,UPDATED,1631912400,HSL:1016_20210917_La_2_1230,16,HSL:1420108,Lars Sonckin tie
46620,46620,0,46620,46620,0,False,SCHEDULED,1631912400,HSL:1016_20210917_La_2_1250,16,HSL:1420108,Lars Sonckin tie
47820,47820,0,47820,47820,0,False,SCHEDULED,1631912400,HSL:1016_20210917_La_2_1310,16,HSL:1420108,Lars Sonckin tie
49020,49020,0,49020,49020,0,False,SCHEDULED,1631912400,HSL:1016_20210917_La_2_1330,16,HSL:1420108,Lars Sonckin tie
50220,50220,0,50220,50220,0,False,SCHEDULED,1631912400,HSL:1016_20210917_La_2_1350,16,HSL:1420108,Lars Sonckin tie
48180,48180,0,48180,48180,0,False,SCHEDULED,1631912400,HSL:4623K_20210917_La_2_1303,623K,HSL:4670215,Ruskeasanta
51780,51780,0,51780,51780,0,False,SCHEDULED,1631912400,HSL:4623K_20210917_La_2_1403,623K,HSL:4670215,Ruskeasanta
55380,55380,0,55380,55380,0,False,SCHEDULED,1631912400,HSL:4623K_20210917_La_2_1503,623K,HSL:4670215,Ruskeasanta
58980,58980,0,58980,58980,0,False,SCHEDULED,1631912400,HSL:4623K_20210917_La_2_1603,623K,HSL:4670215,Ruskeasanta
62580,62580,0,62580,62580,0,False,SCHEDULED,1631912400,HSL:4623K_20210917_La_2_1703,623K,HSL:4670215,Ruskeasanta
45480,45499,19,45480,45508,28,True,UPDATED,1631912400,HSL:1016_20210917_La_1_1222,16,HSL:1420109,Risto Rytin tie
45600,45600,0,45600,45600,0,True,UPDATED,1631912400,HSL:1081_20210917_La_1_1238,81,HSL:1420109,Risto Rytin tie
46500,46500,0,46500,46500,0,False,SCHEDULED,1631912400,HSL:1081_20210917_La_1_1253,81,HSL:1420109,Risto Rytin tie
46740,46740,0,46740,46740,0,False,SCHEDULED,1631912400,HSL:1016_20210917_La_1_1242,16,HSL:1420109,Risto Rytin tie
47400,47400,0,47400,47400,0,False,SCHEDULED,1631912400,HSL:1081_20210917_La_1_1308,81,HSL:1420109,Risto Rytin tie
47160,47160,0,47160,47160,0,True,UPDATED,1631912400,HSL:9642_20210917_La_2_1238,642,HSL:4670214,Maisematie
50760,50760,0,50760,50760,0,False,SCHEDULED,1631912400,HSL:9642_20210917_La_2_1338,642,HSL:4670214,Maisematie
54360,54360,0,54360,54360,0,False,SCHEDULED,1631912400,HSL:9642_20210917_La_2_1438,642,HSL:4670214,Maisematie
57960,57960,0,57960,57960,0,False,SCHEDULED,1631912400,HSL:9642_20210917_La_2_1538,642,HSL:4670214,Maisematie
61560,61560,0,61560,61560,0,False,SCHEDULED,1631912400,HSL:9642_20210917_La_2_1638,642,HSL:4670214,Maisematie
46980,46980,0,46980,46980,0,False,SCHEDULED,1631912400,HSL:4624_20210917_La_2_1236,624,HSL:4670213,Maisematie
48780,48780,0,48780,48780,0,False,SCHEDULED,1631912400,HSL:4624_20210917_La_2_1306,624,HSL:4670213,Maisematie
50580,50580,0,50580,50580,0,False,SCHEDULED,1631912400,HSL:4624_20210917_La_2_1336,624,HSL:4670213,Maisematie
52380,52380,0,52380,52380,0,False,SCHEDULED,1631912400,HSL:4624_20210917_La_2_1406,624,HSL:4670213,Maisematie
54180,54180,0,54180,54180,0,False,SCHEDULED,1631912400,HSL:4624_20210917_La_2_1436,624,HSL:4670213,Maisematie
46920,46920,0,46920,46920,0,False,SCHEDULED,1631912400,HSL:4624_20210917_La_1_1249,624,HSL:4670212,Purotie
48720,48720,0,48720,48720,0,False,SCHEDULED,1631912400,HSL:4624_20210917_La_1_1319,624,HSL:4670212,Purotie
50520,50520,0,50520,50520,0,False,SCHEDULED,1631912400,HSL:4624_20210917_La_1_1349,624,HSL:4670212,Purotie
52320,52320,0,52320,52320,0,False,SCHEDULED,1631912400,HSL:4624_20210917_La_1_1419,624,HSL:4670212,Purotie
54120,54120,0,54120,54120,0,False,SCHEDULED,1631912400,HSL:4624_20210917_La_1_1449,624,HSL:4670212,Purotie
45360,45453,93,45360,45458,98,True,UPDATED,1631912400,HSL:2548_20210917_La_2_1230,548,HSL:2151222,Nuumäki
46080,46080,0,46080,46080,0,False,SCHEDULED,1631912400,HSL:2236B_20210917_La_2_1236,236B,HSL:2151222,Nuumäki
46260,46260,0,46260,46260,0,False,SCHEDULED,1631912400,HSL:2548_20210917_La_2_1245,548,HSL:2151222,Nuumäki
47160,47160,0,47160,47160,0,False,SCHEDULED,1631912400,HSL:2548_20210917_La_2_1300,548,HSL:2151222,Nuumäki
47280,47280,0,47280,47280,0,True,UPDATED,1631912400,HSL:2239_20210917_La_2_1237,239,HSL:2151222,Nuumäki
45420,45468,48,45420,45472,52,True,UPDATED,1631912400,HSL:1061_20210917_La_2_1231,61,HSL:1391121,Pohjanpellontie
46620,46620,0,46620,46620,0,False,SCHEDULED,1631912400,HSL:1061_20210917_La_2_1251,61,HSL:1391121,Pohjanpellontie
47820,47820,0,47820,47820,0,False,SCHEDULED,1631912400,HSL:1061_20210917_La_2_1311,61,HSL:1391121,Pohjanpellontie
49020,49020,0,49020,49020,0,False,SCHEDULED,1631912400,HSL:1061_20210917_La_2_1331,61,HSL:1391121,Pohjanpellontie
50220,50220,0,50220,50220,0,False,SCHEDULED,1631912400,HSL:1061_20210917_La_2_1351,61,HSL:1391121,Pohjanpellontie
45660,45623,-37,45660,45659,-1,True,UPDATED,1631912400,HSL:1061_20210917_La_1_1203,61,HSL:1391122,Immolantie
46860,46826,-34,46860,46910,50,True,UPDATED,1631912400,HSL:1061_20210917_La_1_1222,61,HSL:1391122,Immolantie
48060,48060,0,48060,48060,0,False,SCHEDULED,1631912400,HSL:1061_20210917_La_1_1242,61,HSL:1391122,Immolantie
49260,49260,0,49260,49260,0,False,SCHEDULED,1631912400,HSL:1061_20210917_La_1_1302,61,HSL:1391122,Immolantie
50460,50460,0,50460,50460,0,False,SCHEDULED,1631912400,HSL:1061_20210917_La_1_1322,61,HSL:1391122,Immolantie
45600,45608,8,45600,45612,12,True,UPDATED,1631912400,HSL:1061_20210917_La_1_1203,61,HSL:1391120,Pohjanpellontie
46800,46815,15,46800,46821,21,True,UPDATED,1631912400,HSL:1061_20210917_La_1_1222,61,HSL:1391120,Pohjanpellontie
48000,48000,0,48000,48000,0,False,SCHEDULED,1631912400,HSL:1061_20210917_La_1_1242,61,HSL:1391120,Pohjanpellontie
49200,49200,0,49200,49200,0,False,SCHEDULED,1631912400,HSL:1061_20210917_La_1_1302,61,HSL:1391120,Pohjanpellontie
50400,50400,0,50400,50400,0,False,SCHEDULED,1631912400,HSL:1061_20210917_La_1_1322,61,HSL:1391120,Pohjanpellontie
45360,45421,61,45360,45423,63,True,UPDATED,1631912400,HSL:1061_20210917_La_2_1231,61,HSL:1391123,Immolantie
46560,46560,0,46560,46560,0,False,SCHEDULED,1631912400,HSL:1061_20210917_La_2_1251,61,HSL:1391123,Immolantie
47760,47760,0,47760,47760,0,False,SCHEDULED,1631912400,HSL:1061_20210917_La_2_1311,61,HSL:1391123,Immolantie
48960,48960,0,48960,48960,0,False,SCHEDULED,1631912400,HSL:1061_20210917_La_2_1331,61,HSL:1391123,Immolantie
50160,50160,0,50160,50160,0,False,SCHEDULED,1631912400,HSL:1061_20210917_La_2_1351,61,HSL:1391123,Immolantie
45420,45484,64,45420,45484,64,True,UPDATED,1631912400,HSL:1016_20210917_La_2_1230,16,HSL:1420110,Risto Rytin tie
46620,46620,0,46620,46620,0,False,SCHEDULED,1631912400,HSL:1016_20210917_La_2_1250,16,HSL:1420110,Risto Rytin tie
47820,47820,0,47820,47820,0,False,SCHEDULED,1631912400,HSL:1016_20210917_La_2_1310,16,HSL:1420110,Risto Rytin tie
49020,49020,0,49020,49020,0,False,SCHEDULED,1631912400,HSL:1016_20210917_La_2_1330,16,HSL:1420110,Risto Rytin tie
50220,50220,0,50220,50220,0,False,SCHEDULED,1631912400,HSL:1016_20210917_La_2_1350,16,HSL:1420110,Risto Rytin tie
46200,46175,-25,46200,46175,-25,True,UPDATED,1631912400,HSL:2548_20210917_La_1_1228,548,HSL:2151225,Kavallinkuja
46440,46552,112,46440,46557,117,True,UPDATED,1631912400,HSL:2224_20210917_La_2_1223,224,HSL:2151225,Kavallinkuja
47100,47100,0,47100,47100,0,False,SCHEDULED,1631912400,HSL:2548_20210917_La_1_1243,548,HSL:2151225,Kavallinkuja
48000,48000,0,48000,48000,0,False,SCHEDULED,1631912400,HSL:2548_20210917_La_1_1258,548,HSL:2151225,Kavallinkuja
48240,48240,0,48240,48240,0,False,SCHEDULED,1631912400,HSL:2224_20210917_La_2_1252,224,HSL:2151225,Kavallinkuja
45600,45716,116,45600,45719,119,True,UPDATED,1631912400,HSL:2548_20210917_La_2_1230,548,HSL:2151224,Kavallinkuja
46500,46500,0,46500,46500,0,False,SCHEDULED,1631912400,HSL:2548_20210917_La_2_1245,548,HSL:2151224,Kavallinkuja
47040,47040,0,47040,47040,0,False,SCHEDULED,1631912400,HSL:2224_20210917_La_1_1250,224,HSL:2151224,Kavallinkuja
47400,47400,0,47400,47400,0,False,SCHEDULED,1631912400,HSL:2548_20210917_La_2_1300,548,HSL:2151224,Kavallinkuja
48300,48300,0,48300,48300,0,False,SCHEDULED,1631912400,HSL:2548_20210917_La_2_1315,548,HSL:2151224,Kavallinkuja
45780,46191,411,45780,46191,411,True,UPDATED,1631912400,HSL:6173_20210917_La_2_1202,173,HSL:6040277,Gesterbynkaari
48000,48000,0,48000,48000,0,False,SCHEDULED,1631912400,HSL:6171_20210917_La_2_1306,171,HSL:6040277,Gesterbynkaari
49440,49440,0,49440,49440,0,False,SCHEDULED,1631912400,HSL:6173_20210917_La_2_1301,173,HSL:6040277,Gesterbynkaari
51660,51660,0,51660,51660,0,False,SCHEDULED,1631912400,HSL:6171_20210917_La_2_1406,171,HSL:6040277,Gesterbynkaari
53040,53040,0,53040,53040,0,False,SCHEDULED,1631912400,HSL:6173_20210917_La_2_1401,173,HSL:6040277,Gesterbynkaari
45300,45347,47,45300,45357,57,True,UPDATED,1631912400,HSL:1500_20210917_La_2_1206,500,HSL:1420115,Kulosaari
45780,46255,475,45780,46261,481,True,UPDATED,1631912400,HSL:2510_20210917_La_2_1202,510,HSL:1420115,Kulosaari
46200,46320,120,46200,46328,128,True,UPDATED,1631912400,HSL:1500_20210917_La_2_1221,500,HSL:1420115,Kulosaari
46680,46888,208,46680,46894,214,True,UPDATED,1631912400,HSL:2510_20210917_La_2_1217,510,HSL:1420115,Kulosaari
47100,47100,0,47100,47100,0,False,SCHEDULED,1631912400,HSL:1500_20210917_La_2_1236,500,HSL:1420115,Kulosaari
45420,45789,369,45420,45797,377,True,UPDATED,1631912400,HSL:6173_20210917_La_2_1202,173,HSL:6040278,Lindal
47580,47580,0,47580,47580,0,False,SCHEDULED,1631912400,HSL:6171_20210917_La_2_1306,171,HSL:6040278,Lindal
49020,49020,0,49020,49020,0,False,SCHEDULED,1631912400,HSL:6173_20210917_La_2_1301,173,HSL:6040278,Lindal
51240,51240,0,51240,51240,0,False,SCHEDULED,1631912400,HSL:6171_20210917_La_2_1406,171,HSL:6040278,Lindal
52680,52680,0,52680,52680,0,False,SCHEDULED,1631912400,HSL:6173_20210917_La_2_1401,173,HSL:6040278,Lindal
45540,45537,-3,45540,45574,34,True,UPDATED,1631912400,HSL:1500_20210917_La_1_1225,500,HSL:1420116,Kulosaari
45960,45960,0,45960,45960,0,False,SCHEDULED,1631912400,HSL:2510_20210917_La_1_1243,510,HSL:1420116,Kulosaari
46440,46440,0,46440,46440,0,False,SCHEDULED,1631912400,HSL:1500_20210917_La_1_1240,500,HSL:1420116,Kulosaari
46860,46860,0,46860,46860,0,False,SCHEDULED,1631912400,HSL:2510_20210917_La_1_1258,510,HSL:1420116,Kulosaari
47340,47340,0,47340,47340,0,False,SCHEDULED,1631912400,HSL:1500_20210917_La_1_1255,500,HSL:1420116,Kulosaari
45420,45417,-3,45420,45423,3,True,UPDATED,1631912400,HSL:1500_20210917_La_2_1206,500,HSL:1420117,Tupasaari
45840,46270,430,45840,46271,431,True,UPDATED,1631912400,HSL:2510_20210917_La_2_1202,510,HSL:1420117,Tupasaari
46320,46413,93,46320,46446,126,True,UPDATED,1631912400,HSL:1500_20210917_La_2_1221,500,HSL:1420117,Tupasaari
46740,46894,154,46740,46899,159,True,UPDATED,1631912400,HSL:2510_20210917_La_2_1217,510,HSL:1420117,Tupasaari
47220,47220,0,47220,47220,0,False,SCHEDULED,1631912400,HSL:1500_20210917_La_2_1236,500,HSL:1420117,Tupasaari
45480,45497,17,45480,45503,23,True,UPDATED,1631912400,HSL:1500_20210917_La_1_1225,500,HSL:1420118,Tupasaari
45900,45900,0,45900,45900,0,False,SCHEDULED,1631912400,HSL:2510_20210917_La_1_1243,510,HSL:1420118,Tupasaari
46380,46380,0,46380,46380,0,False,SCHEDULED,1631912400,HSL:1500_20210917_La_1_1240,500,HSL:1420118,Tupasaari
46800,46800,0,46800,46800,0,False,SCHEDULED,1631912400,HSL:2510_20210917_La_1_1258,510,HSL:1420118,Tupasaari
47280,47280,0,47280,47280,0,False,SCHEDULED,1631912400,HSL:1500_20210917_La_1_1255,500,HSL:1420118,Tupasaari
46560,46712,152,46560,46722,162,True,UPDATED,1631912400,HSL:6171_20210917_La_1_1216,171,HSL:6040273,Ravalsintie
48300,48300,0,48300,48300,0,False,SCHEDULED,1631912400,HSL:6173_20210917_La_1_1251,173,HSL:6040273,Ravalsintie
50100,50100,0,50100,50100,0,False,SCHEDULED,1631912400,HSL:6171_20210917_La_1_1313,171,HSL:6040273,Ravalsintie
51900,51900,0,51900,51900,0,False,SCHEDULED,1631912400,HSL:6173_20210917_La_1_1349,173,HSL:6040273,Ravalsintie
53700,53700,0,53700,53700,0,False,SCHEDULED,1631912400,HSL:6171_20210917_La_1_1413,171,HSL:6040273,Ravalsintie
46500,46674,174,46500,46679,179,True,UPDATED,1631912400,HSL:6171_20210917_La_1_1216,171,HSL:6040274,Isännäntie
48240,48240,0,48240,48240,0,False,SCHEDULED,1631912400,HSL:6173_20210917_La_1_1251,173,HSL:6040274,Isännäntie
50040,50040,0,50040,50040,0,False,SCHEDULED,1631912400,HSL:6171_20210917_La_1_1313,171,HSL:6040274,Isännäntie
51840,51840,0,51840,51840,0,False,SCHEDULED,1631912400,HSL:6173_20210917_La_1_1349,173,HSL:6040274,Isännäntie
53640,53640,0,53640,53640,0,False,SCHEDULED,1631912400,HSL:6171_20210917_La_1_1413,171,HSL:6040274,Isännäntie
45360,45430,70,45360,45430,70,True,UPDATED,1631912400,HSL:1016_20210917_La_2_1230,16,HSL:1420112,Tupasaarentie
46560,46560,0,46560,46560,0,False,SCHEDULED,1631912400,HSL:1016_20210917_La_2_1250,16,HSL:1420112,Tupasaarentie
47760,47760,0,47760,47760,0,False,SCHEDULED,1631912400,HSL:1016_20210917_La_2_1310,16,HSL:1420112,Tupasaarentie
48960,48960,0,48960,48960,0,False,SCHEDULED,1631912400,HSL:1016_20210917_La_2_1330,16,HSL:1420112,Tupasaarentie
50160,50160,0,50160,50160,0,False,SCHEDULED,1631912400,HSL:1016_20210917_La_2_1350,16,HSL:1420112,Tupasaarentie
45660,45733,73,45660,45735,75,True,UPDATED,1631912400,HSL:1016_20210917_La_1_1222,16,HSL:1420113,Kulosaarentie
46920,46920,0,46920,46920,0,False,SCHEDULED,1631912400,HSL:1016_20210917_La_1_1242,16,HSL:1420113,Kulosaarentie
48120,48120,0,48120,48120,0,False,SCHEDULED,1631912400,HSL:1016_20210917_La_1_1302,16,HSL:1420113,Kulosaarentie
49320,49320,0,49320,49320,0,False,SCHEDULED,1631912400,HSL:1016_20210917_La_1_1322,16,HSL:1420113,Kulosaarentie
50520,50520,0,50520,50520,0,False,SCHEDULED,1631912400,HSL:1016_20210917_La_1_1342,16,HSL:1420113,Kulosaarentie
46140,46100,-40,46140,46104,-36,True,UPDATED,1631912400,HSL:6171_20210917_La_1_1216,171,HSL:6040275,Gesterbynkaari
47880,47880,0,47880,47880,0,False,SCHEDULED,1631912400,HSL:6173_20210917_La_1_1251,173,HSL:6040275,Gesterbynkaari
49680,49680,0,49680,49680,0,False,SCHEDULED,1631912400,HSL:6171_20210917_La_1_1313,171,HSL:6040275,Gesterbynkaari
51420,51420,0,51420,51420,0,False,SCHEDULED,1631912400,HSL:6173_20210917_La_1_1349,173,HSL:6040275,Gesterbynkaari
53280,53280,0,53280,53280,0,False,SCHEDULED,1631912400,HSL:6171_20210917_La_1_1413,171,HSL:6040275,Gesterbynkaari
45360,45747,387,45360,45751,391,True,UPDATED,1631912400,HSL:6173_20210917_La_2_1202,173,HSL:6040276,Isännäntie
47520,47520,0,47520,47520,0,False,SCHEDULED,1631912400,HSL:6171_20210917_La_2_1306,171,HSL:6040276,Isännäntie
48960,48960,0,48960,48960,0,False,SCHEDULED,1631912400,HSL:6173_20210917_La_2_1301,173,HSL:6040276,Isännäntie
51180,51180,0,51180,51180,0,False,SCHEDULED,1631912400,HSL:6171_20210917_La_2_1406,171,HSL:6040276,Isännäntie
52620,52620,0,52620,52620,0,False,SCHEDULED,1631912400,HSL:6173_20210917_La_2_1401,173,HSL:6040276,Isännäntie
46440,46440,0,46440,46440,0,False,SCHEDULED,1631912400,HSL:1016_20210917_La_2_1250,16,HSL:1420114,Kulosaarentie
47640,47640,0,47640,47640,0,False,SCHEDULED,1631912400,HSL:1016_20210917_La_2_1310,16,HSL:1420114,Kulosaarentie
48840,48840,0,48840,48840,0,False,SCHEDULED,1631912400,HSL:1016_20210917_La_2_1330,16,HSL:1420114,Kulosaarentie
50040,50040,0,50040,50040,0,False,SCHEDULED,1631912400,HSL:1016_20210917_La_2_1350,16,HSL:1420114,Kulosaarentie
51240,51240,0,51240,51240,0,False,SCHEDULED,1631912400,HSL:1016_20210917_La_2_1410,16,HSL:1420114,Kulosaarentie
45300,45678,378,45300,45683,383,True,UPDATED,1631912400,HSL:6173_20210917_La_2_1202,173,HSL:6040270,Ravals
47460,47460,0,47460,47460,0,False,SCHEDULED,1631912400,HSL:6171_20210917_La_2_1306,171,HSL:6040270,Ravals
48900,48900,0,48900,48900,0,False,SCHEDULED,1631912400,HSL:6173_20210917_La_2_1301,173,HSL:6040270,Ravals
51060,51060,0,51060,51060,0,False,SCHEDULED,1631912400,HSL:6171_20210917_La_2_1406,171,HSL:6040270,Ravals
52500,52500,0,52500,52500,0,False,SCHEDULED,1631912400,HSL:6173_20210917_La_2_1401,173,HSL:6040270,Ravals
45360,45730,370,45360,45733,373,True,UPDATED,1631912400,HSL:6173_20210917_La_2_1202,173,HSL:6040272,Ravalsintie
47520,47520,0,47520,47520,0,False,SCHEDULED,1631912400,HSL:6171_20210917_La_2_1306,171,HSL:6040272,Ravalsintie
48960,48960,0,48960,48960,0,False,SCHEDULED,1631912400,HSL:6173_20210917_La_2_1301,173,HSL:6040272,Ravalsintie
51120,51120,0,51120,51120,0,False,SCHEDULED,1631912400,HSL:6171_20210917_La_2_1406,171,HSL:6040272,Ravalsintie
52560,52560,0,52560,52560,0,False,SCHEDULED,1631912400,HSL:6173_20210917_La_2_1401,173,HSL:6040272,Ravalsintie
45600,45600,0,45600,45600,0,True,UPDATED,1631912400,HSL:1081_20210917_La_1_1238,81,HSL:1420119,Tupasaarentie
46500,46500,0,46500,46500,0,False,SCHEDULED,1631912400,HSL:1081_20210917_La_1_1253,81,HSL:1420119,Tupasaarentie
47400,47400,0,47400,47400,0,False,SCHEDULED,1631912400,HSL:1081_20210917_La_1_1308,81,HSL:1420119,Tupasaarentie
48300,48300,0,48300,48300,0,False,SCHEDULED,1631912400,HSL:1081_20210917_La_1_1323,81,HSL:1420119,Tupasaarentie
49200,49200,0,49200,49200,0,False,SCHEDULED,1631912400,HSL:1081_20210917_La_1_1338,81,HSL:1420119,Tupasaarentie
45480,45554,74,45480,45564,84,True,UPDATED,1631912400,HSL:2548_20210917_La_2_1230,548,HSL:2151210,Humisevanristi
46140,46140,0,46140,46140,0,False,SCHEDULED,1631912400,HSL:2236B_20210917_La_2_1236,236B,HSL:2151210,Humisevanristi
46380,46380,0,46380,46380,0,False,SCHEDULED,1631912400,HSL:2548_20210917_La_2_1245,548,HSL:2151210,Humisevanristi
47280,47280,0,47280,47280,0,False,SCHEDULED,1631912400,HSL:2548_20210917_La_2_1300,548,HSL:2151210,Humisevanristi
47340,47340,0,47340,47340,0,True,UPDATED,1631912400,HSL:2239_20210917_La_2_1237,239,HSL:2151210,Humisevanristi
45360,45372,12,45360,45378,18,True,UPDATED,1631912400,HSL:2236_20210917_La_1_1226,236,HSL:2151211,Kahiseva
45480,45457,-23,45480,45457,-23,True,UPDATED,1631912400,HSL:2548_20210917_La_1_1213,548,HSL:2151211,Kahiseva
46380,46400,20,46380,46439,59,True,UPDATED,1631912400,HSL:2548_20210917_La_1_1228,548,HSL:2151211,Kahiseva
46560,46560,0,46560,46560,0,False,SCHEDULED,1631912400,HSL:2239_20210917_La_1_1246,239,HSL:2151211,Kahiseva
47280,47280,0,47280,47280,0,False,SCHEDULED,1631912400,HSL:2548_20210917_La_1_1243,548,HSL:2151211,Kahiseva
45840,45896,56,45840,45901,61,True,UPDATED,1631912400,HSL:4561_20210917_La_1_1223,561,HSL:1391110,Valakkatie
46380,46438,58,46380,46443,63,True,UPDATED,1631912400,HSL:1554_20210917_La_1_1233,554,HSL:1391110,Valakkatie
47040,47040,0,47040,47040,0,False,SCHEDULED,1631912400,HSL:4561_20210917_La_1_1243,561,HSL:1391110,Valakkatie
47580,47580,0,47580,47580,0,False,SCHEDULED,1631912400,HSL:1554_20210917_La_1_1253,554,HSL:1391110,Valakkatie
48300,48300,0,48300,48300,0,False,SCHEDULED,1631912400,HSL:4561_20210917_La_1_1303,561,HSL:1391110,Valakkatie
45720,45736,16,45720,45741,21,True,UPDATED,1631912400,HSL:1554_20210917_La_2_1230,554,HSL:1391111,Valakkatie
46200,46200,0,46200,46200,0,False,SCHEDULED,1631912400,HSL:4561_20210917_La_2_1224,561,HSL:1391111,Valakkatie
46920,46920,0,46920,46920,0,False,SCHEDULED,1631912400,HSL:1554_20210917_La_2_1250,554,HSL:1391111,Valakkatie
47400,47400,0,47400,47400,0,False,SCHEDULED,1631912400,HSL:4561_20210917_La_2_1244,561,HSL:1391111,Valakkatie
48120,48120,0,48120,48120,0,False,SCHEDULED,1631912400,HSL:1554_20210917_La_2_1310,554,HSL:1391111,Valakkatie
46260,46224,-36,46260,46259,-1,True,UPDATED,1631912400,HSL:2548_20210917_La_1_1228,548,HSL:2151218,Kavallinpelto
46500,46585,85,46500,46592,92,True,UPDATED,1631912400,HSL:2224_20210917_La_2_1223,224,HSL:2151218,Kavallinpelto
47160,47160,0,47160,47160,0,False,SCHEDULED,1631912400,HSL:2548_20210917_La_1_1243,548,HSL:2151218,Kavallinpelto
48060,48060,0,48060,48060,0,False,SCHEDULED,1631912400,HSL:2548_20210917_La_1_1258,548,HSL:2151218,Kavallinpelto
48300,48300,0,48300,48300,0,False,SCHEDULED,1631912400,HSL:2224_20210917_La_2_1252,224,HSL:2151218,Kavallinpelto
45600,45687,87,45600,45690,90,True,UPDATED,1631912400,HSL:2548_20210917_La_2_1230,548,HSL:2151219,Kavallinpelto
46500,46500,0,46500,46500,0,False,SCHEDULED,1631912400,HSL:2548_20210917_La_2_1245,548,HSL:2151219,Kavallinpelto
46980,46980,0,46980,46980,0,False,SCHEDULED,1631912400,HSL:2224_20210917_La_1_1250,224,HSL:2151219,Kavallinpelto
47400,47400,0,47400,47400,0,False,SCHEDULED,1631912400,HSL:2548_20210917_La_2_1300,548,HSL:2151219,Kavallinpelto
48300,48300,0,48300,48300,0,False,SCHEDULED,1631912400,HSL:2548_20210917_La_2_1315,548,HSL:2151219,Kavallinpelto
45900,45938,38,45900,46004,104,True,UPDATED,1631912400,HSL:1016_20210917_La_1_1222,16,HSL:1420120,Korkeasaari
46200,46200,0,46200,46200,0,False,SCHEDULED,1631912400,HSL:1016_20210917_La_2_1250,16,HSL:1420120,Korkeasaari
47160,47160,0,47160,47160,0,False,SCHEDULED,1631912400,HSL:1016_20210917_La_1_1242,16,HSL:1420120,Korkeasaari
47400,47400,0,47400,47400,0,False,SCHEDULED,1631912400,HSL:1016_20210917_La_2_1310,16,HSL:1420120,Korkeasaari
48360,48360,0,48360,48360,0,False,SCHEDULED,1631912400,HSL:1016_20210917_La_1_1302,16,HSL:1420120,Korkeasaari
45420,45491,71,45420,45509,89,True,UPDATED,1631912400,HSL:4560_20210917_La_1_1156,560,HSL:1391112,Santerlantie
45720,45694,-26,45720,45778,58,True,UPDATED,1631912400,HSL:1061_20210917_La_1_1203,61,HSL:1391112,Santerlantie
45900,45940,40,45900,45958,58,True,UPDATED,1631912400,HSL:4561_20210917_La_1_1223,561,HSL:1391112,Santerlantie
46020,46080,60,46020,46080,60,True,UPDATED,1631912400,HSL:4560_20210917_La_1_1206,560,HSL:1391112,Santerlantie
46440,46473,33,46440,46487,47,True,UPDATED,1631912400,HSL:1554_20210917_La_1_1233,554,HSL:1391112,Santerlantie
45720,45779,59,45720,45804,84,True,UPDATED,1631912400,HSL:1016_20210917_La_1_1222,16,HSL:1420121,Mustikkamaa
46980,46980,0,46980,46980,0,False,SCHEDULED,1631912400,HSL:1016_20210917_La_1_1242,16,HSL:1420121,Mustikkamaa
48180,48180,0,48180,48180,0,False,SCHEDULED,1631912400,HSL:1016_20210917_La_1_1302,16,HSL:1420121,Mustikkamaa
49380,49380,0,49380,49380,0,False,SCHEDULED,1631912400,HSL:1016_20210917_La_1_1322,16,HSL:1420121,Mustikkamaa
50580,50580,0,50580,50580,0,False,SCHEDULED,1631912400,HSL:1016_20210917_La_1_1342,16,HSL:1420121,Mustikkamaa
45420,45353,-67,45420,45365,-55,True,UPDATED,1631912400,HSL:4560_20210917_La_2_1215,560,HSL:1391113,Santerlantie
45300,45380,80,45300,45393,93,True,UPDATED,1631912400,HSL:1061_20210917_La_2_1231,61,HSL:1391113,Santerlantie
45660,45665,5,45660,45679,19,True,UPDATED,1631912400,HSL:1554_20210917_La_2_1230,554,HSL:1391113,Santerlantie
46020,46007,-13,46020,46022,2,True,UPDATED,1631912400,HSL:4560_20210917_La_2_1225,560,HSL:1391113,Santerlantie
46140,46140,0,46140,46140,0,False,SCHEDULED,1631912400,HSL:4561_20210917_La_2_1224,561,HSL:1391113,Santerlantie
45540,45567,27,45540,45574,34,True,UPDATED,1631912400,HSL:1061_20210917_La_1_1203,61,HSL:1391118,Uimarannantie
46740,46772,32,46740,46813,73,True,UPDATED,1631912400,HSL:1061_20210917_La_1_1222,61,HSL:1391118,Uimarannantie
47940,47940,0,47940,47940,0,False,SCHEDULED,1631912400,HSL:1061_20210917_La_1_1242,61,HSL:1391118,Uimarannantie
49140,49140,0,49140,49140,0,False,SCHEDULED,1631912400,HSL:1061_20210917_La_1_1302,61,HSL:1391118,Uimarannantie
50340,50340,0,50340,50340,0,False,SCHEDULED,1631912400,HSL:1061_20210917_La_1_1322,61,HSL:1391118,Uimarannantie
45420,45501,81,45420,45506,86,True,UPDATED,1631912400,HSL:1061_20210917_La_2_1231,61,HSL:1391119,Uimarannantie
46620,46620,0,46620,46620,0,False,SCHEDULED,1631912400,HSL:1061_20210917_La_2_1251,61,HSL:1391119,Uimarannantie
47820,47820,0,47820,47820,0,False,SCHEDULED,1631912400,HSL:1061_20210917_La_2_1311,61,HSL:1391119,Uimarannantie
49020,49020,0,49020,49020,0,False,SCHEDULED,1631912400,HSL:1061_20210917_La_2_1331,61,HSL:1391119,Uimarannantie
50220,50220,0,50220,50220,0,False,SCHEDULED,1631912400,HSL:1061_20210917_La_2_1351,61,HSL:1391119,Uimarannantie
45480,45485,5,45480,45520,40,True,UPDATED,1631912400,HSL:1061_20210917_La_1_1203,61,HSL:1391116,Tapaninvainiontie
46680,46718,38,46680,46757,77,True,UPDATED,1631912400,HSL:1061_20210917_La_1_1222,61,HSL:1391116,Tapaninvainiontie
47880,47880,0,47880,47880,0,False,SCHEDULED,1631912400,HSL:1061_20210917_La_1_1242,61,HSL:1391116,Tapaninvainiontie
49080,49080,0,49080,49080,0,False,SCHEDULED,1631912400,HSL:1061_20210917_La_1_1302,61,HSL:1391116,Tapaninvainiontie
50280,50280,0,50280,50280,0,False,SCHEDULED,1631912400,HSL:1061_20210917_La_1_1322,61,HSL:1391116,Tapaninvainiontie
45420,45510,90,45420,45518,98,True,UPDATED,1631912400,HSL:2548_20210917_La_2_1230,548,HSL:2151212,Kahiseva
46140,46140,0,46140,46140,0,False,SCHEDULED,1631912400,HSL:2236B_20210917_La_2_1236,236B,HSL:2151212,Kahiseva
46320,46320,0,46320,46320,0,False,SCHEDULED,1631912400,HSL:2548_20210917_La_2_1245,548,HSL:2151212,Kahiseva
47220,47220,0,47220,47220,0,False,SCHEDULED,1631912400,HSL:2548_20210917_La_2_1300,548,HSL:2151212,Kahiseva
47340,47340,0,47340,47340,0,True,UPDATED,1631912400,HSL:2239_20210917_La_2_1237,239,HSL:2151212,Kahiseva
45480,45557,77,45480,45562,82,True,UPDATED,1631912400,HSL:1061_20210917_La_2_1231,61,HSL:1391117,Tapaninvainiontie
46680,46680,0,46680,46680,0,False,SCHEDULED,1631912400,HSL:1061_20210917_La_2_1251,61,HSL:1391117,Tapaninvainiontie
47880,47880,0,47880,47880,0,False,SCHEDULED,1631912400,HSL:1061_20210917_La_2_1311,61,HSL:1391117,Tapaninvainiontie
49080,49080,0,49080,49080,0,False,SCHEDULED,1631912400,HSL:1061_20210917_La_2_1331,61,HSL:1391117,Tapaninvainiontie
50280,50280,0,50280,50280,0,False,SCHEDULED,1631912400,HSL:1061_20210917_La_2_1351,61,HSL:1391117,Tapaninvainiontie
46260,46260,0,46260,46260,0,False,SCHEDULED,1631912400,HSL:1016_20210917_La_2_1250,16,HSL:1420126,Mustikkamaanpolku
47460,47460,0,47460,47460,0,False,SCHEDULED,1631912400,HSL:1016_20210917_La_2_1310,16,HSL:1420126,Mustikkamaanpolku
48660,48660,0,48660,48660,0,False,SCHEDULED,1631912400,HSL:1016_20210917_La_2_1330,16,HSL:1420126,Mustikkamaanpolku
49860,49860,0,49860,49860,0,False,SCHEDULED,1631912400,HSL:1016_20210917_La_2_1350,16,HSL:1420126,Mustikkamaanpolku
51060,51060,0,51060,51060,0,False,SCHEDULED,1631912400,HSL:1016_20210917_La_2_1410,16,HSL:1420126,Mustikkamaanpolku
45840,45840,0,45840,45840,0,False,SCHEDULED,1631912400,HSL:2202_20210917_La_2_1239,202,HSL:2114221,Lintukulma
46380,46380,0,46380,46380,0,False,SCHEDULED,1631912400,HSL:4555B_20210917_La_2_1235,555B,HSL:2114221,Lintukulma
47700,47700,0,47700,47700,0,False,SCHEDULED,1631912400,HSL:2202_20210917_La_2_1310,202,HSL:2114221,Lintukulma
48180,48180,0,48180,48180,0,False,SCHEDULED,1631912400,HSL:4555B_20210917_La_2_1305,555B,HSL:2114221,Lintukulma
49440,49440,0,49440,49440,0,False,SCHEDULED,1631912400,HSL:2202_20210917_La_2_1339,202,HSL:2114221,Lintukulma
45720,45720,0,45720,45720,0,False,SCHEDULED,1631912400,HSL:4555B_20210917_La_1_1236,555B,HSL:2114220,Lintukulma
47340,47340,0,47340,47340,0,False,SCHEDULED,1631912400,HSL:4555B_20210917_La_1_1303,555B,HSL:2114220,Lintukulma
49320,49320,0,49320,49320,0,False,SCHEDULED,1631912400,HSL:4555B_20210917_La_1_1336,555B,HSL:2114220,Lintukulma
50940,50940,0,50940,50940,0,False,SCHEDULED,1631912400,HSL:4555B_20210917_La_1_1403,555B,HSL:2114220,Lintukulma
52980,52980,0,52980,52980,0,False,SCHEDULED,1631912400,HSL:4555B_20210917_La_1_1436,555B,HSL:2114220,Lintukulma
45540,45540,0,45540,45540,0,True,UPDATED,1631912400,HSL:1081_20210917_La_1_1238,81,HSL:1420127,Tupavuori
46440,46440,0,46440,46440,0,False,SCHEDULED,1631912400,HSL:1081_20210917_La_1_1253,81,HSL:1420127,Tupavuori
47340,47340,0,47340,47340,0,False,SCHEDULED,1631912400,HSL:1081_20210917_La_1_1308,81,HSL:1420127,Tupavuori
48240,48240,0,48240,48240,0,False,SCHEDULED,1631912400,HSL:1081_20210917_La_1_1323,81,HSL:1420127,Tupavuori
49140,49140,0,49140,49140,0,False,SCHEDULED,1631912400,HSL:1081_20210917_La_1_1338,81,HSL:1420127,Tupavuori
45540,45448,-92,45540,45456,-84,True,UPDATED,1631912400,HSL:4560_20210917_La_2_1215,560,HSL:1391109,Vanha Tapanilantie
45720,45764,44,45720,45773,53,True,UPDATED,1631912400,HSL:1079_20210917_La_2_1228,79,HSL:1391109,Vanha Tapanilantie
45780,45792,12,45780,45799,19,True,UPDATED,1631912400,HSL:1554_20210917_La_2_1230,554,HSL:1391109,Vanha Tapanilantie
46140,46146,6,46140,46157,17,True,UPDATED,1631912400,HSL:4560_20210917_La_2_1225,560,HSL:1391109,Vanha Tapanilantie
46320,46320,0,46320,46320,0,True,UPDATED,1631912400,HSL:1079_20210917_La_2_1238,79,HSL:1391109,Vanha Tapanilantie
45660,45933,273,45660,45960,300,True,UPDATED,1631912400,HSL:6173_20210917_La_2_1202,173,HSL:6040284,Gesterbyn kp
46260,46271,11,46260,46282,22,True,UPDATED,1631912400,HSL:6171_20210917_La_1_1216,171,HSL:6040284,Gesterbyn kp
47820,47820,0,47820,47820,0,False,SCHEDULED,1631912400,HSL:6171_20210917_La_2_1306,171,HSL:6040284,Gesterbyn kp
48000,48000,0,48000,48000,0,False,SCHEDULED,1631912400,HSL:6173_20210917_La_1_1251,173,HSL:6040284,Gesterbyn kp
49260,49260,0,49260,49260,0,False,SCHEDULED,1631912400,HSL:6173_20210917_La_2_1301,173,HSL:6040284,Gesterbyn kp
46320,46320,0,46320,46320,0,False,SCHEDULED,1631912400,HSL:1016_20210917_La_2_1250,16,HSL:1420122,Mustikkamaa
47520,47520,0,47520,47520,0,False,SCHEDULED,1631912400,HSL:1016_20210917_La_2_1310,16,HSL:1420122,Mustikkamaa
48720,48720,0,48720,48720,0,False,SCHEDULED,1631912400,HSL:1016_20210917_La_2_1330,16,HSL:1420122,Mustikkamaa
49920,49920,0,49920,49920,0,False,SCHEDULED,1631912400,HSL:1016_20210917_La_2_1350,16,HSL:1420122,Mustikkamaa
51120,51120,0,51120,51120,0,False,SCHEDULED,1631912400,HSL:1016_20210917_La_2_1410,16,HSL:1420122,Mustikkamaa
48300,48300,0,48300,48300,0,False,SCHEDULED,1631912400,HSL:9665K_20210917_La_2_1248,665K,HSL:9650600,Annivaara
51900,51900,0,51900,51900,0,False,SCHEDULED,1631912400,HSL:9665K_20210917_La_2_1348,665K,HSL:9650600,Annivaara
55500,55500,0,55500,55500,0,False,SCHEDULED,1631912400,HSL:9665K_20210917_La_2_1448,665K,HSL:9650600,Annivaara
59100,59100,0,59100,59100,0,False,SCHEDULED,1631912400,HSL:9665K_20210917_La_2_1548,665K,HSL:9650600,Annivaara
62700,62700,0,62700,62700,0,False,SCHEDULED,1631912400,HSL:9665K_20210917_La_2_1649,665K,HSL:9650600,Annivaara
46980,46980,0,46980,46980,0,False,SCHEDULED,1631912400,HSL:9665K_20210917_La_1_1256,665K,HSL:9650601,Annivaara
50580,50580,0,50580,50580,0,False,SCHEDULED,1631912400,HSL:9665K_20210917_La_1_1356,665K,HSL:9650601,Annivaara
54180,54180,0,54180,54180,0,False,SCHEDULED,1631912400,HSL:9665K_20210917_La_1_1456,665K,HSL:9650601,Annivaara
57780,57780,0,57780,57780,0,False,SCHEDULED,1631912400,HSL:9665K_20210917_La_1_1556,665K,HSL:9650601,Annivaara
61380,61380,0,61380,61380,0,False,SCHEDULED,1631912400,HSL:9665K_20210917_La_1_1656,665K,HSL:9650601,Annivaara
61080,61080,0,61080,61080,0,False,SCHEDULED,1631912400,HSL:6182A_20210917_La_2_1630,182A,HSL:6040285,Munkinkuja
77400,77400,0,77400,77400,0,False,SCHEDULED,1631912400,HSL:7191_20210917_La_2_2113,191,HSL:6040285,Munkinkuja
30600,30600,0,30600,30600,0,False,SCHEDULED,1631998800,HSL:7191_20210917_Su_2_0813,191,HSL:6040285,Munkinkuja
41280,41280,0,41280,41280,0,False,SCHEDULED,1631998800,HSL:6182A_20210917_Su_2_1100,182A,HSL:6040285,Munkinkuja
45480,45252,-228,45480,45480,0,True,UPDATED,1631912400,HSL:1081_20210917_La_1_1238,81,HSL:1420123,Kulosaari (M)
45540,45600,60,45540,45619,79,True,UPDATED,1631912400,HSL:1016_20210917_La_1_1222,16,HSL:1420123,Kulosaari (M)
46140,46184,44,46140,46313,173,True,UPDATED,1631912400,HSL:1081_20210917_La_2_1223,81,HSL:1420123,Kulosaari (M)
46380,46380,0,46380,46380,0,False,SCHEDULED,1631912400,HSL:1081_20210917_La_1_1253,81,HSL:1420123,Kulosaari (M)
46800,46800,0,46800,46800,0,False,SCHEDULED,1631912400,HSL:1016_20210917_La_1_1242,16,HSL:1420123,Kulosaari (M)
45300,45349,49,45300,45349,49,True,UPDATED,1631912400,HSL:1016_20210917_La_2_1230,16,HSL:1420124,Kulosaari (M)
46500,46500,0,46500,46500,0,False,SCHEDULED,1631912400,HSL:1016_20210917_La_2_1250,16,HSL:1420124,Kulosaari (M)
47700,47700,0,47700,47700,0,False,SCHEDULED,1631912400,HSL:1016_20210917_La_2_1310,16,HSL:1420124,Kulosaari (M)
48900,48900,0,48900,48900,0,False,SCHEDULED,1631912400,HSL:1016_20210917_La_2_1330,16,HSL:1420124,Kulosaari (M)
50100,50100,0,50100,50100,0,False,SCHEDULED,1631912400,HSL:1016_20210917_La_2_1350,16,HSL:1420124,Kulosaari (M)
45360,45328,-32,45360,45340,-20,True,UPDATED,1631912400,HSL:2236_20210917_La_1_1226,236,HSL:2151209,Humisevanristi
45420,45402,-18,45420,45411,-9,True,UPDATED,1631912400,HSL:2548_20210917_La_1_1213,548,HSL:2151209,Humisevanristi
46320,46320,0,46320,46359,39,True,UPDATED,1631912400,HSL:2548_20210917_La_1_1228,548,HSL:2151209,Humisevanristi
46560,46560,0,46560,46560,0,False,SCHEDULED,1631912400,HSL:2239_20210917_La_1_1246,239,HSL:2151209,Humisevanristi
47220,47220,0,47220,47220,0,False,SCHEDULED,1631912400,HSL:2548_20210917_La_1_1243,548,HSL:2151209,Humisevanristi
57900,57900,0,57900,57900,0,False,SCHEDULED,1631912400,HSL:7191_20210917_La_1_1605,191,HSL:6040287,Kirkkonummi mk
73800,73800,0,73800,73800,0,False,SCHEDULED,1631912400,HSL:7191_20210917_La_1_2030,191,HSL:6040287,Kirkkonummi mk
77400,77400,0,77400,77400,0,False,SCHEDULED,1631912400,HSL:7191_20210917_La_1_2130,191,HSL:6040287,Kirkkonummi mk
77580,77580,0,77580,77580,0,False,SCHEDULED,1631912400,HSL:7191_20210917_La_2_2113,191,HSL:6040287,Kirkkonummi mk
30600,30600,0,30600,30600,0,False,SCHEDULED,1631998800,HSL:7191_20210917_Su_1_0830,191,HSL:6040287,Kirkkonummi mk
45780,45833,53,45780,45852,72,True,UPDATED,1631912400,HSL:1016_20210917_La_1_1222,16,HSL:1420125,Mustikkamaanpolku
47040,47040,0,47040,47040,0,False,SCHEDULED,1631912400,HSL:1016_20210917_La_1_1242,16,HSL:1420125,Mustikkamaanpolku
48240,48240,0,48240,48240,0,False,SCHEDULED,1631912400,HSL:1016_20210917_La_1_1302,16,HSL:1420125,Mustikkamaanpolku
49440,49440,0,49440,49440,0,False,SCHEDULED,1631912400,HSL:1016_20210917_La_1_1322,16,HSL:1420125,Mustikkamaanpolku
50640,50640,0,50640,50640,0,False,SCHEDULED,1631912400,HSL:1016_20210917_La_1_1342,16,HSL:1420125,Mustikkamaanpolku
46500,46468,-32,46500,46474,-26,True,UPDATED,1631912400,HSL:6171_20210917_La_1_1216,171,HSL:6040280,Lindal
48240,48240,0,48240,48240,0,False,SCHEDULED,1631912400,HSL:6173_20210917_La_1_1251,173,HSL:6040280,Lindal
50040,50040,0,50040,50040,0,False,SCHEDULED,1631912400,HSL:6171_20210917_La_1_1313,171,HSL:6040280,Lindal
51780,51780,0,51780,51780,0,False,SCHEDULED,1631912400,HSL:6173_20210917_La_1_1349,173,HSL:6040280,Lindal
53640,53640,0,53640,53640,0,False,SCHEDULED,1631912400,HSL:6171_20210917_La_1_1413,171,HSL:6040280,Lindal
45780,46022,242,45780,46022,242,True,UPDATED,1631912400,HSL:6173_20210917_La_2_1202,173,HSL:6040281,Gesterbynpolku
47940,47940,0,47940,47940,0,False,SCHEDULED,1631912400,HSL:6171_20210917_La_2_1306,171,HSL:6040281,Gesterbynpolku
49380,49380,0,49380,49380,0,False,SCHEDULED,1631912400,HSL:6173_20210917_La_2_1301,173,HSL:6040281,Gesterbynpolku
51600,51600,0,51600,51600,0,False,SCHEDULED,1631912400,HSL:6171_20210917_La_2_1406,171,HSL:6040281,Gesterbynpolku
53040,53040,0,53040,53040,0,False,SCHEDULED,1631912400,HSL:6173_20210917_La_2_1401,173,HSL:6040281,Gesterbynpolku
46200,46155,-45,46200,46159,-41,True,UPDATED,1631912400,HSL:6171_20210917_La_1_1216,171,HSL:6040282,Gesterbynpolku
47940,47940,0,47940,47940,0,False,SCHEDULED,1631912400,HSL:6173_20210917_La_1_1251,173,HSL:6040282,Gesterbynpolku
49740,49740,0,49740,49740,0,False,SCHEDULED,1631912400,HSL:6171_20210917_La_1_1313,171,HSL:6040282,Gesterbynpolku
51480,51480,0,51480,51480,0,False,SCHEDULED,1631912400,HSL:6173_20210917_La_1_1349,173,HSL:6040282,Gesterbynpolku
53340,53340,0,53340,53340,0,False,SCHEDULED,1631912400,HSL:6171_20210917_La_1_1413,171,HSL:6040282,Gesterbynpolku
46680,46789,109,46680,46789,109,True,UPDATED,1631912400,HSL:4631_20210917_La_1_1234,631,HSL:4800201,Oskarintie
48480,48480,0,48480,48480,0,False,SCHEDULED,1631912400,HSL:4631_20210917_La_1_1304,631,HSL:4800201,Oskarintie
50280,50280,0,50280,50280,0,False,SCHEDULED,1631912400,HSL:4631_20210917_La_1_1334,631,HSL:4800201,Oskarintie
52080,52080,0,52080,52080,0,False,SCHEDULED,1631912400,HSL:4631_20210917_La_1_1404,631,HSL:4800201,Oskarintie
53880,53880,0,53880,53880,0,False,SCHEDULED,1631912400,HSL:4631_20210917_La_1_1434,631,HSL:4800201,Oskarintie
45900,45900,0,45900,45900,0,False,SCHEDULED,1631912400,HSL:2202_20210917_La_2_1239,202,HSL:2114219,Pikkulinnunreitti
46380,46380,0,46380,46380,0,False,SCHEDULED,1631912400,HSL:4555B_20210917_La_2_1235,555B,HSL:2114219,Pikkulinnunreitti
47760,47760,0,47760,47760,0,False,SCHEDULED,1631912400,HSL:2202_20210917_La_2_1310,202,HSL:2114219,Pikkulinnunreitti
48180,48180,0,48180,48180,0,False,SCHEDULED,1631912400,HSL:4555B_20210917_La_2_1305,555B,HSL:2114219,Pikkulinnunreitti
49500,49500,0,49500,49500,0,False,SCHEDULED,1631912400,HSL:2202_20210917_La_2_1339,202,HSL:2114219,Pikkulinnunreitti
45720,45720,0,45720,45720,0,False,SCHEDULED,1631912400,HSL:4555B_20210917_La_1_1236,555B,HSL:2114218,Pikkulinnunreitti
46800,46814,14,46800,46823,23,True,UPDATED,1631912400,HSL:2202_20210917_La_1_1238,202,HSL:2114218,Pikkulinnunreitti
47340,47340,0,47340,47340,0,False,SCHEDULED,1631912400,HSL:4555B_20210917_La_1_1303,555B,HSL:2114218,Pikkulinnunreitti
48600,48600,0,48600,48600,0,False,SCHEDULED,1631912400,HSL:2202_20210917_La_1_1307,202,HSL:2114218,Pikkulinnunreitti
49320,49320,0,49320,49320,0,False,SCHEDULED,1631912400,HSL:4555B_20210917_La_1_1336,555B,HSL:2114218,Pikkulinnunreitti
45540,45540,0,45540,45540,0,False,SCHEDULED,1631912400,HSL:1098_20210917_La_2_1239,98,HSL:1541196,Rastila (M)
46740,46740,0,46740,46740,0,False,SCHEDULED,1631912400,HSL:1098_20210917_La_2_1259,98,HSL:1541196,Rastila (M)
47940,47940,0,47940,47940,0,False,SCHEDULED,1631912400,HSL:1098_20210917_La_2_1319,98,HSL:1541196,Rastila (M)
49140,49140,0,49140,49140,0,False,SCHEDULED,1631912400,HSL:1098_20210917_La_2_1339,98,HSL:1541196,Rastila (M)
50340,50340,0,50340,50340,0,False,SCHEDULED,1631912400,HSL:1098_20210917_La_2_1359,98,HSL:1541196,Rastila (M)
46560,46560,0,46560,46560,0,False,SCHEDULED,1631912400,HSL:4631_20210917_La_2_1245,631,HSL:4800208,Siriuksenpolku
48360,48360,0,48360,48360,0,False,SCHEDULED,1631912400,HSL:4631_20210917_La_2_1315,631,HSL:4800208,Siriuksenpolku
50160,50160,0,50160,50160,0,False,SCHEDULED,1631912400,HSL:4631_20210917_La_2_1345,631,HSL:4800208,Siriuksenpolku
51960,51960,0,51960,51960,0,False,SCHEDULED,1631912400,HSL:4631_20210917_La_2_1415,631,HSL:4800208,Siriuksenpolku
53760,53760,0,53760,53760,0,False,SCHEDULED,1631912400,HSL:4631_20210917_La_2_1445,631,HSL:4800208,Siriuksenpolku
86820,86820,0,86820,86820,0,False,SCHEDULED,1631912400,HSL:1090N_20210917_La_1_2339,90N,HSL:1541195,Rastila (M)
88020,88020,0,88020,88020,0,False,SCHEDULED,1631912400,HSL:1090N_20210917_La_1_2359,90N,HSL:1541195,Rastila (M)
89220,89220,0,89220,89220,0,False,SCHEDULED,1631912400,HSL:1090N_20210917_La_1_2419,90N,HSL:1541195,Rastila (M)
90420,90420,0,90420,90420,0,False,SCHEDULED,1631912400,HSL:1090N_20210917_La_1_2439,90N,HSL:1541195,Rastila (M)
91620,91620,0,91620,91620,0,False,SCHEDULED,1631912400,HSL:1090N_20210917_La_1_2459,90N,HSL:1541195,Rastila (M)
46560,46560,0,46560,46560,0,False,SCHEDULED,1631912400,HSL:4631_20210917_La_2_1245,631,HSL:4800206,Vesimiehentie
48360,48360,0,48360,48360,0,False,SCHEDULED,1631912400,HSL:4631_20210917_La_2_1315,631,HSL:4800206,Vesimiehentie
50160,50160,0,50160,50160,0,False,SCHEDULED,1631912400,HSL:4631_20210917_La_2_1345,631,HSL:4800206,Vesimiehentie
51960,51960,0,51960,51960,0,False,SCHEDULED,1631912400,HSL:4631_20210917_La_2_1415,631,HSL:4800206,Vesimiehentie
53760,53760,0,53760,53760,0,False,SCHEDULED,1631912400,HSL:4631_20210917_La_2_1445,631,HSL:4800206,Vesimiehentie
46620,46620,0,46620,46620,0,False,SCHEDULED,1631912400,HSL:4631_20210917_La_2_1245,631,HSL:4800204,Tervahaudantie
48420,48420,0,48420,48420,0,False,SCHEDULED,1631912400,HSL:4631_20210917_La_2_1315,631,HSL:4800204,Tervahaudantie
50220,50220,0,50220,50220,0,False,SCHEDULED,1631912400,HSL:4631_20210917_La_2_1345,631,HSL:4800204,Tervahaudantie
52020,52020,0,52020,52020,0,False,SCHEDULED,1631912400,HSL:4631_20210917_La_2_1415,631,HSL:4800204,Tervahaudantie
53820,53820,0,53820,53820,0,False,SCHEDULED,1631912400,HSL:4631_20210917_La_2_1445,631,HSL:4800204,Tervahaudantie
45360,45360,0,45360,45360,0,False,SCHEDULED,1631912400,HSL:1098_20210917_La_1_1227,98,HSL:1541192,Rastila (M)
45540,45527,-13,45540,45748,208,True,UPDATED,1631912400,HSL:4560_20210917_La_2_1136,560,HSL:1541192,Rastila (M)
46140,46108,-32,46140,46353,213,True,UPDATED,1631912400,HSL:4560_20210917_La_2_1145,560,HSL:1541192,Rastila (M)
46560,46560,0,46560,46560,0,False,SCHEDULED,1631912400,HSL:1098_20210917_La_1_1247,98,HSL:1541192,Rastila (M)
46740,46699,-41,46740,46768,28,True,UPDATED,1631912400,HSL:4560_20210917_La_2_1155,560,HSL:1541192,Rastila (M)
45900,45954,54,45900,45954,54,True,UPDATED,1631912400,HSL:3002U_20210917_La_1_1212,U,HSL:6010503,Masala
47700,47700,0,47700,47700,0,False,SCHEDULED,1631912400,HSL:3002U_20210917_La_1_1242,U,HSL:6010503,Masala
49500,49500,0,49500,49500,0,False,SCHEDULED,1631912400,HSL:3002U_20210917_La_1_1312,U,HSL:6010503,Masala
51300,51300,0,51300,51300,0,False,SCHEDULED,1631912400,HSL:3002U_20210917_La_1_1342,U,HSL:6010503,Masala
53100,53100,0,53100,53100,0,False,SCHEDULED,1631912400,HSL:3002U_20210917_La_1_1412,U,HSL:6010503,Masala
46080,46080,0,46080,46080,0,False,SCHEDULED,1631912400,HSL:1090_20210917_La_2_1243,90,HSL:1541191,Aurinkolahti
46980,46980,0,46980,46980,0,False,SCHEDULED,1631912400,HSL:1090_20210917_La_2_1258,90,HSL:1541191,Aurinkolahti
47880,47880,0,47880,47880,0,False,SCHEDULED,1631912400,HSL:1090_20210917_La_2_1313,90,HSL:1541191,Aurinkolahti
48780,48780,0,48780,48780,0,False,SCHEDULED,1631912400,HSL:1090_20210917_La_2_1328,90,HSL:1541191,Aurinkolahti
49680,49680,0,49680,49680,0,False,SCHEDULED,1631912400,HSL:1090_20210917_La_2_1343,90,HSL:1541191,Aurinkolahti
46800,46857,57,46800,46857,57,True,UPDATED,1631912400,HSL:4631_20210917_La_1_1234,631,HSL:4800205,Vesimiehentie
48600,48600,0,48600,48600,0,False,SCHEDULED,1631912400,HSL:4631_20210917_La_1_1304,631,HSL:4800205,Vesimiehentie
50400,50400,0,50400,50400,0,False,SCHEDULED,1631912400,HSL:4631_20210917_La_1_1334,631,HSL:4800205,Vesimiehentie
52200,52200,0,52200,52200,0,False,SCHEDULED,1631912400,HSL:4631_20210917_La_1_1404,631,HSL:4800205,Vesimiehentie
54000,54000,0,54000,54000,0,False,SCHEDULED,1631912400,HSL:4631_20210917_La_1_1434,631,HSL:4800205,Vesimiehentie
46680,46680,0,46680,46680,0,False,SCHEDULED,1631912400,HSL:4631_20210917_La_2_1245,631,HSL:4800202,Oskarintie
48480,48480,0,48480,48480,0,False,SCHEDULED,1631912400,HSL:4631_20210917_La_2_1315,631,HSL:4800202,Oskarintie
50280,50280,0,50280,50280,0,False,SCHEDULED,1631912400,HSL:4631_20210917_La_2_1345,631,HSL:4800202,Oskarintie
52080,52080,0,52080,52080,0,False,SCHEDULED,1631912400,HSL:4631_20210917_La_2_1415,631,HSL:4800202,Oskarintie
53880,53880,0,53880,53880,0,False,SCHEDULED,1631912400,HSL:4631_20210917_La_2_1445,631,HSL:4800202,Oskarintie
46740,46797,57,46740,46797,57,True,UPDATED,1631912400,HSL:4631_20210917_La_1_1234,631,HSL:4800203,Tervahaudantie
48540,48540,0,48540,48540,0,False,SCHEDULED,1631912400,HSL:4631_20210917_La_1_1304,631,HSL:4800203,Tervahaudantie
50340,50340,0,50340,50340,0,False,SCHEDULED,1631912400,HSL:4631_20210917_La_1_1334,631,HSL:4800203,Tervahaudantie
52140,52140,0,52140,52140,0,False,SCHEDULED,1631912400,HSL:4631_20210917_La_1_1404,631,HSL:4800203,Tervahaudantie
53940,53940,0,53940,53940,0,False,SCHEDULED,1631912400,HSL:4631_20210917_La_1_1434,631,HSL:4800203,Tervahaudantie
45360,45360,0,45360,45360,0,False,SCHEDULED,1631912400,HSL:4560_20210917_La_1_1236,560,HSL:1541193,Rastila (M)
45960,45960,0,45960,45960,0,False,SCHEDULED,1631912400,HSL:4560_20210917_La_1_1246,560,HSL:1541193,Rastila (M)
46560,46560,0,46560,46560,0,False,SCHEDULED,1631912400,HSL:4560_20210917_La_1_1256,560,HSL:1541193,Rastila (M)
47160,47160,0,47160,47160,0,False,SCHEDULED,1631912400,HSL:4560_20210917_La_1_1306,560,HSL:1541193,Rastila (M)
47760,47760,0,47760,47760,0,False,SCHEDULED,1631912400,HSL:4560_20210917_La_1_1316,560,HSL:1541193,Rastila (M)
46380,46424,44,46380,46424,44,True,UPDATED,1631912400,HSL:3002U_20210917_La_1_1212,U,HSL:6010501,Kirkkonummi
48180,48180,0,48180,48180,0,False,SCHEDULED,1631912400,HSL:3002U_20210917_La_1_1242,U,HSL:6010501,Kirkkonummi
49980,49980,0,49980,49980,0,False,SCHEDULED,1631912400,HSL:3002U_20210917_La_1_1312,U,HSL:6010501,Kirkkonummi
51780,51780,0,51780,51780,0,False,SCHEDULED,1631912400,HSL:3002U_20210917_La_1_1342,U,HSL:6010501,Kirkkonummi
53580,53580,0,53580,53580,0,False,SCHEDULED,1631912400,HSL:3002U_20210917_La_1_1412,U,HSL:6010501,Kirkkonummi
46620,46620,0,46620,46620,0,False,SCHEDULED,1631912400,HSL:2118_20210917_La_1_1232,118,HSL:2613271,Suvelanristi
48420,48420,0,48420,48420,0,False,SCHEDULED,1631912400,HSL:2118_20210917_La_1_1302,118,HSL:2613271,Suvelanristi
50220,50220,0,50220,50220,0,False,SCHEDULED,1631912400,HSL:2118_20210917_La_1_1332,118,HSL:2613271,Suvelanristi
52020,52020,0,52020,52020,0,False,SCHEDULED,1631912400,HSL:2118_20210917_La_1_1402,118,HSL:2613271,Suvelanristi
53820,53820,0,53820,53820,0,False,SCHEDULED,1631912400,HSL:2118_20210917_La_1_1432,118,HSL:2613271,Suvelanristi
46860,46860,0,46860,46880,20,True,UPDATED,1631912400,HSL:2202_20210917_La_1_1238,202,HSL:2114209,Linnuntie
48660,48660,0,48660,48660,0,False,SCHEDULED,1631912400,HSL:2202_20210917_La_1_1307,202,HSL:2114209,Linnuntie
50520,50520,0,50520,50520,0,False,SCHEDULED,1631912400,HSL:2202_20210917_La_1_1338,202,HSL:2114209,Linnuntie
52260,52260,0,52260,52260,0,False,SCHEDULED,1631912400,HSL:2202_20210917_La_1_1407,202,HSL:2114209,Linnuntie
54060,54060,0,54060,54060,0,False,SCHEDULED,1631912400,HSL:2202_20210917_La_1_1438,202,HSL:2114209,Linnuntie
45780,45780,0,45780,45780,0,False,SCHEDULED,1631912400,HSL:2202_20210917_La_2_1239,202,HSL:2114208,Linnuntie
47640,47640,0,47640,47640,0,False,SCHEDULED,1631912400,HSL:2202_20210917_La_2_1310,202,HSL:2114208,Linnuntie
49380,49380,0,49380,49380,0,False,SCHEDULED,1631912400,HSL:2202_20210917_La_2_1339,202,HSL:2114208,Linnuntie
51240,51240,0,51240,51240,0,False,SCHEDULED,1631912400,HSL:2202_20210917_La_2_1410,202,HSL:2114208,Linnuntie
52980,52980,0,52980,52980,0,False,SCHEDULED,1631912400,HSL:2202_20210917_La_2_1439,202,HSL:2114208,Linnuntie
46260,46260,0,46260,46260,0,False,SCHEDULED,1631912400,HSL:4555B_20210917_La_2_1235,555B,HSL:2114206,Lintuparvenaukio
48060,48060,0,48060,48060,0,False,SCHEDULED,1631912400,HSL:4555B_20210917_La_2_1305,555B,HSL:2114206,Lintuparvenaukio
49860,49860,0,49860,49860,0,False,SCHEDULED,1631912400,HSL:4555B_20210917_La_2_1335,555B,HSL:2114206,Lintuparvenaukio
51660,51660,0,51660,51660,0,False,SCHEDULED,1631912400,HSL:4555B_20210917_La_2_1405,555B,HSL:2114206,Lintuparvenaukio
53460,53460,0,53460,53460,0,False,SCHEDULED,1631912400,HSL:4555B_20210917_La_2_1435,555B,HSL:2114206,Lintuparvenaukio
46380,46410,30,46380,46442,62,True,UPDATED,1631912400,HSL:2118_20210917_La_2_1226,118,HSL:2613275,Tuomarilan asema
48180,48180,0,48180,48180,0,False,SCHEDULED,1631912400,HSL:2118_20210917_La_2_1256,118,HSL:2613275,Tuomarilan asema
49980,49980,0,49980,49980,0,False,SCHEDULED,1631912400,HSL:2118_20210917_La_2_1326,118,HSL:2613275,Tuomarilan asema
51780,51780,0,51780,51780,0,False,SCHEDULED,1631912400,HSL:2118_20210917_La_2_1356,118,HSL:2613275,Tuomarilan asema
53580,53580,0,53580,53580,0,False,SCHEDULED,1631912400,HSL:2118_20210917_La_2_1426,118,HSL:2613275,Tuomarilan asema
46440,46440,0,46500,46500,0,False,SCHEDULED,1631912400,HSL:2118_20210917_La_1_1232,118,HSL:2613274,Tuomarilan asema
48240,48240,0,48300,48300,0,False,SCHEDULED,1631912400,HSL:2118_20210917_La_1_1302,118,HSL:2613274,Tuomarilan asema
50040,50040,0,50100,50100,0,False,SCHEDULED,1631912400,HSL:2118_20210917_La_1_1332,118,HSL:2613274,Tuomarilan asema
51840,51840,0,51900,51900,0,False,SCHEDULED,1631912400,HSL:2118_20210917_La_1_1402,118,HSL:2613274,Tuomarilan asema
53640,53640,0,53700,53700,0,False,SCHEDULED,1631912400,HSL:2118_20210917_La_1_1432,118,HSL:2613274,Tuomarilan asema
46320,46388,68,46320,46397,77,True,UPDATED,1631912400,HSL:2118_20210917_La_2_1226,118,HSL:2613273,Suvelanristi
48120,48120,0,48120,48120,0,False,SCHEDULED,1631912400,HSL:2118_20210917_La_2_1256,118,HSL:2613273,Suvelanristi
49920,49920,0,49920,49920,0,False,SCHEDULED,1631912400,HSL:2118_20210917_La_2_1326,118,HSL:2613273,Suvelanristi
51720,51720,0,51720,51720,0,False,SCHEDULED,1631912400,HSL:2118_20210917_La_2_1356,118,HSL:2613273,Suvelanristi
53520,53520,0,53520,53520,0,False,SCHEDULED,1631912400,HSL:2118_20210917_La_2_1426,118,HSL:2613273,Suvelanristi
45660,45660,0,45660,45660,0,False,SCHEDULED,1631912400,HSL:4574_20210917_La_2_1221,574,HSL:4410213,Nuolitie
49260,49260,0,49260,49260,0,False,SCHEDULED,1631912400,HSL:4574_20210917_La_2_1320,574,HSL:4410213,Nuolitie
52860,52860,0,52860,52860,0,False,SCHEDULED,1631912400,HSL:4574_20210917_La_2_1420,574,HSL:4410213,Nuolitie
56400,56400,0,56400,56400,0,False,SCHEDULED,1631912400,HSL:4574_20210917_La_2_1520,574,HSL:4410213,Nuolitie
60060,60060,0,60060,60060,0,False,SCHEDULED,1631912400,HSL:4574_20210917_La_2_1621,574,HSL:4410213,Nuolitie
47520,47522,2,47520,47527,7,True,UPDATED,1631912400,HSL:4574_20210917_La_1_1233,574,HSL:4410214,Nuolitie
51120,51120,0,51120,51120,0,False,SCHEDULED,1631912400,HSL:4574_20210917_La_1_1333,574,HSL:4410214,Nuolitie
54720,54720,0,54720,54720,0,False,SCHEDULED,1631912400,HSL:4574_20210917_La_1_1433,574,HSL:4410214,Nuolitie
58320,58320,0,58320,58320,0,False,SCHEDULED,1631912400,HSL:4574_20210917_La_1_1533,574,HSL:4410214,Nuolitie
61920,61920,0,61920,61920,0,False,SCHEDULED,1631912400,HSL:4574_20210917_La_1_1633,574,HSL:4410214,Nuolitie
85380,85380,0,85380,85380,0,False,SCHEDULED,1631912400,HSL:1090A_20210917_La_2_2338,90A,HSL:1541177,Vuotie
87180,87180,0,87180,87180,0,False,SCHEDULED,1631912400,HSL:1090A_20210917_La_2_2408,90A,HSL:1541177,Vuotie
87780,87780,0,87780,87780,0,False,SCHEDULED,1631912400,HSL:1096N_20210917_La_1_2349,96N,HSL:1541177,Vuotie
88920,88920,0,88920,88920,0,False,SCHEDULED,1631912400,HSL:1096N_20210917_La_1_2409,96N,HSL:1541177,Vuotie
90120,90120,0,90120,90120,0,False,SCHEDULED,1631912400,HSL:1096N_20210917_La_1_2429,96N,HSL:1541177,Vuotie
46260,46260,0,46260,46260,0,False,SCHEDULED,1631912400,HSL:2136_20210917_La_2_1247,136,HSL:2613244,Riimukallio
48060,48060,0,48060,48060,0,False,SCHEDULED,1631912400,HSL:2136_20210917_La_2_1317,136,HSL:2613244,Riimukallio
49860,49860,0,49860,49860,0,False,SCHEDULED,1631912400,HSL:2136_20210917_La_2_1347,136,HSL:2613244,Riimukallio
51660,51660,0,51660,51660,0,False,SCHEDULED,1631912400,HSL:2136_20210917_La_2_1417,136,HSL:2613244,Riimukallio
53460,53460,0,53460,53460,0,False,SCHEDULED,1631912400,HSL:2136_20210917_La_2_1447,136,HSL:2613244,Riimukallio
46980,46980,0,46980,46980,0,True,UPDATED,1631912400,HSL:2136_20210917_La_1_1239,136,HSL:2613243,Hösmärinmäki
48780,48780,0,48780,48780,0,False,SCHEDULED,1631912400,HSL:2136_20210917_La_1_1309,136,HSL:2613243,Hösmärinmäki
50580,50580,0,50580,50580,0,False,SCHEDULED,1631912400,HSL:2136_20210917_La_1_1339,136,HSL:2613243,Hösmärinmäki
52440,52440,0,52440,52440,0,False,SCHEDULED,1631912400,HSL:2136_20210917_La_1_1409,136,HSL:2613243,Hösmärinmäki
54240,54240,0,54240,54240,0,False,SCHEDULED,1631912400,HSL:2136_20210917_La_1_1439,136,HSL:2613243,Hösmärinmäki
46380,46380,0,46380,46380,0,False,SCHEDULED,1631912400,HSL:2136_20210917_La_2_1247,136,HSL:2613242,Hösmärinmäki
48180,48180,0,48180,48180,0,False,SCHEDULED,1631912400,HSL:2136_20210917_La_2_1317,136,HSL:2613242,Hösmärinmäki
49980,49980,0,49980,49980,0,False,SCHEDULED,1631912400,HSL:2136_20210917_La_2_1347,136,HSL:2613242,Hösmärinmäki
51780,51780,0,51780,51780,0,False,SCHEDULED,1631912400,HSL:2136_20210917_La_2_1417,136,HSL:2613242,Hösmärinmäki
53580,53580,0,53580,53580,0,False,SCHEDULED,1631912400,HSL:2136_20210917_La_2_1447,136,HSL:2613242,Hösmärinmäki
47940,47940,0,47940,47940,0,False,SCHEDULED,1631912400,HSL:4576_20210917_La_2_1301,576,HSL:4410206,DHL pohjoinen
51540,51540,0,51540,51540,0,False,SCHEDULED,1631912400,HSL:4576_20210917_La_2_1401,576,HSL:4410206,DHL pohjoinen
55200,55200,0,55200,55200,0,False,SCHEDULED,1631912400,HSL:4576_20210917_La_2_1501,576,HSL:4410206,DHL pohjoinen
58800,58800,0,58800,58800,0,False,SCHEDULED,1631912400,HSL:4576_20210917_La_2_1601,576,HSL:4410206,DHL pohjoinen
62400,62400,0,62400,62400,0,False,SCHEDULED,1631912400,HSL:4576_20210917_La_2_1701,576,HSL:4410206,DHL pohjoinen
48000,48000,0,48000,48000,0,False,SCHEDULED,1631912400,HSL:4576_20210917_La_2_1301,576,HSL:4410205,DHL etelä
51600,51600,0,51600,51600,0,False,SCHEDULED,1631912400,HSL:4576_20210917_La_2_1401,576,HSL:4410205,DHL etelä
55260,55260,0,55260,55260,0,False,SCHEDULED,1631912400,HSL:4576_20210917_La_2_1501,576,HSL:4410205,DHL etelä
58860,58860,0,58860,58860,0,False,SCHEDULED,1631912400,HSL:4576_20210917_La_2_1601,576,HSL:4410205,DHL etelä
62460,62460,0,62460,62460,0,False,SCHEDULED,1631912400,HSL:4576_20210917_La_2_1701,576,HSL:4410205,DHL etelä
45600,45600,0,45600,45600,0,False,SCHEDULED,1631912400,HSL:4574_20210917_La_2_1221,574,HSL:4410208,Tuupakka
49200,49200,0,49200,49200,0,False,SCHEDULED,1631912400,HSL:4574_20210917_La_2_1320,574,HSL:4410208,Tuupakka
52800,52800,0,52800,52800,0,False,SCHEDULED,1631912400,HSL:4574_20210917_La_2_1420,574,HSL:4410208,Tuupakka
56340,56340,0,56340,56340,0,False,SCHEDULED,1631912400,HSL:4574_20210917_La_2_1520,574,HSL:4410208,Tuupakka
60000,60000,0,60000,60000,0,False,SCHEDULED,1631912400,HSL:4574_20210917_La_2_1621,574,HSL:4410208,Tuupakka
47580,47614,34,47580,47620,40,True,UPDATED,1631912400,HSL:4574_20210917_La_1_1233,574,HSL:4410209,Tuupakka
51180,51180,0,51180,51180,0,False,SCHEDULED,1631912400,HSL:4574_20210917_La_1_1333,574,HSL:4410209,Tuupakka
54780,54780,0,54780,54780,0,False,SCHEDULED,1631912400,HSL:4574_20210917_La_1_1433,574,HSL:4410209,Tuupakka
58380,58380,0,58380,58380,0,False,SCHEDULED,1631912400,HSL:4574_20210917_La_1_1533,574,HSL:4410209,Tuupakka
61980,61980,0,61980,61980,0,False,SCHEDULED,1631912400,HSL:4574_20210917_La_1_1633,574,HSL:4410209,Tuupakka
45360,45354,-6,45360,45363,3,True,UPDATED,1631912400,HSL:1090_20210917_La_1_1230,90,HSL:1541174,Aurinkolahti
46260,46260,0,46260,46260,0,False,SCHEDULED,1631912400,HSL:1090_20210917_La_1_1245,90,HSL:1541174,Aurinkolahti
47160,47160,0,47160,47160,0,False,SCHEDULED,1631912400,HSL:1090_20210917_La_1_1300,90,HSL:1541174,Aurinkolahti
48120,48120,0,48120,48120,0,False,SCHEDULED,1631912400,HSL:1090_20210917_La_1_1315,90,HSL:1541174,Aurinkolahti
49020,49020,0,49020,49020,0,False,SCHEDULED,1631912400,HSL:1090_20210917_La_1_1330,90,HSL:1541174,Aurinkolahti
84300,84300,0,84300,84300,0,False,SCHEDULED,1631912400,HSL:1096N_20210917_La_2_2321,96N,HSL:1541176,Vuotie
86100,86100,0,86100,86100,0,False,SCHEDULED,1631912400,HSL:1096N_20210917_La_2_2351,96N,HSL:1541176,Vuotie
87360,87360,0,87360,87360,0,False,SCHEDULED,1631912400,HSL:1096N_20210917_La_2_2412,96N,HSL:1541176,Vuotie
89160,89160,0,89160,89160,0,False,SCHEDULED,1631912400,HSL:1096N_20210917_La_2_2442,96N,HSL:1541176,Vuotie
91560,91560,0,91560,91560,0,False,SCHEDULED,1631912400,HSL:1096N_20210917_La_2_2522,96N,HSL:1541176,Vuotie
45540,45537,-3,45540,45545,5,True,UPDATED,1631912400,HSL:4576_20210917_La_1_1210,576,HSL:4410202,Viinikanmetsä
49080,49080,0,49080,49080,0,False,SCHEDULED,1631912400,HSL:4576_20210917_La_1_1309,576,HSL:4410202,Viinikanmetsä
52680,52680,0,52680,52680,0,False,SCHEDULED,1631912400,HSL:4576_20210917_La_1_1409,576,HSL:4410202,Viinikanmetsä
56280,56280,0,56280,56280,0,False,SCHEDULED,1631912400,HSL:4576_20210917_La_1_1509,576,HSL:4410202,Viinikanmetsä
59880,59880,0,59880,59880,0,False,SCHEDULED,1631912400,HSL:4576_20210917_La_1_1609,576,HSL:4410202,Viinikanmetsä
47880,47880,0,47880,47880,0,False,SCHEDULED,1631912400,HSL:4576_20210917_La_2_1301,576,HSL:4410201,Viinikanmetsä
51480,51480,0,51480,51480,0,False,SCHEDULED,1631912400,HSL:4576_20210917_La_2_1401,576,HSL:4410201,Viinikanmetsä
55140,55140,0,55140,55140,0,False,SCHEDULED,1631912400,HSL:4576_20210917_La_2_1501,576,HSL:4410201,Viinikanmetsä
58740,58740,0,58740,58740,0,False,SCHEDULED,1631912400,HSL:4576_20210917_La_2_1601,576,HSL:4410201,Viinikanmetsä
62340,62340,0,62340,62340,0,False,SCHEDULED,1631912400,HSL:4576_20210917_La_2_1701,576,HSL:4410201,Viinikanmetsä
45480,45474,-6,45480,45477,-3,True,UPDATED,1631912400,HSL:4576_20210917_La_1_1210,576,HSL:4410204,Viinikankaari
49020,49020,0,49020,49020,0,False,SCHEDULED,1631912400,HSL:4576_20210917_La_1_1309,576,HSL:4410204,Viinikankaari
52620,52620,0,52620,52620,0,False,SCHEDULED,1631912400,HSL:4576_20210917_La_1_1409,576,HSL:4410204,Viinikankaari
56220,56220,0,56220,56220,0,False,SCHEDULED,1631912400,HSL:4576_20210917_La_1_1509,576,HSL:4410204,Viinikankaari
59820,59820,0,59820,59820,0,False,SCHEDULED,1631912400,HSL:4576_20210917_La_1_1609,576,HSL:4410204,Viinikankaari
47940,47940,0,47940,47940,0,False,SCHEDULED,1631912400,HSL:4576_20210917_La_2_1301,576,HSL:4410203,Viinikankaari
51540,51540,0,51540,51540,0,False,SCHEDULED,1631912400,HSL:4576_20210917_La_2_1401,576,HSL:4410203,Viinikankaari
55200,55200,0,55200,55200,0,False,SCHEDULED,1631912400,HSL:4576_20210917_La_2_1501,576,HSL:4410203,Viinikankaari
58800,58800,0,58800,58800,0,False,SCHEDULED,1631912400,HSL:4576_20210917_La_2_1601,576,HSL:4410203,Viinikankaari
62400,62400,0,62400,62400,0,False,SCHEDULED,1631912400,HSL:4576_20210917_La_2_1701,576,HSL:4410203,Viinikankaari
58980,58980,0,58980,58980,0,False,SCHEDULED,1631912400,HSL:6182A_20210917_La_1_1600,182A,HSL:6302021,Säästöpankintie
39180,39180,0,39180,39180,0,False,SCHEDULED,1631998800,HSL:6182A_20210917_Su_1_1030,182A,HSL:6302021,Säästöpankintie
48240,48240,0,48240,48240,0,False,SCHEDULED,1631912400,HSL:4736_20210917_La_2_1256,736,HSL:4970299,Lattamiehentie
51840,51840,0,51840,51840,0,False,SCHEDULED,1631912400,HSL:4736_20210917_La_2_1356,736,HSL:4970299,Lattamiehentie
52860,52860,0,52860,52860,0,False,SCHEDULED,1631912400,HSL:9787K_20210917_La_1_1410,787K,HSL:4970299,Lattamiehentie
55440,55440,0,55440,55440,0,False,SCHEDULED,1631912400,HSL:4736_20210917_La_2_1456,736,HSL:4970299,Lattamiehentie
59040,59040,0,59040,59040,0,False,SCHEDULED,1631912400,HSL:4736_20210917_La_2_1556,736,HSL:4970299,Lattamiehentie
46740,46740,0,46740,46740,0,True,UPDATED,1631912400,HSL:4731_20210917_La_2_1235,731,HSL:4970296,Mittalinja
47940,47978,38,47940,47978,38,True,UPDATED,1631912400,HSL:9788K_20210917_La_2_1225,788K,HSL:4970296,Mittalinja
48540,48540,0,48540,48540,0,False,SCHEDULED,1631912400,HSL:4731_20210917_La_2_1305,731,HSL:4970296,Mittalinja
50340,50340,0,50340,50340,0,False,SCHEDULED,1631912400,HSL:4731_20210917_La_2_1335,731,HSL:4970296,Mittalinja
52140,52140,0,52140,52140,0,False,SCHEDULED,1631912400,HSL:4731_20210917_La_2_1405,731,HSL:4970296,Mittalinja
46140,46171,31,46140,46171,31,True,UPDATED,1631912400,HSL:4736_20210917_La_1_1218,736,HSL:4970298,Lattamiehentie
47880,47918,38,47880,47918,38,True,UPDATED,1631912400,HSL:9788K_20210917_La_2_1225,788K,HSL:4970298,Lattamiehentie
49740,49740,0,49740,49740,0,False,SCHEDULED,1631912400,HSL:4736_20210917_La_1_1318,736,HSL:4970298,Lattamiehentie
53340,53340,0,53340,53340,0,False,SCHEDULED,1631912400,HSL:4736_20210917_La_1_1418,736,HSL:4970298,Lattamiehentie
57000,57000,0,57000,57000,0,False,SCHEDULED,1631912400,HSL:4736_20210917_La_1_1518,736,HSL:4970298,Lattamiehentie
45360,45318,-42,45360,45319,-41,True,UPDATED,1631912400,HSL:4731_20210917_La_1_1210,731,HSL:4970297,Mittalinja
47100,47100,0,47100,47100,0,False,SCHEDULED,1631912400,HSL:4731_20210917_La_1_1239,731,HSL:4970297,Mittalinja
48900,48900,0,48900,48900,0,False,SCHEDULED,1631912400,HSL:4731_20210917_La_1_1308,731,HSL:4970297,Mittalinja
50700,50700,0,50700,50700,0,False,SCHEDULED,1631912400,HSL:4731_20210917_La_1_1338,731,HSL:4970297,Mittalinja
52500,52500,0,52500,52500,0,False,SCHEDULED,1631912400,HSL:4731_20210917_La_1_1408,731,HSL:4970297,Mittalinja
59700,59700,0,59700,59700,0,False,SCHEDULED,1631912400,HSL:6182A_20210917_La_2_1630,182A,HSL:6302020,Säästöpankintie
39900,39900,0,39900,39900,0,False,SCHEDULED,1631998800,HSL:6182A_20210917_Su_2_1100,182A,HSL:6302020,Säästöpankintie
46200,46200,0,46200,46200,0,False,SCHEDULED,1631912400,HSL:1090_20210917_La_1_1245,90,HSL:1541182,Sumukuja
47100,47100,0,47100,47100,0,False,SCHEDULED,1631912400,HSL:1090_20210917_La_1_1300,90,HSL:1541182,Sumukuja
48060,48060,0,48060,48060,0,False,SCHEDULED,1631912400,HSL:1090_20210917_La_1_1315,90,HSL:1541182,Sumukuja
48960,48960,0,48960,48960,0,False,SCHEDULED,1631912400,HSL:1090_20210917_La_1_1330,90,HSL:1541182,Sumukuja
49860,49860,0,49860,49860,0,False,SCHEDULED,1631912400,HSL:1090_20210917_La_1_1345,90,HSL:1541182,Sumukuja
58920,58920,0,58920,58920,0,False,SCHEDULED,1631912400,HSL:6182A_20210917_La_1_1600,182A,HSL:6302012,Siuntio matkahuolto
59760,59760,0,59760,59760,0,False,SCHEDULED,1631912400,HSL:6182A_20210917_La_2_1630,182A,HSL:6302012,Siuntio matkahuolto
39120,39120,0,39120,39120,0,False,SCHEDULED,1631998800,HSL:6182A_20210917_Su_1_1030,182A,HSL:6302012,Siuntio matkahuolto
39960,39960,0,39960,39960,0,False,SCHEDULED,1631998800,HSL:6182A_20210917_Su_2_1100,182A,HSL:6302012,Siuntio matkahuolto
59100,59100,0,59100,59100,0,False,SCHEDULED,1631912400,HSL:6182A_20210917_La_1_1600,182A,HSL:6302011,Pellas
39300,39300,0,39300,39300,0,False,SCHEDULED,1631998800,HSL:6182A_20210917_Su_1_1030,182A,HSL:6302011,Pellas
59640,59640,0,59640,59640,0,False,SCHEDULED,1631912400,HSL:6182A_20210917_La_2_1630,182A,HSL:6302010,Pellas
39840,39840,0,39840,39840,0,False,SCHEDULED,1631998800,HSL:6182A_20210917_Su_2_1100,182A,HSL:6302010,Pellas
83880,83880,0,83880,83880,0,False,SCHEDULED,1631912400,HSL:1090N_20210917_La_2_2311,90N,HSL:1541156,Kaivonkatsojanpuisto
85680,85680,0,85680,85680,0,False,SCHEDULED,1631912400,HSL:1090N_20210917_La_2_2341,90N,HSL:1541156,Kaivonkatsojanpuisto
88260,88260,0,88260,88260,0,False,SCHEDULED,1631912400,HSL:1090N_20210917_La_2_2424,90N,HSL:1541156,Kaivonkatsojanpuisto
90660,90660,0,90660,90660,0,False,SCHEDULED,1631912400,HSL:1090N_20210917_La_2_2505,90N,HSL:1541156,Kaivonkatsojanpuisto
93060,93060,0,93060,93060,0,False,SCHEDULED,1631912400,HSL:1090N_20210917_La_2_2545,90N,HSL:1541156,Kaivonkatsojanpuisto
58860,58860,0,58860,58860,0,False,SCHEDULED,1631912400,HSL:6182A_20210917_La_1_1600,182A,HSL:6302017,Sudenkaari
39060,39060,0,39060,39060,0,False,SCHEDULED,1631998800,HSL:6182A_20210917_Su_1_1030,182A,HSL:6302017,Sudenkaari
59820,59820,0,59820,59820,0,False,SCHEDULED,1631912400,HSL:6182A_20210917_La_2_1630,182A,HSL:6302016,Sudenkaari
40020,40020,0,40020,40020,0,False,SCHEDULED,1631998800,HSL:6182A_20210917_Su_2_1100,182A,HSL:6302016,Sudenkaari
87000,87000,0,87000,87000,0,False,SCHEDULED,1631912400,HSL:1090N_20210917_La_1_2339,90N,HSL:1541157,Kaivonkatsojanpuisto
88200,88200,0,88200,88200,0,False,SCHEDULED,1631912400,HSL:1090N_20210917_La_1_2359,90N,HSL:1541157,Kaivonkatsojanpuisto
89400,89400,0,89400,89400,0,False,SCHEDULED,1631912400,HSL:1090N_20210917_La_1_2419,90N,HSL:1541157,Kaivonkatsojanpuisto
90600,90600,0,90600,90600,0,False,SCHEDULED,1631912400,HSL:1090N_20210917_La_1_2439,90N,HSL:1541157,Kaivonkatsojanpuisto
91800,91800,0,91800,91800,0,False,SCHEDULED,1631912400,HSL:1090N_20210917_La_1_2459,90N,HSL:1541157,Kaivonkatsojanpuisto
60060,60060,0,60060,60060,0,False,SCHEDULED,1631912400,HSL:6182A_20210917_La_2_1630,182A,HSL:6302019,Sunnanvik
40260,40260,0,40260,40260,0,False,SCHEDULED,1631998800,HSL:6182A_20210917_Su_2_1100,182A,HSL:6302019,Sunnanvik
58680,58680,0,58680,58680,0,False,SCHEDULED,1631912400,HSL:6182A_20210917_La_1_1600,182A,HSL:6302018,Sunnanvik
38880,38880,0,38880,38880,0,False,SCHEDULED,1631998800,HSL:6182A_20210917_Su_1_1030,182A,HSL:6302018,Sunnanvik
48000,48000,0,48000,48000,0,False,SCHEDULED,1631912400,HSL:4736_20210917_La_2_1256,736,HSL:4970222,Päiväkumpu
51600,51600,0,51600,51600,0,False,SCHEDULED,1631912400,HSL:4736_20210917_La_2_1356,736,HSL:4970222,Päiväkumpu
55200,55200,0,55200,55200,0,False,SCHEDULED,1631912400,HSL:4736_20210917_La_2_1456,736,HSL:4970222,Päiväkumpu
58800,58800,0,58800,58800,0,False,SCHEDULED,1631912400,HSL:4736_20210917_La_2_1556,736,HSL:4970222,Päiväkumpu
62400,62400,0,62400,62400,0,False,SCHEDULED,1631912400,HSL:4736_20210917_La_2_1656,736,HSL:4970222,Päiväkumpu
45960,45991,31,45960,45991,31,True,UPDATED,1631912400,HSL:4736_20210917_La_1_1218,736,HSL:4970225,Paalumäki
47940,47940,0,47940,47940,0,False,SCHEDULED,1631912400,HSL:4739_20210917_La_1_1245,739,HSL:4970225,Paalumäki
49560,49560,0,49560,49560,0,False,SCHEDULED,1631912400,HSL:4736_20210917_La_1_1318,736,HSL:4970225,Paalumäki
51540,51540,0,51540,51540,0,False,SCHEDULED,1631912400,HSL:4739_20210917_La_1_1344,739,HSL:4970225,Paalumäki
53160,53160,0,53160,53160,0,False,SCHEDULED,1631912400,HSL:4736_20210917_La_1_1418,736,HSL:4970225,Paalumäki
48240,48240,0,48240,48240,0,False,SCHEDULED,1631912400,HSL:4623K_20210917_La_1_1300,623K,HSL:4500209,Tammisto
51840,51840,0,51840,51840,0,False,SCHEDULED,1631912400,HSL:4623K_20210917_La_1_1400,623K,HSL:4500209,Tammisto
55440,55440,0,55440,55440,0,False,SCHEDULED,1631912400,HSL:4623K_20210917_La_1_1500,623K,HSL:4500209,Tammisto
59040,59040,0,59040,59040,0,False,SCHEDULED,1631912400,HSL:4623K_20210917_La_1_1600,623K,HSL:4500209,Tammisto
62640,62640,0,62640,62640,0,False,SCHEDULED,1631912400,HSL:4623K_20210917_La_1_1700,623K,HSL:4500209,Tammisto
46380,46411,31,46380,46411,31,True,UPDATED,1631912400,HSL:4736_20210917_La_1_1218,736,HSL:4970221,Päiväkumpu
49980,49980,0,49980,49980,0,False,SCHEDULED,1631912400,HSL:4736_20210917_La_1_1318,736,HSL:4970221,Päiväkumpu
53580,53580,0,53580,53580,0,False,SCHEDULED,1631912400,HSL:4736_20210917_La_1_1418,736,HSL:4970221,Päiväkumpu
57240,57240,0,57240,57240,0,False,SCHEDULED,1631912400,HSL:4736_20210917_La_1_1518,736,HSL:4970221,Päiväkumpu
60840,60840,0,60840,60840,0,False,SCHEDULED,1631912400,HSL:4736_20210917_La_1_1618,736,HSL:4970221,Päiväkumpu
48060,48060,0,48120,48120,0,False,SCHEDULED,1631912400,HSL:4736_20210917_La_2_1256,736,HSL:4970220,Kuusijärvi
51660,51660,0,51720,51720,0,False,SCHEDULED,1631912400,HSL:4736_20210917_La_2_1356,736,HSL:4970220,Kuusijärvi
55260,55260,0,55320,55320,0,False,SCHEDULED,1631912400,HSL:4736_20210917_La_2_1456,736,HSL:4970220,Kuusijärvi
58860,58860,0,58920,58920,0,False,SCHEDULED,1631912400,HSL:4736_20210917_La_2_1556,736,HSL:4970220,Kuusijärvi
62460,62460,0,62520,62520,0,False,SCHEDULED,1631912400,HSL:4736_20210917_La_2_1656,736,HSL:4970220,Kuusijärvi
45480,45613,133,45480,45622,142,True,UPDATED,1631912400,HSL:4560_20210917_La_1_1156,560,HSL:4500206,Tapaninkyläntie
46080,46199,119,46080,46199,119,True,UPDATED,1631912400,HSL:4560_20210917_La_1_1206,560,HSL:4500206,Tapaninkyläntie
46260,46297,37,46260,46302,42,True,UPDATED,1631912400,HSL:4611_20210917_La_2_1228,611,HSL:4500206,Tapaninkyläntie
46680,46680,0,46680,46680,0,False,SCHEDULED,1631912400,HSL:4560_20210917_La_1_1216,560,HSL:4500206,Tapaninkyläntie
47280,47409,129,47280,47409,129,True,UPDATED,1631912400,HSL:4560_20210917_La_1_1226,560,HSL:4500206,Tapaninkyläntie
46020,46082,62,46020,46091,71,True,UPDATED,1631912400,HSL:4561_20210917_La_1_1223,561,HSL:4500205,Tapaninkyläntie
47220,47220,0,47220,47220,0,False,SCHEDULED,1631912400,HSL:4561_20210917_La_1_1243,561,HSL:4500205,Tapaninkyläntie
48480,48480,0,48480,48480,0,False,SCHEDULED,1631912400,HSL:4561_20210917_La_1_1303,561,HSL:4500205,Tapaninkyläntie
49680,49680,0,49680,49680,0,False,SCHEDULED,1631912400,HSL:4561_20210917_La_1_1323,561,HSL:4500205,Tapaninkyläntie
50880,50880,0,50880,50880,0,False,SCHEDULED,1631912400,HSL:4561_20210917_La_1_1343,561,HSL:4500205,Tapaninkyläntie
46200,46254,54,46200,46267,67,True,UPDATED,1631912400,HSL:4561_20210917_La_1_1223,561,HSL:4500204,Tammimäentie
47400,47400,0,47400,47400,0,False,SCHEDULED,1631912400,HSL:4561_20210917_La_1_1243,561,HSL:4500204,Tammimäentie
48660,48660,0,48660,48660,0,False,SCHEDULED,1631912400,HSL:4561_20210917_La_1_1303,561,HSL:4500204,Tammimäentie
49860,49860,0,49860,49860,0,False,SCHEDULED,1631912400,HSL:4561_20210917_La_1_1323,561,HSL:4500204,Tammimäentie
51060,51060,0,51060,51060,0,False,SCHEDULED,1631912400,HSL:4561_20210917_La_1_1343,561,HSL:4500204,Tammimäentie
45900,45900,0,45900,45900,0,False,SCHEDULED,1631912400,HSL:4561_20210917_La_2_1224,561,HSL:4500203,Tammimäentie
47100,47100,0,47100,47100,0,False,SCHEDULED,1631912400,HSL:4561_20210917_La_2_1244,561,HSL:4500203,Tammimäentie
48300,48300,0,48300,48300,0,False,SCHEDULED,1631912400,HSL:4561_20210917_La_2_1304,561,HSL:4500203,Tammimäentie
49560,49560,0,49560,49560,0,False,SCHEDULED,1631912400,HSL:4561_20210917_La_2_1324,561,HSL:4500203,Tammimäentie
50760,50760,0,50760,50760,0,False,SCHEDULED,1631912400,HSL:4561_20210917_La_2_1344,561,HSL:4500203,Tammimäentie
46320,46354,34,46320,46368,48,True,UPDATED,1631912400,HSL:4561_20210917_La_1_1223,561,HSL:4500202,Tammistontie
47520,47520,0,47520,47520,0,False,SCHEDULED,1631912400,HSL:4561_20210917_La_1_1243,561,HSL:4500202,Tammistontie
48780,48780,0,48780,48780,0,False,SCHEDULED,1631912400,HSL:4561_20210917_La_1_1303,561,HSL:4500202,Tammistontie
49980,49980,0,49980,49980,0,False,SCHEDULED,1631912400,HSL:4561_20210917_La_1_1323,561,HSL:4500202,Tammistontie
51180,51180,0,51180,51180,0,False,SCHEDULED,1631912400,HSL:4561_20210917_La_1_1343,561,HSL:4500202,Tammistontie
45780,45780,0,45780,45780,0,False,SCHEDULED,1631912400,HSL:4561_20210917_La_2_1224,561,HSL:4500201,Tammistontie
46980,46980,0,46980,46980,0,False,SCHEDULED,1631912400,HSL:4561_20210917_La_2_1244,561,HSL:4500201,Tammistontie
48180,48180,0,48180,48180,0,False,SCHEDULED,1631912400,HSL:4561_20210917_La_2_1304,561,HSL:4500201,Tammistontie
49440,49440,0,49440,49440,0,False,SCHEDULED,1631912400,HSL:4561_20210917_La_2_1324,561,HSL:4500201,Tammistontie
50640,50640,0,50640,50640,0,False,SCHEDULED,1631912400,HSL:4561_20210917_La_2_1344,561,HSL:4500201,Tammistontie
46380,46505,125,46380,46505,125,True,UPDATED,1631912400,HSL:4739_20210917_La_2_1226,739,HSL:4970226,Paalumäki
48420,48420,0,48420,48420,0,False,SCHEDULED,1631912400,HSL:4736_20210917_La_2_1256,736,HSL:4970226,Paalumäki
49980,49980,0,49980,49980,0,False,SCHEDULED,1631912400,HSL:4739_20210917_La_2_1326,739,HSL:4970226,Paalumäki
52020,52020,0,52020,52020,0,False,SCHEDULED,1631912400,HSL:4736_20210917_La_2_1356,736,HSL:4970226,Paalumäki
53580,53580,0,53580,53580,0,False,SCHEDULED,1631912400,HSL:4739_20210917_La_2_1426,739,HSL:4970226,Paalumäki
59760,59760,0,59760,59760,0,False,SCHEDULED,1631912400,HSL:6182A_20210917_La_2_1630,182A,HSL:6302002,Bollstadintie
39960,39960,0,39960,39960,0,False,SCHEDULED,1631998800,HSL:6182A_20210917_Su_2_1100,182A,HSL:6302002,Bollstadintie
59880,59880,0,59880,59880,0,False,SCHEDULED,1631912400,HSL:6182A_20210917_La_2_1630,182A,HSL:6302001,Billskogintie
40080,40080,0,40080,40080,0,False,SCHEDULED,1631998800,HSL:6182A_20210917_Su_2_1100,182A,HSL:6302001,Billskogintie
58800,58800,0,58800,58800,0,False,SCHEDULED,1631912400,HSL:6182A_20210917_La_1_1600,182A,HSL:6302000,Billskogintie
39000,39000,0,39000,39000,0,False,SCHEDULED,1631998800,HSL:6182A_20210917_Su_1_1030,182A,HSL:6302000,Billskogintie
59640,59640,0,59640,59640,0,False,SCHEDULED,1631912400,HSL:6182A_20210917_La_2_1630,182A,HSL:6302006,Fallintie
39840,39840,0,39840,39840,0,False,SCHEDULED,1631998800,HSL:6182A_20210917_Su_2_1100,182A,HSL:6302006,Fallintie
45780,45820,40,45780,45837,57,True,UPDATED,1631912400,HSL:4560_20210917_La_2_1145,560,HSL:1541167,Vedenottamontie
46380,46371,-9,46380,46396,16,True,UPDATED,1631912400,HSL:4560_20210917_La_2_1155,560,HSL:1541167,Vedenottamontie
46980,47316,336,46980,47338,358,True,UPDATED,1631912400,HSL:4560_20210917_La_2_1205,560,HSL:1541167,Vedenottamontie
47580,47621,41,47580,47621,41,True,UPDATED,1631912400,HSL:4560_20210917_La_2_1215,560,HSL:1541167,Vedenottamontie
48180,48289,109,48180,48308,128,True,UPDATED,1631912400,HSL:4560_20210917_La_2_1225,560,HSL:1541167,Vedenottamontie
45720,45720,0,45720,45720,0,False,SCHEDULED,1631912400,HSL:4560_20210917_La_1_1236,560,HSL:1541166,Vedenottamontie
46320,46320,0,46320,46320,0,False,SCHEDULED,1631912400,HSL:4560_20210917_La_1_1246,560,HSL:1541166,Vedenottamontie
46920,46920,0,46920,46920,0,False,SCHEDULED,1631912400,HSL:4560_20210917_La_1_1256,560,HSL:1541166,Vedenottamontie
47520,47520,0,47520,47520,0,False,SCHEDULED,1631912400,HSL:4560_20210917_La_1_1306,560,HSL:1541166,Vedenottamontie
48120,48120,0,48120,48120,0,False,SCHEDULED,1631912400,HSL:4560_20210917_La_1_1316,560,HSL:1541166,Vedenottamontie
58680,58680,0,58680,58680,0,False,SCHEDULED,1631912400,HSL:6182A_20210917_La_1_1600,182A,HSL:6302005,Degerbyntie
38880,38880,0,38880,38880,0,False,SCHEDULED,1631998800,HSL:6182A_20210917_Su_1_1030,182A,HSL:6302005,Degerbyntie
45720,45774,54,45720,45787,67,True,UPDATED,1631912400,HSL:4560_20210917_La_2_1145,560,HSL:1541169,Iiluodontie
46320,46327,7,46320,46348,28,True,UPDATED,1631912400,HSL:4560_20210917_La_2_1155,560,HSL:1541169,Iiluodontie
46920,47267,347,46920,47284,364,True,UPDATED,1631912400,HSL:4560_20210917_La_2_1205,560,HSL:1541169,Iiluodontie
47520,47571,51,47520,47571,51,True,UPDATED,1631912400,HSL:4560_20210917_La_2_1215,560,HSL:1541169,Iiluodontie
48120,48242,122,48120,48257,137,True,UPDATED,1631912400,HSL:4560_20210917_La_2_1225,560,HSL:1541169,Iiluodontie
60000,60000,0,60000,60000,0,False,SCHEDULED,1631912400,HSL:6182A_20210917_La_2_1630,182A,HSL:6302004,Degerbyntie
40200,40200,0,40200,40200,0,False,SCHEDULED,1631998800,HSL:6182A_20210917_Su_2_1100,182A,HSL:6302004,Degerbyntie
58980,58980,0,58980,58980,0,False,SCHEDULED,1631912400,HSL:6182A_20210917_La_1_1600,182A,HSL:6302003,Bollstadintie
39180,39180,0,39180,39180,0,False,SCHEDULED,1631998800,HSL:6182A_20210917_Su_1_1030,182A,HSL:6302003,Bollstadintie
45780,45780,0,45780,45780,0,False,SCHEDULED,1631912400,HSL:4560_20210917_La_1_1236,560,HSL:1541168,Iiluodontie
46380,46380,0,46380,46380,0,False,SCHEDULED,1631912400,HSL:4560_20210917_La_1_1246,560,HSL:1541168,Iiluodontie
46980,46980,0,46980,46980,0,False,SCHEDULED,1631912400,HSL:4560_20210917_La_1_1256,560,HSL:1541168,Iiluodontie
47580,47580,0,47580,47580,0,False,SCHEDULED,1631912400,HSL:4560_20210917_La_1_1306,560,HSL:1541168,Iiluodontie
48180,48180,0,48180,48180,0,False,SCHEDULED,1631912400,HSL:4560_20210917_La_1_1316,560,HSL:1541168,Iiluodontie
60000,60000,0,60000,60000,0,False,SCHEDULED,1631912400,HSL:6182A_20210917_La_2_1630,182A,HSL:6302009,Nordanvik tiehaara
40140,40140,0,40140,40140,0,False,SCHEDULED,1631998800,HSL:6182A_20210917_Su_2_1100,182A,HSL:6302009,Nordanvik tiehaara
58740,58740,0,58740,58740,0,False,SCHEDULED,1631912400,HSL:6182A_20210917_La_1_1600,182A,HSL:6302008,Nordanvik tiehaara
38940,38940,0,38940,38940,0,False,SCHEDULED,1631998800,HSL:6182A_20210917_Su_1_1030,182A,HSL:6302008,Nordanvik tiehaara
59040,59040,0,59040,59040,0,False,SCHEDULED,1631912400,HSL:6182A_20210917_La_1_1600,182A,HSL:6302007,Fallintie
39240,39240,0,39240,39240,0,False,SCHEDULED,1631998800,HSL:6182A_20210917_Su_1_1030,182A,HSL:6302007,Fallintie
46260,46385,125,46260,46385,125,True,UPDATED,1631912400,HSL:4739_20210917_La_2_1226,739,HSL:4970236,Katajamäentie
48300,48300,0,48300,48300,0,False,SCHEDULED,1631912400,HSL:4736_20210917_La_2_1256,736,HSL:4970236,Katajamäentie
49860,49860,0,49860,49860,0,False,SCHEDULED,1631912400,HSL:4739_20210917_La_2_1326,739,HSL:4970236,Katajamäentie
51900,51900,0,51900,51900,0,False,SCHEDULED,1631912400,HSL:4736_20210917_La_2_1356,736,HSL:4970236,Katajamäentie
53460,53460,0,53460,53460,0,False,SCHEDULED,1631912400,HSL:4739_20210917_La_2_1426,739,HSL:4970236,Katajamäentie
46200,46207,7,46200,46207,7,True,UPDATED,1631912400,HSL:4614_20210917_La_2_1234,614,HSL:4500219,Säterinkatu
47100,47100,0,47100,47100,0,False,SCHEDULED,1631912400,HSL:4615_20210917_La_2_1249,615,HSL:4500219,Säterinkatu
48000,48000,0,48000,48000,0,False,SCHEDULED,1631912400,HSL:4614_20210917_La_2_1304,614,HSL:4500219,Säterinkatu
48900,48900,0,48900,48900,0,False,SCHEDULED,1631912400,HSL:4615_20210917_La_2_1319,615,HSL:4500219,Säterinkatu
49800,49800,0,49800,49800,0,False,SCHEDULED,1631912400,HSL:4614_20210917_La_2_1334,614,HSL:4500219,Säterinkatu
45540,45552,12,45540,45552,12,True,UPDATED,1631912400,HSL:4614_20210917_La_1_1210,614,HSL:4500218,Säterinpolku
46380,46319,-61,46380,46319,-61,True,UPDATED,1631912400,HSL:4615_20210917_La_1_1225,615,HSL:4500218,Säterinpolku
47340,47340,0,47340,47340,0,False,SCHEDULED,1631912400,HSL:4614_20210917_La_1_1240,614,HSL:4500218,Säterinpolku
48180,48180,0,48180,48180,0,False,SCHEDULED,1631912400,HSL:4615_20210917_La_1_1255,615,HSL:4500218,Säterinpolku
49140,49140,0,49140,49140,0,False,SCHEDULED,1631912400,HSL:4614_20210917_La_1_1310,614,HSL:4500218,Säterinpolku
45420,45372,-48,45420,45373,-47,True,UPDATED,1631912400,HSL:4731_20210917_La_1_1210,731,HSL:4970231,Kuninkaanmäki
47160,47160,0,47160,47160,0,False,SCHEDULED,1631912400,HSL:4731_20210917_La_1_1239,731,HSL:4970231,Kuninkaanmäki
48960,48960,0,48960,48960,0,False,SCHEDULED,1631912400,HSL:4731_20210917_La_1_1308,731,HSL:4970231,Kuninkaanmäki
50760,50760,0,50760,50760,0,False,SCHEDULED,1631912400,HSL:4731_20210917_La_1_1338,731,HSL:4970231,Kuninkaanmäki
52560,52560,0,52560,52560,0,False,SCHEDULED,1631912400,HSL:4731_20210917_La_1_1408,731,HSL:4970231,Kuninkaanmäki
46140,46145,5,46140,46145,5,True,UPDATED,1631912400,HSL:4614_20210917_La_2_1234,614,HSL:4500217,Koetilankatu
47040,47040,0,47040,47040,0,False,SCHEDULED,1631912400,HSL:4615_20210917_La_2_1249,615,HSL:4500217,Koetilankatu
47940,47940,0,47940,47940,0,False,SCHEDULED,1631912400,HSL:4614_20210917_La_2_1304,614,HSL:4500217,Koetilankatu
48840,48840,0,48840,48840,0,False,SCHEDULED,1631912400,HSL:4615_20210917_La_2_1319,615,HSL:4500217,Koetilankatu
49740,49740,0,49740,49740,0,False,SCHEDULED,1631912400,HSL:4614_20210917_La_2_1334,614,HSL:4500217,Koetilankatu
45480,45480,0,45480,45480,0,True,UPDATED,1631912400,HSL:1096_20210917_La_1_1237,96,HSL:1541163,Mosaiikkitori
46380,46380,0,46380,46380,0,False,SCHEDULED,1631912400,HSL:1096_20210917_La_1_1252,96,HSL:1541163,Mosaiikkitori
47280,47280,0,47280,47280,0,False,SCHEDULED,1631912400,HSL:1096_20210917_La_1_1307,96,HSL:1541163,Mosaiikkitori
48180,48180,0,48180,48180,0,False,SCHEDULED,1631912400,HSL:1096_20210917_La_1_1322,96,HSL:1541163,Mosaiikkitori
49080,49080,0,49080,49080,0,False,SCHEDULED,1631912400,HSL:1096_20210917_La_1_1337,96,HSL:1541163,Mosaiikkitori
45660,45608,-52,45660,45608,-52,True,UPDATED,1631912400,HSL:1096_20210917_La_2_1234,96,HSL:1541162,Vuosaari (M)
45600,45615,15,45660,45676,16,True,UPDATED,1631912400,HSL:4560_20210917_La_2_1145,560,HSL:1541162,Vuosaari (M)
46200,46171,-29,46260,46260,0,True,UPDATED,1631912400,HSL:4560_20210917_La_2_1155,560,HSL:1541162,Vuosaari (M)
46560,46560,0,46560,46560,0,False,SCHEDULED,1631912400,HSL:1096_20210917_La_2_1249,96,HSL:1541162,Vuosaari (M)
46800,47136,336,46860,47185,325,True,UPDATED,1631912400,HSL:4560_20210917_La_2_1205,560,HSL:1541162,Vuosaari (M)
45600,45584,-16,45600,45584,-16,True,UPDATED,1631912400,HSL:4614_20210917_La_1_1210,614,HSL:4500216,Koetilankatu
46440,46365,-75,46440,46365,-75,True,UPDATED,1631912400,HSL:4615_20210917_La_1_1225,615,HSL:4500216,Koetilankatu
47400,47400,0,47400,47400,0,False,SCHEDULED,1631912400,HSL:4614_20210917_La_1_1240,614,HSL:4500216,Koetilankatu
48240,48240,0,48240,48240,0,False,SCHEDULED,1631912400,HSL:4615_20210917_La_1_1255,615,HSL:4500216,Koetilankatu
49200,49200,0,49200,49200,0,False,SCHEDULED,1631912400,HSL:4614_20210917_La_1_1310,614,HSL:4500216,Koetilankatu
46200,46249,49,46200,46249,49,True,UPDATED,1631912400,HSL:4614_20210917_La_2_1234,614,HSL:4500215,Rosendalinrinki
47100,47100,0,47100,47100,0,False,SCHEDULED,1631912400,HSL:4615_20210917_La_2_1249,615,HSL:4500215,Rosendalinrinki
48000,48000,0,48000,48000,0,False,SCHEDULED,1631912400,HSL:4614_20210917_La_2_1304,614,HSL:4500215,Rosendalinrinki
48900,48900,0,48900,48900,0,False,SCHEDULED,1631912400,HSL:4615_20210917_La_2_1319,615,HSL:4500215,Rosendalinrinki
49800,49800,0,49800,49800,0,False,SCHEDULED,1631912400,HSL:4614_20210917_La_2_1334,614,HSL:4500215,Rosendalinrinki
45720,45720,0,45720,45720,0,False,SCHEDULED,1631912400,HSL:4561_20210917_La_2_1224,561,HSL:4500214,Tammistonkuja
46920,46920,0,46920,46920,0,False,SCHEDULED,1631912400,HSL:4561_20210917_La_2_1244,561,HSL:4500214,Tammistonkuja
48120,48120,0,48120,48120,0,False,SCHEDULED,1631912400,HSL:4561_20210917_La_2_1304,561,HSL:4500214,Tammistonkuja
49380,49380,0,49380,49380,0,False,SCHEDULED,1631912400,HSL:4561_20210917_La_2_1324,561,HSL:4500214,Tammistonkuja
50580,50580,0,50580,50580,0,False,SCHEDULED,1631912400,HSL:4561_20210917_La_2_1344,561,HSL:4500214,Tammistonkuja
45600,45562,-38,45600,45562,-38,True,UPDATED,1631912400,HSL:1096_20210917_La_2_1234,96,HSL:1541164,Mosaiikkitori
46500,46500,0,46500,46500,0,False,SCHEDULED,1631912400,HSL:1096_20210917_La_2_1249,96,HSL:1541164,Mosaiikkitori
47400,47400,0,47400,47400,0,False,SCHEDULED,1631912400,HSL:1096_20210917_La_2_1304,96,HSL:1541164,Mosaiikkitori
48300,48300,0,48300,48300,0,False,SCHEDULED,1631912400,HSL:1096_20210917_La_2_1319,96,HSL:1541164,Mosaiikkitori
49200,49200,0,49200,49200,0,False,SCHEDULED,1631912400,HSL:1096_20210917_La_2_1334,96,HSL:1541164,Mosaiikkitori
45960,45931,-29,45960,45944,-16,True,UPDATED,1631912400,HSL:4560_20210917_La_2_1225,560,HSL:4500213,Tapaninkyläntie
46020,46020,0,46020,46020,0,False,SCHEDULED,1631912400,HSL:4561_20210917_La_2_1224,561,HSL:4500213,Tapaninkyläntie
46500,46413,-87,46500,46421,-79,True,UPDATED,1631912400,HSL:4611_20210917_La_1_1229,611,HSL:4500213,Tapaninkyläntie
46560,46560,0,46560,46560,0,False,SCHEDULED,1631912400,HSL:4560_20210917_La_2_1235,560,HSL:4500213,Tapaninkyläntie
47160,47160,0,47160,47160,0,False,SCHEDULED,1631912400,HSL:4560_20210917_La_2_1245,560,HSL:4500213,Tapaninkyläntie
48120,48120,0,48120,48120,0,False,SCHEDULED,1631912400,HSL:4739_20210917_La_1_1245,739,HSL:4970237,Katajamäentie
51720,51720,0,51720,51720,0,False,SCHEDULED,1631912400,HSL:4739_20210917_La_1_1344,739,HSL:4970237,Katajamäentie
52920,52920,0,52920,52920,0,False,SCHEDULED,1631912400,HSL:9787K_20210917_La_1_1410,787K,HSL:4970237,Katajamäentie
55320,55320,0,55320,55320,0,False,SCHEDULED,1631912400,HSL:4739_20210917_La_1_1444,739,HSL:4970237,Katajamäentie
58980,58980,0,58980,58980,0,False,SCHEDULED,1631912400,HSL:4739_20210917_La_1_1544,739,HSL:4970237,Katajamäentie
45420,44909,-511,45420,45420,0,True,UPDATED,1631912400,HSL:1096_20210917_La_1_1237,96,HSL:1541161,Vuosaari (M)
45600,45610,10,45600,45610,10,True,UPDATED,1631912400,HSL:1090_20210917_La_2_1228,90,HSL:1541161,Vuosaari (M)
46320,46320,0,46320,46320,0,False,SCHEDULED,1631912400,HSL:1096_20210917_La_1_1252,96,HSL:1541161,Vuosaari (M)
46500,46500,0,46500,46500,0,False,SCHEDULED,1631912400,HSL:1090_20210917_La_2_1243,90,HSL:1541161,Vuosaari (M)
47220,47220,0,47220,47220,0,False,SCHEDULED,1631912400,HSL:1096_20210917_La_1_1307,96,HSL:1541161,Vuosaari (M)
48660,48660,0,48660,48660,0,False,SCHEDULED,1631912400,HSL:4623K_20210917_La_2_1303,623K,HSL:4500210,Tammisto
52260,52260,0,52260,52260,0,False,SCHEDULED,1631912400,HSL:4623K_20210917_La_2_1403,623K,HSL:4500210,Tammisto
55860,55860,0,55860,55860,0,False,SCHEDULED,1631912400,HSL:4623K_20210917_La_2_1503,623K,HSL:4500210,Tammisto
59460,59460,0,59460,59460,0,False,SCHEDULED,1631912400,HSL:4623K_20210917_La_2_1603,623K,HSL:4500210,Tammisto
63060,63060,0,63060,63060,0,False,SCHEDULED,1631912400,HSL:4623K_20210917_La_2_1703,623K,HSL:4500210,Tammisto
45420,45386,-34,45420,45397,-23,True,UPDATED,1631912400,HSL:4560_20210917_La_2_1136,560,HSL:1541138,Ramsinniementie
46020,45995,-25,46020,46008,-12,True,UPDATED,1631912400,HSL:4560_20210917_La_2_1145,560,HSL:1541138,Ramsinniementie
46620,46586,-34,46620,46647,27,True,UPDATED,1631912400,HSL:4560_20210917_La_2_1155,560,HSL:1541138,Ramsinniementie
47220,47535,315,47220,47552,332,True,UPDATED,1631912400,HSL:4560_20210917_La_2_1205,560,HSL:1541138,Ramsinniementie
47820,47845,25,47820,47845,25,True,UPDATED,1631912400,HSL:4560_20210917_La_2_1215,560,HSL:1541138,Ramsinniementie
45480,45480,0,45480,45480,0,False,SCHEDULED,1631912400,HSL:4560_20210917_La_1_1236,560,HSL:1541137,Ramsinniementie
46080,46080,0,46080,46080,0,False,SCHEDULED,1631912400,HSL:4560_20210917_La_1_1246,560,HSL:1541137,Ramsinniementie
46680,46680,0,46680,46680,0,False,SCHEDULED,1631912400,HSL:4560_20210917_La_1_1256,560,HSL:1541137,Ramsinniementie
47280,47280,0,47280,47280,0,False,SCHEDULED,1631912400,HSL:4560_20210917_La_1_1306,560,HSL:1541137,Ramsinniementie
47880,47880,0,47880,47880,0,False,SCHEDULED,1631912400,HSL:4560_20210917_La_1_1316,560,HSL:1541137,Ramsinniementie
45600,45600,0,45600,45600,0,False,SCHEDULED,1631912400,HSL:4560_20210917_La_1_1236,560,HSL:1541139,Halkaisijantie
46200,46200,0,46200,46200,0,False,SCHEDULED,1631912400,HSL:4560_20210917_La_1_1246,560,HSL:1541139,Halkaisijantie
46800,46800,0,46800,46800,0,False,SCHEDULED,1631912400,HSL:4560_20210917_La_1_1256,560,HSL:1541139,Halkaisijantie
47400,47400,0,47400,47400,0,False,SCHEDULED,1631912400,HSL:4560_20210917_La_1_1306,560,HSL:1541139,Halkaisijantie
48000,48000,0,48000,48000,0,False,SCHEDULED,1631912400,HSL:4560_20210917_La_1_1316,560,HSL:1541139,Halkaisijantie
46140,46140,0,46140,46140,0,False,SCHEDULED,1631912400,HSL:1096_20210917_La_2_1249,96,HSL:1541134,Porslahdentie
47040,47040,0,47040,47040,0,False,SCHEDULED,1631912400,HSL:1096_20210917_La_2_1304,96,HSL:1541134,Porslahdentie
47940,47940,0,47940,47940,0,False,SCHEDULED,1631912400,HSL:1096_20210917_La_2_1319,96,HSL:1541134,Porslahdentie
48840,48840,0,48840,48840,0,False,SCHEDULED,1631912400,HSL:1096_20210917_La_2_1334,96,HSL:1541134,Porslahdentie
49740,49740,0,49740,49740,0,False,SCHEDULED,1631912400,HSL:1096_20210917_La_2_1349,96,HSL:1541134,Porslahdentie
84900,84900,0,84900,84900,0,False,SCHEDULED,1631912400,HSL:1096N_20210917_La_2_2321,96N,HSL:1541136,Meri-Rastilan tori
86700,86700,0,86700,86700,0,False,SCHEDULED,1631912400,HSL:1096N_20210917_La_2_2351,96N,HSL:1541136,Meri-Rastilan tori
87960,87960,0,87960,87960,0,False,SCHEDULED,1631912400,HSL:1096N_20210917_La_2_2412,96N,HSL:1541136,Meri-Rastilan tori
89760,89760,0,89760,89760,0,False,SCHEDULED,1631912400,HSL:1096N_20210917_La_2_2442,96N,HSL:1541136,Meri-Rastilan tori
92160,92160,0,92160,92160,0,False,SCHEDULED,1631912400,HSL:1096N_20210917_La_2_2522,96N,HSL:1541136,Meri-Rastilan tori
87120,87120,0,87120,87120,0,False,SCHEDULED,1631912400,HSL:1096N_20210917_La_1_2349,96N,HSL:1541135,Meri-Rastilan tori
88260,88260,0,88260,88260,0,False,SCHEDULED,1631912400,HSL:1096N_20210917_La_1_2409,96N,HSL:1541135,Meri-Rastilan tori
89460,89460,0,89460,89460,0,False,SCHEDULED,1631912400,HSL:1096N_20210917_La_1_2429,96N,HSL:1541135,Meri-Rastilan tori
90660,90660,0,90660,90660,0,False,SCHEDULED,1631912400,HSL:1096N_20210917_La_1_2449,96N,HSL:1541135,Meri-Rastilan tori
91860,91860,0,91860,91860,0,False,SCHEDULED,1631912400,HSL:1096N_20210917_La_1_2509,96N,HSL:1541135,Meri-Rastilan tori
45420,45480,60,45420,45486,66,True,UPDATED,1631912400,HSL:2550_20210917_La_1_1152,550,HSL:1463211,Henrikintie
45540,45635,95,45540,45635,95,True,UPDATED,1631912400,HSL:2200_20210917_La_1_1214,200,HSL:1463211,Henrikintie
45960,45927,-33,45960,45934,-26,True,UPDATED,1631912400,HSL:2553K_20210917_La_1_1150,553K,HSL:1463211,Henrikintie
46020,46192,172,46020,46200,180,True,UPDATED,1631912400,HSL:2550_20210917_La_1_1202,550,HSL:1463211,Henrikintie
46140,46206,66,46140,46220,80,True,UPDATED,1631912400,HSL:2200_20210917_La_1_1224,200,HSL:1463211,Henrikintie
48180,48180,0,48180,48180,0,False,SCHEDULED,1631912400,HSL:4736_20210917_La_2_1256,736,HSL:4970245,Kuninkaanmäki
51780,51780,0,51780,51780,0,False,SCHEDULED,1631912400,HSL:4736_20210917_La_2_1356,736,HSL:4970245,Kuninkaanmäki
52860,52860,0,52860,52860,0,False,SCHEDULED,1631912400,HSL:9787K_20210917_La_1_1410,787K,HSL:4970245,Kuninkaanmäki
55380,55380,0,55380,55380,0,False,SCHEDULED,1631912400,HSL:4736_20210917_La_2_1456,736,HSL:4970245,Kuninkaanmäki
58980,58980,0,58980,58980,0,False,SCHEDULED,1631912400,HSL:4736_20210917_La_2_1556,736,HSL:4970245,Kuninkaanmäki
46200,46200,0,46200,46200,0,False,SCHEDULED,1631912400,HSL:1096_20210917_La_2_1249,96,HSL:1541132,Isonvillasaarentie
47100,47100,0,47100,47100,0,False,SCHEDULED,1631912400,HSL:1096_20210917_La_2_1304,96,HSL:1541132,Isonvillasaarentie
48000,48000,0,48000,48000,0,False,SCHEDULED,1631912400,HSL:1096_20210917_La_2_1319,96,HSL:1541132,Isonvillasaarentie
48900,48900,0,48900,48900,0,False,SCHEDULED,1631912400,HSL:1096_20210917_La_2_1334,96,HSL:1541132,Isonvillasaarentie
49800,49800,0,49800,49800,0,False,SCHEDULED,1631912400,HSL:1096_20210917_La_2_1349,96,HSL:1541132,Isonvillasaarentie
45720,45720,0,45720,45720,0,True,UPDATED,1631912400,HSL:1096_20210917_La_1_1237,96,HSL:1541131,Isonvillasaarentie
46620,46620,0,46620,46620,0,False,SCHEDULED,1631912400,HSL:1096_20210917_La_1_1252,96,HSL:1541131,Isonvillasaarentie
47520,47520,0,47520,47520,0,False,SCHEDULED,1631912400,HSL:1096_20210917_La_1_1307,96,HSL:1541131,Isonvillasaarentie
48420,48420,0,48420,48420,0,False,SCHEDULED,1631912400,HSL:1096_20210917_La_1_1322,96,HSL:1541131,Isonvillasaarentie
49320,49320,0,49320,49320,0,False,SCHEDULED,1631912400,HSL:1096_20210917_La_1_1337,96,HSL:1541131,Isonvillasaarentie
45660,45660,0,45660,45660,0,False,SCHEDULED,1631912400,HSL:4560_20210917_La_1_1236,560,HSL:1541145,Kallvikinniemi
46260,46260,0,46260,46260,0,False,SCHEDULED,1631912400,HSL:4560_20210917_La_1_1246,560,HSL:1541145,Kallvikinniemi
46860,46860,0,46860,46860,0,False,SCHEDULED,1631912400,HSL:4560_20210917_La_1_1256,560,HSL:1541145,Kallvikinniemi
47460,47460,0,47460,47460,0,False,SCHEDULED,1631912400,HSL:4560_20210917_La_1_1306,560,HSL:1541145,Kallvikinniemi
48060,48060,0,48060,48060,0,False,SCHEDULED,1631912400,HSL:4560_20210917_La_1_1316,560,HSL:1541145,Kallvikinniemi
45360,45353,-7,45360,45383,23,True,UPDATED,1631912400,HSL:4560_20210917_La_2_1136,560,HSL:1541144,Harbonkatu
45960,45964,4,45960,45964,4,True,UPDATED,1631912400,HSL:4560_20210917_La_2_1145,560,HSL:1541144,Harbonkatu
46560,46532,-28,46560,46550,-10,True,UPDATED,1631912400,HSL:4560_20210917_La_2_1155,560,HSL:1541144,Harbonkatu
47160,47488,328,47160,47502,342,True,UPDATED,1631912400,HSL:4560_20210917_La_2_1205,560,HSL:1541144,Harbonkatu
47760,47779,19,47760,47779,19,True,UPDATED,1631912400,HSL:4560_20210917_La_2_1215,560,HSL:1541144,Harbonkatu
45780,45780,0,45780,45780,0,True,UPDATED,1631912400,HSL:1096_20210917_La_1_1237,96,HSL:1541147,Porslahdentie
46680,46680,0,46680,46680,0,False,SCHEDULED,1631912400,HSL:1096_20210917_La_1_1252,96,HSL:1541147,Porslahdentie
47580,47580,0,47580,47580,0,False,SCHEDULED,1631912400,HSL:1096_20210917_La_1_1307,96,HSL:1541147,Porslahdentie
48480,48480,0,48480,48480,0,False,SCHEDULED,1631912400,HSL:1096_20210917_La_1_1322,96,HSL:1541147,Porslahdentie
49380,49380,0,49380,49380,0,False,SCHEDULED,1631912400,HSL:1096_20210917_La_1_1337,96,HSL:1541147,Porslahdentie
45840,45871,31,45840,45883,43,True,UPDATED,1631912400,HSL:4560_20210917_La_2_1145,560,HSL:1541146,Kallvikinniemi
46440,46421,-19,46440,46441,1,True,UPDATED,1631912400,HSL:4560_20210917_La_2_1155,560,HSL:1541146,Kallvikinniemi
47040,47368,328,47040,47385,345,True,UPDATED,1631912400,HSL:4560_20210917_La_2_1205,560,HSL:1541146,Kallvikinniemi
47640,47685,45,47640,47685,45,True,UPDATED,1631912400,HSL:4560_20210917_La_2_1215,560,HSL:1541146,Kallvikinniemi
48240,48340,100,48240,48340,100,True,UPDATED,1631912400,HSL:4560_20210917_La_2_1225,560,HSL:1541146,Kallvikinniemi
47400,47400,0,47400,47400,0,False,SCHEDULED,1631912400,HSL:2201_20210917_La_2_1300,201,HSL:1463203,Kyläkirkko
51000,51000,0,51000,51000,0,False,SCHEDULED,1631912400,HSL:2201_20210917_La_2_1400,201,HSL:1463203,Kyläkirkko
54600,54600,0,54600,54600,0,False,SCHEDULED,1631912400,HSL:2201_20210917_La_2_1500,201,HSL:1463203,Kyläkirkko
45420,45420,0,45420,45420,0,False,SCHEDULED,1631912400,HSL:4560_20210917_La_1_1236,560,HSL:1541141,Fokkatori
46020,46020,0,46020,46020,0,False,SCHEDULED,1631912400,HSL:4560_20210917_La_1_1246,560,HSL:1541141,Fokkatori
46620,46620,0,46620,46620,0,False,SCHEDULED,1631912400,HSL:4560_20210917_La_1_1256,560,HSL:1541141,Fokkatori
47220,47220,0,47220,47220,0,False,SCHEDULED,1631912400,HSL:4560_20210917_La_1_1306,560,HSL:1541141,Fokkatori
47820,47820,0,47820,47820,0,False,SCHEDULED,1631912400,HSL:4560_20210917_La_1_1316,560,HSL:1541141,Fokkatori
45300,45310,10,45300,45341,41,True,UPDATED,1631912400,HSL:4560_20210917_La_2_1136,560,HSL:1541140,Halkaisijantie
45900,45940,40,45900,45950,50,True,UPDATED,1631912400,HSL:4560_20210917_La_2_1145,560,HSL:1541140,Halkaisijantie
46500,46488,-12,46500,46509,9,True,UPDATED,1631912400,HSL:4560_20210917_La_2_1155,560,HSL:1541140,Halkaisijantie
47100,47441,341,47100,47457,357,True,UPDATED,1631912400,HSL:4560_20210917_La_2_1205,560,HSL:1541140,Halkaisijantie
47700,47738,38,47700,47738,38,True,UPDATED,1631912400,HSL:4560_20210917_La_2_1215,560,HSL:1541140,Halkaisijantie
45540,45540,0,45540,45540,0,False,SCHEDULED,1631912400,HSL:4560_20210917_La_1_1236,560,HSL:1541143,Harbonkatu
46140,46140,0,46140,46140,0,False,SCHEDULED,1631912400,HSL:4560_20210917_La_1_1246,560,HSL:1541143,Harbonkatu
46740,46740,0,46740,46740,0,False,SCHEDULED,1631912400,HSL:4560_20210917_La_1_1256,560,HSL:1541143,Harbonkatu
47340,47340,0,47340,47340,0,False,SCHEDULED,1631912400,HSL:4560_20210917_La_1_1306,560,HSL:1541143,Harbonkatu
47940,47940,0,47940,47940,0,False,SCHEDULED,1631912400,HSL:4560_20210917_La_1_1316,560,HSL:1541143,Harbonkatu
45480,45431,-49,45480,45470,-10,True,UPDATED,1631912400,HSL:4560_20210917_La_2_1136,560,HSL:1541142,Fokkatori
46080,46040,-40,46080,46052,-28,True,UPDATED,1631912400,HSL:4560_20210917_La_2_1145,560,HSL:1541142,Fokkatori
46680,46647,-33,46680,46691,11,True,UPDATED,1631912400,HSL:4560_20210917_La_2_1155,560,HSL:1541142,Fokkatori
47280,47583,303,47280,47595,315,True,UPDATED,1631912400,HSL:4560_20210917_La_2_1205,560,HSL:1541142,Fokkatori
47880,47889,9,47880,47889,9,True,UPDATED,1631912400,HSL:4560_20210917_La_2_1215,560,HSL:1541142,Fokkatori
86880,86880,0,86880,86880,0,False,SCHEDULED,1631912400,HSL:1090N_20210917_La_1_2339,90N,HSL:1541115,Venemestarintie
88080,88080,0,88080,88080,0,False,SCHEDULED,1631912400,HSL:1090N_20210917_La_1_2359,90N,HSL:1541115,Venemestarintie
89280,89280,0,89280,89280,0,False,SCHEDULED,1631912400,HSL:1090N_20210917_La_1_2419,90N,HSL:1541115,Venemestarintie
90480,90480,0,90480,90480,0,False,SCHEDULED,1631912400,HSL:1090N_20210917_La_1_2439,90N,HSL:1541115,Venemestarintie
91680,91680,0,91680,91680,0,False,SCHEDULED,1631912400,HSL:1090N_20210917_La_1_2459,90N,HSL:1541115,Venemestarintie
45600,45570,-30,45600,45614,14,True,UPDATED,1631912400,HSL:4560_20210917_La_1_1226,560,HSL:1541118,Mustalahdentie
46200,46200,0,46200,46200,0,False,SCHEDULED,1631912400,HSL:4560_20210917_La_1_1236,560,HSL:1541118,Mustalahdentie
46800,46800,0,46800,46800,0,False,SCHEDULED,1631912400,HSL:4560_20210917_La_1_1246,560,HSL:1541118,Mustalahdentie
47400,47400,0,47400,47400,0,False,SCHEDULED,1631912400,HSL:4560_20210917_La_1_1256,560,HSL:1541118,Mustalahdentie
48000,48000,0,48000,48000,0,False,SCHEDULED,1631912400,HSL:4560_20210917_La_1_1306,560,HSL:1541118,Mustalahdentie
45420,45368,-52,45420,45430,10,True,UPDATED,1631912400,HSL:4560_20210917_La_1_1226,560,HSL:1541111,Lokitie
46020,46020,0,46020,46020,0,False,SCHEDULED,1631912400,HSL:4560_20210917_La_1_1236,560,HSL:1541111,Lokitie
46620,46620,0,46620,46620,0,False,SCHEDULED,1631912400,HSL:4560_20210917_La_1_1246,560,HSL:1541111,Lokitie
47220,47220,0,47220,47220,0,False,SCHEDULED,1631912400,HSL:4560_20210917_La_1_1256,560,HSL:1541111,Lokitie
47820,47820,0,47820,47820,0,False,SCHEDULED,1631912400,HSL:4560_20210917_La_1_1306,560,HSL:1541111,Lokitie
84000,84000,0,84000,84000,0,False,SCHEDULED,1631912400,HSL:1090N_20210917_La_2_2311,90N,HSL:1541114,Venemestarintie
85500,85500,0,85500,85500,0,False,SCHEDULED,1631912400,HSL:1090A_20210917_La_2_2338,90A,HSL:1541114,Venemestarintie
85800,85800,0,85800,85800,0,False,SCHEDULED,1631912400,HSL:1090N_20210917_La_2_2341,90N,HSL:1541114,Venemestarintie
87300,87300,0,87300,87300,0,False,SCHEDULED,1631912400,HSL:1090A_20210917_La_2_2408,90A,HSL:1541114,Venemestarintie
88380,88380,0,88380,88380,0,False,SCHEDULED,1631912400,HSL:1090N_20210917_La_2_2424,90N,HSL:1541114,Venemestarintie
45540,45540,0,45540,45540,0,False,SCHEDULED,1631912400,HSL:2147_20210917_La_2_1233,147,HSL:2414219,Näkinkaari
45600,45728,128,45600,45732,132,True,UPDATED,1631912400,HSL:2542_20210917_La_2_1207,542,HSL:2414219,Näkinkaari
46440,46440,0,46440,46440,0,False,SCHEDULED,1631912400,HSL:2147_20210917_La_2_1248,147,HSL:2414219,Näkinkaari
46500,46578,78,46500,46581,81,True,UPDATED,1631912400,HSL:2542_20210917_La_2_1222,542,HSL:2414219,Näkinkaari
46620,46620,0,46620,46620,0,False,SCHEDULED,1631912400,HSL:2543_20210917_La_2_1252,543,HSL:2414219,Näkinkaari
45660,45660,0,45660,45660,0,True,UPDATED,1631912400,HSL:1096_20210917_La_1_1237,96,HSL:1541127,Lokkisaarentie
46560,46560,0,46560,46560,0,False,SCHEDULED,1631912400,HSL:1096_20210917_La_1_1252,96,HSL:1541127,Lokkisaarentie
47460,47460,0,47460,47460,0,False,SCHEDULED,1631912400,HSL:1096_20210917_La_1_1307,96,HSL:1541127,Lokkisaarentie
48360,48360,0,48360,48360,0,False,SCHEDULED,1631912400,HSL:1096_20210917_La_1_1322,96,HSL:1541127,Lokkisaarentie
49260,49260,0,49260,49260,0,False,SCHEDULED,1631912400,HSL:1096_20210917_La_1_1337,96,HSL:1541127,Lokkisaarentie
45420,45433,13,45420,45433,13,True,UPDATED,1631912400,HSL:1096_20210917_La_2_1234,96,HSL:1541126,Punakiventie
46320,46320,0,46320,46320,0,False,SCHEDULED,1631912400,HSL:1096_20210917_La_2_1249,96,HSL:1541126,Punakiventie
47220,47220,0,47220,47220,0,False,SCHEDULED,1631912400,HSL:1096_20210917_La_2_1304,96,HSL:1541126,Punakiventie
48120,48120,0,48120,48120,0,False,SCHEDULED,1631912400,HSL:1096_20210917_La_2_1319,96,HSL:1541126,Punakiventie
49020,49020,0,49020,49020,0,False,SCHEDULED,1631912400,HSL:1096_20210917_La_2_1334,96,HSL:1541126,Punakiventie
45420,45392,-28,45420,45392,-28,True,UPDATED,1631912400,HSL:1096_20210917_La_2_1234,96,HSL:1541128,Lokkisaarentie
46320,46320,0,46320,46320,0,False,SCHEDULED,1631912400,HSL:1096_20210917_La_2_1249,96,HSL:1541128,Lokkisaarentie
47220,47220,0,47220,47220,0,False,SCHEDULED,1631912400,HSL:1096_20210917_La_2_1304,96,HSL:1541128,Lokkisaarentie
48120,48120,0,48120,48120,0,False,SCHEDULED,1631912400,HSL:1096_20210917_La_2_1319,96,HSL:1541128,Lokkisaarentie
49020,49020,0,49020,49020,0,False,SCHEDULED,1631912400,HSL:1096_20210917_La_2_1334,96,HSL:1541128,Lokkisaarentie
45540,45540,0,45540,45540,0,True,UPDATED,1631912400,HSL:1096_20210917_La_1_1237,96,HSL:1541123,Vuosaarentie
46440,46440,0,46440,46440,0,False,SCHEDULED,1631912400,HSL:1096_20210917_La_1_1252,96,HSL:1541123,Vuosaarentie
47340,47340,0,47340,47340,0,False,SCHEDULED,1631912400,HSL:1096_20210917_La_1_1307,96,HSL:1541123,Vuosaarentie
48240,48240,0,48240,48240,0,False,SCHEDULED,1631912400,HSL:1096_20210917_La_1_1322,96,HSL:1541123,Vuosaarentie
49140,49140,0,49140,49140,0,False,SCHEDULED,1631912400,HSL:1096_20210917_La_1_1337,96,HSL:1541123,Vuosaarentie
45540,45501,-39,45540,45501,-39,True,UPDATED,1631912400,HSL:1096_20210917_La_2_1234,96,HSL:1541124,Vuosaarentie
46440,46440,0,46440,46440,0,False,SCHEDULED,1631912400,HSL:1096_20210917_La_2_1249,96,HSL:1541124,Vuosaarentie
47340,47340,0,47340,47340,0,False,SCHEDULED,1631912400,HSL:1096_20210917_La_2_1304,96,HSL:1541124,Vuosaarentie
48240,48240,0,48240,48240,0,False,SCHEDULED,1631912400,HSL:1096_20210917_La_2_1319,96,HSL:1541124,Vuosaarentie
49140,49140,0,49140,49140,0,False,SCHEDULED,1631912400,HSL:1096_20210917_La_2_1334,96,HSL:1541124,Vuosaarentie
45780,45780,0,45780,45780,0,False,SCHEDULED,1631912400,HSL:4574_20210917_La_2_1221,574,HSL:4410297,Ansatie
49380,49380,0,49380,49380,0,False,SCHEDULED,1631912400,HSL:4574_20210917_La_2_1320,574,HSL:4410297,Ansatie
52980,52980,0,52980,52980,0,False,SCHEDULED,1631912400,HSL:4574_20210917_La_2_1420,574,HSL:4410297,Ansatie
56520,56520,0,56520,56520,0,False,SCHEDULED,1631912400,HSL:4574_20210917_La_2_1520,574,HSL:4410297,Ansatie
60180,60180,0,60180,60180,0,False,SCHEDULED,1631912400,HSL:4574_20210917_La_2_1621,574,HSL:4410297,Ansatie
47460,47467,7,47460,47476,16,True,UPDATED,1631912400,HSL:4574_20210917_La_1_1233,574,HSL:4410296,Ansatie
51060,51060,0,51060,51060,0,False,SCHEDULED,1631912400,HSL:4574_20210917_La_1_1333,574,HSL:4410296,Ansatie
54660,54660,0,54660,54660,0,False,SCHEDULED,1631912400,HSL:4574_20210917_La_1_1433,574,HSL:4410296,Ansatie
58200,58200,0,58200,58200,0,False,SCHEDULED,1631912400,HSL:4574_20210917_La_1_1533,574,HSL:4410296,Ansatie
61800,61800,0,61800,61800,0,False,SCHEDULED,1631912400,HSL:4574_20210917_La_1_1633,574,HSL:4410296,Ansatie
45720,45720,0,45720,45720,0,False,SCHEDULED,1631912400,HSL:4574_20210917_La_2_1221,574,HSL:4410299,Kalliosolantie
49320,49320,0,49320,49320,0,False,SCHEDULED,1631912400,HSL:4574_20210917_La_2_1320,574,HSL:4410299,Kalliosolantie
52920,52920,0,52920,52920,0,False,SCHEDULED,1631912400,HSL:4574_20210917_La_2_1420,574,HSL:4410299,Kalliosolantie
56460,56460,0,56460,56460,0,False,SCHEDULED,1631912400,HSL:4574_20210917_La_2_1520,574,HSL:4410299,Kalliosolantie
60120,60120,0,60120,60120,0,False,SCHEDULED,1631912400,HSL:4574_20210917_La_2_1621,574,HSL:4410299,Kalliosolantie
47520,47513,-7,47520,47521,1,True,UPDATED,1631912400,HSL:4574_20210917_La_1_1233,574,HSL:4410298,Kalliosolantie
51120,51120,0,51120,51120,0,False,SCHEDULED,1631912400,HSL:4574_20210917_La_1_1333,574,HSL:4410298,Kalliosolantie
54720,54720,0,54720,54720,0,False,SCHEDULED,1631912400,HSL:4574_20210917_La_1_1433,574,HSL:4410298,Kalliosolantie
58260,58260,0,58260,58260,0,False,SCHEDULED,1631912400,HSL:4574_20210917_La_1_1533,574,HSL:4410298,Kalliosolantie
61860,61860,0,61860,61860,0,False,SCHEDULED,1631912400,HSL:4574_20210917_La_1_1633,574,HSL:4410298,Kalliosolantie
45540,45536,-4,45540,45536,-4,True,UPDATED,1631912400,HSL:4560_20210917_La_2_1145,560,HSL:1541120,Lokitie
46140,46080,-60,46140,46126,-14,True,UPDATED,1631912400,HSL:4560_20210917_La_2_1155,560,HSL:1541120,Lokitie
46740,47038,298,46740,47056,316,True,UPDATED,1631912400,HSL:4560_20210917_La_2_1205,560,HSL:1541120,Lokitie
47340,47327,-13,47340,47327,-13,True,UPDATED,1631912400,HSL:4560_20210917_La_2_1215,560,HSL:1541120,Lokitie
47940,47998,58,47940,48012,72,True,UPDATED,1631912400,HSL:4560_20210917_La_2_1225,560,HSL:1541120,Lokitie
48060,48060,0,48060,48060,0,False,SCHEDULED,1631912400,HSL:1831K_20210917_La_2_1310,831K,HSL:1601206,Karhusaari
51120,51120,0,51120,51120,0,False,SCHEDULED,1631912400,HSL:1831K_20210917_La_1_1350,831K,HSL:1601206,Karhusaari
55320,55320,0,55320,55320,0,False,SCHEDULED,1631912400,HSL:1831K_20210917_La_2_1511,831K,HSL:1601206,Karhusaari
58320,58320,0,58320,58320,0,False,SCHEDULED,1631912400,HSL:1831K_20210917_La_1_1550,831K,HSL:1601206,Karhusaari
62520,62520,0,62520,62520,0,False,SCHEDULED,1631912400,HSL:1831K_20210917_La_2_1711,831K,HSL:1601206,Karhusaari
48000,48000,0,48000,48000,0,False,SCHEDULED,1631912400,HSL:1831K_20210917_La_2_1310,831K,HSL:1601207,Pituuspiiri
51060,51060,0,51060,51060,0,False,SCHEDULED,1631912400,HSL:1831K_20210917_La_1_1350,831K,HSL:1601207,Pituuspiiri
55260,55260,0,55260,55260,0,False,SCHEDULED,1631912400,HSL:1831K_20210917_La_2_1511,831K,HSL:1601207,Pituuspiiri
58260,58260,0,58260,58260,0,False,SCHEDULED,1631912400,HSL:1831K_20210917_La_1_1550,831K,HSL:1601207,Pituuspiiri
62460,62460,0,62460,62460,0,False,SCHEDULED,1631912400,HSL:1831K_20210917_La_2_1711,831K,HSL:1601207,Pituuspiiri
48120,48120,0,48120,48120,0,False,SCHEDULED,1631912400,HSL:1831K_20210917_La_2_1310,831K,HSL:1601204,Merikapteenintie
51180,51180,0,51180,51180,0,False,SCHEDULED,1631912400,HSL:1831K_20210917_La_1_1350,831K,HSL:1601204,Merikapteenintie
55380,55380,0,55380,55380,0,False,SCHEDULED,1631912400,HSL:1831K_20210917_La_2_1511,831K,HSL:1601204,Merikapteenintie
58380,58380,0,58380,58380,0,False,SCHEDULED,1631912400,HSL:1831K_20210917_La_1_1550,831K,HSL:1601204,Merikapteenintie
62580,62580,0,62580,62580,0,False,SCHEDULED,1631912400,HSL:1831K_20210917_La_2_1711,831K,HSL:1601204,Merikapteenintie
47820,47820,0,47820,47820,0,False,SCHEDULED,1631912400,HSL:1831K_20210917_La_2_1310,831K,HSL:1601205,Karhusaarentie
50880,50880,0,50880,50880,0,False,SCHEDULED,1631912400,HSL:1831K_20210917_La_1_1350,831K,HSL:1601205,Karhusaarentie
55080,55080,0,55080,55080,0,False,SCHEDULED,1631912400,HSL:1831K_20210917_La_2_1511,831K,HSL:1601205,Karhusaarentie
58080,58080,0,58080,58080,0,False,SCHEDULED,1631912400,HSL:1831K_20210917_La_1_1550,831K,HSL:1601205,Karhusaarentie
62280,62280,0,62280,62280,0,False,SCHEDULED,1631912400,HSL:1831K_20210917_La_2_1711,831K,HSL:1601205,Karhusaarentie
48060,48060,0,48060,48060,0,False,SCHEDULED,1631912400,HSL:1831K_20210917_La_2_1310,831K,HSL:1601208,Pituuspiiri
51180,51180,0,51180,51180,0,False,SCHEDULED,1631912400,HSL:1831K_20210917_La_1_1350,831K,HSL:1601208,Pituuspiiri
55320,55320,0,55320,55320,0,False,SCHEDULED,1631912400,HSL:1831K_20210917_La_2_1511,831K,HSL:1601208,Pituuspiiri
58380,58380,0,58380,58380,0,False,SCHEDULED,1631912400,HSL:1831K_20210917_La_1_1550,831K,HSL:1601208,Pituuspiiri
62520,62520,0,62520,62520,0,False,SCHEDULED,1631912400,HSL:1831K_20210917_La_2_1711,831K,HSL:1601208,Pituuspiiri
47940,47940,0,47940,47940,0,False,SCHEDULED,1631912400,HSL:1831K_20210917_La_2_1310,831K,HSL:1601209,Reelinki
51000,51000,0,51000,51000,0,False,SCHEDULED,1631912400,HSL:1831K_20210917_La_1_1350,831K,HSL:1601209,Reelinki
55200,55200,0,55200,55200,0,False,SCHEDULED,1631912400,HSL:1831K_20210917_La_2_1511,831K,HSL:1601209,Reelinki
58200,58200,0,58200,58200,0,False,SCHEDULED,1631912400,HSL:1831K_20210917_La_1_1550,831K,HSL:1601209,Reelinki
62400,62400,0,62400,62400,0,False,SCHEDULED,1631912400,HSL:1831K_20210917_La_2_1711,831K,HSL:1601209,Reelinki
45900,45931,31,45900,45931,31,True,UPDATED,1631912400,HSL:4736_20210917_La_1_1218,736,HSL:4970201,Pohjolantie
47880,47880,0,47880,47880,0,False,SCHEDULED,1631912400,HSL:4739_20210917_La_1_1245,739,HSL:4970201,Pohjolantie
49500,49500,0,49500,49500,0,False,SCHEDULED,1631912400,HSL:4736_20210917_La_1_1318,736,HSL:4970201,Pohjolantie
51480,51480,0,51480,51480,0,False,SCHEDULED,1631912400,HSL:4739_20210917_La_1_1344,739,HSL:4970201,Pohjolantie
53100,53100,0,53100,53100,0,False,SCHEDULED,1631912400,HSL:4736_20210917_La_1_1418,736,HSL:4970201,Pohjolantie
45960,45991,31,45960,45991,31,True,UPDATED,1631912400,HSL:4736_20210917_La_1_1218,736,HSL:4970203,Honkamäentie
48000,48000,0,48000,48000,0,False,SCHEDULED,1631912400,HSL:4739_20210917_La_1_1245,739,HSL:4970203,Honkamäentie
49560,49560,0,49560,49560,0,False,SCHEDULED,1631912400,HSL:4736_20210917_La_1_1318,736,HSL:4970203,Honkamäentie
51600,51600,0,51600,51600,0,False,SCHEDULED,1631912400,HSL:4739_20210917_La_1_1344,739,HSL:4970203,Honkamäentie
53160,53160,0,53160,53160,0,False,SCHEDULED,1631912400,HSL:4736_20210917_La_1_1418,736,HSL:4970203,Honkamäentie
45480,45480,0,45480,45480,0,True,UPDATED,1631912400,HSL:1064_20210917_La_2_1236,64,HSL:1342114,Koulutuvantie
46680,46680,0,46680,46680,0,False,SCHEDULED,1631912400,HSL:1064_20210917_La_2_1256,64,HSL:1342114,Koulutuvantie
47880,47880,0,47880,47880,0,False,SCHEDULED,1631912400,HSL:1064_20210917_La_2_1316,64,HSL:1342114,Koulutuvantie
49080,49080,0,49080,49080,0,False,SCHEDULED,1631912400,HSL:1064_20210917_La_2_1336,64,HSL:1342114,Koulutuvantie
50280,50280,0,50280,50280,0,False,SCHEDULED,1631912400,HSL:1064_20210917_La_2_1356,64,HSL:1342114,Koulutuvantie
45780,45807,27,45780,45847,67,True,UPDATED,1631912400,HSL:1064_20210917_La_1_1212,64,HSL:1342115,Piikintie
47040,47029,-11,47040,47042,2,True,UPDATED,1631912400,HSL:1064_20210917_La_1_1232,64,HSL:1342115,Piikintie
48240,48240,0,48240,48240,0,False,SCHEDULED,1631912400,HSL:1064_20210917_La_1_1252,64,HSL:1342115,Piikintie
49500,49500,0,49500,49500,0,False,SCHEDULED,1631912400,HSL:1064_20210917_La_1_1312,64,HSL:1342115,Piikintie
50700,50700,0,50700,50700,0,False,SCHEDULED,1631912400,HSL:1064_20210917_La_1_1332,64,HSL:1342115,Piikintie
46320,46445,125,46320,46445,125,True,UPDATED,1631912400,HSL:4739_20210917_La_2_1226,739,HSL:4970208,Kuusimäentie
48360,48360,0,48360,48360,0,False,SCHEDULED,1631912400,HSL:4736_20210917_La_2_1256,736,HSL:4970208,Kuusimäentie
49920,49920,0,49920,49920,0,False,SCHEDULED,1631912400,HSL:4739_20210917_La_2_1326,739,HSL:4970208,Kuusimäentie
51960,51960,0,51960,51960,0,False,SCHEDULED,1631912400,HSL:4736_20210917_La_2_1356,736,HSL:4970208,Kuusimäentie
53520,53520,0,53520,53520,0,False,SCHEDULED,1631912400,HSL:4739_20210917_La_2_1426,739,HSL:4970208,Kuusimäentie
45420,45420,0,45420,45420,0,True,UPDATED,1631912400,HSL:1064_20210917_La_2_1236,64,HSL:1342116,Piikintie
46620,46620,0,46620,46620,0,False,SCHEDULED,1631912400,HSL:1064_20210917_La_2_1256,64,HSL:1342116,Piikintie
47820,47820,0,47820,47820,0,False,SCHEDULED,1631912400,HSL:1064_20210917_La_2_1316,64,HSL:1342116,Piikintie
49020,49020,0,49020,49020,0,False,SCHEDULED,1631912400,HSL:1064_20210917_La_2_1336,64,HSL:1342116,Piikintie
50220,50220,0,50220,50220,0,False,SCHEDULED,1631912400,HSL:1064_20210917_La_2_1356,64,HSL:1342116,Piikintie
46020,46051,31,46020,46051,31,True,UPDATED,1631912400,HSL:4736_20210917_La_1_1218,736,HSL:4970205,Haapamäentie
48060,48060,0,48060,48060,0,False,SCHEDULED,1631912400,HSL:4739_20210917_La_1_1245,739,HSL:4970205,Haapamäentie
49620,49620,0,49620,49620,0,False,SCHEDULED,1631912400,HSL:4736_20210917_La_1_1318,736,HSL:4970205,Haapamäentie
51660,51660,0,51660,51660,0,False,SCHEDULED,1631912400,HSL:4739_20210917_La_1_1344,739,HSL:4970205,Haapamäentie
53220,53220,0,53220,53220,0,False,SCHEDULED,1631912400,HSL:4736_20210917_La_1_1418,736,HSL:4970205,Haapamäentie
48180,48180,0,48180,48180,0,False,SCHEDULED,1631912400,HSL:1831K_20210917_La_2_1310,831K,HSL:1601202,Skutholminkaari
51240,51240,0,51240,51240,0,False,SCHEDULED,1631912400,HSL:1831K_20210917_La_1_1350,831K,HSL:1601202,Skutholminkaari
55440,55440,0,55440,55440,0,False,SCHEDULED,1631912400,HSL:1831K_20210917_La_2_1511,831K,HSL:1601202,Skutholminkaari
58440,58440,0,58440,58440,0,False,SCHEDULED,1631912400,HSL:1831K_20210917_La_1_1550,831K,HSL:1601202,Skutholminkaari
62640,62640,0,62640,62640,0,False,SCHEDULED,1631912400,HSL:1831K_20210917_La_2_1711,831K,HSL:1601202,Skutholminkaari
45540,45540,0,45540,45540,0,True,UPDATED,1631912400,HSL:1064_20210917_La_2_1236,64,HSL:1342110,Urakkatie
46740,46740,0,46740,46740,0,False,SCHEDULED,1631912400,HSL:1064_20210917_La_2_1256,64,HSL:1342110,Urakkatie
47940,47940,0,47940,47940,0,False,SCHEDULED,1631912400,HSL:1064_20210917_La_2_1316,64,HSL:1342110,Urakkatie
49140,49140,0,49140,49140,0,False,SCHEDULED,1631912400,HSL:1064_20210917_La_2_1336,64,HSL:1342110,Urakkatie
50340,50340,0,50340,50340,0,False,SCHEDULED,1631912400,HSL:1064_20210917_La_2_1356,64,HSL:1342110,Urakkatie
46020,46020,0,46020,46020,0,False,SCHEDULED,1631912400,HSL:4555B_20210917_La_2_1235,555B,HSL:4110201,Viikatetie
47820,47820,0,47820,47820,0,False,SCHEDULED,1631912400,HSL:4555B_20210917_La_2_1305,555B,HSL:4110201,Viikatetie
49620,49620,0,49620,49620,0,False,SCHEDULED,1631912400,HSL:4555B_20210917_La_2_1335,555B,HSL:4110201,Viikatetie
51420,51420,0,51420,51420,0,False,SCHEDULED,1631912400,HSL:4555B_20210917_La_2_1405,555B,HSL:4110201,Viikatetie
53220,53220,0,53220,53220,0,False,SCHEDULED,1631912400,HSL:4555B_20210917_La_2_1435,555B,HSL:4110201,Viikatetie
48000,48000,0,48000,48000,0,False,SCHEDULED,1631912400,HSL:1831K_20210917_La_2_1310,831K,HSL:1601203,Merikapteenintie
51060,51060,0,51060,51060,0,False,SCHEDULED,1631912400,HSL:1831K_20210917_La_1_1350,831K,HSL:1601203,Merikapteenintie
55260,55260,0,55260,55260,0,False,SCHEDULED,1631912400,HSL:1831K_20210917_La_2_1511,831K,HSL:1601203,Merikapteenintie
58260,58260,0,58260,58260,0,False,SCHEDULED,1631912400,HSL:1831K_20210917_La_1_1550,831K,HSL:1601203,Merikapteenintie
62460,62460,0,62460,62460,0,False,SCHEDULED,1631912400,HSL:1831K_20210917_La_2_1711,831K,HSL:1601203,Merikapteenintie
45660,45725,65,45660,45735,75,True,UPDATED,1631912400,HSL:1064_20210917_La_1_1212,64,HSL:1342111,Etupellonpuisto
46920,46948,28,46920,46959,39,True,UPDATED,1631912400,HSL:1064_20210917_La_1_1232,64,HSL:1342111,Etupellonpuisto
48120,48120,0,48120,48120,0,False,SCHEDULED,1631912400,HSL:1064_20210917_La_1_1252,64,HSL:1342111,Etupellonpuisto
49380,49380,0,49380,49380,0,False,SCHEDULED,1631912400,HSL:1064_20210917_La_1_1312,64,HSL:1342111,Etupellonpuisto
50580,50580,0,50580,50580,0,False,SCHEDULED,1631912400,HSL:1064_20210917_La_1_1332,64,HSL:1342111,Etupellonpuisto
46380,46505,125,46380,46505,125,True,UPDATED,1631912400,HSL:4739_20210917_La_2_1226,739,HSL:4970204,Honkamäentie
48420,48420,0,48420,48420,0,False,SCHEDULED,1631912400,HSL:4736_20210917_La_2_1256,736,HSL:4970204,Honkamäentie
49980,49980,0,49980,49980,0,False,SCHEDULED,1631912400,HSL:4739_20210917_La_2_1326,739,HSL:4970204,Honkamäentie
52020,52020,0,52020,52020,0,False,SCHEDULED,1631912400,HSL:4736_20210917_La_2_1356,736,HSL:4970204,Honkamäentie
53580,53580,0,53580,53580,0,False,SCHEDULED,1631912400,HSL:4739_20210917_La_2_1426,739,HSL:4970204,Honkamäentie
45540,45540,0,45540,45540,0,True,UPDATED,1631912400,HSL:1064_20210917_La_2_1236,64,HSL:1342112,Etupellonpuisto
46740,46740,0,46740,46740,0,False,SCHEDULED,1631912400,HSL:1064_20210917_La_2_1256,64,HSL:1342112,Etupellonpuisto
47940,47940,0,47940,47940,0,False,SCHEDULED,1631912400,HSL:1064_20210917_La_2_1316,64,HSL:1342112,Etupellonpuisto
49140,49140,0,49140,49140,0,False,SCHEDULED,1631912400,HSL:1064_20210917_La_2_1336,64,HSL:1342112,Etupellonpuisto
50340,50340,0,50340,50340,0,False,SCHEDULED,1631912400,HSL:1064_20210917_La_2_1356,64,HSL:1342112,Etupellonpuisto
46080,46111,31,46080,46111,31,True,UPDATED,1631912400,HSL:4736_20210917_La_1_1218,736,HSL:4970207,Kuusimäentie
48060,48060,0,48060,48060,0,False,SCHEDULED,1631912400,HSL:4739_20210917_La_1_1245,739,HSL:4970207,Kuusimäentie
49680,49680,0,49680,49680,0,False,SCHEDULED,1631912400,HSL:4736_20210917_La_1_1318,736,HSL:4970207,Kuusimäentie
51660,51660,0,51660,51660,0,False,SCHEDULED,1631912400,HSL:4739_20210917_La_1_1344,739,HSL:4970207,Kuusimäentie
53280,53280,0,53280,53280,0,False,SCHEDULED,1631912400,HSL:4736_20210917_La_1_1418,736,HSL:4970207,Kuusimäentie
45720,45767,47,45720,45776,56,True,UPDATED,1631912400,HSL:1064_20210917_La_1_1212,64,HSL:1342113,Koulutuvantie
46980,46989,9,46980,46998,18,True,UPDATED,1631912400,HSL:1064_20210917_La_1_1232,64,HSL:1342113,Koulutuvantie
48180,48180,0,48180,48180,0,False,SCHEDULED,1631912400,HSL:1064_20210917_La_1_1252,64,HSL:1342113,Koulutuvantie
49440,49440,0,49440,49440,0,False,SCHEDULED,1631912400,HSL:1064_20210917_La_1_1312,64,HSL:1342113,Koulutuvantie
50640,50640,0,50640,50640,0,False,SCHEDULED,1631912400,HSL:1064_20210917_La_1_1332,64,HSL:1342113,Koulutuvantie
47940,47940,0,47940,47940,0,False,SCHEDULED,1631912400,HSL:1831K_20210917_La_2_1310,831K,HSL:1601201,Skutholminkaari
51000,51000,0,51000,51000,0,False,SCHEDULED,1631912400,HSL:1831K_20210917_La_1_1350,831K,HSL:1601201,Skutholminkaari
55200,55200,0,55200,55200,0,False,SCHEDULED,1631912400,HSL:1831K_20210917_La_2_1511,831K,HSL:1601201,Skutholminkaari
58200,58200,0,58200,58200,0,False,SCHEDULED,1631912400,HSL:1831K_20210917_La_1_1550,831K,HSL:1601201,Skutholminkaari
62400,62400,0,62400,62400,0,False,SCHEDULED,1631912400,HSL:1831K_20210917_La_2_1711,831K,HSL:1601201,Skutholminkaari
46320,46445,125,46320,46445,125,True,UPDATED,1631912400,HSL:4739_20210917_La_2_1226,739,HSL:4970206,Haapamäentie
48360,48360,0,48360,48360,0,False,SCHEDULED,1631912400,HSL:4736_20210917_La_2_1256,736,HSL:4970206,Haapamäentie
49920,49920,0,49920,49920,0,False,SCHEDULED,1631912400,HSL:4739_20210917_La_2_1326,739,HSL:4970206,Haapamäentie
51960,51960,0,51960,51960,0,False,SCHEDULED,1631912400,HSL:4736_20210917_La_2_1356,736,HSL:4970206,Haapamäentie
53520,53520,0,53520,53520,0,False,SCHEDULED,1631912400,HSL:4739_20210917_La_2_1426,739,HSL:4970206,Haapamäentie
45540,45505,-35,45540,45563,23,True,UPDATED,1631912400,HSL:4560_20210917_La_1_1226,560,HSL:1541105,Merikorttitie
46140,46140,0,46140,46140,0,False,SCHEDULED,1631912400,HSL:4560_20210917_La_1_1236,560,HSL:1541105,Merikorttitie
46740,46740,0,46740,46740,0,False,SCHEDULED,1631912400,HSL:4560_20210917_La_1_1246,560,HSL:1541105,Merikorttitie
47340,47340,0,47340,47340,0,False,SCHEDULED,1631912400,HSL:4560_20210917_La_1_1256,560,HSL:1541105,Merikorttitie
47940,47940,0,47940,47940,0,False,SCHEDULED,1631912400,HSL:4560_20210917_La_1_1306,560,HSL:1541105,Merikorttitie
45420,45412,-8,45420,45413,-7,True,UPDATED,1631912400,HSL:4560_20210917_La_2_1145,560,HSL:1541104,Merikorttitie
46020,45914,-106,46020,45936,-84,True,UPDATED,1631912400,HSL:4560_20210917_La_2_1155,560,HSL:1541104,Merikorttitie
46620,46866,246,46620,46883,263,True,UPDATED,1631912400,HSL:4560_20210917_La_2_1205,560,HSL:1541104,Merikorttitie
47220,47180,-40,47220,47180,-40,True,UPDATED,1631912400,HSL:4560_20210917_La_2_1215,560,HSL:1541104,Merikorttitie
47820,47862,42,47820,47879,59,True,UPDATED,1631912400,HSL:4560_20210917_La_2_1225,560,HSL:1541104,Merikorttitie
46200,46325,125,46200,46325,125,True,UPDATED,1631912400,HSL:4739_20210917_La_2_1226,739,HSL:4970212,Lähdemäentie
47760,47798,38,47760,47798,38,True,UPDATED,1631912400,HSL:9788K_20210917_La_2_1225,788K,HSL:4970212,Lähdemäentie
49800,49800,0,49800,49800,0,False,SCHEDULED,1631912400,HSL:4739_20210917_La_2_1326,739,HSL:4970212,Lähdemäentie
53400,53400,0,53400,53400,0,False,SCHEDULED,1631912400,HSL:4739_20210917_La_2_1426,739,HSL:4970212,Lähdemäentie
57000,57000,0,57000,57000,0,False,SCHEDULED,1631912400,HSL:4739_20210917_La_2_1526,739,HSL:4970212,Lähdemäentie
48180,48180,0,48180,48180,0,False,SCHEDULED,1631912400,HSL:4739_20210917_La_1_1245,739,HSL:4970211,Lähdemäentie
51780,51780,0,51780,51780,0,False,SCHEDULED,1631912400,HSL:4739_20210917_La_1_1344,739,HSL:4970211,Lähdemäentie
52980,52980,0,52980,52980,0,False,SCHEDULED,1631912400,HSL:9787K_20210917_La_1_1410,787K,HSL:4970211,Lähdemäentie
55380,55380,0,55380,55380,0,False,SCHEDULED,1631912400,HSL:4739_20210917_La_1_1444,739,HSL:4970211,Lähdemäentie
59040,59040,0,59040,59040,0,False,SCHEDULED,1631912400,HSL:4739_20210917_La_1_1544,739,HSL:4970211,Lähdemäentie
46140,46265,125,46140,46265,125,True,UPDATED,1631912400,HSL:4739_20210917_La_2_1226,739,HSL:4970214,Mesitie
47700,47738,38,47700,47738,38,True,UPDATED,1631912400,HSL:9788K_20210917_La_2_1225,788K,HSL:4970214,Mesitie
49740,49740,0,49740,49740,0,False,SCHEDULED,1631912400,HSL:4739_20210917_La_2_1326,739,HSL:4970214,Mesitie
53340,53340,0,53340,53340,0,False,SCHEDULED,1631912400,HSL:4739_20210917_La_2_1426,739,HSL:4970214,Mesitie
56940,56940,0,56940,56940,0,False,SCHEDULED,1631912400,HSL:4739_20210917_La_2_1526,739,HSL:4970214,Mesitie
46440,46471,31,46440,46471,31,True,UPDATED,1631912400,HSL:4736_20210917_La_1_1218,736,HSL:4970213,Byända
48240,48240,0,48240,48240,0,False,SCHEDULED,1631912400,HSL:4739_20210917_La_1_1245,739,HSL:4970213,Byända
50040,50040,0,50040,50040,0,False,SCHEDULED,1631912400,HSL:4736_20210917_La_1_1318,736,HSL:4970213,Byända
51840,51840,0,51840,51840,0,False,SCHEDULED,1631912400,HSL:4739_20210917_La_1_1344,739,HSL:4970213,Byända
53040,53040,0,53040,53040,0,False,SCHEDULED,1631912400,HSL:9787K_20210917_La_1_1410,787K,HSL:4970213,Byända
46080,46111,31,46080,46111,31,True,UPDATED,1631912400,HSL:4736_20210917_La_1_1218,736,HSL:4970210,Katajamäentie
47820,47858,38,47820,47858,38,True,UPDATED,1631912400,HSL:9788K_20210917_La_2_1225,788K,HSL:4970210,Katajamäentie
49680,49680,0,49680,49680,0,False,SCHEDULED,1631912400,HSL:4736_20210917_La_1_1318,736,HSL:4970210,Katajamäentie
53280,53280,0,53280,53280,0,False,SCHEDULED,1631912400,HSL:4736_20210917_La_1_1418,736,HSL:4970210,Katajamäentie
56940,56940,0,56940,56940,0,False,SCHEDULED,1631912400,HSL:4736_20210917_La_1_1518,736,HSL:4970210,Katajamäentie
48120,48120,0,48120,48120,0,False,SCHEDULED,1631912400,HSL:1831K_20210917_La_2_1310,831K,HSL:1601210,Reelinki
51240,51240,0,51240,51240,0,False,SCHEDULED,1631912400,HSL:1831K_20210917_La_1_1350,831K,HSL:1601210,Reelinki
55380,55380,0,55380,55380,0,False,SCHEDULED,1631912400,HSL:1831K_20210917_La_2_1511,831K,HSL:1601210,Reelinki
58440,58440,0,58440,58440,0,False,SCHEDULED,1631912400,HSL:1831K_20210917_La_1_1550,831K,HSL:1601210,Reelinki
62580,62580,0,62580,62580,0,False,SCHEDULED,1631912400,HSL:1831K_20210917_La_2_1711,831K,HSL:1601210,Reelinki
46260,46291,31,46320,46351,31,True,UPDATED,1631912400,HSL:4736_20210917_La_1_1218,736,HSL:4970219,Kuusijärvi
49860,49860,0,49920,49920,0,False,SCHEDULED,1631912400,HSL:4736_20210917_La_1_1318,736,HSL:4970219,Kuusijärvi
53460,53460,0,53520,53520,0,False,SCHEDULED,1631912400,HSL:4736_20210917_La_1_1418,736,HSL:4970219,Kuusijärvi
57120,57120,0,57180,57180,0,False,SCHEDULED,1631912400,HSL:4736_20210917_La_1_1518,736,HSL:4970219,Kuusijärvi
60720,60720,0,60780,60780,0,False,SCHEDULED,1631912400,HSL:4736_20210917_La_1_1618,736,HSL:4970219,Kuusijärvi
47880,47880,0,47880,47880,0,False,SCHEDULED,1631912400,HSL:4736_20210917_La_2_1256,736,HSL:4970216,Nöje
51480,51480,0,51480,51480,0,False,SCHEDULED,1631912400,HSL:4736_20210917_La_2_1356,736,HSL:4970216,Nöje
55080,55080,0,55080,55080,0,False,SCHEDULED,1631912400,HSL:4736_20210917_La_2_1456,736,HSL:4970216,Nöje
58680,58680,0,58680,58680,0,False,SCHEDULED,1631912400,HSL:4736_20210917_La_2_1556,736,HSL:4970216,Nöje
62280,62280,0,62280,62280,0,False,SCHEDULED,1631912400,HSL:4736_20210917_La_2_1656,736,HSL:4970216,Nöje
46440,46471,31,46440,46471,31,True,UPDATED,1631912400,HSL:4736_20210917_La_1_1218,736,HSL:4970215,Nöje
50040,50040,0,50040,50040,0,False,SCHEDULED,1631912400,HSL:4736_20210917_La_1_1318,736,HSL:4970215,Nöje
53640,53640,0,53640,53640,0,False,SCHEDULED,1631912400,HSL:4736_20210917_La_1_1418,736,HSL:4970215,Nöje
57300,57300,0,57300,57300,0,False,SCHEDULED,1631912400,HSL:4736_20210917_La_1_1518,736,HSL:4970215,Nöje
60900,60900,0,60900,60900,0,False,SCHEDULED,1631912400,HSL:4736_20210917_La_1_1618,736,HSL:4970215,Nöje
46740,46740,0,46740,46740,0,True,UPDATED,1631912400,HSL:4731_20210917_La_2_1235,731,HSL:4970218,Kuninkaanmäki
47880,47918,38,47880,47918,38,True,UPDATED,1631912400,HSL:9788K_20210917_La_2_1225,788K,HSL:4970218,Kuninkaanmäki
48540,48540,0,48540,48540,0,False,SCHEDULED,1631912400,HSL:4731_20210917_La_2_1305,731,HSL:4970218,Kuninkaanmäki
50340,50340,0,50340,50340,0,False,SCHEDULED,1631912400,HSL:4731_20210917_La_2_1335,731,HSL:4970218,Kuninkaanmäki
52140,52140,0,52140,52140,0,False,SCHEDULED,1631912400,HSL:4731_20210917_La_2_1405,731,HSL:4970218,Kuninkaanmäki
46020,46020,0,46020,46020,0,True,UPDATED,1631912400,HSL:4555B_20210917_La_1_1236,555B,HSL:4110210,Viikatetie
47640,47640,0,47640,47640,0,False,SCHEDULED,1631912400,HSL:4555B_20210917_La_1_1303,555B,HSL:4110210,Viikatetie
49620,49620,0,49620,49620,0,False,SCHEDULED,1631912400,HSL:4555B_20210917_La_1_1336,555B,HSL:4110210,Viikatetie
51240,51240,0,51240,51240,0,False,SCHEDULED,1631912400,HSL:4555B_20210917_La_1_1403,555B,HSL:4110210,Viikatetie
53280,53280,0,53280,53280,0,False,SCHEDULED,1631912400,HSL:4555B_20210917_La_1_1436,555B,HSL:4110210,Viikatetie
46200,46231,31,46200,46231,31,True,UPDATED,1631912400,HSL:4736_20210917_La_1_1218,736,HSL:4970217,Kuninkaanmäki
49800,49800,0,49800,49800,0,False,SCHEDULED,1631912400,HSL:4736_20210917_La_1_1318,736,HSL:4970217,Kuninkaanmäki
53400,53400,0,53400,53400,0,False,SCHEDULED,1631912400,HSL:4736_20210917_La_1_1418,736,HSL:4970217,Kuninkaanmäki
57060,57060,0,57060,57060,0,False,SCHEDULED,1631912400,HSL:4736_20210917_La_1_1518,736,HSL:4970217,Kuninkaanmäki
60660,60660,0,60660,60660,0,False,SCHEDULED,1631912400,HSL:4736_20210917_La_1_1618,736,HSL:4970217,Kuninkaanmäki
45660,45660,0,45660,45660,0,False,SCHEDULED,1631912400,HSL:2550_20210917_La_2_1239,550,HSL:2211275,Tuuliniitty
46080,46080,0,46080,46080,0,False,SCHEDULED,1631912400,HSL:2510_20210917_La_2_1247,510,HSL:2211275,Tuuliniitty
46260,46260,0,46260,46260,0,False,SCHEDULED,1631912400,HSL:2550_20210917_La_2_1249,550,HSL:2211275,Tuuliniitty
46860,46860,0,46860,46860,0,False,SCHEDULED,1631912400,HSL:2550_20210917_La_2_1259,550,HSL:2211275,Tuuliniitty
46980,46980,0,46980,46980,0,False,SCHEDULED,1631912400,HSL:2510_20210917_La_2_1302,510,HSL:2211275,Tuuliniitty
48120,48120,0,48120,48120,0,False,SCHEDULED,1631912400,HSL:4576_20210917_La_2_1301,576,HSL:4410262,Katriinantie
51720,51720,0,51720,51720,0,False,SCHEDULED,1631912400,HSL:4576_20210917_La_2_1401,576,HSL:4410262,Katriinantie
55380,55380,0,55380,55380,0,False,SCHEDULED,1631912400,HSL:4576_20210917_La_2_1501,576,HSL:4410262,Katriinantie
58980,58980,0,58980,58980,0,False,SCHEDULED,1631912400,HSL:4576_20210917_La_2_1601,576,HSL:4410262,Katriinantie
62580,62580,0,62580,62580,0,False,SCHEDULED,1631912400,HSL:4576_20210917_La_2_1701,576,HSL:4410262,Katriinantie
46140,46140,0,46140,46140,0,False,SCHEDULED,1631912400,HSL:2136_20210917_La_2_1247,136,HSL:2613221,Luhtaniitty
47940,47940,0,47940,47940,0,False,SCHEDULED,1631912400,HSL:2136_20210917_La_2_1317,136,HSL:2613221,Luhtaniitty
49740,49740,0,49740,49740,0,False,SCHEDULED,1631912400,HSL:2136_20210917_La_2_1347,136,HSL:2613221,Luhtaniitty
51540,51540,0,51540,51540,0,False,SCHEDULED,1631912400,HSL:2136_20210917_La_2_1417,136,HSL:2613221,Luhtaniitty
53340,53340,0,53340,53340,0,False,SCHEDULED,1631912400,HSL:2136_20210917_La_2_1447,136,HSL:2613221,Luhtaniitty
45300,45326,26,45300,45396,96,True,UPDATED,1631912400,HSL:4576_20210917_La_1_1210,576,HSL:4410263,Pohjois-Viinikkala
48840,48840,0,48840,48840,0,False,SCHEDULED,1631912400,HSL:4576_20210917_La_1_1309,576,HSL:4410263,Pohjois-Viinikkala
52440,52440,0,52440,52440,0,False,SCHEDULED,1631912400,HSL:4576_20210917_La_1_1409,576,HSL:4410263,Pohjois-Viinikkala
56040,56040,0,56040,56040,0,False,SCHEDULED,1631912400,HSL:4576_20210917_La_1_1509,576,HSL:4410263,Pohjois-Viinikkala
59640,59640,0,59640,59640,0,False,SCHEDULED,1631912400,HSL:4576_20210917_La_1_1609,576,HSL:4410263,Pohjois-Viinikkala
48120,48120,0,48120,48120,0,False,SCHEDULED,1631912400,HSL:4576_20210917_La_2_1301,576,HSL:4410265,Katriinantie
51780,51780,0,51780,51780,0,False,SCHEDULED,1631912400,HSL:4576_20210917_La_2_1401,576,HSL:4410265,Katriinantie
55440,55440,0,55440,55440,0,False,SCHEDULED,1631912400,HSL:4576_20210917_La_2_1501,576,HSL:4410265,Katriinantie
59040,59040,0,59040,59040,0,False,SCHEDULED,1631912400,HSL:4576_20210917_La_2_1601,576,HSL:4410265,Katriinantie
62580,62580,0,62580,62580,0,False,SCHEDULED,1631912400,HSL:4576_20210917_La_2_1701,576,HSL:4410265,Katriinantie
45540,45556,16,45540,45565,25,True,UPDATED,1631912400,HSL:2550_20210917_La_1_1132,550,HSL:2211274,Tuuliniitty
45600,45757,157,45600,45785,185,True,UPDATED,1631912400,HSL:2510_20210917_La_1_1158,510,HSL:2211274,Tuuliniitty
46200,46188,-12,46200,46195,-5,True,UPDATED,1631912400,HSL:2550_20210917_La_1_1142,550,HSL:2211274,Tuuliniitty
46500,46737,237,46500,46745,245,True,UPDATED,1631912400,HSL:2510_20210917_La_1_1213,510,HSL:2211274,Tuuliniitty
46800,46804,4,46800,46839,39,True,UPDATED,1631912400,HSL:2550_20210917_La_1_1152,550,HSL:2211274,Tuuliniitty
48720,48720,0,48720,48720,0,False,SCHEDULED,1631912400,HSL:4576_20210917_La_1_1309,576,HSL:4410255,Caravellentie
52320,52320,0,52320,52320,0,False,SCHEDULED,1631912400,HSL:4576_20210917_La_1_1409,576,HSL:4410255,Caravellentie
55920,55920,0,55920,55920,0,False,SCHEDULED,1631912400,HSL:4576_20210917_La_1_1509,576,HSL:4410255,Caravellentie
59520,59520,0,59520,59520,0,False,SCHEDULED,1631912400,HSL:4576_20210917_La_1_1609,576,HSL:4410255,Caravellentie
63120,63120,0,63120,63120,0,False,SCHEDULED,1631912400,HSL:4576_20210917_La_1_1709,576,HSL:4410255,Caravellentie
48240,48240,0,48240,48240,0,False,SCHEDULED,1631912400,HSL:4576_20210917_La_2_1301,576,HSL:4410256,Caravellentie
51900,51900,0,51900,51900,0,False,SCHEDULED,1631912400,HSL:4576_20210917_La_2_1401,576,HSL:4410256,Caravellentie
55560,55560,0,55560,55560,0,False,SCHEDULED,1631912400,HSL:4576_20210917_La_2_1501,576,HSL:4410256,Caravellentie
59160,59160,0,59160,59160,0,False,SCHEDULED,1631912400,HSL:4576_20210917_La_2_1601,576,HSL:4410256,Caravellentie
62700,62700,0,62700,62700,0,False,SCHEDULED,1631912400,HSL:4576_20210917_La_2_1701,576,HSL:4410256,Caravellentie
48600,48600,0,48600,48600,0,False,SCHEDULED,1631912400,HSL:4576_20210917_La_1_1309,576,HSL:4410240,Osumakuja
52200,52200,0,52200,52200,0,False,SCHEDULED,1631912400,HSL:4576_20210917_La_1_1409,576,HSL:4410240,Osumakuja
55800,55800,0,55800,55800,0,False,SCHEDULED,1631912400,HSL:4576_20210917_La_1_1509,576,HSL:4410240,Osumakuja
59400,59400,0,59400,59400,0,False,SCHEDULED,1631912400,HSL:4576_20210917_La_1_1609,576,HSL:4410240,Osumakuja
63000,63000,0,63000,63000,0,False,SCHEDULED,1631912400,HSL:4576_20210917_La_1_1709,576,HSL:4410240,Osumakuja
45900,45994,94,45900,46005,105,True,UPDATED,1631912400,HSL:2582_20210917_La_2_1212,582,HSL:2613205,Espoon asema
46080,46188,108,46080,46199,119,True,UPDATED,1631912400,HSL:2246K_20210917_La_2_1214,246K,HSL:2613205,Espoon asema
46440,46723,283,46440,46729,289,True,UPDATED,1631912400,HSL:5565_20210917_La_1_1208,565,HSL:2613205,Espoon asema
47700,47700,0,47700,47700,0,False,SCHEDULED,1631912400,HSL:2582_20210917_La_2_1242,582,HSL:2613205,Espoon asema
48300,48300,0,48300,48300,0,True,UPDATED,1631912400,HSL:5565_20210917_La_1_1238,565,HSL:2613205,Espoon asema
48660,48660,0,48660,48660,0,False,SCHEDULED,1631912400,HSL:4576_20210917_La_1_1309,576,HSL:4410242,Postimiehenkuja
52260,52260,0,52260,52260,0,False,SCHEDULED,1631912400,HSL:4576_20210917_La_1_1409,576,HSL:4410242,Postimiehenkuja
55860,55860,0,55860,55860,0,False,SCHEDULED,1631912400,HSL:4576_20210917_La_1_1509,576,HSL:4410242,Postimiehenkuja
59460,59460,0,59460,59460,0,False,SCHEDULED,1631912400,HSL:4576_20210917_La_1_1609,576,HSL:4410242,Postimiehenkuja
63060,63060,0,63060,63060,0,False,SCHEDULED,1631912400,HSL:4576_20210917_La_1_1709,576,HSL:4410242,Postimiehenkuja
48300,48300,0,48300,48300,0,False,SCHEDULED,1631912400,HSL:4576_20210917_La_2_1301,576,HSL:4410241,Postimiehenkuja
51960,51960,0,51960,51960,0,False,SCHEDULED,1631912400,HSL:4576_20210917_La_2_1401,576,HSL:4410241,Postimiehenkuja
55620,55620,0,55620,55620,0,False,SCHEDULED,1631912400,HSL:4576_20210917_La_2_1501,576,HSL:4410241,Postimiehenkuja
59220,59220,0,59220,59220,0,False,SCHEDULED,1631912400,HSL:4576_20210917_La_2_1601,576,HSL:4410241,Postimiehenkuja
62760,62760,0,62760,62760,0,False,SCHEDULED,1631912400,HSL:4576_20210917_La_2_1701,576,HSL:4410241,Postimiehenkuja
48720,48720,0,48720,48720,0,False,SCHEDULED,1631912400,HSL:4576_20210917_La_1_1309,576,HSL:4410244,Tahkotie
52320,52320,0,52320,52320,0,False,SCHEDULED,1631912400,HSL:4576_20210917_La_1_1409,576,HSL:4410244,Tahkotie
55920,55920,0,55920,55920,0,False,SCHEDULED,1631912400,HSL:4576_20210917_La_1_1509,576,HSL:4410244,Tahkotie
59520,59520,0,59520,59520,0,False,SCHEDULED,1631912400,HSL:4576_20210917_La_1_1609,576,HSL:4410244,Tahkotie
63120,63120,0,63120,63120,0,False,SCHEDULED,1631912400,HSL:4576_20210917_La_1_1709,576,HSL:4410244,Tahkotie
48240,48240,0,48240,48240,0,False,SCHEDULED,1631912400,HSL:4576_20210917_La_2_1301,576,HSL:4410243,Tahkotie
51900,51900,0,51900,51900,0,False,SCHEDULED,1631912400,HSL:4576_20210917_La_2_1401,576,HSL:4410243,Tahkotie
55560,55560,0,55560,55560,0,False,SCHEDULED,1631912400,HSL:4576_20210917_La_2_1501,576,HSL:4410243,Tahkotie
59160,59160,0,59160,59160,0,False,SCHEDULED,1631912400,HSL:4576_20210917_La_2_1601,576,HSL:4410243,Tahkotie
62700,62700,0,62700,62700,0,False,SCHEDULED,1631912400,HSL:4576_20210917_La_2_1701,576,HSL:4410243,Tahkotie
48720,48720,0,48720,48720,0,False,SCHEDULED,1631912400,HSL:4576_20210917_La_1_1309,576,HSL:4410246,Vasamapuisto
52320,52320,0,52320,52320,0,False,SCHEDULED,1631912400,HSL:4576_20210917_La_1_1409,576,HSL:4410246,Vasamapuisto
55920,55920,0,55920,55920,0,False,SCHEDULED,1631912400,HSL:4576_20210917_La_1_1509,576,HSL:4410246,Vasamapuisto
59520,59520,0,59520,59520,0,False,SCHEDULED,1631912400,HSL:4576_20210917_La_1_1609,576,HSL:4410246,Vasamapuisto
63120,63120,0,63120,63120,0,False,SCHEDULED,1631912400,HSL:4576_20210917_La_1_1709,576,HSL:4410246,Vasamapuisto
48240,48240,0,48240,48240,0,False,SCHEDULED,1631912400,HSL:4576_20210917_La_2_1301,576,HSL:4410245,Vasamapuisto
51840,51840,0,51840,51840,0,False,SCHEDULED,1631912400,HSL:4576_20210917_La_2_1401,576,HSL:4410245,Vasamapuisto
55500,55500,0,55500,55500,0,False,SCHEDULED,1631912400,HSL:4576_20210917_La_2_1501,576,HSL:4410245,Vasamapuisto
59100,59100,0,59100,59100,0,False,SCHEDULED,1631912400,HSL:4576_20210917_La_2_1601,576,HSL:4410245,Vasamapuisto
62700,62700,0,62700,62700,0,False,SCHEDULED,1631912400,HSL:4576_20210917_La_2_1701,576,HSL:4410245,Vasamapuisto
48780,48780,0,48780,48780,0,False,SCHEDULED,1631912400,HSL:4576_20210917_La_1_1309,576,HSL:4410248,Mossaberget
52380,52380,0,52380,52380,0,False,SCHEDULED,1631912400,HSL:4576_20210917_La_1_1409,576,HSL:4410248,Mossaberget
55980,55980,0,55980,55980,0,False,SCHEDULED,1631912400,HSL:4576_20210917_La_1_1509,576,HSL:4410248,Mossaberget
59580,59580,0,59580,59580,0,False,SCHEDULED,1631912400,HSL:4576_20210917_La_1_1609,576,HSL:4410248,Mossaberget
63180,63180,0,63180,63180,0,False,SCHEDULED,1631912400,HSL:4576_20210917_La_1_1709,576,HSL:4410248,Mossaberget
48180,48180,0,48180,48180,0,False,SCHEDULED,1631912400,HSL:4576_20210917_La_2_1301,576,HSL:4410247,Mossaberget
51780,51780,0,51780,51780,0,False,SCHEDULED,1631912400,HSL:4576_20210917_La_2_1401,576,HSL:4410247,Mossaberget
55440,55440,0,55440,55440,0,False,SCHEDULED,1631912400,HSL:4576_20210917_La_2_1501,576,HSL:4410247,Mossaberget
59040,59040,0,59040,59040,0,False,SCHEDULED,1631912400,HSL:4576_20210917_La_2_1601,576,HSL:4410247,Mossaberget
62640,62640,0,62640,62640,0,False,SCHEDULED,1631912400,HSL:4576_20210917_La_2_1701,576,HSL:4410247,Mossaberget
46380,46380,0,46380,46380,0,False,SCHEDULED,1631912400,HSL:7192V_20210917_La_1_1240,192V,HSL:2211288,Tapiolansolmu
54900,54900,0,54900,54900,0,False,SCHEDULED,1631912400,HSL:7192T_20210917_La_1_1500,192T,HSL:2211288,Tapiolansolmu
64020,64020,0,64020,64020,0,False,SCHEDULED,1631912400,HSL:7192V_20210917_La_1_1740,192V,HSL:2211288,Tapiolansolmu
67860,67860,0,67860,67860,0,False,SCHEDULED,1631912400,HSL:7192T_20210917_La_1_1835,192T,HSL:2211288,Tapiolansolmu
83700,83700,0,83700,83700,0,False,SCHEDULED,1631912400,HSL:7192V_20210917_La_1_2305,192V,HSL:2211288,Tapiolansolmu
48360,48360,0,48360,48360,0,False,SCHEDULED,1631912400,HSL:4576_20210917_La_2_1301,576,HSL:4410239,Osumakuja
52020,52020,0,52020,52020,0,False,SCHEDULED,1631912400,HSL:4576_20210917_La_2_1401,576,HSL:4410239,Osumakuja
55680,55680,0,55680,55680,0,False,SCHEDULED,1631912400,HSL:4576_20210917_La_2_1501,576,HSL:4410239,Osumakuja
59280,59280,0,59280,59280,0,False,SCHEDULED,1631912400,HSL:4576_20210917_La_2_1601,576,HSL:4410239,Osumakuja
62820,62820,0,62820,62820,0,False,SCHEDULED,1631912400,HSL:4576_20210917_La_2_1701,576,HSL:4410239,Osumakuja
48540,48540,0,48540,48540,0,False,SCHEDULED,1631912400,HSL:4576_20210917_La_1_1309,576,HSL:4410238,Kytökallio
52140,52140,0,52140,52140,0,False,SCHEDULED,1631912400,HSL:4576_20210917_La_1_1409,576,HSL:4410238,Kytökallio
55740,55740,0,55740,55740,0,False,SCHEDULED,1631912400,HSL:4576_20210917_La_1_1509,576,HSL:4410238,Kytökallio
59340,59340,0,59340,59340,0,False,SCHEDULED,1631912400,HSL:4576_20210917_La_1_1609,576,HSL:4410238,Kytökallio
62940,62940,0,62940,62940,0,False,SCHEDULED,1631912400,HSL:4576_20210917_La_1_1709,576,HSL:4410238,Kytökallio
45300,45543,243,45300,45560,260,True,UPDATED,1631912400,HSL:2224_20210917_La_2_1223,224,HSL:2613218,Joupinmäki
46080,46248,168,46080,46248,168,True,UPDATED,1631912400,HSL:2134_20210917_La_1_1224,134,HSL:2613218,Joupinmäki
46260,46303,43,46260,46322,62,True,UPDATED,1631912400,HSL:2118_20210917_La_2_1226,118,HSL:2613218,Joupinmäki
47100,47100,0,47100,47100,0,False,SCHEDULED,1631912400,HSL:2224_20210917_La_2_1252,224,HSL:2613218,Joupinmäki
47880,47880,0,47880,47880,0,False,SCHEDULED,1631912400,HSL:2134_20210917_La_1_1254,134,HSL:2613218,Joupinmäki
45420,45412,-8,45420,45435,15,True,UPDATED,1631912400,HSL:2134_20210917_La_2_1232,134,HSL:2613217,Joupinmäki
46320,46322,2,46320,46339,19,True,UPDATED,1631912400,HSL:2224_20210917_La_1_1220,224,HSL:2613217,Joupinmäki
46620,46620,0,46620,46620,0,False,SCHEDULED,1631912400,HSL:2118_20210917_La_1_1232,118,HSL:2613217,Joupinmäki
47220,47220,0,47220,47220,0,False,SCHEDULED,1631912400,HSL:2134_20210917_La_2_1302,134,HSL:2613217,Joupinmäki
48180,48180,0,48180,48180,0,False,SCHEDULED,1631912400,HSL:2224_20210917_La_1_1250,224,HSL:2613217,Joupinmäki
45240,45497,257,45240,45513,273,True,UPDATED,1631912400,HSL:2224_20210917_La_2_1223,224,HSL:2613216,Kirstin koulu
46020,46188,168,46020,46188,168,True,UPDATED,1631912400,HSL:2134_20210917_La_1_1224,134,HSL:2613216,Kirstin koulu
46200,46225,25,46200,46236,36,True,UPDATED,1631912400,HSL:2118_20210917_La_2_1226,118,HSL:2613216,Kirstin koulu
47040,47040,0,47040,47040,0,False,SCHEDULED,1631912400,HSL:2224_20210917_La_2_1252,224,HSL:2613216,Kirstin koulu
47880,47880,0,47880,47880,0,False,SCHEDULED,1631912400,HSL:2134_20210917_La_1_1254,134,HSL:2613216,Kirstin koulu
45480,45488,8,45480,45506,26,True,UPDATED,1631912400,HSL:2134_20210917_La_2_1232,134,HSL:2613215,Kirstin koulu
46380,46400,20,46380,46412,32,True,UPDATED,1631912400,HSL:2224_20210917_La_1_1220,224,HSL:2613215,Kirstin koulu
46680,46680,0,46680,46680,0,False,SCHEDULED,1631912400,HSL:2118_20210917_La_1_1232,118,HSL:2613215,Kirstin koulu
47280,47280,0,47280,47280,0,False,SCHEDULED,1631912400,HSL:2134_20210917_La_2_1302,134,HSL:2613215,Kirstin koulu
48240,48240,0,48240,48240,0,False,SCHEDULED,1631912400,HSL:2224_20210917_La_1_1250,224,HSL:2613215,Kirstin koulu
46500,46500,0,46500,46500,0,False,SCHEDULED,1631912400,HSL:4574_20210917_La_2_1221,574,HSL:4530238,Teknikontie
48600,48600,0,48600,48600,0,False,SCHEDULED,1631912400,HSL:4576_20210917_La_2_1301,576,HSL:4530238,Teknikontie
50100,50100,0,50100,50100,0,False,SCHEDULED,1631912400,HSL:4574_20210917_La_2_1320,574,HSL:4530238,Teknikontie
52260,52260,0,52260,52260,0,False,SCHEDULED,1631912400,HSL:4576_20210917_La_2_1401,576,HSL:4530238,Teknikontie
53700,53700,0,53700,53700,0,False,SCHEDULED,1631912400,HSL:4574_20210917_La_2_1420,574,HSL:4530238,Teknikontie
45600,45644,44,45600,45644,44,True,UPDATED,1631912400,HSL:3001K_20210917_La_2_1221,K,HSL:1392551,Tapanila
45900,45980,80,45900,45980,80,True,UPDATED,1631912400,HSL:3002P_20210917_La_1_1158,P,HSL:1392551,Tapanila
46200,46303,103,46200,46303,103,True,UPDATED,1631912400,HSL:3001K_20210917_La_2_1231,K,HSL:1392551,Tapanila
46500,46580,80,46500,46580,80,True,UPDATED,1631912400,HSL:3002P_20210917_La_1_1208,P,HSL:1392551,Tapanila
46800,46800,0,46800,46800,0,False,SCHEDULED,1631912400,HSL:3001K_20210917_La_2_1241,K,HSL:1392551,Tapanila
45840,45840,0,45840,45840,0,False,SCHEDULED,1631912400,HSL:4561_20210917_La_2_1244,561,HSL:4530230,Lentoasema
45840,45840,0,45840,45840,0,False,SCHEDULED,1631912400,HSL:4570_20210917_La_2_1244,570,HSL:4530230,Lentoasema
46140,46140,0,46140,46140,0,False,SCHEDULED,1631912400,HSL:4615_20210917_La_2_1249,615,HSL:4530230,Lentoasema
46440,46440,0,46440,46440,0,False,SCHEDULED,1631912400,HSL:4570_20210917_La_2_1254,570,HSL:4530230,Lentoasema
46920,46920,0,46920,46920,0,False,SCHEDULED,1631912400,HSL:4415_20210917_La_2_1302,415,HSL:4530230,Lentoasema
45600,45853,253,45600,45854,254,True,UPDATED,1631912400,HSL:2321_20210917_La_1_1153,321,HSL:2713205,Ruispelto
46140,46208,68,46140,46209,69,True,UPDATED,1631912400,HSL:2236_20210917_La_1_1226,236,HSL:2713205,Ruispelto
46260,46374,114,46260,46375,115,True,UPDATED,1631912400,HSL:2582_20210917_La_1_1230,582,HSL:2713205,Ruispelto
47340,47340,0,47340,47340,0,False,SCHEDULED,1631912400,HSL:2239_20210917_La_1_1246,239,HSL:2713205,Ruispelto
47760,47845,85,47760,47846,86,True,UPDATED,1631912400,HSL:2321_20210917_La_1_1229,321,HSL:2713205,Ruispelto
45360,45360,0,45360,45360,0,False,SCHEDULED,1631912400,HSL:2236B_20210917_La_2_1236,236B,HSL:2713206,Ruispelto
46380,46380,0,46380,46380,0,False,SCHEDULED,1631912400,HSL:2321_20210917_La_2_1253,321,HSL:2713206,Ruispelto
46500,46500,0,46500,46500,0,False,SCHEDULED,1631912400,HSL:2582_20210917_La_2_1242,582,HSL:2713206,Ruispelto
46500,46500,0,46500,46500,0,True,UPDATED,1631912400,HSL:2239_20210917_La_2_1237,239,HSL:2713206,Ruispelto
47700,47700,0,47700,47700,0,False,SCHEDULED,1631912400,HSL:2236_20210917_La_2_1254,236,HSL:2713206,Ruispelto
46200,46239,39,46200,46240,40,True,UPDATED,1631912400,HSL:2236_20210917_La_1_1226,236,HSL:2713207,Nepperi
46260,46375,115,46260,46375,115,True,UPDATED,1631912400,HSL:2582_20210917_La_1_1230,582,HSL:2713207,Nepperi
47340,47340,0,47340,47340,0,False,SCHEDULED,1631912400,HSL:2239_20210917_La_1_1246,239,HSL:2713207,Nepperi
48060,48060,0,48060,48060,0,False,SCHEDULED,1631912400,HSL:2582_20210917_La_1_1300,582,HSL:2713207,Nepperi
49860,49860,0,49860,49860,0,False,SCHEDULED,1631912400,HSL:2236_20210917_La_1_1326,236,HSL:2713207,Nepperi
46440,46440,0,46440,46440,0,False,SCHEDULED,1631912400,HSL:2582_20210917_La_2_1242,582,HSL:2713208,Nepperi
46500,46500,0,46500,46500,0,True,UPDATED,1631912400,HSL:2239_20210917_La_2_1237,239,HSL:2713208,Nepperi
47700,47700,0,47700,47700,0,False,SCHEDULED,1631912400,HSL:2236_20210917_La_2_1254,236,HSL:2713208,Nepperi
48240,48240,0,48240,48240,0,False,SCHEDULED,1631912400,HSL:2582_20210917_La_2_1312,582,HSL:2713208,Nepperi
50040,50040,0,50040,50040,0,False,SCHEDULED,1631912400,HSL:2582_20210917_La_2_1342,582,HSL:2713208,Nepperi
45480,45758,278,45480,45765,285,True,UPDATED,1631912400,HSL:2321_20210917_La_1_1153,321,HSL:2713201,Haapaniemenristi
46080,46122,42,46080,46129,49,True,UPDATED,1631912400,HSL:2236_20210917_La_1_1226,236,HSL:2713201,Haapaniemenristi
46200,46297,97,46200,46305,105,True,UPDATED,1631912400,HSL:2582_20210917_La_1_1230,582,HSL:2713201,Haapaniemenristi
47280,47280,0,47280,47280,0,False,SCHEDULED,1631912400,HSL:2239_20210917_La_1_1246,239,HSL:2713201,Haapaniemenristi
47640,47740,100,47640,47743,103,True,UPDATED,1631912400,HSL:2321_20210917_La_1_1229,321,HSL:2713201,Haapaniemenristi
45480,45480,0,45480,45480,0,False,SCHEDULED,1631912400,HSL:2236B_20210917_La_2_1236,236B,HSL:2713202,Haapaniemenristi
46500,46500,0,46500,46500,0,False,SCHEDULED,1631912400,HSL:2321_20210917_La_2_1253,321,HSL:2713202,Haapaniemenristi
46560,46560,0,46560,46560,0,False,SCHEDULED,1631912400,HSL:2582_20210917_La_2_1242,582,HSL:2713202,Haapaniemenristi
46620,46620,0,46620,46620,0,True,UPDATED,1631912400,HSL:2239_20210917_La_2_1237,239,HSL:2713202,Haapaniemenristi
47820,47820,0,47820,47820,0,False,SCHEDULED,1631912400,HSL:2236_20210917_La_2_1254,236,HSL:2713202,Haapaniemenristi
45540,45808,268,45540,45812,272,True,UPDATED,1631912400,HSL:2321_20210917_La_1_1153,321,HSL:2713203,Rajaportti
46140,46138,-2,46140,46141,1,True,UPDATED,1631912400,HSL:2236_20210917_La_1_1226,236,HSL:2713203,Rajaportti
46200,46305,105,46200,46305,105,True,UPDATED,1631912400,HSL:2582_20210917_La_1_1230,582,HSL:2713203,Rajaportti
47280,47280,0,47280,47280,0,False,SCHEDULED,1631912400,HSL:2239_20210917_La_1_1246,239,HSL:2713203,Rajaportti
47700,47772,72,47700,47774,74,True,UPDATED,1631912400,HSL:2321_20210917_La_1_1229,321,HSL:2713203,Rajaportti
46200,46355,155,46200,46355,155,True,UPDATED,1631912400,HSL:4736_20210917_La_2_1156,736,HSL:4620201,Kuninkaalantie
49800,49800,0,49800,49800,0,False,SCHEDULED,1631912400,HSL:4736_20210917_La_2_1256,736,HSL:4620201,Kuninkaalantie
53400,53400,0,53400,53400,0,False,SCHEDULED,1631912400,HSL:4736_20210917_La_2_1356,736,HSL:4620201,Kuninkaalantie
57000,57000,0,57000,57000,0,False,SCHEDULED,1631912400,HSL:4736_20210917_La_2_1456,736,HSL:4620201,Kuninkaalantie
60600,60600,0,60600,60600,0,False,SCHEDULED,1631912400,HSL:4736_20210917_La_2_1556,736,HSL:4620201,Kuninkaalantie
45420,45420,0,45420,45420,0,False,SCHEDULED,1631912400,HSL:2236B_20210917_La_2_1236,236B,HSL:2713204,Rajaportti
46440,46440,0,46440,46440,0,False,SCHEDULED,1631912400,HSL:2321_20210917_La_2_1253,321,HSL:2713204,Rajaportti
46560,46560,0,46560,46560,0,False,SCHEDULED,1631912400,HSL:2582_20210917_La_2_1242,582,HSL:2713204,Rajaportti
46560,46560,0,46560,46560,0,True,UPDATED,1631912400,HSL:2239_20210917_La_2_1237,239,HSL:2713204,Rajaportti
47760,47760,0,47760,47760,0,False,SCHEDULED,1631912400,HSL:2236_20210917_La_2_1254,236,HSL:2713204,Rajaportti
48120,48120,0,48120,48120,0,False,SCHEDULED,1631912400,HSL:4736_20210917_La_1_1318,736,HSL:4620204,KRP
51720,51720,0,51720,51720,0,False,SCHEDULED,1631912400,HSL:4736_20210917_La_1_1418,736,HSL:4620204,KRP
55320,55320,0,55320,55320,0,False,SCHEDULED,1631912400,HSL:4736_20210917_La_1_1518,736,HSL:4620204,KRP
58920,58920,0,58920,58920,0,False,SCHEDULED,1631912400,HSL:4736_20210917_La_1_1618,736,HSL:4620204,KRP
62520,62520,0,62520,62520,0,False,SCHEDULED,1631912400,HSL:4736_20210917_La_1_1718,736,HSL:4620204,KRP
45360,45505,145,45360,45505,145,True,UPDATED,1631912400,HSL:4711_20210917_La_2_1231,711,HSL:4620205,Urheilutie
45600,45780,180,45600,45780,180,True,UPDATED,1631912400,HSL:4570_20210917_La_2_1204,570,HSL:4620205,Urheilutie
46200,46259,59,46200,46259,59,True,UPDATED,1631912400,HSL:4570_20210917_La_2_1214,570,HSL:4620205,Urheilutie
46440,46440,0,46440,46440,0,False,SCHEDULED,1631912400,HSL:4717_20210917_La_2_1250,717,HSL:4620205,Urheilutie
46800,46800,0,46800,46800,0,True,UPDATED,1631912400,HSL:4570_20210917_La_2_1224,570,HSL:4620205,Urheilutie
45600,45585,-15,45600,45585,-15,True,UPDATED,1631912400,HSL:4570_20210917_La_1_1215,570,HSL:4620206,Urheilutie
45720,46038,318,45720,46038,318,True,UPDATED,1631912400,HSL:4711_20210917_La_1_1215,711,HSL:4620206,Urheilutie
45960,46096,136,45960,46096,136,True,UPDATED,1631912400,HSL:4717_20210917_La_1_1155,717,HSL:4620206,Urheilutie
46200,46217,17,46200,46259,59,True,UPDATED,1631912400,HSL:4570_20210917_La_1_1225,570,HSL:4620206,Urheilutie
46800,46800,0,46800,46800,0,True,UPDATED,1631912400,HSL:4570_20210917_La_1_1235,570,HSL:4620206,Urheilutie
45540,45593,53,45540,45600,60,True,UPDATED,1631912400,HSL:4735_20210917_La_1_1231,735,HSL:4620207,Vesijohdontie
47340,47340,0,47340,47340,0,False,SCHEDULED,1631912400,HSL:4735_20210917_La_1_1300,735,HSL:4620207,Vesijohdontie
49140,49140,0,49140,49140,0,False,SCHEDULED,1631912400,HSL:4735_20210917_La_1_1330,735,HSL:4620207,Vesijohdontie
50940,50940,0,50940,50940,0,False,SCHEDULED,1631912400,HSL:4735_20210917_La_1_1400,735,HSL:4620207,Vesijohdontie
52740,52740,0,52740,52740,0,False,SCHEDULED,1631912400,HSL:4735_20210917_La_1_1430,735,HSL:4620207,Vesijohdontie
46320,46398,78,46320,46404,84,True,UPDATED,1631912400,HSL:4735_20210917_La_2_1219,735,HSL:4620208,Vesijohdontie
48120,48120,0,48120,48120,0,False,SCHEDULED,1631912400,HSL:4735_20210917_La_2_1249,735,HSL:4620208,Vesijohdontie
49920,49920,0,49920,49920,0,False,SCHEDULED,1631912400,HSL:4735_20210917_La_2_1319,735,HSL:4620208,Vesijohdontie
51720,51720,0,51720,51720,0,False,SCHEDULED,1631912400,HSL:4735_20210917_La_2_1349,735,HSL:4620208,Vesijohdontie
53520,53520,0,53520,53520,0,False,SCHEDULED,1631912400,HSL:4735_20210917_La_2_1419,735,HSL:4620208,Vesijohdontie
45420,45473,53,45420,45480,60,True,UPDATED,1631912400,HSL:4611_20210917_La_2_1208,611,HSL:1342299,Muurimestarintie
45600,45600,0,45600,45600,0,False,SCHEDULED,1631912400,HSL:4615_20210917_La_2_1219,615,HSL:1342299,Muurimestarintie
46500,46507,7,46500,46507,7,True,UPDATED,1631912400,HSL:4614_20210917_La_2_1234,614,HSL:1342299,Muurimestarintie
46620,46561,-59,46620,46566,-54,True,UPDATED,1631912400,HSL:4611_20210917_La_2_1228,611,HSL:1342299,Muurimestarintie
47400,47400,0,47400,47400,0,False,SCHEDULED,1631912400,HSL:4615_20210917_La_2_1249,615,HSL:1342299,Muurimestarintie
94380,94380,0,94380,94380,0,False,SCHEDULED,1631912400,HSL:1023N_20210917_La_1_2605,23N,HSL:1040196,Kampintori
95580,95580,0,95580,95580,0,False,SCHEDULED,1631912400,HSL:1023N_20210917_La_1_2625,23N,HSL:1040196,Kampintori
96780,96780,0,96780,96780,0,False,SCHEDULED,1631912400,HSL:1023N_20210917_La_1_2645,23N,HSL:1040196,Kampintori
97920,97920,0,97920,97920,0,False,SCHEDULED,1631912400,HSL:1023N_20210917_La_1_2705,23N,HSL:1040196,Kampintori
99120,99120,0,99120,99120,0,False,SCHEDULED,1631912400,HSL:1023N_20210917_La_1_2725,23N,HSL:1040196,Kampintori
46800,46800,0,46800,46800,0,False,SCHEDULED,1631912400,HSL:2246K_20210917_La_1_1242,246K,HSL:2635222,Aurinkoniityntie
50400,50400,0,50400,50400,0,False,SCHEDULED,1631912400,HSL:2246K_20210917_La_1_1342,246K,HSL:2635222,Aurinkoniityntie
54000,54000,0,54000,54000,0,False,SCHEDULED,1631912400,HSL:2246K_20210917_La_1_1442,246K,HSL:2635222,Aurinkoniityntie
57600,57600,0,57600,57600,0,False,SCHEDULED,1631912400,HSL:2246K_20210917_La_1_1542,246K,HSL:2635222,Aurinkoniityntie
61200,61200,0,61200,61200,0,False,SCHEDULED,1631912400,HSL:2246K_20210917_La_1_1642,246K,HSL:2635222,Aurinkoniityntie
45420,45420,0,45420,45420,0,True,UPDATED,1631912400,HSL:4570_20210917_La_2_1234,570,HSL:4530221,Teknikontie
46020,46020,0,46020,46020,0,False,SCHEDULED,1631912400,HSL:4561_20210917_La_2_1244,561,HSL:4530221,Teknikontie
46020,46020,0,46020,46020,0,False,SCHEDULED,1631912400,HSL:4570_20210917_La_2_1244,570,HSL:4530221,Teknikontie
46320,46320,0,46320,46320,0,False,SCHEDULED,1631912400,HSL:4615_20210917_La_2_1249,615,HSL:4530221,Teknikontie
46620,46620,0,46620,46620,0,False,SCHEDULED,1631912400,HSL:4570_20210917_La_2_1254,570,HSL:4530221,Teknikontie
48660,48660,0,48660,48660,0,False,SCHEDULED,1631912400,HSL:2246K_20210917_La_2_1314,246K,HSL:2635223,Aurinkoniityntie
52260,52260,0,52260,52260,0,False,SCHEDULED,1631912400,HSL:2246K_20210917_La_2_1414,246K,HSL:2635223,Aurinkoniityntie
55860,55860,0,55860,55860,0,False,SCHEDULED,1631912400,HSL:2246K_20210917_La_2_1514,246K,HSL:2635223,Aurinkoniityntie
59460,59460,0,59460,59460,0,False,SCHEDULED,1631912400,HSL:2246K_20210917_La_2_1614,246K,HSL:2635223,Aurinkoniityntie
63060,63060,0,63060,63060,0,False,SCHEDULED,1631912400,HSL:2246K_20210917_La_2_1714,246K,HSL:2635223,Aurinkoniityntie
47040,47040,0,47040,47040,0,False,SCHEDULED,1631912400,HSL:2246K_20210917_La_1_1242,246K,HSL:2635224,Uusitorppa
50640,50640,0,50640,50640,0,False,SCHEDULED,1631912400,HSL:2246K_20210917_La_1_1342,246K,HSL:2635224,Uusitorppa
54240,54240,0,54240,54240,0,False,SCHEDULED,1631912400,HSL:2246K_20210917_La_1_1442,246K,HSL:2635224,Uusitorppa
57840,57840,0,57840,57840,0,False,SCHEDULED,1631912400,HSL:2246K_20210917_La_1_1542,246K,HSL:2635224,Uusitorppa
61440,61440,0,61440,61440,0,False,SCHEDULED,1631912400,HSL:2246K_20210917_La_1_1642,246K,HSL:2635224,Uusitorppa
48660,48660,0,48660,48660,0,False,SCHEDULED,1631912400,HSL:2246K_20210917_La_2_1314,246K,HSL:2635225,Kalmari
52260,52260,0,52260,52260,0,False,SCHEDULED,1631912400,HSL:2246K_20210917_La_2_1414,246K,HSL:2635225,Kalmari
55860,55860,0,55860,55860,0,False,SCHEDULED,1631912400,HSL:2246K_20210917_La_2_1514,246K,HSL:2635225,Kalmari
59460,59460,0,59460,59460,0,False,SCHEDULED,1631912400,HSL:2246K_20210917_La_2_1614,246K,HSL:2635225,Kalmari
63060,63060,0,63060,63060,0,False,SCHEDULED,1631912400,HSL:2246K_20210917_La_2_1714,246K,HSL:2635225,Kalmari
45660,45660,0,45660,45660,0,True,UPDATED,1631912400,HSL:4570_20210917_La_1_1145,570,HSL:4530222,Teknikontie
46080,46249,169,46080,46249,169,True,UPDATED,1631912400,HSL:4561_20210917_La_1_1203,561,HSL:4530222,Teknikontie
45900,46248,348,45900,46249,349,True,UPDATED,1631912400,HSL:4415_20210917_La_1_1202,415,HSL:4530222,Teknikontie
46260,46446,186,46260,46446,186,True,UPDATED,1631912400,HSL:4570_20210917_La_1_1155,570,HSL:4530222,Teknikontie
46920,46937,17,46920,46937,17,True,UPDATED,1631912400,HSL:4570_20210917_La_1_1205,570,HSL:4530222,Teknikontie
45480,45387,-93,45480,45390,-90,True,UPDATED,1631912400,HSL:2165_20210917_La_1_1211,165,HSL:2521210,Hans Westerlundintie
46380,46437,57,46380,46439,59,True,UPDATED,1631912400,HSL:2165_20210917_La_1_1226,165,HSL:2521210,Hans Westerlundintie
47280,47280,0,47280,47280,0,False,SCHEDULED,1631912400,HSL:2165_20210917_La_1_1241,165,HSL:2521210,Hans Westerlundintie
48180,48180,0,48180,48180,0,False,SCHEDULED,1631912400,HSL:2165_20210917_La_1_1256,165,HSL:2521210,Hans Westerlundintie
49080,49080,0,49080,49080,0,False,SCHEDULED,1631912400,HSL:2165_20210917_La_1_1311,165,HSL:2521210,Hans Westerlundintie
46200,46200,0,46200,46200,0,False,SCHEDULED,1631912400,HSL:2166_20210917_La_1_1239,166,HSL:2521211,Lasitörmä
49800,49800,0,49800,49800,0,False,SCHEDULED,1631912400,HSL:2166_20210917_La_1_1339,166,HSL:2521211,Lasitörmä
53400,53400,0,53400,53400,0,False,SCHEDULED,1631912400,HSL:2166_20210917_La_1_1439,166,HSL:2521211,Lasitörmä
57000,57000,0,57000,57000,0,False,SCHEDULED,1631912400,HSL:2166_20210917_La_1_1539,166,HSL:2521211,Lasitörmä
60600,60600,0,60600,60600,0,False,SCHEDULED,1631912400,HSL:2166_20210917_La_1_1639,166,HSL:2521211,Lasitörmä
45420,45339,-81,45420,45343,-77,True,UPDATED,1631912400,HSL:2165_20210917_La_1_1211,165,HSL:2521213,Kurtinmalmi
46320,46391,71,46320,46393,73,True,UPDATED,1631912400,HSL:2165_20210917_La_1_1226,165,HSL:2521213,Kurtinmalmi
47220,47220,0,47220,47220,0,False,SCHEDULED,1631912400,HSL:2165_20210917_La_1_1241,165,HSL:2521213,Kurtinmalmi
48120,48120,0,48120,48120,0,False,SCHEDULED,1631912400,HSL:2165_20210917_La_1_1256,165,HSL:2521213,Kurtinmalmi
49020,49020,0,49020,49020,0,False,SCHEDULED,1631912400,HSL:2165_20210917_La_1_1311,165,HSL:2521213,Kurtinmalmi
45480,45505,25,45480,45505,25,True,UPDATED,1631912400,HSL:2165_20210917_La_2_1224,165,HSL:2521214,Kurtinmalmi
46380,46380,0,46380,46380,0,False,SCHEDULED,1631912400,HSL:2165_20210917_La_2_1239,165,HSL:2521214,Kurtinmalmi
47280,47280,0,47280,47280,0,False,SCHEDULED,1631912400,HSL:2165_20210917_La_2_1254,165,HSL:2521214,Kurtinmalmi
48180,48180,0,48180,48180,0,False,SCHEDULED,1631912400,HSL:2165_20210917_La_2_1309,165,HSL:2521214,Kurtinmalmi
49080,49080,0,49080,49080,0,False,SCHEDULED,1631912400,HSL:2165_20210917_La_2_1324,165,HSL:2521214,Kurtinmalmi
46260,46260,0,46260,46260,0,False,SCHEDULED,1631912400,HSL:2166_20210917_La_1_1239,166,HSL:2521215,Lasiportti
46380,46380,0,46380,46380,0,False,SCHEDULED,1631912400,HSL:2166_20210917_La_2_1253,166,HSL:2521215,Lasiportti
49860,49860,0,49860,49860,0,False,SCHEDULED,1631912400,HSL:2166_20210917_La_1_1339,166,HSL:2521215,Lasiportti
49980,49980,0,49980,49980,0,False,SCHEDULED,1631912400,HSL:2166_20210917_La_2_1353,166,HSL:2521215,Lasiportti
53460,53460,0,53460,53460,0,False,SCHEDULED,1631912400,HSL:2166_20210917_La_1_1439,166,HSL:2521215,Lasiportti
46860,46860,0,46860,46860,0,False,SCHEDULED,1631912400,HSL:2246K_20210917_La_1_1242,246K,HSL:2635226,Kalmari
50460,50460,0,50460,50460,0,False,SCHEDULED,1631912400,HSL:2246K_20210917_La_1_1342,246K,HSL:2635226,Kalmari
54060,54060,0,54060,54060,0,False,SCHEDULED,1631912400,HSL:2246K_20210917_La_1_1442,246K,HSL:2635226,Kalmari
57660,57660,0,57660,57660,0,False,SCHEDULED,1631912400,HSL:2246K_20210917_La_1_1542,246K,HSL:2635226,Kalmari
61260,61260,0,61260,61260,0,False,SCHEDULED,1631912400,HSL:2246K_20210917_La_1_1642,246K,HSL:2635226,Kalmari
45600,45660,60,45600,45660,60,True,UPDATED,1631912400,HSL:2165_20210917_La_2_1224,165,HSL:2521216,Santapellonkuja
46500,46500,0,46500,46500,0,False,SCHEDULED,1631912400,HSL:2165_20210917_La_2_1239,165,HSL:2521216,Santapellonkuja
47400,47400,0,47400,47400,0,False,SCHEDULED,1631912400,HSL:2165_20210917_La_2_1254,165,HSL:2521216,Santapellonkuja
48300,48300,0,48300,48300,0,False,SCHEDULED,1631912400,HSL:2165_20210917_La_2_1309,165,HSL:2521216,Santapellonkuja
49200,49200,0,49200,49200,0,False,SCHEDULED,1631912400,HSL:2165_20210917_La_2_1324,165,HSL:2521216,Santapellonkuja
45240,45345,105,45240,45345,105,True,UPDATED,1631912400,HSL:3002U_20210917_La_1_1212,U,HSL:2612501,Tuomarila
46140,46162,22,46140,46162,22,True,UPDATED,1631912400,HSL:3002E_20210917_La_1_1227,E,HSL:2612501,Tuomarila
47040,47040,0,47040,47040,0,False,SCHEDULED,1631912400,HSL:3002U_20210917_La_1_1242,U,HSL:2612501,Tuomarila
47940,47940,0,47940,47940,0,False,SCHEDULED,1631912400,HSL:3002E_20210917_La_1_1257,E,HSL:2612501,Tuomarila
48840,48840,0,48840,48840,0,False,SCHEDULED,1631912400,HSL:3002U_20210917_La_1_1312,U,HSL:2612501,Tuomarila
46620,46620,0,46620,46620,0,False,SCHEDULED,1631912400,HSL:9976_20210917_La_2_1251,976,HSL:9010255,Käenkatu
48420,48420,0,48420,48420,0,False,SCHEDULED,1631912400,HSL:9976_20210917_La_2_1321,976,HSL:9010255,Käenkatu
50220,50220,0,50220,50220,0,False,SCHEDULED,1631912400,HSL:9976_20210917_La_2_1351,976,HSL:9010255,Käenkatu
52020,52020,0,52020,52020,0,False,SCHEDULED,1631912400,HSL:9976_20210917_La_2_1421,976,HSL:9010255,Käenkatu
53820,53820,0,53820,53820,0,False,SCHEDULED,1631912400,HSL:9976_20210917_La_2_1451,976,HSL:9010255,Käenkatu
45900,45900,0,45900,45900,0,False,SCHEDULED,1631912400,HSL:4561_20210917_La_2_1244,561,HSL:4530258,Lentoaseman juna-as.
46200,46200,0,46200,46200,0,False,SCHEDULED,1631912400,HSL:4615_20210917_La_2_1249,615,HSL:4530258,Lentoaseman juna-as.
46980,46980,0,46980,46980,0,False,SCHEDULED,1631912400,HSL:4415_20210917_La_2_1302,415,HSL:4530258,Lentoaseman juna-as.
47100,47100,0,47100,47100,0,False,SCHEDULED,1631912400,HSL:4561_20210917_La_2_1304,561,HSL:4530258,Lentoaseman juna-as.
48000,48000,0,48000,48000,0,False,SCHEDULED,1631912400,HSL:4615_20210917_La_2_1319,615,HSL:4530258,Lentoaseman juna-as.
45420,45409,-11,45420,45412,-8,True,UPDATED,1631912400,HSL:4576_20210917_La_1_1210,576,HSL:4530255,DHL etelä
48960,48960,0,48960,48960,0,False,SCHEDULED,1631912400,HSL:4576_20210917_La_1_1309,576,HSL:4530255,DHL etelä
52560,52560,0,52560,52560,0,False,SCHEDULED,1631912400,HSL:4576_20210917_La_1_1409,576,HSL:4530255,DHL etelä
56160,56160,0,56160,56160,0,False,SCHEDULED,1631912400,HSL:4576_20210917_La_1_1509,576,HSL:4530255,DHL etelä
59760,59760,0,59760,59760,0,False,SCHEDULED,1631912400,HSL:4576_20210917_La_1_1609,576,HSL:4530255,DHL etelä
45480,45445,-35,45480,45448,-32,True,UPDATED,1631912400,HSL:4576_20210917_La_1_1210,576,HSL:4530256,DHL pohjoinen
49020,49020,0,49020,49020,0,False,SCHEDULED,1631912400,HSL:4576_20210917_La_1_1309,576,HSL:4530256,DHL pohjoinen
52620,52620,0,52620,52620,0,False,SCHEDULED,1631912400,HSL:4576_20210917_La_1_1409,576,HSL:4530256,DHL pohjoinen
56220,56220,0,56220,56220,0,False,SCHEDULED,1631912400,HSL:4576_20210917_La_1_1509,576,HSL:4530256,DHL pohjoinen
59820,59820,0,59820,59820,0,False,SCHEDULED,1631912400,HSL:4576_20210917_La_1_1609,576,HSL:4530256,DHL pohjoinen
46200,46295,95,46200,46298,98,True,UPDATED,1631912400,HSL:2165_20210917_La_1_1226,165,HSL:2521201,Kaskimäki
47100,47100,0,47100,47100,0,False,SCHEDULED,1631912400,HSL:2165_20210917_La_1_1241,165,HSL:2521201,Kaskimäki
48000,48000,0,48000,48000,0,False,SCHEDULED,1631912400,HSL:2165_20210917_La_1_1256,165,HSL:2521201,Kaskimäki
48900,48900,0,48900,48900,0,False,SCHEDULED,1631912400,HSL:2165_20210917_La_1_1311,165,HSL:2521201,Kaskimäki
49800,49800,0,49800,49800,0,False,SCHEDULED,1631912400,HSL:2165_20210917_La_1_1326,165,HSL:2521201,Kaskimäki
45600,45643,43,45600,45643,43,True,UPDATED,1631912400,HSL:2165_20210917_La_2_1224,165,HSL:2521202,Kaskimäki
46500,46500,0,46500,46500,0,False,SCHEDULED,1631912400,HSL:2165_20210917_La_2_1239,165,HSL:2521202,Kaskimäki
47400,47400,0,47400,47400,0,False,SCHEDULED,1631912400,HSL:2165_20210917_La_2_1254,165,HSL:2521202,Kaskimäki
48300,48300,0,48300,48300,0,False,SCHEDULED,1631912400,HSL:2165_20210917_La_2_1309,165,HSL:2521202,Kaskimäki
49200,49200,0,49200,49200,0,False,SCHEDULED,1631912400,HSL:2165_20210917_La_2_1324,165,HSL:2521202,Kaskimäki
46260,46337,77,46260,46341,81,True,UPDATED,1631912400,HSL:2165_20210917_La_1_1226,165,HSL:2521203,Kurtinmäki
47160,47160,0,47160,47160,0,False,SCHEDULED,1631912400,HSL:2165_20210917_La_1_1241,165,HSL:2521203,Kurtinmäki
48060,48060,0,48060,48060,0,False,SCHEDULED,1631912400,HSL:2165_20210917_La_1_1256,165,HSL:2521203,Kurtinmäki
48960,48960,0,48960,48960,0,False,SCHEDULED,1631912400,HSL:2165_20210917_La_1_1311,165,HSL:2521203,Kurtinmäki
49860,49860,0,49860,49860,0,False,SCHEDULED,1631912400,HSL:2165_20210917_La_1_1326,165,HSL:2521203,Kurtinmäki
45540,45592,52,45540,45592,52,True,UPDATED,1631912400,HSL:2165_20210917_La_2_1224,165,HSL:2521204,Kurtinmäki
46440,46440,0,46440,46440,0,False,SCHEDULED,1631912400,HSL:2165_20210917_La_2_1239,165,HSL:2521204,Kurtinmäki
47340,47340,0,47340,47340,0,False,SCHEDULED,1631912400,HSL:2165_20210917_La_2_1254,165,HSL:2521204,Kurtinmäki
48240,48240,0,48240,48240,0,False,SCHEDULED,1631912400,HSL:2165_20210917_La_2_1309,165,HSL:2521204,Kurtinmäki
49140,49140,0,49140,49140,0,False,SCHEDULED,1631912400,HSL:2165_20210917_La_2_1324,165,HSL:2521204,Kurtinmäki
45360,45360,0,45360,45360,0,False,SCHEDULED,1631912400,HSL:2236B_20210917_La_2_1236,236B,HSL:2713220,Ohrakuja
45600,45863,263,45600,45866,266,True,UPDATED,1631912400,HSL:2321_20210917_La_1_1153,321,HSL:2713220,Ohrakuja
46380,46380,0,46380,46380,0,False,SCHEDULED,1631912400,HSL:2321_20210917_La_2_1253,321,HSL:2713220,Ohrakuja
47760,47848,88,47760,47848,88,True,UPDATED,1631912400,HSL:2321_20210917_La_1_1229,321,HSL:2713220,Ohrakuja
48540,48540,0,48540,48540,0,False,SCHEDULED,1631912400,HSL:2321_20210917_La_2_1329,321,HSL:2713220,Ohrakuja
46440,46440,0,46440,46440,0,False,SCHEDULED,1631912400,HSL:2166_20210917_La_2_1253,166,HSL:2521208,Lasitörmä
50040,50040,0,50040,50040,0,False,SCHEDULED,1631912400,HSL:2166_20210917_La_2_1353,166,HSL:2521208,Lasitörmä
53640,53640,0,53640,53640,0,False,SCHEDULED,1631912400,HSL:2166_20210917_La_2_1453,166,HSL:2521208,Lasitörmä
57240,57240,0,57240,57240,0,False,SCHEDULED,1631912400,HSL:2166_20210917_La_2_1553,166,HSL:2521208,Lasitörmä
60840,60840,0,60840,60840,0,False,SCHEDULED,1631912400,HSL:2166_20210917_La_2_1653,166,HSL:2521208,Lasitörmä
46440,46440,0,46440,46440,0,False,SCHEDULED,1631912400,HSL:2582_20210917_La_2_1242,582,HSL:2713216,Nepperinportti
46440,46440,0,46440,46440,0,True,UPDATED,1631912400,HSL:2239_20210917_La_2_1237,239,HSL:2713216,Nepperinportti
47640,47640,0,47640,47640,0,False,SCHEDULED,1631912400,HSL:2236_20210917_La_2_1254,236,HSL:2713216,Nepperinportti
48240,48240,0,48240,48240,0,False,SCHEDULED,1631912400,HSL:2582_20210917_La_2_1312,582,HSL:2713216,Nepperinportti
50040,50040,0,50040,50040,0,False,SCHEDULED,1631912400,HSL:2582_20210917_La_2_1342,582,HSL:2713216,Nepperinportti
46260,46284,24,46260,46285,25,True,UPDATED,1631912400,HSL:2236_20210917_La_1_1226,236,HSL:2713217,Nepperinportti
46320,46375,55,46320,46375,55,True,UPDATED,1631912400,HSL:2582_20210917_La_1_1230,582,HSL:2713217,Nepperinportti
47400,47400,0,47400,47400,0,False,SCHEDULED,1631912400,HSL:2239_20210917_La_1_1246,239,HSL:2713217,Nepperinportti
48120,48120,0,48120,48120,0,False,SCHEDULED,1631912400,HSL:2582_20210917_La_1_1300,582,HSL:2713217,Nepperinportti
49920,49920,0,49920,49920,0,False,SCHEDULED,1631912400,HSL:2236_20210917_La_1_1326,236,HSL:2713217,Nepperinportti
46320,46325,5,46320,46327,7,True,UPDATED,1631912400,HSL:2236_20210917_La_1_1226,236,HSL:2713218,Koskelonsilta
46380,46398,18,46380,46400,20,True,UPDATED,1631912400,HSL:2582_20210917_La_1_1230,582,HSL:2713218,Koskelonsilta
47460,47460,0,47460,47460,0,False,SCHEDULED,1631912400,HSL:2239_20210917_La_1_1246,239,HSL:2713218,Koskelonsilta
48180,48180,0,48180,48180,0,False,SCHEDULED,1631912400,HSL:2582_20210917_La_1_1300,582,HSL:2713218,Koskelonsilta
49980,49980,0,49980,49980,0,False,SCHEDULED,1631912400,HSL:2236_20210917_La_1_1326,236,HSL:2713218,Koskelonsilta
46380,46380,0,46380,46380,0,False,SCHEDULED,1631912400,HSL:2582_20210917_La_2_1242,582,HSL:2713219,Koskelonsilta
46380,46380,0,46380,46380,0,True,UPDATED,1631912400,HSL:2239_20210917_La_2_1237,239,HSL:2713219,Koskelonsilta
47580,47580,0,47580,47580,0,False,SCHEDULED,1631912400,HSL:2236_20210917_La_2_1254,236,HSL:2713219,Koskelonsilta
48180,48180,0,48180,48180,0,False,SCHEDULED,1631912400,HSL:2582_20210917_La_2_1312,582,HSL:2713219,Koskelonsilta
49980,49980,0,49980,49980,0,False,SCHEDULED,1631912400,HSL:2582_20210917_La_2_1342,582,HSL:2713219,Koskelonsilta
45600,45673,73,45600,45709,109,True,UPDATED,1631912400,HSL:2531_20210917_La_2_1230,531,HSL:2611208,Espoon asema
45720,45801,81,45780,45856,76,True,UPDATED,1631912400,HSL:2118_20210917_La_2_1226,118,HSL:2611208,Espoon asema
46020,46020,0,46020,46020,0,False,SCHEDULED,1631912400,HSL:2542_20210917_La_2_1237,542,HSL:2611208,Espoon asema
46500,46500,0,46500,46500,0,False,SCHEDULED,1631912400,HSL:2531_20210917_La_2_1245,531,HSL:2611208,Espoon asema
46620,46620,0,46620,46620,0,False,SCHEDULED,1631912400,HSL:2224_20210917_La_2_1252,224,HSL:2611208,Espoon asema
46320,46320,0,46320,46320,0,False,SCHEDULED,1631912400,HSL:2224_20210917_La_2_1252,224,HSL:2611206,Kulovalkea
47040,47162,122,47040,47162,122,True,UPDATED,1631912400,HSL:2224_20210917_La_1_1220,224,HSL:2611206,Kulovalkea
48120,48120,0,48120,48120,0,False,SCHEDULED,1631912400,HSL:2224_20210917_La_2_1322,224,HSL:2611206,Kulovalkea
48900,48900,0,48900,48900,0,False,SCHEDULED,1631912400,HSL:2224_20210917_La_1_1250,224,HSL:2611206,Kulovalkea
49920,49920,0,49920,49920,0,False,SCHEDULED,1631912400,HSL:2224_20210917_La_2_1352,224,HSL:2611206,Kulovalkea
46980,47066,86,46980,47072,92,True,UPDATED,1631912400,HSL:2224_20210917_La_1_1220,224,HSL:2611207,Ratavallintie
48840,48840,0,48840,48840,0,False,SCHEDULED,1631912400,HSL:2224_20210917_La_1_1250,224,HSL:2611207,Ratavallintie
50640,50640,0,50640,50640,0,False,SCHEDULED,1631912400,HSL:2224_20210917_La_1_1320,224,HSL:2611207,Ratavallintie
52440,52440,0,52440,52440,0,False,SCHEDULED,1631912400,HSL:2224_20210917_La_1_1350,224,HSL:2611207,Ratavallintie
54240,54240,0,54240,54240,0,False,SCHEDULED,1631912400,HSL:2224_20210917_La_1_1420,224,HSL:2611207,Ratavallintie
46380,46380,0,46380,46380,0,False,SCHEDULED,1631912400,HSL:2224_20210917_La_2_1252,224,HSL:2611204,Ratavallintie
48180,48180,0,48180,48180,0,False,SCHEDULED,1631912400,HSL:2224_20210917_La_2_1322,224,HSL:2611204,Ratavallintie
49980,49980,0,49980,49980,0,False,SCHEDULED,1631912400,HSL:2224_20210917_La_2_1352,224,HSL:2611204,Ratavallintie
51780,51780,0,51780,51780,0,False,SCHEDULED,1631912400,HSL:2224_20210917_La_2_1422,224,HSL:2611204,Ratavallintie
53580,53580,0,53580,53580,0,False,SCHEDULED,1631912400,HSL:2224_20210917_La_2_1452,224,HSL:2611204,Ratavallintie
46920,46998,78,46920,47005,85,True,UPDATED,1631912400,HSL:2224_20210917_La_1_1220,224,HSL:2611205,Kylävainionkuja
48780,48780,0,48780,48780,0,False,SCHEDULED,1631912400,HSL:2224_20210917_La_1_1250,224,HSL:2611205,Kylävainionkuja
50580,50580,0,50580,50580,0,False,SCHEDULED,1631912400,HSL:2224_20210917_La_1_1320,224,HSL:2611205,Kylävainionkuja
52380,52380,0,52380,52380,0,False,SCHEDULED,1631912400,HSL:2224_20210917_La_1_1350,224,HSL:2611205,Kylävainionkuja
54180,54180,0,54180,54180,0,False,SCHEDULED,1631912400,HSL:2224_20210917_La_1_1420,224,HSL:2611205,Kylävainionkuja
45180,45334,154,45180,45334,154,True,UPDATED,1631912400,HSL:2245A_20210917_La_2_1204,245A,HSL:2611202,Lehtimäki
45420,45416,-4,45420,45435,15,True,UPDATED,1631912400,HSL:2200_20210917_La_1_1144,200,HSL:2611202,Lehtimäki
45420,45458,38,45420,45470,50,True,UPDATED,1631912400,HSL:2531_20210917_La_2_1230,531,HSL:2611202,Lehtimäki
45540,45547,7,45540,45547,7,True,UPDATED,1631912400,HSL:2118_20210917_La_2_1226,118,HSL:2611202,Lehtimäki
45720,45828,108,45720,45828,108,True,UPDATED,1631912400,HSL:2582_20210917_La_2_1212,582,HSL:2611202,Lehtimäki
45300,45364,64,45300,45381,81,True,UPDATED,1631912400,HSL:2582_20210917_La_1_1230,582,HSL:2611203,Lehtimäki
45420,45524,104,45420,45542,122,True,UPDATED,1631912400,HSL:2200_20210917_La_2_1234,200,HSL:2611203,Lehtimäki
45480,45625,145,45480,45632,152,True,UPDATED,1631912400,HSL:2531_20210917_La_1_1206,531,HSL:2611203,Lehtimäki
45960,45960,0,45960,45960,0,False,SCHEDULED,1631912400,HSL:5565_20210917_La_2_1242,565,HSL:2611203,Lehtimäki
46020,46020,0,46020,46020,0,False,SCHEDULED,1631912400,HSL:2244_20210917_La_1_1243,244,HSL:2611203,Lehtimäki
47640,47640,0,47640,47640,0,False,SCHEDULED,1631912400,HSL:2345N_20210917_La_2_1308,345N,HSL:2725222,Kaitalampi
51240,51240,0,51240,51240,0,False,SCHEDULED,1631912400,HSL:2345N_20210917_La_2_1408,345N,HSL:2725222,Kaitalampi
54780,54780,0,54780,54780,0,False,SCHEDULED,1631912400,HSL:2345N_20210917_La_2_1507,345N,HSL:2725222,Kaitalampi
58380,58380,0,58380,58380,0,False,SCHEDULED,1631912400,HSL:2345N_20210917_La_2_1607,345N,HSL:2725222,Kaitalampi
61980,61980,0,61980,61980,0,False,SCHEDULED,1631912400,HSL:2345N_20210917_La_2_1707,345N,HSL:2725222,Kaitalampi
46620,46713,93,46620,46713,93,True,UPDATED,1631912400,HSL:2345N_20210917_La_1_1205,345N,HSL:2725221,Kaitalampi
50220,50220,0,50220,50220,0,False,SCHEDULED,1631912400,HSL:2345N_20210917_La_1_1305,345N,HSL:2725221,Kaitalampi
53760,53760,0,53760,53760,0,False,SCHEDULED,1631912400,HSL:2345N_20210917_La_1_1405,345N,HSL:2725221,Kaitalampi
57360,57360,0,57360,57360,0,False,SCHEDULED,1631912400,HSL:2345N_20210917_La_1_1505,345N,HSL:2725221,Kaitalampi
60960,60960,0,60960,60960,0,False,SCHEDULED,1631912400,HSL:2345N_20210917_La_1_1605,345N,HSL:2725221,Kaitalampi
47580,47580,0,47580,47580,0,False,SCHEDULED,1631912400,HSL:2345N_20210917_La_2_1308,345N,HSL:2725224,Lakistonristi
51180,51180,0,51180,51180,0,False,SCHEDULED,1631912400,HSL:2345N_20210917_La_2_1408,345N,HSL:2725224,Lakistonristi
54720,54720,0,54720,54720,0,False,SCHEDULED,1631912400,HSL:2345N_20210917_La_2_1507,345N,HSL:2725224,Lakistonristi
58320,58320,0,58320,58320,0,False,SCHEDULED,1631912400,HSL:2345N_20210917_La_2_1607,345N,HSL:2725224,Lakistonristi
61920,61920,0,61920,61920,0,False,SCHEDULED,1631912400,HSL:2345N_20210917_La_2_1707,345N,HSL:2725224,Lakistonristi
45360,45382,22,45360,45382,22,True,UPDATED,1631912400,HSL:3001K_20210917_La_1_1221,K,HSL:1392501,Tapanila
45660,45704,44,45660,45704,44,True,UPDATED,1631912400,HSL:3001I_20210917_La_1_1226,I,HSL:1392501,Tapanila
45960,45968,8,45960,45968,8,True,UPDATED,1631912400,HSL:3001K_20210917_La_1_1231,K,HSL:1392501,Tapanila
46260,46260,0,46260,46260,0,False,SCHEDULED,1631912400,HSL:3001I_20210917_La_1_1236,I,HSL:1392501,Tapanila
46560,46560,0,46560,46560,0,False,SCHEDULED,1631912400,HSL:3001K_20210917_La_1_1241,K,HSL:1392501,Tapanila
85860,85860,0,85860,85860,0,False,SCHEDULED,1631912400,HSL:4721N_20210917_La_2_2329,721N,HSL:4620230,KRP
89520,89520,0,89520,89520,0,False,SCHEDULED,1631912400,HSL:4721N_20210917_La_2_2430,721N,HSL:4620230,KRP
93060,93060,0,93060,93060,0,False,SCHEDULED,1631912400,HSL:4721N_20210917_La_2_2530,721N,HSL:4620230,KRP
96660,96660,0,96660,96660,0,False,SCHEDULED,1631912400,HSL:4721N_20210917_La_2_2630,721N,HSL:4620230,KRP
100260,100260,0,100260,100260,0,False,SCHEDULED,1631912400,HSL:4721N_20210917_La_2_2730,721N,HSL:4620230,KRP
45720,45705,-15,45720,45705,-15,True,UPDATED,1631912400,HSL:4570_20210917_La_1_1215,570,HSL:4620231,Tikkurilan lukio
46020,46156,136,46020,46156,136,True,UPDATED,1631912400,HSL:4717_20210917_La_1_1155,717,HSL:4620231,Tikkurilan lukio
45840,46158,318,45840,46158,318,True,UPDATED,1631912400,HSL:4711_20210917_La_1_1215,711,HSL:4620231,Tikkurilan lukio
46320,46337,17,46320,46379,59,True,UPDATED,1631912400,HSL:4570_20210917_La_1_1225,570,HSL:4620231,Tikkurilan lukio
46380,46535,155,46380,46535,155,True,UPDATED,1631912400,HSL:4736_20210917_La_2_1156,736,HSL:4620231,Tikkurilan lukio
45420,45588,168,45420,45689,269,True,UPDATED,1631912400,HSL:2245A_20210917_La_2_1204,245A,HSL:2611219,Espoon asema
45660,45666,6,45660,45833,173,True,UPDATED,1631912400,HSL:2200_20210917_La_1_1144,200,HSL:2611219,Espoon asema
46080,46071,-9,46080,46153,73,True,UPDATED,1631912400,HSL:2244_20210917_La_2_1217,244,HSL:2611219,Espoon asema
46260,46384,124,46260,46455,195,True,UPDATED,1631912400,HSL:2200_20210917_La_1_1154,200,HSL:2611219,Espoon asema
47220,47220,0,47220,47220,0,True,UPDATED,1631912400,HSL:2245A_20210917_La_2_1234,245A,HSL:2611219,Espoon asema
45540,45635,95,45540,45641,101,True,UPDATED,1631912400,HSL:4735_20210917_La_1_1231,735,HSL:4620234,Edvard Blomqvistin p
47340,47340,0,47340,47340,0,False,SCHEDULED,1631912400,HSL:4735_20210917_La_1_1300,735,HSL:4620234,Edvard Blomqvistin p
49140,49140,0,49140,49140,0,False,SCHEDULED,1631912400,HSL:4735_20210917_La_1_1330,735,HSL:4620234,Edvard Blomqvistin p
50940,50940,0,50940,50940,0,False,SCHEDULED,1631912400,HSL:4735_20210917_La_1_1400,735,HSL:4620234,Edvard Blomqvistin p
52740,52740,0,52740,52740,0,False,SCHEDULED,1631912400,HSL:4735_20210917_La_1_1430,735,HSL:4620234,Edvard Blomqvistin p
48000,48000,0,48000,48000,0,False,SCHEDULED,1631912400,HSL:7280_20210917_La_2_1303,280,HSL:2611215,Lommila
51000,51000,0,51000,51000,0,False,SCHEDULED,1631912400,HSL:7280_20210917_La_2_1357,280,HSL:2611215,Lommila
53400,53400,0,53400,53400,0,False,SCHEDULED,1631912400,HSL:7280_20210917_La_2_1433,280,HSL:2611215,Lommila
57000,57000,0,57000,57000,0,False,SCHEDULED,1631912400,HSL:7280_20210917_La_2_1533,280,HSL:2611215,Lommila
58800,58800,0,58800,58800,0,False,SCHEDULED,1631912400,HSL:7280_20210917_La_2_1607,280,HSL:2611215,Lommila
45600,45494,-106,45600,45514,-86,True,UPDATED,1631912400,HSL:31M1_20210917_La_1_1236,M1,HSL:2214601,Urheilupuisto
46020,46118,98,46020,46138,118,True,UPDATED,1631912400,HSL:31M1_20210917_La_1_1244,M1,HSL:2214601,Urheilupuisto
46500,46505,5,46500,46525,25,True,UPDATED,1631912400,HSL:31M1_20210917_La_1_1251,M1,HSL:2214601,Urheilupuisto
46920,46955,35,46920,46975,55,True,UPDATED,1631912400,HSL:31M1_20210917_La_1_1259,M1,HSL:2214601,Urheilupuisto
47400,47405,5,47400,47425,25,True,UPDATED,1631912400,HSL:31M1_20210917_La_1_1306,M1,HSL:2214601,Urheilupuisto
45420,45411,-9,45420,45431,11,True,UPDATED,1631912400,HSL:31M1_20210917_La_2_1200,M1,HSL:2214602,Urheilupuisto
45840,45857,17,45840,45877,37,True,UPDATED,1631912400,HSL:31M1_20210917_La_2_1207,M1,HSL:2214602,Urheilupuisto
46320,46301,-19,46320,46321,1,True,UPDATED,1631912400,HSL:31M1_20210917_La_2_1215,M1,HSL:2214602,Urheilupuisto
46740,46753,13,46740,46773,33,True,UPDATED,1631912400,HSL:31M1_20210917_La_2_1222,M1,HSL:2214602,Urheilupuisto
47220,47227,7,47220,47247,27,True,UPDATED,1631912400,HSL:31M1_20210917_La_2_1230,M1,HSL:2214602,Urheilupuisto
46620,46620,0,46620,46620,0,False,SCHEDULED,1631912400,HSL:4574_20210917_La_2_1221,574,HSL:4530215,Liikelentotie
48660,48660,0,48660,48660,0,False,SCHEDULED,1631912400,HSL:4576_20210917_La_2_1301,576,HSL:4530215,Liikelentotie
50220,50220,0,50220,50220,0,False,SCHEDULED,1631912400,HSL:4574_20210917_La_2_1320,574,HSL:4530215,Liikelentotie
52320,52320,0,52320,52320,0,False,SCHEDULED,1631912400,HSL:4576_20210917_La_2_1401,576,HSL:4530215,Liikelentotie
53820,53820,0,53820,53820,0,False,SCHEDULED,1631912400,HSL:4574_20210917_La_2_1420,574,HSL:4530215,Liikelentotie
45480,45404,-76,45480,45424,-56,True,UPDATED,1631912400,HSL:31M1_20210917_La_1_1236,M1,HSL:2214603,Niittykumpu
45960,46013,53,45960,46033,73,True,UPDATED,1631912400,HSL:31M1_20210917_La_1_1244,M1,HSL:2214603,Niittykumpu
46380,46400,20,46380,46420,40,True,UPDATED,1631912400,HSL:31M1_20210917_La_1_1251,M1,HSL:2214603,Niittykumpu
46860,46850,-10,46860,46870,10,True,UPDATED,1631912400,HSL:31M1_20210917_La_1_1259,M1,HSL:2214603,Niittykumpu
47280,47300,20,47280,47320,40,True,UPDATED,1631912400,HSL:31M1_20210917_La_1_1306,M1,HSL:2214603,Niittykumpu
45540,45526,-14,45540,45546,6,True,UPDATED,1631912400,HSL:31M1_20210917_La_2_1200,M1,HSL:2214604,Niittykumpu
45960,45972,12,45960,45992,32,True,UPDATED,1631912400,HSL:31M1_20210917_La_2_1207,M1,HSL:2214604,Niittykumpu
46440,46428,-12,46440,46448,8,True,UPDATED,1631912400,HSL:31M1_20210917_La_2_1215,M1,HSL:2214604,Niittykumpu
46860,46872,12,46860,46892,32,True,UPDATED,1631912400,HSL:31M1_20210917_La_2_1222,M1,HSL:2214604,Niittykumpu
47340,47342,2,47340,47362,22,True,UPDATED,1631912400,HSL:31M1_20210917_La_2_1230,M1,HSL:2214604,Niittykumpu
46380,46357,-23,46380,46367,-13,True,UPDATED,1631912400,HSL:9641_20210917_La_2_1220,641,HSL:4710243,Taikurintie
48180,48180,0,48180,48180,0,False,SCHEDULED,1631912400,HSL:9641_20210917_La_2_1250,641,HSL:4710243,Taikurintie
49980,49980,0,49980,49980,0,False,SCHEDULED,1631912400,HSL:9641_20210917_La_2_1320,641,HSL:4710243,Taikurintie
51780,51780,0,51780,51780,0,False,SCHEDULED,1631912400,HSL:9641_20210917_La_2_1350,641,HSL:4710243,Taikurintie
53580,53580,0,53580,53580,0,False,SCHEDULED,1631912400,HSL:9641_20210917_La_2_1420,641,HSL:4710243,Taikurintie
45660,45673,13,45660,45677,17,True,UPDATED,1631912400,HSL:9641_20210917_La_1_1220,641,HSL:4710242,Taikurintie
47460,47460,0,47460,47460,0,False,SCHEDULED,1631912400,HSL:9641_20210917_La_1_1250,641,HSL:4710242,Taikurintie
49260,49260,0,49260,49260,0,False,SCHEDULED,1631912400,HSL:9641_20210917_La_1_1320,641,HSL:4710242,Taikurintie
51060,51060,0,51060,51060,0,False,SCHEDULED,1631912400,HSL:9641_20210917_La_1_1350,641,HSL:4710242,Taikurintie
52860,52860,0,52860,52860,0,False,SCHEDULED,1631912400,HSL:9641_20210917_La_1_1420,641,HSL:4710242,Taikurintie
46500,46500,0,46500,46500,0,False,SCHEDULED,1631912400,HSL:4624_20210917_La_2_1236,624,HSL:4710241,Leikkitie
48300,48300,0,48300,48300,0,False,SCHEDULED,1631912400,HSL:4624_20210917_La_2_1306,624,HSL:4710241,Leikkitie
50100,50100,0,50100,50100,0,False,SCHEDULED,1631912400,HSL:4624_20210917_La_2_1336,624,HSL:4710241,Leikkitie
51900,51900,0,51900,51900,0,False,SCHEDULED,1631912400,HSL:4624_20210917_La_2_1406,624,HSL:4710241,Leikkitie
53700,53700,0,53700,53700,0,False,SCHEDULED,1631912400,HSL:4624_20210917_La_2_1436,624,HSL:4710241,Leikkitie
45540,45572,32,45540,45599,59,True,UPDATED,1631912400,HSL:4624_20210917_La_1_1219,624,HSL:4710240,Leikkitie
47340,47340,0,47340,47340,0,False,SCHEDULED,1631912400,HSL:4624_20210917_La_1_1249,624,HSL:4710240,Leikkitie
49140,49140,0,49140,49140,0,False,SCHEDULED,1631912400,HSL:4624_20210917_La_1_1319,624,HSL:4710240,Leikkitie
50940,50940,0,50940,50940,0,False,SCHEDULED,1631912400,HSL:4624_20210917_La_1_1349,624,HSL:4710240,Leikkitie
52740,52740,0,52740,52740,0,False,SCHEDULED,1631912400,HSL:4624_20210917_La_1_1419,624,HSL:4710240,Leikkitie
46620,46618,-2,46620,46623,3,True,UPDATED,1631912400,HSL:4574_20210917_La_1_1233,574,HSL:4530214,Liikelentotie
48180,48180,0,48180,48180,0,False,SCHEDULED,1631912400,HSL:4576_20210917_La_1_1309,576,HSL:4530214,Liikelentotie
50220,50220,0,50220,50220,0,False,SCHEDULED,1631912400,HSL:4574_20210917_La_1_1333,574,HSL:4530214,Liikelentotie
51780,51780,0,51780,51780,0,False,SCHEDULED,1631912400,HSL:4576_20210917_La_1_1409,576,HSL:4530214,Liikelentotie
53820,53820,0,53820,53820,0,False,SCHEDULED,1631912400,HSL:4574_20210917_La_1_1433,574,HSL:4530214,Liikelentotie
45660,45669,9,45660,45669,9,True,UPDATED,1631912400,HSL:3002P_20210917_La_1_1228,P,HSL:1331551,Kannelmäki
46260,46260,0,46260,46260,0,False,SCHEDULED,1631912400,HSL:3002P_20210917_La_1_1238,P,HSL:1331551,Kannelmäki
46860,46860,0,46860,46860,0,False,SCHEDULED,1631912400,HSL:3002P_20210917_La_1_1248,P,HSL:1331551,Kannelmäki
47460,47460,0,47460,47460,0,False,SCHEDULED,1631912400,HSL:3002P_20210917_La_1_1258,P,HSL:1331551,Kannelmäki
48060,48060,0,48060,48060,0,False,SCHEDULED,1631912400,HSL:3002P_20210917_La_1_1308,P,HSL:1331551,Kannelmäki
45780,46098,318,45780,46098,318,True,UPDATED,1631912400,HSL:4711_20210917_La_1_1215,711,HSL:4620222,Jokiniemen koulu
46020,46156,136,46020,46156,136,True,UPDATED,1631912400,HSL:4717_20210917_La_1_1155,717,HSL:4620222,Jokiniemen koulu
47220,47273,53,47220,47273,53,True,UPDATED,1631912400,HSL:4717_20210917_La_1_1215,717,HSL:4620222,Jokiniemen koulu
47580,47580,0,47580,47580,0,False,SCHEDULED,1631912400,HSL:4711_20210917_La_1_1245,711,HSL:4620222,Jokiniemen koulu
48420,48420,0,48420,48420,0,False,SCHEDULED,1631912400,HSL:4717_20210917_La_1_1235,717,HSL:4620222,Jokiniemen koulu
46260,46415,155,46260,46415,155,True,UPDATED,1631912400,HSL:4736_20210917_La_2_1156,736,HSL:4620223,Lauri Korpisen katu
49860,49860,0,49860,49860,0,False,SCHEDULED,1631912400,HSL:4736_20210917_La_2_1256,736,HSL:4620223,Lauri Korpisen katu
53460,53460,0,53460,53460,0,False,SCHEDULED,1631912400,HSL:4736_20210917_La_2_1356,736,HSL:4620223,Lauri Korpisen katu
57060,57060,0,57060,57060,0,False,SCHEDULED,1631912400,HSL:4736_20210917_La_2_1456,736,HSL:4620223,Lauri Korpisen katu
60660,60660,0,60660,60660,0,False,SCHEDULED,1631912400,HSL:4736_20210917_La_2_1556,736,HSL:4620223,Lauri Korpisen katu
48060,48060,0,48060,48060,0,False,SCHEDULED,1631912400,HSL:4736_20210917_La_1_1318,736,HSL:4620224,A. Petreliuksen katu
51660,51660,0,51660,51660,0,False,SCHEDULED,1631912400,HSL:4736_20210917_La_1_1418,736,HSL:4620224,A. Petreliuksen katu
55260,55260,0,55260,55260,0,False,SCHEDULED,1631912400,HSL:4736_20210917_La_1_1518,736,HSL:4620224,A. Petreliuksen katu
58860,58860,0,58860,58860,0,False,SCHEDULED,1631912400,HSL:4736_20210917_La_1_1618,736,HSL:4620224,A. Petreliuksen katu
62460,62460,0,62460,62460,0,False,SCHEDULED,1631912400,HSL:4736_20210917_La_1_1718,736,HSL:4620224,A. Petreliuksen katu
46320,46475,155,46320,46475,155,True,UPDATED,1631912400,HSL:4736_20210917_La_2_1156,736,HSL:4620225,A. Petreliuksen katu
49920,49920,0,49920,49920,0,False,SCHEDULED,1631912400,HSL:4736_20210917_La_2_1256,736,HSL:4620225,A. Petreliuksen katu
53520,53520,0,53520,53520,0,False,SCHEDULED,1631912400,HSL:4736_20210917_La_2_1356,736,HSL:4620225,A. Petreliuksen katu
57120,57120,0,57120,57120,0,False,SCHEDULED,1631912400,HSL:4736_20210917_La_2_1456,736,HSL:4620225,A. Petreliuksen katu
60720,60720,0,60720,60720,0,False,SCHEDULED,1631912400,HSL:4736_20210917_La_2_1556,736,HSL:4620225,A. Petreliuksen katu
48060,48060,0,48060,48060,0,False,SCHEDULED,1631912400,HSL:4736_20210917_La_1_1318,736,HSL:4620226,Eino Sirenin katu
51660,51660,0,51660,51660,0,False,SCHEDULED,1631912400,HSL:4736_20210917_La_1_1418,736,HSL:4620226,Eino Sirenin katu
55260,55260,0,55260,55260,0,False,SCHEDULED,1631912400,HSL:4736_20210917_La_1_1518,736,HSL:4620226,Eino Sirenin katu
58860,58860,0,58860,58860,0,False,SCHEDULED,1631912400,HSL:4736_20210917_La_1_1618,736,HSL:4620226,Eino Sirenin katu
62460,62460,0,62460,62460,0,False,SCHEDULED,1631912400,HSL:4736_20210917_La_1_1718,736,HSL:4620226,Eino Sirenin katu
45240,45385,145,45240,45385,145,True,UPDATED,1631912400,HSL:4711_20210917_La_2_1231,711,HSL:4620227,Jokiniemen koulu
45480,45660,180,45480,45660,180,True,UPDATED,1631912400,HSL:4570_20210917_La_2_1204,570,HSL:4620227,Jokiniemen koulu
46080,46139,59,46080,46139,59,True,UPDATED,1631912400,HSL:4570_20210917_La_2_1214,570,HSL:4620227,Jokiniemen koulu
46320,46320,0,46320,46320,0,False,SCHEDULED,1631912400,HSL:4717_20210917_La_2_1250,717,HSL:4620227,Jokiniemen koulu
46680,46680,0,46680,46680,0,True,UPDATED,1631912400,HSL:4570_20210917_La_2_1224,570,HSL:4620227,Jokiniemen koulu
45600,45641,41,45600,45644,44,True,UPDATED,1631912400,HSL:9641_20210917_La_1_1220,641,HSL:4710244,Runotie
47400,47400,0,47400,47400,0,False,SCHEDULED,1631912400,HSL:9641_20210917_La_1_1250,641,HSL:4710244,Runotie
49200,49200,0,49200,49200,0,False,SCHEDULED,1631912400,HSL:9641_20210917_La_1_1320,641,HSL:4710244,Runotie
51000,51000,0,51000,51000,0,False,SCHEDULED,1631912400,HSL:9641_20210917_La_1_1350,641,HSL:4710244,Runotie
52800,52800,0,52800,52800,0,False,SCHEDULED,1631912400,HSL:9641_20210917_La_1_1420,641,HSL:4710244,Runotie
46560,46560,0,46560,46560,0,False,SCHEDULED,1631912400,HSL:4574_20210917_La_2_1221,574,HSL:4530204,Sokkakuja
48660,48660,0,48660,48660,0,False,SCHEDULED,1631912400,HSL:4576_20210917_La_2_1301,576,HSL:4530204,Sokkakuja
50160,50160,0,50160,50160,0,False,SCHEDULED,1631912400,HSL:4574_20210917_La_2_1320,574,HSL:4530204,Sokkakuja
52320,52320,0,52320,52320,0,False,SCHEDULED,1631912400,HSL:4576_20210917_La_2_1401,576,HSL:4530204,Sokkakuja
53760,53760,0,53760,53760,0,False,SCHEDULED,1631912400,HSL:4574_20210917_La_2_1420,574,HSL:4530204,Sokkakuja
45300,45244,-56,45300,45366,66,True,UPDATED,1631912400,HSL:4570_20210917_La_1_1135,570,HSL:4530209,Lentoasema
45540,45406,-134,45540,45456,-84,True,UPDATED,1631912400,HSL:4615_20210917_La_1_1155,615,HSL:4530209,Lentoasema
45900,45900,0,45900,45900,0,True,UPDATED,1631912400,HSL:4570_20210917_La_1_1145,570,HSL:4530209,Lentoasema
46020,46339,319,46020,46339,319,True,UPDATED,1631912400,HSL:4415_20210917_La_1_1202,415,HSL:4530209,Lentoasema
46260,46398,138,46260,46398,138,True,UPDATED,1631912400,HSL:4561_20210917_La_1_1203,561,HSL:4530209,Lentoasema
46680,46668,-12,46680,46671,-9,True,UPDATED,1631912400,HSL:4574_20210917_La_1_1233,574,HSL:4530203,Sokkakuja
48240,48240,0,48240,48240,0,False,SCHEDULED,1631912400,HSL:4576_20210917_La_1_1309,576,HSL:4530203,Sokkakuja
50280,50280,0,50280,50280,0,False,SCHEDULED,1631912400,HSL:4574_20210917_La_1_1333,574,HSL:4530203,Sokkakuja
51840,51840,0,51840,51840,0,False,SCHEDULED,1631912400,HSL:4576_20210917_La_1_1409,576,HSL:4530203,Sokkakuja
53880,53880,0,53880,53880,0,False,SCHEDULED,1631912400,HSL:4574_20210917_La_1_1433,574,HSL:4530203,Sokkakuja
45720,45775,55,45720,45776,56,True,UPDATED,1631912400,HSL:4735_20210917_La_1_1231,735,HSL:4620211,Toukopolku
47520,47520,0,47520,47520,0,False,SCHEDULED,1631912400,HSL:4735_20210917_La_1_1300,735,HSL:4620211,Toukopolku
49320,49320,0,49320,49320,0,False,SCHEDULED,1631912400,HSL:4735_20210917_La_1_1330,735,HSL:4620211,Toukopolku
51120,51120,0,51120,51120,0,False,SCHEDULED,1631912400,HSL:4735_20210917_La_1_1400,735,HSL:4620211,Toukopolku
52920,52920,0,52920,52920,0,False,SCHEDULED,1631912400,HSL:4735_20210917_La_1_1430,735,HSL:4620211,Toukopolku
46200,46237,37,46200,46238,38,True,UPDATED,1631912400,HSL:4735_20210917_La_2_1219,735,HSL:4620212,Toukopolku
48000,48000,0,48000,48000,0,False,SCHEDULED,1631912400,HSL:4735_20210917_La_2_1249,735,HSL:4620212,Toukopolku
49800,49800,0,49800,49800,0,False,SCHEDULED,1631912400,HSL:4735_20210917_La_2_1319,735,HSL:4620212,Toukopolku
51600,51600,0,51600,51600,0,False,SCHEDULED,1631912400,HSL:4735_20210917_La_2_1349,735,HSL:4620212,Toukopolku
53400,53400,0,53400,53400,0,False,SCHEDULED,1631912400,HSL:4735_20210917_La_2_1419,735,HSL:4620212,Toukopolku
86220,86220,0,86220,86220,0,False,SCHEDULED,1631912400,HSL:4721N_20210917_La_1_2330,721N,HSL:4620214,Jokiniemenkuja
89760,89760,0,89760,89760,0,False,SCHEDULED,1631912400,HSL:4721N_20210917_La_1_2430,721N,HSL:4620214,Jokiniemenkuja
93360,93360,0,93360,93360,0,False,SCHEDULED,1631912400,HSL:4721N_20210917_La_1_2530,721N,HSL:4620214,Jokiniemenkuja
96900,96900,0,96900,96900,0,False,SCHEDULED,1631912400,HSL:4721N_20210917_La_1_2630,721N,HSL:4620214,Jokiniemenkuja
100500,100500,0,100500,100500,0,False,SCHEDULED,1631912400,HSL:4721N_20210917_La_1_2730,721N,HSL:4620214,Jokiniemenkuja
45300,45445,145,45300,45445,145,True,UPDATED,1631912400,HSL:4711_20210917_La_2_1231,711,HSL:4620217,Edvard Blomqvistin p
46380,46380,0,46380,46380,0,False,SCHEDULED,1631912400,HSL:4717_20210917_La_2_1250,717,HSL:4620217,Edvard Blomqvistin p
47100,47100,0,47100,47100,0,False,SCHEDULED,1631912400,HSL:4711_20210917_La_2_1301,711,HSL:4620217,Edvard Blomqvistin p
47580,47580,0,47580,47580,0,False,SCHEDULED,1631912400,HSL:4717_20210917_La_2_1310,717,HSL:4620217,Edvard Blomqvistin p
48780,48780,0,48780,48780,0,False,SCHEDULED,1631912400,HSL:4717_20210917_La_2_1330,717,HSL:4620217,Edvard Blomqvistin p
46320,46364,44,46320,46371,51,True,UPDATED,1631912400,HSL:4735_20210917_La_2_1219,735,HSL:4620218,Jokiniemen koulu
48120,48120,0,48120,48120,0,False,SCHEDULED,1631912400,HSL:4735_20210917_La_2_1249,735,HSL:4620218,Jokiniemen koulu
49920,49920,0,49920,49920,0,False,SCHEDULED,1631912400,HSL:4735_20210917_La_2_1319,735,HSL:4620218,Jokiniemen koulu
51720,51720,0,51720,51720,0,False,SCHEDULED,1631912400,HSL:4735_20210917_La_2_1349,735,HSL:4620218,Jokiniemen koulu
53520,53520,0,53520,53520,0,False,SCHEDULED,1631912400,HSL:4735_20210917_La_2_1419,735,HSL:4620218,Jokiniemen koulu
45540,45572,32,45540,45572,32,True,UPDATED,1631912400,HSL:4624_20210917_La_1_1219,624,HSL:4710221,Himalajantie
47340,47340,0,47340,47340,0,False,SCHEDULED,1631912400,HSL:4624_20210917_La_1_1249,624,HSL:4710221,Himalajantie
49140,49140,0,49140,49140,0,False,SCHEDULED,1631912400,HSL:4624_20210917_La_1_1319,624,HSL:4710221,Himalajantie
50940,50940,0,50940,50940,0,False,SCHEDULED,1631912400,HSL:4624_20210917_La_1_1349,624,HSL:4710221,Himalajantie
52740,52740,0,52740,52740,0,False,SCHEDULED,1631912400,HSL:4624_20210917_La_1_1419,624,HSL:4710221,Himalajantie
46620,46620,0,46620,46620,0,False,SCHEDULED,1631912400,HSL:4624_20210917_La_2_1236,624,HSL:4710229,Kivikkokuja
48420,48420,0,48420,48420,0,False,SCHEDULED,1631912400,HSL:4624_20210917_La_2_1306,624,HSL:4710229,Kivikkokuja
50220,50220,0,50220,50220,0,False,SCHEDULED,1631912400,HSL:4624_20210917_La_2_1336,624,HSL:4710229,Kivikkokuja
52020,52020,0,52020,52020,0,False,SCHEDULED,1631912400,HSL:4624_20210917_La_2_1406,624,HSL:4710229,Kivikkokuja
53820,53820,0,53820,53820,0,False,SCHEDULED,1631912400,HSL:4624_20210917_La_2_1436,624,HSL:4710229,Kivikkokuja
46680,46680,0,46680,46680,0,False,SCHEDULED,1631912400,HSL:4624_20210917_La_2_1236,624,HSL:4710228,Kivikkotie
48480,48480,0,48480,48480,0,False,SCHEDULED,1631912400,HSL:4624_20210917_La_2_1306,624,HSL:4710228,Kivikkotie
50280,50280,0,50280,50280,0,False,SCHEDULED,1631912400,HSL:4624_20210917_La_2_1336,624,HSL:4710228,Kivikkotie
52080,52080,0,52080,52080,0,False,SCHEDULED,1631912400,HSL:4624_20210917_La_2_1406,624,HSL:4710228,Kivikkotie
53880,53880,0,53880,53880,0,False,SCHEDULED,1631912400,HSL:4624_20210917_La_2_1436,624,HSL:4710228,Kivikkotie
46680,46680,0,46680,46680,0,False,SCHEDULED,1631912400,HSL:4624_20210917_La_2_1236,624,HSL:4710227,Mäkikuja
48480,48480,0,48480,48480,0,False,SCHEDULED,1631912400,HSL:4624_20210917_La_2_1306,624,HSL:4710227,Mäkikuja
50280,50280,0,50280,50280,0,False,SCHEDULED,1631912400,HSL:4624_20210917_La_2_1336,624,HSL:4710227,Mäkikuja
52080,52080,0,52080,52080,0,False,SCHEDULED,1631912400,HSL:4624_20210917_La_2_1406,624,HSL:4710227,Mäkikuja
53880,53880,0,53880,53880,0,False,SCHEDULED,1631912400,HSL:4624_20210917_La_2_1436,624,HSL:4710227,Mäkikuja
45780,45780,0,45780,45780,0,False,SCHEDULED,1631912400,HSL:3002E_20210917_La_2_1235,E,HSL:2161551,Koivuhovi
46620,46620,0,46620,46620,0,False,SCHEDULED,1631912400,HSL:3002U_20210917_La_2_1237,U,HSL:2161551,Koivuhovi
47580,47580,0,47580,47580,0,False,SCHEDULED,1631912400,HSL:3002E_20210917_La_2_1305,E,HSL:2161551,Koivuhovi
48420,48420,0,48420,48420,0,False,SCHEDULED,1631912400,HSL:3002U_20210917_La_2_1307,U,HSL:2161551,Koivuhovi
49380,49380,0,49380,49380,0,False,SCHEDULED,1631912400,HSL:3002E_20210917_La_2_1335,E,HSL:2161551,Koivuhovi
45360,45385,25,45360,45385,25,True,UPDATED,1631912400,HSL:4624_20210917_La_1_1219,624,HSL:4710226,Kylmäoja
46740,46740,0,46740,46740,0,False,SCHEDULED,1631912400,HSL:4624_20210917_La_2_1236,624,HSL:4710226,Kylmäoja
47160,47160,0,47160,47160,0,False,SCHEDULED,1631912400,HSL:4624_20210917_La_1_1249,624,HSL:4710226,Kylmäoja
48540,48540,0,48540,48540,0,False,SCHEDULED,1631912400,HSL:4624_20210917_La_2_1306,624,HSL:4710226,Kylmäoja
48960,48960,0,48960,48960,0,False,SCHEDULED,1631912400,HSL:4624_20210917_La_1_1319,624,HSL:4710226,Kylmäoja
28560,28560,0,28560,28560,0,False,SCHEDULED,1631998800,HSL:9665A1_20210917_Su_1_0708,665A,HSL:9800227,Jaukkari
45480,45487,7,45480,45533,53,True,UPDATED,1631912400,HSL:4624_20210917_La_1_1219,624,HSL:4710223,Kallaskuja
47280,47280,0,47280,47280,0,False,SCHEDULED,1631912400,HSL:4624_20210917_La_1_1249,624,HSL:4710223,Kallaskuja
49080,49080,0,49080,49080,0,False,SCHEDULED,1631912400,HSL:4624_20210917_La_1_1319,624,HSL:4710223,Kallaskuja
50880,50880,0,50880,50880,0,False,SCHEDULED,1631912400,HSL:4624_20210917_La_1_1349,624,HSL:4710223,Kallaskuja
52680,52680,0,52680,52680,0,False,SCHEDULED,1631912400,HSL:4624_20210917_La_1_1419,624,HSL:4710223,Kallaskuja
46560,46560,0,46560,46560,0,False,SCHEDULED,1631912400,HSL:4624_20210917_La_2_1236,624,HSL:4710222,Himalajantie
48360,48360,0,48360,48360,0,False,SCHEDULED,1631912400,HSL:4624_20210917_La_2_1306,624,HSL:4710222,Himalajantie
50160,50160,0,50160,50160,0,False,SCHEDULED,1631912400,HSL:4624_20210917_La_2_1336,624,HSL:4710222,Himalajantie
51960,51960,0,51960,51960,0,False,SCHEDULED,1631912400,HSL:4624_20210917_La_2_1406,624,HSL:4710222,Himalajantie
53760,53760,0,53760,53760,0,False,SCHEDULED,1631912400,HSL:4624_20210917_La_2_1436,624,HSL:4710222,Himalajantie
28620,28620,0,28620,28620,0,False,SCHEDULED,1631998800,HSL:9665A1_20210917_Su_1_0708,665A,HSL:9800229,Rotintie
28440,28440,0,28440,28440,0,False,SCHEDULED,1631998800,HSL:9665A1_20210917_Su_1_0708,665A,HSL:9800223,Ampumarata
28500,28500,0,28500,28500,0,False,SCHEDULED,1631998800,HSL:9665A1_20210917_Su_1_0708,665A,HSL:9800225,Jaukkarin saha
28320,28320,0,28320,28320,0,False,SCHEDULED,1631998800,HSL:9665A1_20210917_Su_1_0708,665A,HSL:9800221,Lamminmäki
47820,47820,0,47820,47820,0,False,SCHEDULED,1631912400,HSL:9642_20210917_La_1_1316,642,HSL:4710231,Epinkoskentie
51420,51420,0,51420,51420,0,False,SCHEDULED,1631912400,HSL:9642_20210917_La_1_1416,642,HSL:4710231,Epinkoskentie
55020,55020,0,55020,55020,0,False,SCHEDULED,1631912400,HSL:9642_20210917_La_1_1516,642,HSL:4710231,Epinkoskentie
58620,58620,0,58620,58620,0,False,SCHEDULED,1631912400,HSL:9642_20210917_La_1_1616,642,HSL:4710231,Epinkoskentie
62220,62220,0,62220,62220,0,False,SCHEDULED,1631912400,HSL:9642_20210917_La_1_1716,642,HSL:4710231,Epinkoskentie
45660,45627,-33,45660,45637,-23,True,UPDATED,1631912400,HSL:4624_20210917_La_1_1219,624,HSL:4710239,Runotie
46380,46367,-13,46380,46367,-13,True,UPDATED,1631912400,HSL:9641_20210917_La_2_1220,641,HSL:4710239,Runotie
47460,47460,0,47460,47460,0,False,SCHEDULED,1631912400,HSL:4624_20210917_La_1_1249,624,HSL:4710239,Runotie
48180,48180,0,48180,48180,0,False,SCHEDULED,1631912400,HSL:9641_20210917_La_2_1250,641,HSL:4710239,Runotie
49260,49260,0,49260,49260,0,False,SCHEDULED,1631912400,HSL:4624_20210917_La_1_1319,624,HSL:4710239,Runotie
46500,46500,0,46500,46500,0,False,SCHEDULED,1631912400,HSL:4624_20210917_La_2_1236,624,HSL:4710238,Runotie
48300,48300,0,48300,48300,0,False,SCHEDULED,1631912400,HSL:4624_20210917_La_2_1306,624,HSL:4710238,Runotie
50100,50100,0,50100,50100,0,False,SCHEDULED,1631912400,HSL:4624_20210917_La_2_1336,624,HSL:4710238,Runotie
51900,51900,0,51900,51900,0,False,SCHEDULED,1631912400,HSL:4624_20210917_La_2_1406,624,HSL:4710238,Runotie
53700,53700,0,53700,53700,0,False,SCHEDULED,1631912400,HSL:4624_20210917_La_2_1436,624,HSL:4710238,Runotie
28260,28260,0,28260,28260,0,False,SCHEDULED,1631998800,HSL:9665A1_20210917_Su_1_0708,665A,HSL:9800217,Seurantalo
28260,28260,0,28260,28260,0,False,SCHEDULED,1631998800,HSL:9665A1_20210917_Su_1_0708,665A,HSL:9800219,Kyrölänmäki
28200,28200,0,28200,28200,0,False,SCHEDULED,1631998800,HSL:9665A1_20210917_Su_1_0708,665A,HSL:9800213,Ohkola
28200,28200,0,28200,28200,0,False,SCHEDULED,1631998800,HSL:9665A1_20210917_Su_1_0708,665A,HSL:9800215,Keravanjärvi th.
28140,28140,0,28140,28140,0,False,SCHEDULED,1631998800,HSL:9665A1_20210917_Su_1_0708,665A,HSL:9800211,Koivu
48360,48360,0,48360,48360,0,False,SCHEDULED,1631912400,HSL:9665K_20210917_La_2_1248,665K,HSL:9650505,Krapi
51960,51960,0,51960,51960,0,False,SCHEDULED,1631912400,HSL:9665K_20210917_La_2_1348,665K,HSL:9650505,Krapi
55560,55560,0,55560,55560,0,False,SCHEDULED,1631912400,HSL:9665K_20210917_La_2_1448,665K,HSL:9650505,Krapi
59160,59160,0,59160,59160,0,False,SCHEDULED,1631912400,HSL:9665K_20210917_La_2_1548,665K,HSL:9650505,Krapi
62760,62760,0,62760,62760,0,False,SCHEDULED,1631912400,HSL:9665K_20210917_La_2_1649,665K,HSL:9650505,Krapi
46920,46920,0,46920,46920,0,False,SCHEDULED,1631912400,HSL:9665K_20210917_La_1_1256,665K,HSL:9650506,Krapi
50520,50520,0,50520,50520,0,False,SCHEDULED,1631912400,HSL:9665K_20210917_La_1_1356,665K,HSL:9650506,Krapi
54120,54120,0,54120,54120,0,False,SCHEDULED,1631912400,HSL:9665K_20210917_La_1_1456,665K,HSL:9650506,Krapi
57720,57720,0,57720,57720,0,False,SCHEDULED,1631912400,HSL:9665K_20210917_La_1_1556,665K,HSL:9650506,Krapi
61320,61320,0,61320,61320,0,False,SCHEDULED,1631912400,HSL:9665K_20210917_La_1_1656,665K,HSL:9650506,Krapi
47880,47880,0,47880,47880,0,False,SCHEDULED,1631912400,HSL:9642_20210917_La_1_1316,642,HSL:4710207,Ilolantie
51480,51480,0,51480,51480,0,False,SCHEDULED,1631912400,HSL:9642_20210917_La_1_1416,642,HSL:4710207,Ilolantie
55080,55080,0,55080,55080,0,False,SCHEDULED,1631912400,HSL:9642_20210917_La_1_1516,642,HSL:4710207,Ilolantie
58680,58680,0,58680,58680,0,False,SCHEDULED,1631912400,HSL:9642_20210917_La_1_1616,642,HSL:4710207,Ilolantie
62280,62280,0,62280,62280,0,False,SCHEDULED,1631912400,HSL:9642_20210917_La_1_1716,642,HSL:4710207,Ilolantie
47220,47220,0,47220,47220,0,True,UPDATED,1631912400,HSL:9642_20210917_La_2_1238,642,HSL:4710206,Ilolantie
50820,50820,0,50820,50820,0,False,SCHEDULED,1631912400,HSL:9642_20210917_La_2_1338,642,HSL:4710206,Ilolantie
54420,54420,0,54420,54420,0,False,SCHEDULED,1631912400,HSL:9642_20210917_La_2_1438,642,HSL:4710206,Ilolantie
58020,58020,0,58020,58020,0,False,SCHEDULED,1631912400,HSL:9642_20210917_La_2_1538,642,HSL:4710206,Ilolantie
61620,61620,0,61620,61620,0,False,SCHEDULED,1631912400,HSL:9642_20210917_La_2_1638,642,HSL:4710206,Ilolantie
47040,47040,0,47040,47040,0,False,SCHEDULED,1631912400,HSL:4624_20210917_La_1_1249,624,HSL:4710205,Karpaattientie
47940,47940,0,47940,47940,0,False,SCHEDULED,1631912400,HSL:9642_20210917_La_1_1316,642,HSL:4710205,Karpaattientie
48840,48840,0,48840,48840,0,False,SCHEDULED,1631912400,HSL:4624_20210917_La_1_1319,624,HSL:4710205,Karpaattientie
50640,50640,0,50640,50640,0,False,SCHEDULED,1631912400,HSL:4624_20210917_La_1_1349,624,HSL:4710205,Karpaattientie
51540,51540,0,51540,51540,0,False,SCHEDULED,1631912400,HSL:9642_20210917_La_1_1416,642,HSL:4710205,Karpaattientie
48060,48060,0,48060,48060,0,False,SCHEDULED,1631912400,HSL:9642_20210917_La_1_1316,642,HSL:4710203,Kivikkotie
51660,51660,0,51660,51660,0,False,SCHEDULED,1631912400,HSL:9642_20210917_La_1_1416,642,HSL:4710203,Kivikkotie
55260,55260,0,55260,55260,0,False,SCHEDULED,1631912400,HSL:9642_20210917_La_1_1516,642,HSL:4710203,Kivikkotie
58860,58860,0,58860,58860,0,False,SCHEDULED,1631912400,HSL:9642_20210917_La_1_1616,642,HSL:4710203,Kivikkotie
62460,62460,0,62460,62460,0,False,SCHEDULED,1631912400,HSL:9642_20210917_La_1_1716,642,HSL:4710203,Kivikkotie
29040,29040,0,29040,29040,0,False,SCHEDULED,1631998800,HSL:9665A1_20210917_Su_1_0708,665A,HSL:9800249,Mustamäentie
46980,46980,0,46980,46980,0,True,UPDATED,1631912400,HSL:9642_20210917_La_2_1238,642,HSL:4710202,Kivikkotie
50580,50580,0,50580,50580,0,False,SCHEDULED,1631912400,HSL:9642_20210917_La_2_1338,642,HSL:4710202,Kivikkotie
54180,54180,0,54180,54180,0,False,SCHEDULED,1631912400,HSL:9642_20210917_La_2_1438,642,HSL:4710202,Kivikkotie
57780,57780,0,57780,57780,0,False,SCHEDULED,1631912400,HSL:9642_20210917_La_2_1538,642,HSL:4710202,Kivikkotie
61380,61380,0,61380,61380,0,False,SCHEDULED,1631912400,HSL:9642_20210917_La_2_1638,642,HSL:4710202,Kivikkotie
45420,45438,18,45420,45483,63,True,UPDATED,1631912400,HSL:4624_20210917_La_1_1219,624,HSL:4710201,Mäkitie
47220,47220,0,47220,47220,0,False,SCHEDULED,1631912400,HSL:4624_20210917_La_1_1249,624,HSL:4710201,Mäkitie
49020,49020,0,49020,49020,0,False,SCHEDULED,1631912400,HSL:4624_20210917_La_1_1319,624,HSL:4710201,Mäkitie
50820,50820,0,50820,50820,0,False,SCHEDULED,1631912400,HSL:4624_20210917_La_1_1349,624,HSL:4710201,Mäkitie
52620,52620,0,52620,52620,0,False,SCHEDULED,1631912400,HSL:4624_20210917_La_1_1419,624,HSL:4710201,Mäkitie
28980,28980,0,28980,28980,0,False,SCHEDULED,1631998800,HSL:9665A1_20210917_Su_1_0708,665A,HSL:9800245,Perkkiönpelto
28980,28980,0,28980,28980,0,False,SCHEDULED,1631998800,HSL:9665A1_20210917_Su_1_0708,665A,HSL:9800247,Mäntsälän portti
28860,28860,0,28860,28860,0,False,SCHEDULED,1631998800,HSL:9665A1_20210917_Su_1_0708,665A,HSL:9800241,Hyllyvä
45780,45740,-40,45780,45750,-30,True,UPDATED,1631912400,HSL:4624_20210917_La_1_1219,624,HSL:4710209,Ilolan koulu
46500,46482,-18,46500,46490,-10,True,UPDATED,1631912400,HSL:9641_20210917_La_2_1220,641,HSL:4710209,Ilolan koulu
47580,47580,0,47580,47580,0,False,SCHEDULED,1631912400,HSL:4624_20210917_La_1_1249,624,HSL:4710209,Ilolan koulu
48300,48300,0,48300,48300,0,False,SCHEDULED,1631912400,HSL:9641_20210917_La_2_1250,641,HSL:4710209,Ilolan koulu
49380,49380,0,49380,49380,0,False,SCHEDULED,1631912400,HSL:4624_20210917_La_1_1319,624,HSL:4710209,Ilolan koulu
28920,28920,0,28920,28920,0,False,SCHEDULED,1631998800,HSL:9665A1_20210917_Su_1_0708,665A,HSL:9800243,Suurlava
45540,45526,-14,45540,45533,-7,True,UPDATED,1631912400,HSL:9641_20210917_La_1_1220,641,HSL:4710208,Ilolan koulu
46320,46320,0,46320,46320,0,False,SCHEDULED,1631912400,HSL:4624_20210917_La_2_1236,624,HSL:4710208,Ilolan koulu
47340,47340,0,47340,47340,0,False,SCHEDULED,1631912400,HSL:9641_20210917_La_1_1250,641,HSL:4710208,Ilolan koulu
48120,48120,0,48120,48120,0,False,SCHEDULED,1631912400,HSL:4624_20210917_La_2_1306,624,HSL:4710208,Ilolan koulu
49140,49140,0,49140,49140,0,False,SCHEDULED,1631912400,HSL:9641_20210917_La_1_1320,641,HSL:4710208,Ilolan koulu
45540,45572,32,45540,45577,37,True,UPDATED,1631912400,HSL:9641_20210917_La_1_1220,641,HSL:4710218,Rumpalintie
46380,46380,0,46380,46380,0,False,SCHEDULED,1631912400,HSL:4624_20210917_La_2_1236,624,HSL:4710218,Rumpalintie
47340,47340,0,47340,47340,0,False,SCHEDULED,1631912400,HSL:9641_20210917_La_1_1250,641,HSL:4710218,Rumpalintie
48180,48180,0,48180,48180,0,False,SCHEDULED,1631912400,HSL:4624_20210917_La_2_1306,624,HSL:4710218,Rumpalintie
49140,49140,0,49140,49140,0,False,SCHEDULED,1631912400,HSL:9641_20210917_La_1_1320,641,HSL:4710218,Rumpalintie
45720,45678,-42,45720,45688,-32,True,UPDATED,1631912400,HSL:4624_20210917_La_1_1219,624,HSL:4710217,Rumpalintie
46440,46425,-15,46440,46431,-9,True,UPDATED,1631912400,HSL:9641_20210917_La_2_1220,641,HSL:4710217,Rumpalintie
47520,47520,0,47520,47520,0,False,SCHEDULED,1631912400,HSL:4624_20210917_La_1_1249,624,HSL:4710217,Rumpalintie
48240,48240,0,48240,48240,0,False,SCHEDULED,1631912400,HSL:9641_20210917_La_2_1250,641,HSL:4710217,Rumpalintie
49320,49320,0,49320,49320,0,False,SCHEDULED,1631912400,HSL:4624_20210917_La_1_1319,624,HSL:4710217,Rumpalintie
28800,28800,0,28800,28800,0,False,SCHEDULED,1631998800,HSL:9665A1_20210917_Su_1_0708,665A,HSL:9800239,Invalidikylä
28740,28740,0,28740,28740,0,False,SCHEDULED,1631998800,HSL:9665A1_20210917_Su_1_0708,665A,HSL:9800235,Kuntomaja
28740,28740,0,28740,28740,0,False,SCHEDULED,1631998800,HSL:9665A1_20210917_Su_1_0708,665A,HSL:9800237,Spännärintie
28620,28620,0,28620,28620,0,False,SCHEDULED,1631998800,HSL:9665A1_20210917_Su_1_0708,665A,HSL:9800231,Eskolantie
28680,28680,0,28680,28680,0,False,SCHEDULED,1631998800,HSL:9665A1_20210917_Su_1_0708,665A,HSL:9800233,Hirvihaara
45780,45780,0,45780,45780,0,False,SCHEDULED,1631912400,HSL:9976_20210917_La_1_1238,976,HSL:9010233,Kuovinkatu
47580,47580,0,47580,47580,0,False,SCHEDULED,1631912400,HSL:9976_20210917_La_1_1308,976,HSL:9010233,Kuovinkatu
49380,49380,0,49380,49380,0,False,SCHEDULED,1631912400,HSL:9976_20210917_La_1_1338,976,HSL:9010233,Kuovinkatu
51180,51180,0,51180,51180,0,False,SCHEDULED,1631912400,HSL:9976_20210917_La_1_1408,976,HSL:9010233,Kuovinkatu
52980,52980,0,52980,52980,0,False,SCHEDULED,1631912400,HSL:9976_20210917_La_1_1438,976,HSL:9010233,Kuovinkatu
46500,46500,0,46500,46500,0,False,SCHEDULED,1631912400,HSL:9976_20210917_La_2_1251,976,HSL:9010234,Kuovinkatu
48300,48300,0,48300,48300,0,False,SCHEDULED,1631912400,HSL:9976_20210917_La_2_1321,976,HSL:9010234,Kuovinkatu
50100,50100,0,50100,50100,0,False,SCHEDULED,1631912400,HSL:9976_20210917_La_2_1351,976,HSL:9010234,Kuovinkatu
51900,51900,0,51900,51900,0,False,SCHEDULED,1631912400,HSL:9976_20210917_La_2_1421,976,HSL:9010234,Kuovinkatu
53700,53700,0,53700,53700,0,False,SCHEDULED,1631912400,HSL:9976_20210917_La_2_1451,976,HSL:9010234,Kuovinkatu
45720,45720,0,45720,45720,0,False,SCHEDULED,1631912400,HSL:9976_20210917_La_1_1238,976,HSL:9010235,Kurkela
47520,47520,0,47520,47520,0,False,SCHEDULED,1631912400,HSL:9976_20210917_La_1_1308,976,HSL:9010235,Kurkela
49320,49320,0,49320,49320,0,False,SCHEDULED,1631912400,HSL:9976_20210917_La_1_1338,976,HSL:9010235,Kurkela
51120,51120,0,51120,51120,0,False,SCHEDULED,1631912400,HSL:9976_20210917_La_1_1408,976,HSL:9010235,Kurkela
52920,52920,0,52920,52920,0,False,SCHEDULED,1631912400,HSL:9976_20210917_La_1_1438,976,HSL:9010235,Kurkela
46560,46560,0,46560,46560,0,False,SCHEDULED,1631912400,HSL:9976_20210917_La_2_1251,976,HSL:9010236,Kurkela
48360,48360,0,48360,48360,0,False,SCHEDULED,1631912400,HSL:9976_20210917_La_2_1321,976,HSL:9010236,Kurkela
50160,50160,0,50160,50160,0,False,SCHEDULED,1631912400,HSL:9976_20210917_La_2_1351,976,HSL:9010236,Kurkela
51960,51960,0,51960,51960,0,False,SCHEDULED,1631912400,HSL:9976_20210917_La_2_1421,976,HSL:9010236,Kurkela
53760,53760,0,53760,53760,0,False,SCHEDULED,1631912400,HSL:9976_20210917_La_2_1451,976,HSL:9010236,Kurkela
45960,46053,93,45960,46061,101,True,UPDATED,1631912400,HSL:2531_20210917_La_2_1230,531,HSL:2431214,Kantokaski
46080,46115,35,46080,46142,62,True,UPDATED,1631912400,HSL:2134_20210917_La_2_1232,134,HSL:2431214,Kantokaski
46860,46860,0,46860,46860,0,False,SCHEDULED,1631912400,HSL:2531_20210917_La_2_1245,531,HSL:2431214,Kantokaski
46980,46980,0,46980,46980,0,False,SCHEDULED,1631912400,HSL:2136_20210917_La_2_1247,136,HSL:2431214,Kantokaski
47760,47760,0,47760,47760,0,False,SCHEDULED,1631912400,HSL:2531_20210917_La_2_1259,531,HSL:2431214,Kantokaski
45480,45521,41,45480,45569,89,True,UPDATED,1631912400,HSL:2542_20210917_La_1_1214,542,HSL:2431213,Kantokaski
45480,45648,168,45480,45648,168,True,UPDATED,1631912400,HSL:2134_20210917_La_1_1224,134,HSL:2431213,Kantokaski
45840,45900,60,45840,45903,63,True,UPDATED,1631912400,HSL:2531_20210917_La_1_1221,531,HSL:2431213,Kantokaski
46380,46380,0,46380,46380,0,True,UPDATED,1631912400,HSL:2136_20210917_La_1_1239,136,HSL:2431213,Kantokaski
46380,46467,87,46380,46472,92,True,UPDATED,1631912400,HSL:2542_20210917_La_1_1229,542,HSL:2431213,Kantokaski
46440,46440,0,46440,46440,0,False,SCHEDULED,1631912400,HSL:9976_20210917_La_2_1251,976,HSL:9010230,Pihkaniitty
48240,48240,0,48240,48240,0,False,SCHEDULED,1631912400,HSL:9976_20210917_La_2_1321,976,HSL:9010230,Pihkaniitty
50040,50040,0,50040,50040,0,False,SCHEDULED,1631912400,HSL:9976_20210917_La_2_1351,976,HSL:9010230,Pihkaniitty
51840,51840,0,51840,51840,0,False,SCHEDULED,1631912400,HSL:9976_20210917_La_2_1421,976,HSL:9010230,Pihkaniitty
53640,53640,0,53640,53640,0,False,SCHEDULED,1631912400,HSL:9976_20210917_La_2_1451,976,HSL:9010230,Pihkaniitty
45840,45840,0,45840,45840,0,False,SCHEDULED,1631912400,HSL:9976_20210917_La_1_1238,976,HSL:9010231,Majavankierros
47640,47640,0,47640,47640,0,False,SCHEDULED,1631912400,HSL:9976_20210917_La_1_1308,976,HSL:9010231,Majavankierros
49440,49440,0,49440,49440,0,False,SCHEDULED,1631912400,HSL:9976_20210917_La_1_1338,976,HSL:9010231,Majavankierros
51240,51240,0,51240,51240,0,False,SCHEDULED,1631912400,HSL:9976_20210917_La_1_1408,976,HSL:9010231,Majavankierros
53040,53040,0,53040,53040,0,False,SCHEDULED,1631912400,HSL:9976_20210917_La_1_1438,976,HSL:9010231,Majavankierros
46440,46440,0,46440,46440,0,False,SCHEDULED,1631912400,HSL:9976_20210917_La_2_1251,976,HSL:9010232,Majavankierros
48240,48240,0,48240,48240,0,False,SCHEDULED,1631912400,HSL:9976_20210917_La_2_1321,976,HSL:9010232,Majavankierros
50040,50040,0,50040,50040,0,False,SCHEDULED,1631912400,HSL:9976_20210917_La_2_1351,976,HSL:9010232,Majavankierros
51840,51840,0,51840,51840,0,False,SCHEDULED,1631912400,HSL:9976_20210917_La_2_1421,976,HSL:9010232,Majavankierros
53640,53640,0,53640,53640,0,False,SCHEDULED,1631912400,HSL:9976_20210917_La_2_1451,976,HSL:9010232,Majavankierros
46740,46740,0,46740,46740,0,False,SCHEDULED,1631912400,HSL:9975_20210917_La_2_1254,975,HSL:9010226,Kalevan koulu
48540,48540,0,48540,48540,0,False,SCHEDULED,1631912400,HSL:9975_20210917_La_2_1324,975,HSL:9010226,Kalevan koulu
50340,50340,0,50340,50340,0,False,SCHEDULED,1631912400,HSL:9975_20210917_La_2_1354,975,HSL:9010226,Kalevan koulu
52140,52140,0,52140,52140,0,False,SCHEDULED,1631912400,HSL:9975_20210917_La_2_1424,975,HSL:9010226,Kalevan koulu
53940,53940,0,53940,53940,0,False,SCHEDULED,1631912400,HSL:9975_20210917_La_2_1454,975,HSL:9010226,Kalevan koulu
45900,45900,0,45900,45900,0,False,SCHEDULED,1631912400,HSL:9976_20210917_La_1_1238,976,HSL:9010229,Pihkaniitty
47700,47700,0,47700,47700,0,False,SCHEDULED,1631912400,HSL:9976_20210917_La_1_1308,976,HSL:9010229,Pihkaniitty
49500,49500,0,49500,49500,0,False,SCHEDULED,1631912400,HSL:9976_20210917_La_1_1338,976,HSL:9010229,Pihkaniitty
51300,51300,0,51300,51300,0,False,SCHEDULED,1631912400,HSL:9976_20210917_La_1_1408,976,HSL:9010229,Pihkaniitty
53100,53100,0,53100,53100,0,False,SCHEDULED,1631912400,HSL:9976_20210917_La_1_1438,976,HSL:9010229,Pihkaniitty
45480,45434,-46,45480,45436,-44,True,UPDATED,1631912400,HSL:9665K_20210917_La_1_1157,665K,HSL:9800263,Nummelantie
49080,49080,0,49080,49080,0,False,SCHEDULED,1631912400,HSL:9665K_20210917_La_1_1256,665K,HSL:9800263,Nummelantie
52680,52680,0,52680,52680,0,False,SCHEDULED,1631912400,HSL:9665K_20210917_La_1_1356,665K,HSL:9800263,Nummelantie
56280,56280,0,56280,56280,0,False,SCHEDULED,1631912400,HSL:9665K_20210917_La_1_1456,665K,HSL:9800263,Nummelantie
59880,59880,0,59880,59880,0,False,SCHEDULED,1631912400,HSL:9665K_20210917_La_1_1556,665K,HSL:9800263,Nummelantie
29100,29100,0,29100,29100,0,False,SCHEDULED,1631998800,HSL:9665A1_20210917_Su_1_0708,665A,HSL:9800251,Peltolantie
48480,48480,0,48480,48480,0,False,SCHEDULED,1631912400,HSL:2246K_20210917_La_2_1314,246K,HSL:2635266,Pirttimäki
52080,52080,0,52080,52080,0,False,SCHEDULED,1631912400,HSL:2246K_20210917_La_2_1414,246K,HSL:2635266,Pirttimäki
55680,55680,0,55680,55680,0,False,SCHEDULED,1631912400,HSL:2246K_20210917_La_2_1514,246K,HSL:2635266,Pirttimäki
59280,59280,0,59280,59280,0,False,SCHEDULED,1631912400,HSL:2246K_20210917_La_2_1614,246K,HSL:2635266,Pirttimäki
62880,62880,0,62880,62880,0,False,SCHEDULED,1631912400,HSL:2246K_20210917_La_2_1714,246K,HSL:2635266,Pirttimäki
46440,46440,0,46440,46440,0,False,SCHEDULED,1631912400,HSL:9641_20210917_La_2_1250,641,HSL:9010244,Untola
48240,48240,0,48240,48240,0,False,SCHEDULED,1631912400,HSL:9641_20210917_La_2_1320,641,HSL:9010244,Untola
50040,50040,0,50040,50040,0,False,SCHEDULED,1631912400,HSL:9641_20210917_La_2_1350,641,HSL:9010244,Untola
51840,51840,0,51840,51840,0,False,SCHEDULED,1631912400,HSL:9641_20210917_La_2_1420,641,HSL:9010244,Untola
53640,53640,0,53640,53640,0,False,SCHEDULED,1631912400,HSL:9641_20210917_La_2_1450,641,HSL:9010244,Untola
45840,45895,55,45840,45895,55,True,UPDATED,1631912400,HSL:3001I_20210917_La_1_1156,I,HSL:1331501,Kannelmäki
46440,46572,132,46440,46572,132,True,UPDATED,1631912400,HSL:3001I_20210917_La_1_1206,I,HSL:1331501,Kannelmäki
47040,47087,47,47040,47087,47,True,UPDATED,1631912400,HSL:3001I_20210917_La_1_1216,I,HSL:1331501,Kannelmäki
47640,47724,84,47640,47724,84,True,UPDATED,1631912400,HSL:3001I_20210917_La_1_1226,I,HSL:1331501,Kannelmäki
48240,48240,0,48240,48240,0,False,SCHEDULED,1631912400,HSL:3001I_20210917_La_1_1236,I,HSL:1331501,Kannelmäki
46380,46380,0,46380,46380,0,False,SCHEDULED,1631912400,HSL:9976_20210917_La_2_1251,976,HSL:9010245,Palosenkatu
48180,48180,0,48180,48180,0,False,SCHEDULED,1631912400,HSL:9976_20210917_La_2_1321,976,HSL:9010245,Palosenkatu
49980,49980,0,49980,49980,0,False,SCHEDULED,1631912400,HSL:9976_20210917_La_2_1351,976,HSL:9010245,Palosenkatu
51780,51780,0,51780,51780,0,False,SCHEDULED,1631912400,HSL:9976_20210917_La_2_1421,976,HSL:9010245,Palosenkatu
53580,53580,0,53580,53580,0,False,SCHEDULED,1631912400,HSL:9976_20210917_La_2_1451,976,HSL:9010245,Palosenkatu
46980,46980,0,46980,46980,0,False,SCHEDULED,1631912400,HSL:2246K_20210917_La_1_1242,246K,HSL:2635267,Pirttimäki
50580,50580,0,50580,50580,0,False,SCHEDULED,1631912400,HSL:2246K_20210917_La_1_1342,246K,HSL:2635267,Pirttimäki
54180,54180,0,54180,54180,0,False,SCHEDULED,1631912400,HSL:2246K_20210917_La_1_1442,246K,HSL:2635267,Pirttimäki
57780,57780,0,57780,57780,0,False,SCHEDULED,1631912400,HSL:2246K_20210917_La_1_1542,246K,HSL:2635267,Pirttimäki
61380,61380,0,61380,61380,0,False,SCHEDULED,1631912400,HSL:2246K_20210917_La_1_1642,246K,HSL:2635267,Pirttimäki
45900,45900,0,45900,45900,0,False,SCHEDULED,1631912400,HSL:9976_20210917_La_1_1238,976,HSL:9010246,Palosenkatu
47700,47700,0,47700,47700,0,False,SCHEDULED,1631912400,HSL:9976_20210917_La_1_1308,976,HSL:9010246,Palosenkatu
49500,49500,0,49500,49500,0,False,SCHEDULED,1631912400,HSL:9976_20210917_La_1_1338,976,HSL:9010246,Palosenkatu
51300,51300,0,51300,51300,0,False,SCHEDULED,1631912400,HSL:9976_20210917_La_1_1408,976,HSL:9010246,Palosenkatu
53100,53100,0,53100,53100,0,False,SCHEDULED,1631912400,HSL:9976_20210917_La_1_1438,976,HSL:9010246,Palosenkatu
45600,45600,0,45600,45600,0,False,SCHEDULED,1631912400,HSL:9976_20210917_La_1_1238,976,HSL:9010240,Vellamontie
47400,47400,0,47400,47400,0,False,SCHEDULED,1631912400,HSL:9976_20210917_La_1_1308,976,HSL:9010240,Vellamontie
49200,49200,0,49200,49200,0,False,SCHEDULED,1631912400,HSL:9976_20210917_La_1_1338,976,HSL:9010240,Vellamontie
51000,51000,0,51000,51000,0,False,SCHEDULED,1631912400,HSL:9976_20210917_La_1_1408,976,HSL:9010240,Vellamontie
52800,52800,0,52800,52800,0,False,SCHEDULED,1631912400,HSL:9976_20210917_La_1_1438,976,HSL:9010240,Vellamontie
46500,46500,0,46500,46500,0,False,SCHEDULED,1631912400,HSL:9641_20210917_La_2_1250,641,HSL:9010241,Terv.keskus
48300,48300,0,48300,48300,0,False,SCHEDULED,1631912400,HSL:9641_20210917_La_2_1320,641,HSL:9010241,Terv.keskus
50100,50100,0,50100,50100,0,False,SCHEDULED,1631912400,HSL:9641_20210917_La_2_1350,641,HSL:9010241,Terv.keskus
51900,51900,0,51900,51900,0,False,SCHEDULED,1631912400,HSL:9641_20210917_La_2_1420,641,HSL:9010241,Terv.keskus
53700,53700,0,53700,53700,0,False,SCHEDULED,1631912400,HSL:9641_20210917_La_2_1450,641,HSL:9010241,Terv.keskus
48540,48540,0,48540,48540,0,False,SCHEDULED,1631912400,HSL:2246K_20210917_La_2_1314,246K,HSL:2635264,Pihapirtintie
52140,52140,0,52140,52140,0,False,SCHEDULED,1631912400,HSL:2246K_20210917_La_2_1414,246K,HSL:2635264,Pihapirtintie
55740,55740,0,55740,55740,0,False,SCHEDULED,1631912400,HSL:2246K_20210917_La_2_1514,246K,HSL:2635264,Pihapirtintie
59340,59340,0,59340,59340,0,False,SCHEDULED,1631912400,HSL:2246K_20210917_La_2_1614,246K,HSL:2635264,Pihapirtintie
62940,62940,0,62940,62940,0,False,SCHEDULED,1631912400,HSL:2246K_20210917_La_2_1714,246K,HSL:2635264,Pihapirtintie
46440,46440,0,46440,46440,0,False,SCHEDULED,1631912400,HSL:9641_20210917_La_2_1250,641,HSL:9010243,Uimala
48240,48240,0,48240,48240,0,False,SCHEDULED,1631912400,HSL:9641_20210917_La_2_1320,641,HSL:9010243,Uimala
50040,50040,0,50040,50040,0,False,SCHEDULED,1631912400,HSL:9641_20210917_La_2_1350,641,HSL:9010243,Uimala
51840,51840,0,51840,51840,0,False,SCHEDULED,1631912400,HSL:9641_20210917_La_2_1420,641,HSL:9010243,Uimala
53640,53640,0,53640,53640,0,False,SCHEDULED,1631912400,HSL:9641_20210917_La_2_1450,641,HSL:9010243,Uimala
46920,46920,0,46920,46920,0,False,SCHEDULED,1631912400,HSL:2246K_20210917_La_1_1242,246K,HSL:2635265,Pihapirtintie
50520,50520,0,50520,50520,0,False,SCHEDULED,1631912400,HSL:2246K_20210917_La_1_1342,246K,HSL:2635265,Pihapirtintie
54120,54120,0,54120,54120,0,False,SCHEDULED,1631912400,HSL:2246K_20210917_La_1_1442,246K,HSL:2635265,Pihapirtintie
57720,57720,0,57720,57720,0,False,SCHEDULED,1631912400,HSL:2246K_20210917_La_1_1542,246K,HSL:2635265,Pihapirtintie
61320,61320,0,61320,61320,0,False,SCHEDULED,1631912400,HSL:2246K_20210917_La_1_1642,246K,HSL:2635265,Pihapirtintie
45840,45669,-171,45840,45771,-69,True,UPDATED,1631912400,HSL:1003_20210917_La_2_1205,3,HSL:1090416,Olympiaterminaali
46020,46020,0,46020,46020,0,False,SCHEDULED,1631912400,HSL:1002_20210917_La_1_1247,2,HSL:1090416,Olympiaterminaali
46740,46740,0,46740,46740,0,False,SCHEDULED,1631912400,HSL:1002_20210917_La_1_1259,2,HSL:1090416,Olympiaterminaali
46560,46488,-72,46560,46810,250,True,UPDATED,1631912400,HSL:1003_20210917_La_2_1217,3,HSL:1090416,Olympiaterminaali
47280,47255,-25,47280,47352,72,True,UPDATED,1631912400,HSL:1003_20210917_La_2_1229,3,HSL:1090416,Olympiaterminaali
45420,45486,66,45420,45486,66,True,UPDATED,1631912400,HSL:1002_20210917_La_2_1205,2,HSL:1090415,Olympiaterminaali
45600,45600,0,45600,45600,0,False,SCHEDULED,1631912400,HSL:1003_20210917_La_1_1240,3,HSL:1090415,Olympiaterminaali
46140,46140,0,46140,46140,0,False,SCHEDULED,1631912400,HSL:1002_20210917_La_2_1217,2,HSL:1090415,Olympiaterminaali
46320,46320,0,46320,46320,0,False,SCHEDULED,1631912400,HSL:1003_20210917_La_1_1252,3,HSL:1090415,Olympiaterminaali
46860,46815,-45,46860,47023,163,True,UPDATED,1631912400,HSL:1002_20210917_La_2_1229,2,HSL:1090415,Olympiaterminaali
45660,45660,0,45660,45660,0,False,SCHEDULED,1631912400,HSL:9976_20210917_La_1_1238,976,HSL:9010237,Käenkatu
47460,47460,0,47460,47460,0,False,SCHEDULED,1631912400,HSL:9976_20210917_La_1_1308,976,HSL:9010237,Käenkatu
49260,49260,0,49260,49260,0,False,SCHEDULED,1631912400,HSL:9976_20210917_La_1_1338,976,HSL:9010237,Käenkatu
51060,51060,0,51060,51060,0,False,SCHEDULED,1631912400,HSL:9976_20210917_La_1_1408,976,HSL:9010237,Käenkatu
52860,52860,0,52860,52860,0,False,SCHEDULED,1631912400,HSL:9976_20210917_La_1_1438,976,HSL:9010237,Käenkatu
46080,46080,0,46080,46080,0,False,SCHEDULED,1631912400,HSL:9976_20210917_La_1_1238,976,HSL:9010238,Pihkaniityntie
46260,46260,0,46260,46260,0,False,SCHEDULED,1631912400,HSL:9976_20210917_La_2_1251,976,HSL:9010238,Pihkaniityntie
47880,47880,0,47880,47880,0,False,SCHEDULED,1631912400,HSL:9976_20210917_La_1_1308,976,HSL:9010238,Pihkaniityntie
48060,48060,0,48060,48060,0,False,SCHEDULED,1631912400,HSL:9976_20210917_La_2_1321,976,HSL:9010238,Pihkaniityntie
49680,49680,0,49680,49680,0,False,SCHEDULED,1631912400,HSL:9976_20210917_La_1_1338,976,HSL:9010238,Pihkaniityntie
46620,46620,0,46620,46620,0,False,SCHEDULED,1631912400,HSL:9976_20210917_La_2_1251,976,HSL:9010239,Vellamontie
48420,48420,0,48420,48420,0,False,SCHEDULED,1631912400,HSL:9976_20210917_La_2_1321,976,HSL:9010239,Vellamontie
50220,50220,0,50220,50220,0,False,SCHEDULED,1631912400,HSL:9976_20210917_La_2_1351,976,HSL:9010239,Vellamontie
52020,52020,0,52020,52020,0,False,SCHEDULED,1631912400,HSL:9976_20210917_La_2_1421,976,HSL:9010239,Vellamontie
53820,53820,0,53820,53820,0,False,SCHEDULED,1631912400,HSL:9976_20210917_La_2_1451,976,HSL:9010239,Vellamontie
29220,29220,0,29220,29220,0,False,SCHEDULED,1631998800,HSL:9665A1_20210917_Su_1_0708,665A,HSL:9800257,Peltolantie
29220,29220,0,29220,29220,0,False,SCHEDULED,1631998800,HSL:9665A1_20210917_Su_1_0708,665A,HSL:9800259,Mäntsäläntie
29520,29520,0,29520,29520,0,False,SCHEDULED,1631998800,HSL:9665A1_20210917_Su_1_0708,665A,HSL:9800258,Hepolan koulu
29280,29280,0,29280,29280,0,False,SCHEDULED,1631998800,HSL:9665A1_20210917_Su_1_0708,665A,HSL:9800253,Mäntymäentie
29460,29460,0,29460,29460,0,False,SCHEDULED,1631998800,HSL:9665A1_20210917_Su_1_0708,665A,HSL:9800255,Riihenmäen koulu
45540,45596,56,45540,45599,59,True,UPDATED,1631912400,HSL:2159_20210917_La_1_1224,159,HSL:2431239,Kulolaakso
46440,46440,0,46440,46440,0,False,SCHEDULED,1631912400,HSL:2159_20210917_La_1_1239,159,HSL:2431239,Kulolaakso
47340,47340,0,47340,47340,0,False,SCHEDULED,1631912400,HSL:2159_20210917_La_1_1254,159,HSL:2431239,Kulolaakso
48240,48240,0,48240,48240,0,False,SCHEDULED,1631912400,HSL:2159_20210917_La_1_1309,159,HSL:2431239,Kulolaakso
49140,49140,0,49140,49140,0,False,SCHEDULED,1631912400,HSL:2159_20210917_La_1_1324,159,HSL:2431239,Kulolaakso
45780,45780,0,45780,45780,0,False,SCHEDULED,1631912400,HSL:9975_20210917_La_1_1238,975,HSL:9010211,Suomelantie
47580,47580,0,47580,47580,0,False,SCHEDULED,1631912400,HSL:9975_20210917_La_1_1308,975,HSL:9010211,Suomelantie
49380,49380,0,49380,49380,0,False,SCHEDULED,1631912400,HSL:9975_20210917_La_1_1338,975,HSL:9010211,Suomelantie
51180,51180,0,51180,51180,0,False,SCHEDULED,1631912400,HSL:9975_20210917_La_1_1408,975,HSL:9010211,Suomelantie
52980,52980,0,52980,52980,0,False,SCHEDULED,1631912400,HSL:9975_20210917_La_1_1438,975,HSL:9010211,Suomelantie
46920,46920,0,46920,46920,0,False,SCHEDULED,1631912400,HSL:9975_20210917_La_2_1254,975,HSL:9010212,Suomelantie
48720,48720,0,48720,48720,0,False,SCHEDULED,1631912400,HSL:9975_20210917_La_2_1324,975,HSL:9010212,Suomelantie
50520,50520,0,50520,50520,0,False,SCHEDULED,1631912400,HSL:9975_20210917_La_2_1354,975,HSL:9010212,Suomelantie
52320,52320,0,52320,52320,0,False,SCHEDULED,1631912400,HSL:9975_20210917_La_2_1424,975,HSL:9010212,Suomelantie
54120,54120,0,54120,54120,0,False,SCHEDULED,1631912400,HSL:9975_20210917_La_2_1454,975,HSL:9010212,Suomelantie
45720,45720,0,45720,45720,0,False,SCHEDULED,1631912400,HSL:9975_20210917_La_1_1238,975,HSL:9010213,Kaukonpolku
47520,47520,0,47520,47520,0,False,SCHEDULED,1631912400,HSL:9975_20210917_La_1_1308,975,HSL:9010213,Kaukonpolku
49320,49320,0,49320,49320,0,False,SCHEDULED,1631912400,HSL:9975_20210917_La_1_1338,975,HSL:9010213,Kaukonpolku
51120,51120,0,51120,51120,0,False,SCHEDULED,1631912400,HSL:9975_20210917_La_1_1408,975,HSL:9010213,Kaukonpolku
52920,52920,0,52920,52920,0,False,SCHEDULED,1631912400,HSL:9975_20210917_La_1_1438,975,HSL:9010213,Kaukonpolku
46980,46980,0,46980,46980,0,False,SCHEDULED,1631912400,HSL:9975_20210917_La_2_1254,975,HSL:9010214,Kaukonpolku
48780,48780,0,48780,48780,0,False,SCHEDULED,1631912400,HSL:9975_20210917_La_2_1324,975,HSL:9010214,Kaukonpolku
50580,50580,0,50580,50580,0,False,SCHEDULED,1631912400,HSL:9975_20210917_La_2_1354,975,HSL:9010214,Kaukonpolku
52380,52380,0,52380,52380,0,False,SCHEDULED,1631912400,HSL:9975_20210917_La_2_1424,975,HSL:9010214,Kaukonpolku
54180,54180,0,54180,54180,0,False,SCHEDULED,1631912400,HSL:9975_20210917_La_2_1454,975,HSL:9010214,Kaukonpolku
45240,45371,131,45240,45382,142,True,UPDATED,1631912400,HSL:4560_20210917_La_2_1225,560,HSL:1335100,Kuninkaantammenaukio
45480,45480,0,45480,45480,0,False,SCHEDULED,1631912400,HSL:1052_20210917_La_1_1236,52,HSL:1335100,Kuninkaantammenaukio
45840,45840,0,45840,45840,0,False,SCHEDULED,1631912400,HSL:4560_20210917_La_2_1235,560,HSL:1335100,Kuninkaantammenaukio
46080,46080,0,46080,46080,0,False,SCHEDULED,1631912400,HSL:1052_20210917_La_1_1246,52,HSL:1335100,Kuninkaantammenaukio
46440,46440,0,46440,46440,0,False,SCHEDULED,1631912400,HSL:4560_20210917_La_2_1245,560,HSL:1335100,Kuninkaantammenaukio
45420,45329,-91,45420,45329,-91,True,UPDATED,1631912400,HSL:1052_20210917_La_2_1150,52,HSL:1335101,Kuninkaantammenaukio
45600,45622,22,45600,45636,36,True,UPDATED,1631912400,HSL:4560_20210917_La_1_1146,560,HSL:1335101,Kuninkaantammenaukio
46200,46161,-39,46200,46162,-38,True,UPDATED,1631912400,HSL:4560_20210917_La_1_1156,560,HSL:1335101,Kuninkaantammenaukio
46020,46516,496,46020,46516,496,True,UPDATED,1631912400,HSL:1052_20210917_La_2_1200,52,HSL:1335101,Kuninkaantammenaukio
46620,46648,28,46620,46648,28,True,UPDATED,1631912400,HSL:1052_20210917_La_2_1210,52,HSL:1335101,Kuninkaantammenaukio
46020,46020,0,46020,46020,0,False,SCHEDULED,1631912400,HSL:2159_20210917_La_2_1246,159,HSL:2431238,Kaurakaski
46920,46920,0,46920,46920,0,False,SCHEDULED,1631912400,HSL:2159_20210917_La_2_1301,159,HSL:2431238,Kaurakaski
47820,47820,0,47820,47820,0,False,SCHEDULED,1631912400,HSL:2159_20210917_La_2_1316,159,HSL:2431238,Kaurakaski
48720,48720,0,48720,48720,0,False,SCHEDULED,1631912400,HSL:2159_20210917_La_2_1331,159,HSL:2431238,Kaurakaski
49620,49620,0,49620,49620,0,False,SCHEDULED,1631912400,HSL:2159_20210917_La_2_1346,159,HSL:2431238,Kaurakaski
45420,45420,0,45420,45420,0,False,SCHEDULED,1631912400,HSL:1052_20210917_La_1_1236,52,HSL:1335102,Avajaisaukio
46020,46020,0,46020,46020,0,False,SCHEDULED,1631912400,HSL:1052_20210917_La_1_1246,52,HSL:1335102,Avajaisaukio
46620,46620,0,46620,46620,0,False,SCHEDULED,1631912400,HSL:1052_20210917_La_1_1256,52,HSL:1335102,Avajaisaukio
47220,47220,0,47220,47220,0,False,SCHEDULED,1631912400,HSL:1052_20210917_La_1_1306,52,HSL:1335102,Avajaisaukio
47820,47820,0,47820,47820,0,False,SCHEDULED,1631912400,HSL:1052_20210917_La_1_1316,52,HSL:1335102,Avajaisaukio
46860,46860,0,46860,46860,0,False,SCHEDULED,1631912400,HSL:9975_20210917_La_2_1254,975,HSL:9010210,Vasamakatu
48660,48660,0,48660,48660,0,False,SCHEDULED,1631912400,HSL:9975_20210917_La_2_1324,975,HSL:9010210,Vasamakatu
50460,50460,0,50460,50460,0,False,SCHEDULED,1631912400,HSL:9975_20210917_La_2_1354,975,HSL:9010210,Vasamakatu
52260,52260,0,52260,52260,0,False,SCHEDULED,1631912400,HSL:9975_20210917_La_2_1424,975,HSL:9010210,Vasamakatu
54060,54060,0,54060,54060,0,False,SCHEDULED,1631912400,HSL:9975_20210917_La_2_1454,975,HSL:9010210,Vasamakatu
45480,45580,100,45480,45583,103,True,UPDATED,1631912400,HSL:2159_20210917_La_1_1224,159,HSL:2431237,Kaurakaski
46380,46380,0,46380,46380,0,False,SCHEDULED,1631912400,HSL:2159_20210917_La_1_1239,159,HSL:2431237,Kaurakaski
47280,47280,0,47280,47280,0,False,SCHEDULED,1631912400,HSL:2159_20210917_La_1_1254,159,HSL:2431237,Kaurakaski
48180,48180,0,48180,48180,0,False,SCHEDULED,1631912400,HSL:2159_20210917_La_1_1309,159,HSL:2431237,Kaurakaski
49080,49080,0,49080,49080,0,False,SCHEDULED,1631912400,HSL:2159_20210917_La_1_1324,159,HSL:2431237,Kaurakaski
46800,46800,0,46800,46800,0,False,SCHEDULED,1631912400,HSL:9975_20210917_La_2_1254,975,HSL:9010208,Ritakatu
48600,48600,0,48600,48600,0,False,SCHEDULED,1631912400,HSL:9975_20210917_La_2_1324,975,HSL:9010208,Ritakatu
50400,50400,0,50400,50400,0,False,SCHEDULED,1631912400,HSL:9975_20210917_La_2_1354,975,HSL:9010208,Ritakatu
52200,52200,0,52200,52200,0,False,SCHEDULED,1631912400,HSL:9975_20210917_La_2_1424,975,HSL:9010208,Ritakatu
54000,54000,0,54000,54000,0,False,SCHEDULED,1631912400,HSL:9975_20210917_La_2_1454,975,HSL:9010208,Ritakatu
45480,45389,-91,45480,45389,-91,True,UPDATED,1631912400,HSL:1052_20210917_La_2_1150,52,HSL:1335103,Avajaisaukio
46080,46576,496,46080,46576,496,True,UPDATED,1631912400,HSL:1052_20210917_La_2_1200,52,HSL:1335103,Avajaisaukio
46680,46708,28,46680,46708,28,True,UPDATED,1631912400,HSL:1052_20210917_La_2_1210,52,HSL:1335103,Avajaisaukio
47280,47359,79,47280,47359,79,True,UPDATED,1631912400,HSL:1052_20210917_La_2_1220,52,HSL:1335103,Avajaisaukio
47880,47920,40,47880,47920,40,True,UPDATED,1631912400,HSL:1052_20210917_La_2_1230,52,HSL:1335103,Avajaisaukio
45840,45840,0,45840,45840,0,False,SCHEDULED,1631912400,HSL:9975_20210917_La_1_1238,975,HSL:9010209,Vasamakatu
47640,47640,0,47640,47640,0,False,SCHEDULED,1631912400,HSL:9975_20210917_La_1_1308,975,HSL:9010209,Vasamakatu
49440,49440,0,49440,49440,0,False,SCHEDULED,1631912400,HSL:9975_20210917_La_1_1338,975,HSL:9010209,Vasamakatu
51240,51240,0,51240,51240,0,False,SCHEDULED,1631912400,HSL:9975_20210917_La_1_1408,975,HSL:9010209,Vasamakatu
53040,53040,0,53040,53040,0,False,SCHEDULED,1631912400,HSL:9975_20210917_La_1_1438,975,HSL:9010209,Vasamakatu
45480,45480,0,45480,45480,0,False,SCHEDULED,1631912400,HSL:1052_20210917_La_1_1236,52,HSL:1335106,Paletinkierto
46080,46080,0,46080,46080,0,False,SCHEDULED,1631912400,HSL:1052_20210917_La_1_1246,52,HSL:1335106,Paletinkierto
46680,46680,0,46680,46680,0,False,SCHEDULED,1631912400,HSL:1052_20210917_La_1_1256,52,HSL:1335106,Paletinkierto
47280,47280,0,47280,47280,0,False,SCHEDULED,1631912400,HSL:1052_20210917_La_1_1306,52,HSL:1335106,Paletinkierto
47880,47880,0,47880,47880,0,False,SCHEDULED,1631912400,HSL:1052_20210917_La_1_1316,52,HSL:1335106,Paletinkierto
46080,46080,0,46080,46080,0,False,SCHEDULED,1631912400,HSL:9976_20210917_La_1_1238,976,HSL:9010204,Virrenkulma
47880,47880,0,47880,47880,0,False,SCHEDULED,1631912400,HSL:9976_20210917_La_1_1308,976,HSL:9010204,Virrenkulma
49680,49680,0,49680,49680,0,False,SCHEDULED,1631912400,HSL:9976_20210917_La_1_1338,976,HSL:9010204,Virrenkulma
51480,51480,0,51480,51480,0,False,SCHEDULED,1631912400,HSL:9976_20210917_La_1_1408,976,HSL:9010204,Virrenkulma
53280,53280,0,53280,53280,0,False,SCHEDULED,1631912400,HSL:9976_20210917_La_1_1438,976,HSL:9010204,Virrenkulma
46320,46320,0,46320,46320,0,False,SCHEDULED,1631912400,HSL:9976_20210917_La_2_1251,976,HSL:9010205,Palosenpolku
48120,48120,0,48120,48120,0,False,SCHEDULED,1631912400,HSL:9976_20210917_La_2_1321,976,HSL:9010205,Palosenpolku
49920,49920,0,49920,49920,0,False,SCHEDULED,1631912400,HSL:9976_20210917_La_2_1351,976,HSL:9010205,Palosenpolku
51720,51720,0,51720,51720,0,False,SCHEDULED,1631912400,HSL:9976_20210917_La_2_1421,976,HSL:9010205,Palosenpolku
53520,53520,0,53520,53520,0,False,SCHEDULED,1631912400,HSL:9976_20210917_La_2_1451,976,HSL:9010205,Palosenpolku
45960,45960,0,45960,45960,0,False,SCHEDULED,1631912400,HSL:9976_20210917_La_1_1238,976,HSL:9010206,Palosenpolku
47760,47760,0,47760,47760,0,False,SCHEDULED,1631912400,HSL:9976_20210917_La_1_1308,976,HSL:9010206,Palosenpolku
49560,49560,0,49560,49560,0,False,SCHEDULED,1631912400,HSL:9976_20210917_La_1_1338,976,HSL:9010206,Palosenpolku
51360,51360,0,51360,51360,0,False,SCHEDULED,1631912400,HSL:9976_20210917_La_1_1408,976,HSL:9010206,Palosenpolku
53160,53160,0,53160,53160,0,False,SCHEDULED,1631912400,HSL:9976_20210917_La_1_1438,976,HSL:9010206,Palosenpolku
45900,45900,0,45900,45900,0,False,SCHEDULED,1631912400,HSL:9975_20210917_La_1_1238,975,HSL:9010207,Ritakatu
47700,47700,0,47700,47700,0,False,SCHEDULED,1631912400,HSL:9975_20210917_La_1_1308,975,HSL:9010207,Ritakatu
49500,49500,0,49500,49500,0,False,SCHEDULED,1631912400,HSL:9975_20210917_La_1_1338,975,HSL:9010207,Ritakatu
51300,51300,0,51300,51300,0,False,SCHEDULED,1631912400,HSL:9975_20210917_La_1_1408,975,HSL:9010207,Ritakatu
53100,53100,0,53100,53100,0,False,SCHEDULED,1631912400,HSL:9975_20210917_La_1_1438,975,HSL:9010207,Ritakatu
46680,46680,0,46680,46680,0,False,SCHEDULED,1631912400,HSL:9975_20210917_La_2_1254,975,HSL:9010222,Sammontie
48480,48480,0,48480,48480,0,False,SCHEDULED,1631912400,HSL:9975_20210917_La_2_1324,975,HSL:9010222,Sammontie
50280,50280,0,50280,50280,0,False,SCHEDULED,1631912400,HSL:9975_20210917_La_2_1354,975,HSL:9010222,Sammontie
52080,52080,0,52080,52080,0,False,SCHEDULED,1631912400,HSL:9975_20210917_La_2_1424,975,HSL:9010222,Sammontie
53880,53880,0,53880,53880,0,False,SCHEDULED,1631912400,HSL:9975_20210917_La_2_1454,975,HSL:9010222,Sammontie
45960,45960,0,45960,45960,0,False,SCHEDULED,1631912400,HSL:9975_20210917_La_1_1238,975,HSL:9010223,Ylikeravantie
47760,47760,0,47760,47760,0,False,SCHEDULED,1631912400,HSL:9975_20210917_La_1_1308,975,HSL:9010223,Ylikeravantie
49560,49560,0,49560,49560,0,False,SCHEDULED,1631912400,HSL:9975_20210917_La_1_1338,975,HSL:9010223,Ylikeravantie
51360,51360,0,51360,51360,0,False,SCHEDULED,1631912400,HSL:9975_20210917_La_1_1408,975,HSL:9010223,Ylikeravantie
53160,53160,0,53160,53160,0,False,SCHEDULED,1631912400,HSL:9975_20210917_La_1_1438,975,HSL:9010223,Ylikeravantie
46740,46740,0,46740,46740,0,False,SCHEDULED,1631912400,HSL:9975_20210917_La_2_1254,975,HSL:9010224,Ylikeravantie
48540,48540,0,48540,48540,0,False,SCHEDULED,1631912400,HSL:9975_20210917_La_2_1324,975,HSL:9010224,Ylikeravantie
50340,50340,0,50340,50340,0,False,SCHEDULED,1631912400,HSL:9975_20210917_La_2_1354,975,HSL:9010224,Ylikeravantie
52140,52140,0,52140,52140,0,False,SCHEDULED,1631912400,HSL:9975_20210917_La_2_1424,975,HSL:9010224,Ylikeravantie
53940,53940,0,53940,53940,0,False,SCHEDULED,1631912400,HSL:9975_20210917_La_2_1454,975,HSL:9010224,Ylikeravantie
45960,45960,0,45960,45960,0,False,SCHEDULED,1631912400,HSL:9975_20210917_La_1_1238,975,HSL:9010225,Kalevan koulu
47760,47760,0,47760,47760,0,False,SCHEDULED,1631912400,HSL:9975_20210917_La_1_1308,975,HSL:9010225,Kalevan koulu
49560,49560,0,49560,49560,0,False,SCHEDULED,1631912400,HSL:9975_20210917_La_1_1338,975,HSL:9010225,Kalevan koulu
51360,51360,0,51360,51360,0,False,SCHEDULED,1631912400,HSL:9975_20210917_La_1_1408,975,HSL:9010225,Kalevan koulu
53160,53160,0,53160,53160,0,False,SCHEDULED,1631912400,HSL:9975_20210917_La_1_1438,975,HSL:9010225,Kalevan koulu
46620,46620,0,46620,46620,0,False,SCHEDULED,1631912400,HSL:9975_20210917_La_2_1254,975,HSL:9010220,Uunitie
48420,48420,0,48420,48420,0,False,SCHEDULED,1631912400,HSL:9975_20210917_La_2_1324,975,HSL:9010220,Uunitie
50220,50220,0,50220,50220,0,False,SCHEDULED,1631912400,HSL:9975_20210917_La_2_1354,975,HSL:9010220,Uunitie
52020,52020,0,52020,52020,0,False,SCHEDULED,1631912400,HSL:9975_20210917_La_2_1424,975,HSL:9010220,Uunitie
53820,53820,0,53820,53820,0,False,SCHEDULED,1631912400,HSL:9975_20210917_La_2_1454,975,HSL:9010220,Uunitie
46020,46020,0,46020,46020,0,False,SCHEDULED,1631912400,HSL:9975_20210917_La_1_1238,975,HSL:9010221,Sammontie
47820,47820,0,47820,47820,0,False,SCHEDULED,1631912400,HSL:9975_20210917_La_1_1308,975,HSL:9010221,Sammontie
49620,49620,0,49620,49620,0,False,SCHEDULED,1631912400,HSL:9975_20210917_La_1_1338,975,HSL:9010221,Sammontie
51420,51420,0,51420,51420,0,False,SCHEDULED,1631912400,HSL:9975_20210917_La_1_1408,975,HSL:9010221,Sammontie
53220,53220,0,53220,53220,0,False,SCHEDULED,1631912400,HSL:9975_20210917_La_1_1438,975,HSL:9010221,Sammontie
46080,46080,0,46080,46080,0,False,SCHEDULED,1631912400,HSL:9975_20210917_La_1_1238,975,HSL:9010219,Uunitie
47880,47880,0,47880,47880,0,False,SCHEDULED,1631912400,HSL:9975_20210917_La_1_1308,975,HSL:9010219,Uunitie
49680,49680,0,49680,49680,0,False,SCHEDULED,1631912400,HSL:9975_20210917_La_1_1338,975,HSL:9010219,Uunitie
51480,51480,0,51480,51480,0,False,SCHEDULED,1631912400,HSL:9975_20210917_La_1_1408,975,HSL:9010219,Uunitie
53280,53280,0,53280,53280,0,False,SCHEDULED,1631912400,HSL:9975_20210917_La_1_1438,975,HSL:9010219,Uunitie
46140,46140,0,46140,46140,0,False,SCHEDULED,1631912400,HSL:9975_20210917_La_1_1238,975,HSL:9010215,Kilta
46560,46560,0,46560,46560,0,False,SCHEDULED,1631912400,HSL:9641_20210917_La_2_1250,641,HSL:9010215,Kilta
47940,47940,0,47940,47940,0,False,SCHEDULED,1631912400,HSL:9975_20210917_La_1_1308,975,HSL:9010215,Kilta
48360,48360,0,48360,48360,0,False,SCHEDULED,1631912400,HSL:9641_20210917_La_2_1320,641,HSL:9010215,Kilta
49740,49740,0,49740,49740,0,False,SCHEDULED,1631912400,HSL:9975_20210917_La_1_1338,975,HSL:9010215,Kilta
46560,46560,0,46560,46560,0,False,SCHEDULED,1631912400,HSL:9975_20210917_La_2_1254,975,HSL:9010216,Sepontie
48360,48360,0,48360,48360,0,False,SCHEDULED,1631912400,HSL:9975_20210917_La_2_1324,975,HSL:9010216,Sepontie
50160,50160,0,50160,50160,0,False,SCHEDULED,1631912400,HSL:9975_20210917_La_2_1354,975,HSL:9010216,Sepontie
51960,51960,0,51960,51960,0,False,SCHEDULED,1631912400,HSL:9975_20210917_La_2_1424,975,HSL:9010216,Sepontie
53760,53760,0,53760,53760,0,False,SCHEDULED,1631912400,HSL:9975_20210917_La_2_1454,975,HSL:9010216,Sepontie
46080,46080,0,46080,46080,0,False,SCHEDULED,1631912400,HSL:9975_20210917_La_1_1238,975,HSL:9010217,Ilmarisentie
47880,47880,0,47880,47880,0,False,SCHEDULED,1631912400,HSL:9975_20210917_La_1_1308,975,HSL:9010217,Ilmarisentie
49680,49680,0,49680,49680,0,False,SCHEDULED,1631912400,HSL:9975_20210917_La_1_1338,975,HSL:9010217,Ilmarisentie
51480,51480,0,51480,51480,0,False,SCHEDULED,1631912400,HSL:9975_20210917_La_1_1408,975,HSL:9010217,Ilmarisentie
53280,53280,0,53280,53280,0,False,SCHEDULED,1631912400,HSL:9975_20210917_La_1_1438,975,HSL:9010217,Ilmarisentie
46620,46620,0,46620,46620,0,False,SCHEDULED,1631912400,HSL:9975_20210917_La_2_1254,975,HSL:9010218,Ilmarisentie
48420,48420,0,48420,48420,0,False,SCHEDULED,1631912400,HSL:9975_20210917_La_2_1324,975,HSL:9010218,Ilmarisentie
50220,50220,0,50220,50220,0,False,SCHEDULED,1631912400,HSL:9975_20210917_La_2_1354,975,HSL:9010218,Ilmarisentie
52020,52020,0,52020,52020,0,False,SCHEDULED,1631912400,HSL:9975_20210917_La_2_1424,975,HSL:9010218,Ilmarisentie
53820,53820,0,53820,53820,0,False,SCHEDULED,1631912400,HSL:9975_20210917_La_2_1454,975,HSL:9010218,Ilmarisentie
45180,45449,269,45180,45451,271,True,UPDATED,1631912400,HSL:2543_20210917_La_1_1155,543,HSL:2443212,Hannusjärvi
45600,45563,-37,45600,45566,-34,True,UPDATED,1631912400,HSL:2143_20210917_La_1_1231,143,HSL:2443212,Hannusjärvi
46020,46020,0,46020,46020,0,False,SCHEDULED,1631912400,HSL:2147_20210917_La_1_1238,147,HSL:2443212,Hannusjärvi
46500,46500,0,46500,46500,0,False,SCHEDULED,1631912400,HSL:2143_20210917_La_1_1246,143,HSL:2443212,Hannusjärvi
46920,46920,0,46920,46920,0,False,SCHEDULED,1631912400,HSL:2147_20210917_La_1_1253,147,HSL:2443212,Hannusjärvi
45360,45418,58,45360,45421,61,True,UPDATED,1631912400,HSL:2143_20210917_La_2_1226,143,HSL:2443213,Hannusjärvi
45900,45900,0,45900,45900,0,False,SCHEDULED,1631912400,HSL:2147_20210917_La_2_1233,147,HSL:2443213,Hannusjärvi
46260,46260,0,46260,46260,0,False,SCHEDULED,1631912400,HSL:2143_20210917_La_2_1241,143,HSL:2443213,Hannusjärvi
46800,46800,0,46800,46800,0,False,SCHEDULED,1631912400,HSL:2147_20210917_La_2_1248,147,HSL:2443213,Hannusjärvi
46920,46920,0,46920,46920,0,False,SCHEDULED,1631912400,HSL:2543_20210917_La_2_1252,543,HSL:2443213,Hannusjärvi
45240,45476,236,45240,45478,238,True,UPDATED,1631912400,HSL:2543_20210917_La_1_1155,543,HSL:2443214,Kaitaankulma
45660,45590,-70,45660,45593,-67,True,UPDATED,1631912400,HSL:2143_20210917_La_1_1231,143,HSL:2443214,Kaitaankulma
46080,46080,0,46080,46080,0,False,SCHEDULED,1631912400,HSL:2147_20210917_La_1_1238,147,HSL:2443214,Kaitaankulma
46560,46560,0,46560,46560,0,False,SCHEDULED,1631912400,HSL:2143_20210917_La_1_1246,143,HSL:2443214,Kaitaankulma
46980,46980,0,46980,46980,0,False,SCHEDULED,1631912400,HSL:2147_20210917_La_1_1253,147,HSL:2443214,Kaitaankulma
45360,45386,26,45360,45392,32,True,UPDATED,1631912400,HSL:2143_20210917_La_2_1226,143,HSL:2443215,Kaitaankulma
45840,45840,0,45840,45840,0,False,SCHEDULED,1631912400,HSL:2147_20210917_La_2_1233,147,HSL:2443215,Kaitaankulma
46260,46260,0,46260,46260,0,False,SCHEDULED,1631912400,HSL:2143_20210917_La_2_1241,143,HSL:2443215,Kaitaankulma
46740,46740,0,46740,46740,0,False,SCHEDULED,1631912400,HSL:2147_20210917_La_2_1248,147,HSL:2443215,Kaitaankulma
46920,46920,0,46920,46920,0,False,SCHEDULED,1631912400,HSL:2543_20210917_La_2_1252,543,HSL:2443215,Kaitaankulma
45720,45786,66,45720,45791,71,True,UPDATED,1631912400,HSL:2542_20210917_La_2_1222,542,HSL:2431254,Nauriskaski
46140,46140,0,46140,46140,0,False,SCHEDULED,1631912400,HSL:2159_20210917_La_2_1246,159,HSL:2431254,Nauriskaski
46620,46620,0,46620,46620,0,False,SCHEDULED,1631912400,HSL:2542_20210917_La_2_1237,542,HSL:2431254,Nauriskaski
47040,47040,0,47040,47040,0,False,SCHEDULED,1631912400,HSL:2159_20210917_La_2_1301,159,HSL:2431254,Nauriskaski
47460,47460,0,47460,47460,0,False,SCHEDULED,1631912400,HSL:2542_20210917_La_2_1251,542,HSL:2431254,Nauriskaski
45180,45290,110,45180,45328,148,True,UPDATED,1631912400,HSL:2542_20210917_La_1_1214,542,HSL:2431253,Nauriskaski
45420,45482,62,45420,45490,70,True,UPDATED,1631912400,HSL:2159_20210917_La_1_1224,159,HSL:2431253,Nauriskaski
46080,46169,89,46080,46176,96,True,UPDATED,1631912400,HSL:2542_20210917_La_1_1229,542,HSL:2431253,Nauriskaski
46320,46320,0,46320,46320,0,False,SCHEDULED,1631912400,HSL:2159_20210917_La_1_1239,159,HSL:2431253,Nauriskaski
46980,46980,0,46980,46980,0,False,SCHEDULED,1631912400,HSL:2542_20210917_La_1_1244,542,HSL:2431253,Nauriskaski
45480,45542,62,45480,45592,112,True,UPDATED,1631912400,HSL:2542_20210917_La_2_1222,542,HSL:2431256,Kantokaski
46380,46380,0,46380,46380,0,False,SCHEDULED,1631912400,HSL:2542_20210917_La_2_1237,542,HSL:2431256,Kantokaski
47220,47220,0,47220,47220,0,False,SCHEDULED,1631912400,HSL:2542_20210917_La_2_1251,542,HSL:2431256,Kantokaski
48180,48180,0,48180,48180,0,False,SCHEDULED,1631912400,HSL:2542_20210917_La_2_1306,542,HSL:2431256,Kantokaski
49080,49080,0,49080,49080,0,False,SCHEDULED,1631912400,HSL:2542_20210917_La_2_1321,542,HSL:2431256,Kantokaski
45420,45460,40,45420,45475,55,True,UPDATED,1631912400,HSL:2542_20210917_La_1_1214,542,HSL:2431255,Kaskisavu
46320,46390,70,46320,46398,78,True,UPDATED,1631912400,HSL:2542_20210917_La_1_1229,542,HSL:2431255,Kaskisavu
47220,47220,0,47220,47220,0,False,SCHEDULED,1631912400,HSL:2542_20210917_La_1_1244,542,HSL:2431255,Kaskisavu
48120,48120,0,48120,48120,0,False,SCHEDULED,1631912400,HSL:2542_20210917_La_1_1259,542,HSL:2431255,Kaskisavu
49020,49020,0,49020,49020,0,False,SCHEDULED,1631912400,HSL:2542_20210917_La_1_1314,542,HSL:2431255,Kaskisavu
45540,45592,52,45540,45637,97,True,UPDATED,1631912400,HSL:2542_20210917_La_2_1222,542,HSL:2431258,Kaskisavu
46440,46440,0,46440,46440,0,False,SCHEDULED,1631912400,HSL:2542_20210917_La_2_1237,542,HSL:2431258,Kaskisavu
47280,47280,0,47280,47280,0,False,SCHEDULED,1631912400,HSL:2542_20210917_La_2_1251,542,HSL:2431258,Kaskisavu
48240,48240,0,48240,48240,0,False,SCHEDULED,1631912400,HSL:2542_20210917_La_2_1306,542,HSL:2431258,Kaskisavu
49140,49140,0,49140,49140,0,False,SCHEDULED,1631912400,HSL:2542_20210917_La_2_1321,542,HSL:2431258,Kaskisavu
45360,45397,37,45360,45415,55,True,UPDATED,1631912400,HSL:2542_20210917_La_1_1214,542,HSL:2431257,Kaskenpolttaja
46260,46327,67,46260,46336,76,True,UPDATED,1631912400,HSL:2542_20210917_La_1_1229,542,HSL:2431257,Kaskenpolttaja
47160,47160,0,47160,47160,0,False,SCHEDULED,1631912400,HSL:2542_20210917_La_1_1244,542,HSL:2431257,Kaskenpolttaja
48060,48060,0,48060,48060,0,False,SCHEDULED,1631912400,HSL:2542_20210917_La_1_1259,542,HSL:2431257,Kaskenpolttaja
48960,48960,0,48960,48960,0,False,SCHEDULED,1631912400,HSL:2542_20210917_La_1_1314,542,HSL:2431257,Kaskenpolttaja
45360,45474,114,45360,45479,119,True,UPDATED,1631912400,HSL:2124_20210917_La_1_1217,124,HSL:2443229,Merikansantie
45480,45610,130,45480,45614,134,True,UPDATED,1631912400,HSL:2125_20210917_La_1_1210,125,HSL:2443229,Merikansantie
45660,45684,24,45660,45690,30,True,UPDATED,1631912400,HSL:2146_20210917_La_1_1231,146,HSL:2443229,Merikansantie
46320,46383,63,46320,46383,63,True,UPDATED,1631912400,HSL:2124K_20210917_La_1_1232,124K,HSL:2443229,Merikansantie
46380,46581,201,46380,46584,204,True,UPDATED,1631912400,HSL:2125_20210917_La_1_1225,125,HSL:2443229,Merikansantie
45600,45677,77,45660,45727,67,True,UPDATED,1631912400,HSL:2542_20210917_La_2_1222,542,HSL:2431252,Latokaski
46080,46080,0,46080,46080,0,False,SCHEDULED,1631912400,HSL:2159_20210917_La_2_1246,159,HSL:2431252,Latokaski
46500,46500,0,46560,46560,0,False,SCHEDULED,1631912400,HSL:2542_20210917_La_2_1237,542,HSL:2431252,Latokaski
46980,46980,0,46980,46980,0,False,SCHEDULED,1631912400,HSL:2159_20210917_La_2_1301,159,HSL:2431252,Latokaski
47340,47340,0,47400,47400,0,False,SCHEDULED,1631912400,HSL:2542_20210917_La_2_1251,542,HSL:2431252,Latokaski
45240,45343,103,45300,45387,87,True,UPDATED,1631912400,HSL:2542_20210917_La_1_1214,542,HSL:2431251,Latokaski
45480,45544,64,45480,45551,71,True,UPDATED,1631912400,HSL:2159_20210917_La_1_1224,159,HSL:2431251,Latokaski
46140,46228,88,46200,46279,79,True,UPDATED,1631912400,HSL:2542_20210917_La_1_1229,542,HSL:2431251,Latokaski
46380,46380,0,46380,46380,0,False,SCHEDULED,1631912400,HSL:2159_20210917_La_1_1239,159,HSL:2431251,Latokaski
47040,47040,0,47100,47100,0,False,SCHEDULED,1631912400,HSL:2542_20210917_La_1_1244,542,HSL:2431251,Latokaski
45480,45479,-1,45480,45479,-1,True,UPDATED,1631912400,HSL:2145_20210917_La_2_1224,145,HSL:2443226,Soukanmyötäle
46020,46020,0,46020,46020,0,False,SCHEDULED,1631912400,HSL:2146_20210917_La_2_1238,146,HSL:2443226,Soukanmyötäle
46920,46920,0,46920,46920,0,False,SCHEDULED,1631912400,HSL:2146_20210917_La_2_1253,146,HSL:2443226,Soukanmyötäle
47280,47280,0,47280,47280,0,False,SCHEDULED,1631912400,HSL:2145_20210917_La_2_1254,145,HSL:2443226,Soukanmyötäle
47820,47820,0,47820,47820,0,False,SCHEDULED,1631912400,HSL:2146_20210917_La_2_1308,146,HSL:2443226,Soukanmyötäle
46020,46114,94,46020,46114,94,True,UPDATED,1631912400,HSL:6171_20210917_La_2_1206,171,HSL:2443227,Espoonlahdensolmu
47100,47479,379,47100,47483,383,True,UPDATED,1631912400,HSL:6173_20210917_La_2_1202,173,HSL:2443227,Espoonlahdensolmu
49200,49200,0,49200,49200,0,False,SCHEDULED,1631912400,HSL:7192V_20210917_La_2_1315,192V,HSL:2443227,Espoonlahdensolmu
49620,49620,0,49620,49620,0,False,SCHEDULED,1631912400,HSL:6171_20210917_La_2_1306,171,HSL:2443227,Espoonlahdensolmu
50760,50760,0,50760,50760,0,False,SCHEDULED,1631912400,HSL:6173_20210917_La_2_1301,173,HSL:2443227,Espoonlahdensolmu
45900,45900,0,45900,45900,0,False,SCHEDULED,1631912400,HSL:2146_20210917_La_2_1238,146,HSL:2443228,Merikansantie
46080,46080,0,46080,46080,0,False,SCHEDULED,1631912400,HSL:2124_20210917_La_2_1233,124,HSL:2443228,Merikansantie
46800,46800,0,46800,46800,0,False,SCHEDULED,1631912400,HSL:2146_20210917_La_2_1253,146,HSL:2443228,Merikansantie
46980,46980,0,46980,46980,0,False,SCHEDULED,1631912400,HSL:2124K_20210917_La_2_1248,124K,HSL:2443228,Merikansantie
47700,47700,0,47700,47700,0,False,SCHEDULED,1631912400,HSL:2146_20210917_La_2_1308,146,HSL:2443228,Merikansantie
86520,86520,0,86520,86520,0,False,SCHEDULED,1631912400,HSL:2235N_20210917_La_1_2335,235N,HSL:2111299,Gransinmäenportti
88320,88320,0,88320,88320,0,False,SCHEDULED,1631912400,HSL:2235N_20210917_La_1_2405,235N,HSL:2111299,Gransinmäenportti
90120,90120,0,90120,90120,0,False,SCHEDULED,1631912400,HSL:2235N_20210917_La_1_2435,235N,HSL:2111299,Gransinmäenportti
91860,91860,0,91860,91860,0,False,SCHEDULED,1631912400,HSL:2235N_20210917_La_1_2505,235N,HSL:2111299,Gransinmäenportti
93600,93600,0,93600,93600,0,False,SCHEDULED,1631912400,HSL:2235N_20210917_La_1_2535,235N,HSL:2111299,Gransinmäenportti
45540,45607,67,45540,45809,269,True,UPDATED,1631912400,HSL:2159_20210917_La_1_1224,159,HSL:2431240,Latokasken koulu
45960,45960,0,45960,45960,0,False,SCHEDULED,1631912400,HSL:2159_20210917_La_2_1246,159,HSL:2431240,Latokasken koulu
46440,46440,0,46440,46440,0,False,SCHEDULED,1631912400,HSL:2159_20210917_La_1_1239,159,HSL:2431240,Latokasken koulu
46860,46860,0,46860,46860,0,False,SCHEDULED,1631912400,HSL:2159_20210917_La_2_1301,159,HSL:2431240,Latokasken koulu
47340,47340,0,47340,47340,0,False,SCHEDULED,1631912400,HSL:2159_20210917_La_1_1254,159,HSL:2431240,Latokasken koulu
46140,46140,0,46140,46140,0,False,SCHEDULED,1631912400,HSL:1063_20210917_La_1_1246,63,HSL:1130111,Kansallismuseo
47340,47340,0,47340,47340,0,False,SCHEDULED,1631912400,HSL:1063_20210917_La_1_1306,63,HSL:1130111,Kansallismuseo
48540,48540,0,48540,48540,0,False,SCHEDULED,1631912400,HSL:1063_20210917_La_1_1326,63,HSL:1130111,Kansallismuseo
49740,49740,0,49740,49740,0,False,SCHEDULED,1631912400,HSL:1063_20210917_La_1_1346,63,HSL:1130111,Kansallismuseo
50940,50940,0,50940,50940,0,False,SCHEDULED,1631912400,HSL:1063_20210917_La_1_1406,63,HSL:1130111,Kansallismuseo
45840,45840,0,45840,45840,0,True,UPDATED,1631912400,HSL:1024_20210917_La_2_1229,24,HSL:1130112,Leppäsuonkatu
46020,45992,-28,46020,45992,-28,True,UPDATED,1631912400,HSL:1025_20210917_La_2_1224,25,HSL:1130112,Leppäsuonkatu
47220,47220,0,47220,47220,0,False,SCHEDULED,1631912400,HSL:1025_20210917_La_2_1244,25,HSL:1130112,Leppäsuonkatu
47640,47640,0,47640,47640,0,False,SCHEDULED,1631912400,HSL:1024_20210917_La_2_1259,24,HSL:1130112,Leppäsuonkatu
48420,48420,0,48420,48420,0,False,SCHEDULED,1631912400,HSL:1025_20210917_La_2_1304,25,HSL:1130112,Leppäsuonkatu
45600,45600,0,45600,45600,0,False,SCHEDULED,1631912400,HSL:7192V_20210917_La_1_1240,192V,HSL:1130113,Pohj. Rautatiekatu
46380,46473,93,46380,46473,93,True,UPDATED,1631912400,HSL:1063_20210917_La_2_1213,63,HSL:1130113,Pohj. Rautatiekatu
47580,47435,-145,47580,47453,-127,True,UPDATED,1631912400,HSL:1063_20210917_La_2_1233,63,HSL:1130113,Pohj. Rautatiekatu
48780,48780,0,48780,48780,0,False,SCHEDULED,1631912400,HSL:1063_20210917_La_2_1253,63,HSL:1130113,Pohj. Rautatiekatu
49980,49980,0,49980,49980,0,False,SCHEDULED,1631912400,HSL:1063_20210917_La_2_1313,63,HSL:1130113,Pohj. Rautatiekatu
45600,45600,0,45600,45600,0,False,SCHEDULED,1631912400,HSL:1042_20210917_La_1_1237,42,HSL:1130110,Hanken
45720,45720,0,45720,45720,0,True,UPDATED,1631912400,HSL:1020_20210917_La_1_1230,20,HSL:1130110,Hanken
45900,45900,0,45900,45900,0,False,SCHEDULED,1631912400,HSL:1069_20210917_La_1_1242,69,HSL:1130110,Hanken
46020,46020,0,46020,46020,0,False,SCHEDULED,1631912400,HSL:1037_20210917_La_1_1244,37,HSL:1130110,Hanken
46140,46140,0,46140,46140,0,True,UPDATED,1631912400,HSL:1030_20210917_La_1_1237,30,HSL:1130110,Hanken
45960,45932,-28,45960,45932,-28,True,UPDATED,1631912400,HSL:1025_20210917_La_2_1224,25,HSL:1130119,Perhonkatu
47160,47160,0,47160,47160,0,False,SCHEDULED,1631912400,HSL:1025_20210917_La_2_1244,25,HSL:1130119,Perhonkatu
48360,48360,0,48360,48360,0,False,SCHEDULED,1631912400,HSL:1025_20210917_La_2_1304,25,HSL:1130119,Perhonkatu
49560,49560,0,49560,49560,0,False,SCHEDULED,1631912400,HSL:1025_20210917_La_2_1324,25,HSL:1130119,Perhonkatu
50760,50760,0,50760,50760,0,False,SCHEDULED,1631912400,HSL:1025_20210917_La_2_1344,25,HSL:1130119,Perhonkatu
45360,45390,30,45360,45390,30,True,UPDATED,1631912400,HSL:1024_20210917_La_1_1233,24,HSL:1130115,Leppäsuonkatu
46260,46260,0,46260,46260,0,False,SCHEDULED,1631912400,HSL:1025_20210917_La_1_1248,25,HSL:1130115,Leppäsuonkatu
47160,47160,0,47160,47160,0,False,SCHEDULED,1631912400,HSL:1024_20210917_La_1_1303,24,HSL:1130115,Leppäsuonkatu
47460,47460,0,47460,47460,0,False,SCHEDULED,1631912400,HSL:1025_20210917_La_1_1308,25,HSL:1130115,Leppäsuonkatu
48660,48660,0,48660,48660,0,False,SCHEDULED,1631912400,HSL:1025_20210917_La_1_1328,25,HSL:1130115,Leppäsuonkatu
45660,45660,0,45660,45660,0,True,UPDATED,1631912400,HSL:4555B_20210917_La_1_1236,555B,HSL:2111281,Vallikatu
46740,46761,21,46740,46779,39,True,UPDATED,1631912400,HSL:2202_20210917_La_1_1238,202,HSL:2111281,Vallikatu
47280,47280,0,47280,47280,0,False,SCHEDULED,1631912400,HSL:4555B_20210917_La_1_1303,555B,HSL:2111281,Vallikatu
48540,48540,0,48540,48540,0,False,SCHEDULED,1631912400,HSL:2202_20210917_La_1_1307,202,HSL:2111281,Vallikatu
49260,49260,0,49260,49260,0,False,SCHEDULED,1631912400,HSL:4555B_20210917_La_1_1336,555B,HSL:2111281,Vallikatu
45660,45593,-67,45660,45604,-56,True,UPDATED,1631912400,HSL:2550_20210917_La_1_1152,550,HSL:2111280,Puustellinmäki
45780,45791,11,45780,45791,11,True,UPDATED,1631912400,HSL:2200_20210917_La_1_1214,200,HSL:2111280,Puustellinmäki
46260,46163,-97,46260,46170,-90,True,UPDATED,1631912400,HSL:2553K_20210917_La_1_1150,553K,HSL:2111280,Puustellinmäki
46260,46311,51,46260,46322,62,True,UPDATED,1631912400,HSL:2550_20210917_La_1_1202,550,HSL:2111280,Puustellinmäki
46380,46395,15,46380,46405,25,True,UPDATED,1631912400,HSL:2200_20210917_La_1_1224,200,HSL:2111280,Puustellinmäki
27300,27300,0,27300,27300,0,False,SCHEDULED,1631998800,HSL:9665A1_20210917_Su_1_0708,665A,HSL:9620600,Nummenkylä
45660,45690,30,45660,45690,30,True,UPDATED,1631912400,HSL:1024_20210917_La_1_1233,24,HSL:1130101,Hietakannaksentie
47460,47460,0,47460,47460,0,False,SCHEDULED,1631912400,HSL:1024_20210917_La_1_1303,24,HSL:1130101,Hietakannaksentie
49260,49260,0,49260,49260,0,False,SCHEDULED,1631912400,HSL:1024_20210917_La_1_1333,24,HSL:1130101,Hietakannaksentie
51060,51060,0,51060,51060,0,False,SCHEDULED,1631912400,HSL:1024_20210917_La_1_1403,24,HSL:1130101,Hietakannaksentie
52860,52860,0,52860,52860,0,False,SCHEDULED,1631912400,HSL:1024_20210917_La_1_1433,24,HSL:1130101,Hietakannaksentie
45480,45480,0,45480,45480,0,True,UPDATED,1631912400,HSL:1024_20210917_La_2_1229,24,HSL:1130102,Hietakannaksentie
47280,47280,0,47280,47280,0,False,SCHEDULED,1631912400,HSL:1024_20210917_La_2_1259,24,HSL:1130102,Hietakannaksentie
49080,49080,0,49080,49080,0,False,SCHEDULED,1631912400,HSL:1024_20210917_La_2_1329,24,HSL:1130102,Hietakannaksentie
50880,50880,0,50880,50880,0,False,SCHEDULED,1631912400,HSL:1024_20210917_La_2_1359,24,HSL:1130102,Hietakannaksentie
52680,52680,0,52680,52680,0,False,SCHEDULED,1631912400,HSL:1024_20210917_La_2_1429,24,HSL:1130102,Hietakannaksentie
45360,45372,12,45360,45390,30,True,UPDATED,1631912400,HSL:1041_20210917_La_1_1231,41,HSL:1130103,Apollonkatu
45720,45720,0,45720,45720,0,False,SCHEDULED,1631912400,HSL:1042_20210917_La_1_1237,42,HSL:1130103,Apollonkatu
45780,45780,0,45780,45780,0,True,UPDATED,1631912400,HSL:1020_20210917_La_1_1230,20,HSL:1130103,Apollonkatu
45960,45960,0,45960,45960,0,False,SCHEDULED,1631912400,HSL:1069_20210917_La_1_1242,69,HSL:1130103,Apollonkatu
46140,46140,0,46140,46140,0,False,SCHEDULED,1631912400,HSL:1037_20210917_La_1_1244,37,HSL:1130103,Apollonkatu
45360,45360,0,45360,45360,0,False,SCHEDULED,1631912400,HSL:1030_20210917_La_2_1151,30,HSL:1130104,Apollonkatu
45660,45724,64,45660,45725,65,True,UPDATED,1631912400,HSL:1041_20210917_La_2_1211,41,HSL:1130104,Apollonkatu
45300,45734,434,45300,45734,434,True,UPDATED,1631912400,HSL:1042_20210917_La_2_1206,42,HSL:1130104,Apollonkatu
45780,45870,90,45780,45870,90,True,UPDATED,1631912400,HSL:1020_20210917_La_2_1217,20,HSL:1130104,Apollonkatu
46080,46230,150,46080,46261,181,True,UPDATED,1631912400,HSL:1037_20210917_La_2_1213,37,HSL:1130104,Apollonkatu
45360,45360,0,45360,45360,0,False,SCHEDULED,1631912400,HSL:7455A_20210917_La_2_1203,455A,HSL:1130105,Kansallismuseo
46260,46353,93,46260,46353,93,True,UPDATED,1631912400,HSL:1063_20210917_La_2_1213,63,HSL:1130105,Kansallismuseo
47100,47100,0,47100,47100,0,False,SCHEDULED,1631912400,HSL:7848_20210917_La_2_1205,848,HSL:1130105,Kansallismuseo
47460,47370,-90,47460,47374,-86,True,UPDATED,1631912400,HSL:1063_20210917_La_2_1233,63,HSL:1130105,Kansallismuseo
48180,48180,0,48180,48180,0,False,SCHEDULED,1631912400,HSL:7465_20210917_La_2_1245,465,HSL:1130105,Kansallismuseo
45300,45331,31,45300,45336,36,True,UPDATED,1631912400,HSL:2436_20210917_La_1_1232,436,HSL:1130106,Hesperian puisto
45540,45540,0,45540,45540,0,True,UPDATED,1631912400,HSL:1040_20210917_La_1_1235,40,HSL:1130106,Hesperian puisto
45900,45900,0,45900,45900,0,False,SCHEDULED,1631912400,HSL:4421_20210917_La_1_1242,421,HSL:1130106,Hesperian puisto
46140,46140,0,46140,46140,0,False,SCHEDULED,1631912400,HSL:1040_20210917_La_1_1245,40,HSL:1130106,Hesperian puisto
46200,46200,0,46200,46200,0,False,SCHEDULED,1631912400,HSL:1063_20210917_La_1_1246,63,HSL:1130106,Hesperian puisto
44880,45355,475,44880,45365,485,True,UPDATED,1631912400,HSL:2200_20210917_La_2_1134,200,HSL:1130107,Hesperian puisto
44940,45504,564,44940,45513,573,True,UPDATED,1631912400,HSL:1040_20210917_La_2_1156,40,HSL:1130107,Hesperian puisto
45540,45579,39,45540,45584,44,True,UPDATED,1631912400,HSL:1040_20210917_La_2_1206,40,HSL:1130107,Hesperian puisto
45480,45701,221,45480,45715,235,True,UPDATED,1631912400,HSL:2200_20210917_La_2_1144,200,HSL:1130107,Hesperian puisto
45540,45764,224,45540,45764,224,True,UPDATED,1631912400,HSL:4411_20210917_La_2_1205,411,HSL:1130107,Hesperian puisto
45540,45637,97,45540,45639,99,True,UPDATED,1631912400,HSL:2542_20210917_La_2_1222,542,HSL:2431260,Kaskenpolttaja
46440,46440,0,46440,46440,0,False,SCHEDULED,1631912400,HSL:2542_20210917_La_2_1237,542,HSL:2431260,Kaskenpolttaja
47280,47280,0,47280,47280,0,False,SCHEDULED,1631912400,HSL:2542_20210917_La_2_1251,542,HSL:2431260,Kaskenpolttaja
48240,48240,0,48240,48240,0,False,SCHEDULED,1631912400,HSL:2542_20210917_La_2_1306,542,HSL:2431260,Kaskenpolttaja
49140,49140,0,49140,49140,0,False,SCHEDULED,1631912400,HSL:2542_20210917_La_2_1321,542,HSL:2431260,Kaskenpolttaja
46020,46020,0,46020,46050,30,True,UPDATED,1631912400,HSL:3002E_20210917_La_1_1227,E,HSL:2161501,Koivuhovi
46920,46920,0,46920,46920,0,False,SCHEDULED,1631912400,HSL:3002U_20210917_La_1_1242,U,HSL:2161501,Koivuhovi
47820,47820,0,47820,47820,0,False,SCHEDULED,1631912400,HSL:3002E_20210917_La_1_1257,E,HSL:2161501,Koivuhovi
48720,48720,0,48720,48720,0,False,SCHEDULED,1631912400,HSL:3002U_20210917_La_1_1312,U,HSL:2161501,Koivuhovi
49620,49620,0,49620,49620,0,False,SCHEDULED,1631912400,HSL:3002E_20210917_La_1_1327,E,HSL:2161501,Koivuhovi
45780,45780,0,45780,45780,0,True,UPDATED,1631912400,HSL:4570_20210917_La_2_1145,570,HSL:4910221,Maratontie
46380,46411,31,46380,46411,31,True,UPDATED,1631912400,HSL:4570_20210917_La_2_1154,570,HSL:4910221,Maratontie
46980,47160,180,46980,47160,180,True,UPDATED,1631912400,HSL:4570_20210917_La_2_1204,570,HSL:4910221,Maratontie
47580,47639,59,47580,47639,59,True,UPDATED,1631912400,HSL:4570_20210917_La_2_1214,570,HSL:4910221,Maratontie
47940,47980,40,47940,47980,40,True,UPDATED,1631912400,HSL:4587_20210917_La_2_1234,587,HSL:4910221,Maratontie
45540,45540,0,45540,45540,0,True,UPDATED,1631912400,HSL:4570_20210917_La_1_1235,570,HSL:4910222,Maratontie
46140,46140,0,46140,46140,0,False,SCHEDULED,1631912400,HSL:4570_20210917_La_1_1245,570,HSL:4910222,Maratontie
46740,46740,0,46740,46740,0,False,SCHEDULED,1631912400,HSL:4570_20210917_La_1_1255,570,HSL:4910222,Maratontie
47340,47340,0,47340,47340,0,False,SCHEDULED,1631912400,HSL:4570_20210917_La_1_1305,570,HSL:4910222,Maratontie
47940,47940,0,47940,47940,0,False,SCHEDULED,1631912400,HSL:4570_20210917_La_1_1315,570,HSL:4910222,Maratontie
45960,45963,3,45960,45963,3,True,UPDATED,1631912400,HSL:9842_20210917_La_2_1226,842,HSL:1600216,Knutersintie
47460,47460,0,47460,47460,0,False,SCHEDULED,1631912400,HSL:9844_20210917_La_2_1255,844,HSL:1600216,Knutersintie
47700,47700,0,47700,47700,0,False,SCHEDULED,1631912400,HSL:1831K_20210917_La_2_1310,831K,HSL:1600216,Knutersintie
48600,48600,0,48600,48600,0,False,SCHEDULED,1631912400,HSL:9841_20210917_La_2_1305,841,HSL:1600216,Knutersintie
49560,49560,0,49560,49560,0,False,SCHEDULED,1631912400,HSL:9842_20210917_La_2_1326,842,HSL:1600216,Knutersintie
45420,45492,72,45420,45492,72,True,UPDATED,1631912400,HSL:9844_20210917_La_1_1220,844,HSL:1600217,Korsnäsintie
46620,46620,0,46620,46620,0,False,SCHEDULED,1631912400,HSL:9842_20210917_La_1_1240,842,HSL:1600217,Korsnäsintie
47820,47820,0,47820,47820,0,False,SCHEDULED,1631912400,HSL:9843_20210917_La_1_1300,843,HSL:1600217,Korsnäsintie
48720,48720,0,48720,48720,0,False,SCHEDULED,1631912400,HSL:9841_20210917_La_1_1315,841,HSL:1600217,Korsnäsintie
50100,50100,0,50100,50100,0,False,SCHEDULED,1631912400,HSL:9842_20210917_La_1_1338,842,HSL:1600217,Korsnäsintie
46080,46083,3,46080,46083,3,True,UPDATED,1631912400,HSL:9842_20210917_La_2_1226,842,HSL:1600214,Karhusaarentie
47580,47580,0,47580,47580,0,False,SCHEDULED,1631912400,HSL:9844_20210917_La_2_1255,844,HSL:1600214,Karhusaarentie
48300,48300,0,48300,48300,0,False,SCHEDULED,1631912400,HSL:1831K_20210917_La_2_1310,831K,HSL:1600214,Karhusaarentie
48720,48720,0,48720,48720,0,False,SCHEDULED,1631912400,HSL:9841_20210917_La_2_1305,841,HSL:1600214,Karhusaarentie
49680,49680,0,49680,49680,0,False,SCHEDULED,1631912400,HSL:9842_20210917_La_2_1326,842,HSL:1600214,Karhusaarentie
45360,45432,72,45360,45432,72,True,UPDATED,1631912400,HSL:9844_20210917_La_1_1220,844,HSL:1600215,Knutersintie
46560,46560,0,46560,46560,0,False,SCHEDULED,1631912400,HSL:9842_20210917_La_1_1240,842,HSL:1600215,Knutersintie
47760,47760,0,47760,47760,0,False,SCHEDULED,1631912400,HSL:9843_20210917_La_1_1300,843,HSL:1600215,Knutersintie
48660,48660,0,48660,48660,0,False,SCHEDULED,1631912400,HSL:9841_20210917_La_1_1315,841,HSL:1600215,Knutersintie
50040,50040,0,50040,50040,0,False,SCHEDULED,1631912400,HSL:9842_20210917_La_1_1338,842,HSL:1600215,Knutersintie
45960,45963,3,45960,45963,3,True,UPDATED,1631912400,HSL:9842_20210917_La_2_1226,842,HSL:1600218,Korsnäsintie
47460,47460,0,47460,47460,0,False,SCHEDULED,1631912400,HSL:9844_20210917_La_2_1255,844,HSL:1600218,Korsnäsintie
48600,48600,0,48600,48600,0,False,SCHEDULED,1631912400,HSL:9841_20210917_La_2_1305,841,HSL:1600218,Korsnäsintie
49560,49560,0,49560,49560,0,False,SCHEDULED,1631912400,HSL:9842_20210917_La_2_1326,842,HSL:1600218,Korsnäsintie
50820,50820,0,50820,50820,0,False,SCHEDULED,1631912400,HSL:9843_20210917_La_2_1345,843,HSL:1600218,Korsnäsintie
45480,45480,0,45480,45480,0,False,SCHEDULED,1631912400,HSL:1030_20210917_La_2_1151,30,HSL:1130139,Hanken
45780,45850,70,45780,45853,73,True,UPDATED,1631912400,HSL:1041_20210917_La_2_1211,41,HSL:1130139,Hanken
45420,45854,434,45420,45854,434,True,UPDATED,1631912400,HSL:1042_20210917_La_2_1206,42,HSL:1130139,Hanken
45900,45990,90,45900,45990,90,True,UPDATED,1631912400,HSL:1020_20210917_La_2_1217,20,HSL:1130139,Hanken
46200,46384,184,46200,46387,187,True,UPDATED,1631912400,HSL:1037_20210917_La_2_1213,37,HSL:1130139,Hanken
47340,47318,-22,47340,47318,-22,True,UPDATED,1631912400,HSL:9788K_20210917_La_2_1225,788K,HSL:9214216,Paisbackantie
62040,62040,0,62040,62040,0,False,SCHEDULED,1631912400,HSL:9788K_20210917_La_2_1630,788K,HSL:9214216,Paisbackantie
40560,40560,0,40560,40560,0,False,SCHEDULED,1631998800,HSL:9785K_20210917_Su_2_1058,785K,HSL:9214216,Paisbackantie
46080,46083,3,46080,46083,3,True,UPDATED,1631912400,HSL:9842_20210917_La_2_1226,842,HSL:1600212,Östersundom 2
47580,47580,0,47580,47580,0,False,SCHEDULED,1631912400,HSL:9844_20210917_La_2_1255,844,HSL:1600212,Östersundom 2
48300,48300,0,48300,48300,0,False,SCHEDULED,1631912400,HSL:1831K_20210917_La_2_1310,831K,HSL:1600212,Östersundom 2
48720,48720,0,48720,48720,0,False,SCHEDULED,1631912400,HSL:9841_20210917_La_2_1305,841,HSL:1600212,Östersundom 2
49680,49680,0,49680,49680,0,False,SCHEDULED,1631912400,HSL:9842_20210917_La_2_1326,842,HSL:1600212,Östersundom 2
53400,53400,0,53400,53400,0,False,SCHEDULED,1631912400,HSL:9787K_20210917_La_1_1410,787K,HSL:9214217,Paisbackantie
67800,67800,0,67800,67800,0,False,SCHEDULED,1631912400,HSL:9785K_20210917_La_1_1810,785K,HSL:9214217,Paisbackantie
45300,45372,72,45300,45372,72,True,UPDATED,1631912400,HSL:9844_20210917_La_1_1220,844,HSL:1600213,Karhusaarentie
46500,46500,0,46500,46500,0,False,SCHEDULED,1631912400,HSL:9842_20210917_La_1_1240,842,HSL:1600213,Karhusaarentie
47160,47160,0,47160,47160,0,False,SCHEDULED,1631912400,HSL:1831_20210917_La_1_1250,831,HSL:1600213,Karhusaarentie
47700,47700,0,47700,47700,0,False,SCHEDULED,1631912400,HSL:9843_20210917_La_1_1300,843,HSL:1600213,Karhusaarentie
48600,48600,0,48600,48600,0,False,SCHEDULED,1631912400,HSL:9841_20210917_La_1_1315,841,HSL:1600213,Karhusaarentie
46140,46143,3,46140,46143,3,True,UPDATED,1631912400,HSL:9842_20210917_La_2_1226,842,HSL:1600210,Östersundom
47640,47640,0,47640,47640,0,False,SCHEDULED,1631912400,HSL:9844_20210917_La_2_1255,844,HSL:1600210,Östersundom
48360,48360,0,48360,48360,0,False,SCHEDULED,1631912400,HSL:1831K_20210917_La_2_1310,831K,HSL:1600210,Östersundom
48780,48780,0,48780,48780,0,False,SCHEDULED,1631912400,HSL:9841_20210917_La_2_1305,841,HSL:1600210,Östersundom
49740,49740,0,49740,49740,0,False,SCHEDULED,1631912400,HSL:9842_20210917_La_2_1326,842,HSL:1600210,Östersundom
53460,53460,0,53460,53460,0,False,SCHEDULED,1631912400,HSL:9787K_20210917_La_1_1410,787K,HSL:9214219,Svartböle
67920,67920,0,67920,67920,0,False,SCHEDULED,1631912400,HSL:9785K_20210917_La_1_1810,785K,HSL:9214219,Svartböle
45300,45372,72,45300,45372,72,True,UPDATED,1631912400,HSL:9844_20210917_La_1_1220,844,HSL:1600211,Östersundom 2
46500,46500,0,46500,46500,0,False,SCHEDULED,1631912400,HSL:9842_20210917_La_1_1240,842,HSL:1600211,Östersundom 2
47100,47100,0,47100,47100,0,False,SCHEDULED,1631912400,HSL:1831_20210917_La_1_1250,831,HSL:1600211,Östersundom 2
47700,47700,0,47700,47700,0,False,SCHEDULED,1631912400,HSL:9843_20210917_La_1_1300,843,HSL:1600211,Östersundom 2
48600,48600,0,48600,48600,0,False,SCHEDULED,1631912400,HSL:9841_20210917_La_1_1315,841,HSL:1600211,Östersundom 2
45720,45750,30,45720,45750,30,True,UPDATED,1631912400,HSL:1024_20210917_La_1_1233,24,HSL:1130122,Taivallahti
46440,46440,0,46440,46440,0,False,SCHEDULED,1631912400,HSL:1025_20210917_La_1_1248,25,HSL:1130122,Taivallahti
47520,47520,0,47520,47520,0,False,SCHEDULED,1631912400,HSL:1024_20210917_La_1_1303,24,HSL:1130122,Taivallahti
47640,47640,0,47640,47640,0,False,SCHEDULED,1631912400,HSL:1025_20210917_La_1_1308,25,HSL:1130122,Taivallahti
48840,48840,0,48840,48840,0,False,SCHEDULED,1631912400,HSL:1025_20210917_La_1_1328,25,HSL:1130122,Taivallahti
45840,45812,-28,45840,45812,-28,True,UPDATED,1631912400,HSL:1025_20210917_La_2_1224,25,HSL:1130123,Taivallahti
47040,47040,0,47040,47040,0,False,SCHEDULED,1631912400,HSL:1025_20210917_La_2_1244,25,HSL:1130123,Taivallahti
48240,48240,0,48240,48240,0,False,SCHEDULED,1631912400,HSL:1025_20210917_La_2_1304,25,HSL:1130123,Taivallahti
49440,49440,0,49440,49440,0,False,SCHEDULED,1631912400,HSL:1025_20210917_La_2_1324,25,HSL:1130123,Taivallahti
50640,50640,0,50640,50640,0,False,SCHEDULED,1631912400,HSL:1025_20210917_La_2_1344,25,HSL:1130123,Taivallahti
46380,46380,0,46380,46380,0,False,SCHEDULED,1631912400,HSL:1025_20210917_La_1_1248,25,HSL:1130120,Caloniuksenkatu
47580,47580,0,47580,47580,0,False,SCHEDULED,1631912400,HSL:1025_20210917_La_1_1308,25,HSL:1130120,Caloniuksenkatu
48780,48780,0,48780,48780,0,False,SCHEDULED,1631912400,HSL:1025_20210917_La_1_1328,25,HSL:1130120,Caloniuksenkatu
49980,49980,0,49980,49980,0,False,SCHEDULED,1631912400,HSL:1025_20210917_La_1_1348,25,HSL:1130120,Caloniuksenkatu
51180,51180,0,51180,51180,0,False,SCHEDULED,1631912400,HSL:1025_20210917_La_1_1408,25,HSL:1130120,Caloniuksenkatu
45480,45567,87,45480,45578,98,True,UPDATED,1631912400,HSL:2550_20210917_La_2_1219,550,HSL:2111256,Puustellinmäki
45660,45825,165,45660,45839,179,True,UPDATED,1631912400,HSL:2200_20210917_La_2_1214,200,HSL:2111256,Puustellinmäki
45900,45900,0,45900,45900,0,False,SCHEDULED,1631912400,HSL:2553K_20210917_La_2_1242,553K,HSL:2111256,Puustellinmäki
46080,46109,29,46080,46117,37,True,UPDATED,1631912400,HSL:2550_20210917_La_2_1229,550,HSL:2111256,Puustellinmäki
46260,46362,102,46260,46374,114,True,UPDATED,1631912400,HSL:2200_20210917_La_2_1224,200,HSL:2111256,Puustellinmäki
47880,47880,0,47880,47880,0,False,SCHEDULED,1631912400,HSL:2201_20210917_La_2_1300,201,HSL:2111254,Timpurinkuja
51480,51480,0,51480,51480,0,False,SCHEDULED,1631912400,HSL:2201_20210917_La_2_1400,201,HSL:2111254,Timpurinkuja
55080,55080,0,55080,55080,0,False,SCHEDULED,1631912400,HSL:2201_20210917_La_2_1500,201,HSL:2111254,Timpurinkuja
47220,47258,38,47220,47258,38,True,UPDATED,1631912400,HSL:9788K_20210917_La_2_1225,788K,HSL:9214220,Kuckubacka
61920,61920,0,61920,61920,0,False,SCHEDULED,1631912400,HSL:9788K_20210917_La_2_1630,788K,HSL:9214220,Kuckubacka
40440,40440,0,40440,40440,0,False,SCHEDULED,1631998800,HSL:9785K_20210917_Su_2_1058,785K,HSL:9214220,Kuckubacka
53520,53520,0,53520,53520,0,False,SCHEDULED,1631912400,HSL:9787K_20210917_La_1_1410,787K,HSL:9214221,Kuckubacka
67920,67920,0,67920,67920,0,False,SCHEDULED,1631912400,HSL:9785K_20210917_La_1_1810,785K,HSL:9214221,Kuckubacka
47160,47198,38,47160,47198,38,True,UPDATED,1631912400,HSL:9788K_20210917_La_2_1225,788K,HSL:9214222,Länsitie
61860,61860,0,61860,61860,0,False,SCHEDULED,1631912400,HSL:9788K_20210917_La_2_1630,788K,HSL:9214222,Länsitie
40380,40380,0,40380,40380,0,False,SCHEDULED,1631998800,HSL:9785K_20210917_Su_2_1058,785K,HSL:9214222,Länsitie
53580,53580,0,53580,53580,0,False,SCHEDULED,1631912400,HSL:9787K_20210917_La_1_1410,787K,HSL:9214223,Länsitie
67980,67980,0,67980,67980,0,False,SCHEDULED,1631912400,HSL:9785K_20210917_La_1_1810,785K,HSL:9214223,Länsitie
47160,47198,38,47160,47198,38,True,UPDATED,1631912400,HSL:9788K_20210917_La_2_1225,788K,HSL:9214224,Johanneberg
61860,61860,0,61860,61860,0,False,SCHEDULED,1631912400,HSL:9788K_20210917_La_2_1630,788K,HSL:9214224,Johanneberg
40380,40380,0,40380,40380,0,False,SCHEDULED,1631998800,HSL:9785K_20210917_Su_2_1058,785K,HSL:9214224,Johanneberg
47340,47318,-22,47340,47318,-22,True,UPDATED,1631912400,HSL:9788K_20210917_La_2_1225,788K,HSL:9214225,Lammelantie
62040,62040,0,62040,62040,0,False,SCHEDULED,1631912400,HSL:9788K_20210917_La_2_1630,788K,HSL:9214225,Lammelantie
40560,40560,0,40560,40560,0,False,SCHEDULED,1631998800,HSL:9785K_20210917_Su_2_1058,785K,HSL:9214225,Lammelantie
53340,53340,0,53340,53340,0,False,SCHEDULED,1631912400,HSL:9787K_20210917_La_1_1410,787K,HSL:9214226,Lammelantie
67800,67800,0,67800,67800,0,False,SCHEDULED,1631912400,HSL:9785K_20210917_La_1_1810,785K,HSL:9214226,Lammelantie
47280,47318,38,47280,47318,38,True,UPDATED,1631912400,HSL:9788K_20210917_La_2_1225,788K,HSL:9214227,Svartböle
61980,61980,0,61980,61980,0,False,SCHEDULED,1631912400,HSL:9788K_20210917_La_2_1630,788K,HSL:9214227,Svartböle
40500,40500,0,40500,40500,0,False,SCHEDULED,1631998800,HSL:9785K_20210917_Su_2_1058,785K,HSL:9214227,Svartböle
46980,46980,0,46980,46980,0,False,SCHEDULED,1631912400,HSL:2145_20210917_La_2_1254,145,HSL:2443282,Vesiniitty
48780,48780,0,48780,48780,0,False,SCHEDULED,1631912400,HSL:2145_20210917_La_2_1324,145,HSL:2443282,Vesiniitty
50580,50580,0,50580,50580,0,False,SCHEDULED,1631912400,HSL:2145_20210917_La_2_1354,145,HSL:2443282,Vesiniitty
52380,52380,0,52380,52380,0,False,SCHEDULED,1631912400,HSL:2145_20210917_La_2_1424,145,HSL:2443282,Vesiniitty
54180,54180,0,54180,54180,0,False,SCHEDULED,1631912400,HSL:2145_20210917_La_2_1454,145,HSL:2443282,Vesiniitty
47760,47760,0,47760,47760,0,False,SCHEDULED,1631912400,HSL:2201_20210917_La_2_1300,201,HSL:2111245,Laturintörmä
51360,51360,0,51360,51360,0,False,SCHEDULED,1631912400,HSL:2201_20210917_La_2_1400,201,HSL:2111245,Laturintörmä
54960,54960,0,54960,54960,0,False,SCHEDULED,1631912400,HSL:2201_20210917_La_2_1500,201,HSL:2111245,Laturintörmä
47820,47820,0,47820,47820,0,False,SCHEDULED,1631912400,HSL:2201_20210917_La_2_1300,201,HSL:2111243,Arkadianportaat
51420,51420,0,51420,51420,0,False,SCHEDULED,1631912400,HSL:2201_20210917_La_2_1400,201,HSL:2111243,Arkadianportaat
55020,55020,0,55020,55020,0,False,SCHEDULED,1631912400,HSL:2201_20210917_La_2_1500,201,HSL:2111243,Arkadianportaat
46440,46440,0,46440,46440,0,False,SCHEDULED,1631912400,HSL:2203_20210917_La_2_1247,203,HSL:2111241,Aseveljentie
47640,47640,0,47640,47640,0,False,SCHEDULED,1631912400,HSL:2203_20210917_La_2_1307,203,HSL:2111241,Aseveljentie
48840,48840,0,48840,48840,0,False,SCHEDULED,1631912400,HSL:2203_20210917_La_2_1327,203,HSL:2111241,Aseveljentie
50040,50040,0,50040,50040,0,False,SCHEDULED,1631912400,HSL:2203_20210917_La_2_1347,203,HSL:2111241,Aseveljentie
51180,51180,0,51180,51180,0,False,SCHEDULED,1631912400,HSL:2203_20210917_La_2_1407,203,HSL:2111241,Aseveljentie
45660,45655,-5,45660,45678,18,True,UPDATED,1631912400,HSL:1071_20210917_La_2_1222,71,HSL:1270102,Annalantie
46140,46154,14,46140,46169,29,True,UPDATED,1631912400,HSL:1506_20210917_La_1_1230,506,HSL:1270102,Annalantie
46200,46200,0,46200,46200,0,False,SCHEDULED,1631912400,HSL:1055_20210917_La_2_1244,55,HSL:1270102,Annalantie
46260,46270,10,46260,46286,26,True,UPDATED,1631912400,HSL:1071_20210917_La_2_1232,71,HSL:1270102,Annalantie
46860,46860,0,46860,46860,0,False,SCHEDULED,1631912400,HSL:1071_20210917_La_2_1242,71,HSL:1270102,Annalantie
45480,45437,-43,45480,45437,-43,True,UPDATED,1631912400,HSL:1071_20210917_La_1_1218,71,HSL:1270104,Tekniikan museo
45660,45725,65,45660,45737,77,True,UPDATED,1631912400,HSL:1078_20210917_La_1_1221,78,HSL:1270104,Tekniikan museo
45360,45746,386,45360,45760,400,True,UPDATED,1631912400,HSL:1057_20210917_La_2_1217,57,HSL:1270104,Tekniikan museo
46020,46088,68,46020,46101,81,True,UPDATED,1631912400,HSL:1057_20210917_La_2_1227,57,HSL:1270104,Tekniikan museo
46080,46196,116,46080,46196,116,True,UPDATED,1631912400,HSL:1071_20210917_La_1_1228,71,HSL:1270104,Tekniikan museo
45420,45377,-43,45420,45377,-43,True,UPDATED,1631912400,HSL:1071_20210917_La_1_1218,71,HSL:1270103,Annalantie
45720,45999,279,45720,46008,288,True,UPDATED,1631912400,HSL:1055_20210917_La_1_1220,55,HSL:1270103,Annalantie
46020,46111,91,46020,46111,91,True,UPDATED,1631912400,HSL:1071_20210917_La_1_1228,71,HSL:1270103,Annalantie
45900,46154,254,45900,46165,265,True,UPDATED,1631912400,HSL:1506_20210917_La_2_1214,506,HSL:1270103,Annalantie
46620,46620,0,46620,46620,0,False,SCHEDULED,1631912400,HSL:1055_20210917_La_1_1235,55,HSL:1270103,Annalantie
45600,45603,3,45600,45620,20,True,UPDATED,1631912400,HSL:1071_20210917_La_2_1222,71,HSL:1270105,Tekniikan museo
46080,46103,23,46080,46110,30,True,UPDATED,1631912400,HSL:1506_20210917_La_1_1230,506,HSL:1270105,Tekniikan museo
46140,46140,0,46140,46140,0,False,SCHEDULED,1631912400,HSL:1055_20210917_La_2_1244,55,HSL:1270105,Tekniikan museo
46200,46218,18,46200,46225,25,True,UPDATED,1631912400,HSL:1071_20210917_La_2_1232,71,HSL:1270105,Tekniikan museo
46800,46800,0,46800,46800,0,False,SCHEDULED,1631912400,HSL:1071_20210917_La_2_1242,71,HSL:1270105,Tekniikan museo
45540,45582,42,45540,45582,42,True,UPDATED,1631912400,HSL:1057_20210917_La_1_1218,57,HSL:1270107,Tekniikan museo
45780,46070,290,45780,46081,301,True,UPDATED,1631912400,HSL:1055_20210917_La_1_1220,55,HSL:1270107,Tekniikan museo
46140,46140,0,46140,46140,0,False,SCHEDULED,1631912400,HSL:1057_20210917_La_1_1228,57,HSL:1270107,Tekniikan museo
46440,46440,0,46440,46440,0,False,SCHEDULED,1631912400,HSL:1078_20210917_La_2_1240,78,HSL:1270107,Tekniikan museo
46680,46680,0,46680,46680,0,False,SCHEDULED,1631912400,HSL:1055_20210917_La_1_1235,55,HSL:1270107,Tekniikan museo
46380,46380,0,46380,46380,0,False,SCHEDULED,1631912400,HSL:9842_20210917_La_1_1240,842,HSL:1600205,Vikkulla 2
46920,46920,0,46920,46920,0,False,SCHEDULED,1631912400,HSL:1831_20210917_La_1_1250,831,HSL:1600205,Vikkulla 2
47580,47580,0,47580,47580,0,False,SCHEDULED,1631912400,HSL:9843_20210917_La_1_1300,843,HSL:1600205,Vikkulla 2
48480,48480,0,48480,48480,0,False,SCHEDULED,1631912400,HSL:9841_20210917_La_1_1315,841,HSL:1600205,Vikkulla 2
49860,49860,0,49860,49860,0,False,SCHEDULED,1631912400,HSL:9842_20210917_La_1_1338,842,HSL:1600205,Vikkulla 2
46200,46203,3,46200,46203,3,True,UPDATED,1631912400,HSL:9842_20210917_La_2_1226,842,HSL:1600206,Vikkulla 2
47700,47700,0,47700,47700,0,False,SCHEDULED,1631912400,HSL:9844_20210917_La_2_1255,844,HSL:1600206,Vikkulla 2
48420,48420,0,48420,48420,0,False,SCHEDULED,1631912400,HSL:1831K_20210917_La_2_1310,831K,HSL:1600206,Vikkulla 2
48840,48840,0,48840,48840,0,False,SCHEDULED,1631912400,HSL:9841_20210917_La_2_1305,841,HSL:1600206,Vikkulla 2
49800,49800,0,49800,49800,0,False,SCHEDULED,1631912400,HSL:9842_20210917_La_2_1326,842,HSL:1600206,Vikkulla 2
46320,46320,0,46320,46320,0,False,SCHEDULED,1631912400,HSL:9842_20210917_La_1_1240,842,HSL:1600203,Vikkulla
46920,46920,0,46920,46920,0,False,SCHEDULED,1631912400,HSL:1831_20210917_La_1_1250,831,HSL:1600203,Vikkulla
47520,47520,0,47520,47520,0,False,SCHEDULED,1631912400,HSL:9843_20210917_La_1_1300,843,HSL:1600203,Vikkulla
48420,48420,0,48420,48420,0,False,SCHEDULED,1631912400,HSL:9841_20210917_La_1_1315,841,HSL:1600203,Vikkulla
49800,49800,0,49800,49800,0,False,SCHEDULED,1631912400,HSL:9842_20210917_La_1_1338,842,HSL:1600203,Vikkulla
45840,45981,141,45840,45981,141,True,UPDATED,1631912400,HSL:1073_20210917_La_1_1213,73,HSL:1391192,Leivosentie
47040,47118,78,47040,47124,84,True,UPDATED,1631912400,HSL:1073_20210917_La_1_1232,73,HSL:1391192,Leivosentie
48240,48240,0,48240,48240,0,False,SCHEDULED,1631912400,HSL:1073_20210917_La_1_1252,73,HSL:1391192,Leivosentie
49440,49440,0,49440,49440,0,False,SCHEDULED,1631912400,HSL:1073_20210917_La_1_1312,73,HSL:1391192,Leivosentie
50640,50640,0,50640,50640,0,False,SCHEDULED,1631912400,HSL:1073_20210917_La_1_1332,73,HSL:1391192,Leivosentie
46260,46263,3,46260,46263,3,True,UPDATED,1631912400,HSL:9842_20210917_La_2_1226,842,HSL:1600204,Vikkulla
47760,47760,0,47760,47760,0,False,SCHEDULED,1631912400,HSL:9844_20210917_La_2_1255,844,HSL:1600204,Vikkulla
48480,48480,0,48480,48480,0,False,SCHEDULED,1631912400,HSL:1831K_20210917_La_2_1310,831K,HSL:1600204,Vikkulla
48900,48900,0,48900,48900,0,False,SCHEDULED,1631912400,HSL:9841_20210917_La_2_1305,841,HSL:1600204,Vikkulla
49860,49860,0,49860,49860,0,False,SCHEDULED,1631912400,HSL:9842_20210917_La_2_1326,842,HSL:1600204,Vikkulla
46440,46440,0,46440,46440,0,False,SCHEDULED,1631912400,HSL:1073_20210917_La_2_1241,73,HSL:1391193,Leivosentie
47640,47640,0,47640,47640,0,False,SCHEDULED,1631912400,HSL:1073_20210917_La_2_1301,73,HSL:1391193,Leivosentie
48840,48840,0,48840,48840,0,False,SCHEDULED,1631912400,HSL:1073_20210917_La_2_1321,73,HSL:1391193,Leivosentie
50040,50040,0,50040,50040,0,False,SCHEDULED,1631912400,HSL:1073_20210917_La_2_1341,73,HSL:1391193,Leivosentie
51240,51240,0,51240,51240,0,False,SCHEDULED,1631912400,HSL:1073_20210917_La_2_1401,73,HSL:1391193,Leivosentie
45240,45312,72,45240,45312,72,True,UPDATED,1631912400,HSL:9844_20210917_La_1_1220,844,HSL:1600209,Östersundom
46440,46440,0,46440,46440,0,False,SCHEDULED,1631912400,HSL:9842_20210917_La_1_1240,842,HSL:1600209,Östersundom
47040,47040,0,47040,47040,0,False,SCHEDULED,1631912400,HSL:1831_20210917_La_1_1250,831,HSL:1600209,Östersundom
47640,47640,0,47640,47640,0,False,SCHEDULED,1631912400,HSL:9843_20210917_La_1_1300,843,HSL:1600209,Östersundom
48540,48540,0,48540,48540,0,False,SCHEDULED,1631912400,HSL:9841_20210917_La_1_1315,841,HSL:1600209,Östersundom
46380,46380,0,46380,46380,0,False,SCHEDULED,1631912400,HSL:9842_20210917_La_1_1240,842,HSL:1600207,Talosaarentie
46980,46980,0,46980,46980,0,False,SCHEDULED,1631912400,HSL:1831_20210917_La_1_1250,831,HSL:1600207,Talosaarentie
47580,47580,0,47580,47580,0,False,SCHEDULED,1631912400,HSL:9843_20210917_La_1_1300,843,HSL:1600207,Talosaarentie
48480,48480,0,48480,48480,0,False,SCHEDULED,1631912400,HSL:9841_20210917_La_1_1315,841,HSL:1600207,Talosaarentie
49860,49860,0,49860,49860,0,False,SCHEDULED,1631912400,HSL:9842_20210917_La_1_1338,842,HSL:1600207,Talosaarentie
45720,45809,89,45720,45810,90,True,UPDATED,1631912400,HSL:1554_20210917_La_1_1213,554,HSL:1391196,Sidetie
45900,46034,134,45900,46043,143,True,UPDATED,1631912400,HSL:1073_20210917_La_1_1213,73,HSL:1391196,Sidetie
46920,46987,67,46920,46989,69,True,UPDATED,1631912400,HSL:1554_20210917_La_1_1233,554,HSL:1391196,Sidetie
47100,47171,71,47100,47180,80,True,UPDATED,1631912400,HSL:1073_20210917_La_1_1232,73,HSL:1391196,Sidetie
48120,48120,0,48120,48120,0,False,SCHEDULED,1631912400,HSL:1554_20210917_La_1_1253,554,HSL:1391196,Sidetie
46200,46203,3,46200,46203,3,True,UPDATED,1631912400,HSL:9842_20210917_La_2_1226,842,HSL:1600208,Talosaarentie
47700,47700,0,47700,47700,0,False,SCHEDULED,1631912400,HSL:9844_20210917_La_2_1255,844,HSL:1600208,Talosaarentie
48420,48420,0,48420,48420,0,False,SCHEDULED,1631912400,HSL:1831K_20210917_La_2_1310,831K,HSL:1600208,Talosaarentie
48840,48840,0,48840,48840,0,False,SCHEDULED,1631912400,HSL:9841_20210917_La_2_1305,841,HSL:1600208,Talosaarentie
49800,49800,0,49800,49800,0,False,SCHEDULED,1631912400,HSL:9842_20210917_La_2_1326,842,HSL:1600208,Talosaarentie
45420,45481,61,45420,45505,85,True,UPDATED,1631912400,HSL:2201_20210917_La_1_1230,201,HSL:2111239,Porarinkatu
49020,49020,0,49020,49020,0,False,SCHEDULED,1631912400,HSL:2201_20210917_La_1_1330,201,HSL:2111239,Porarinkatu
52620,52620,0,52620,52620,0,False,SCHEDULED,1631912400,HSL:2201_20210917_La_1_1430,201,HSL:2111239,Porarinkatu
56220,56220,0,56220,56220,0,False,SCHEDULED,1631912400,HSL:2201_20210917_La_1_1530,201,HSL:2111239,Porarinkatu
45840,45840,0,45840,45840,0,False,SCHEDULED,1631912400,HSL:2113_20210917_La_2_1244,113,HSL:2111236,Leppävaaran asema
46740,46740,0,46740,46740,0,False,SCHEDULED,1631912400,HSL:2113_20210917_La_2_1259,113,HSL:2111236,Leppävaaran asema
47640,47640,0,47640,47640,0,False,SCHEDULED,1631912400,HSL:2113_20210917_La_2_1314,113,HSL:2111236,Leppävaaran asema
48540,48540,0,48540,48540,0,False,SCHEDULED,1631912400,HSL:2113_20210917_La_2_1329,113,HSL:2111236,Leppävaaran asema
49440,49440,0,49440,49440,0,False,SCHEDULED,1631912400,HSL:2113_20210917_La_2_1344,113,HSL:2111236,Leppävaaran asema
45720,45720,0,45720,45720,0,False,SCHEDULED,1631912400,HSL:2553K_20210917_La_2_1242,553K,HSL:2111237,Leppävaaran asema
46920,46920,0,46920,46920,0,False,SCHEDULED,1631912400,HSL:2553K_20210917_La_2_1302,553K,HSL:2111237,Leppävaaran asema
48120,48120,0,48120,48120,0,False,SCHEDULED,1631912400,HSL:2553K_20210917_La_2_1322,553K,HSL:2111237,Leppävaaran asema
48600,48600,0,48600,48600,0,False,SCHEDULED,1631912400,HSL:2201_20210917_La_1_1330,201,HSL:2111237,Leppävaaran asema
49320,49320,0,49320,49320,0,False,SCHEDULED,1631912400,HSL:2553K_20210917_La_2_1342,553K,HSL:2111237,Leppävaaran asema
47040,47040,0,47040,47040,0,False,SCHEDULED,1631912400,HSL:4433K_20210917_La_1_1257,433K,HSL:4210299,Vantaanrinne
50640,50640,0,50640,50640,0,False,SCHEDULED,1631912400,HSL:4433K_20210917_La_1_1357,433K,HSL:4210299,Vantaanrinne
54240,54240,0,54240,54240,0,False,SCHEDULED,1631912400,HSL:4433K_20210917_La_1_1457,433K,HSL:4210299,Vantaanrinne
57840,57840,0,57840,57840,0,False,SCHEDULED,1631912400,HSL:4433K_20210917_La_1_1557,433K,HSL:4210299,Vantaanrinne
61440,61440,0,61440,61440,0,False,SCHEDULED,1631912400,HSL:4433K_20210917_La_1_1657,433K,HSL:4210299,Vantaanrinne
45360,45409,49,45360,45409,49,True,UPDATED,1631912400,HSL:2114_20210917_La_1_1208,114,HSL:2111234,Leppävaaran asema
45480,45416,-64,45480,45443,-37,True,UPDATED,1631912400,HSL:2224_20210917_La_2_1153,224,HSL:2111234,Leppävaaran asema
45600,45656,56,45600,45663,63,True,UPDATED,1631912400,HSL:2203_20210917_La_2_1227,203,HSL:2111234,Leppävaaran asema
45540,45670,130,45540,45693,153,True,UPDATED,1631912400,HSL:2236_20210917_La_2_1154,236,HSL:2111234,Leppävaaran asema
45600,45818,218,45600,45828,228,True,UPDATED,1631912400,HSL:2215_20210917_La_2_1221,215,HSL:2111234,Leppävaaran asema
45540,45535,-5,45540,45546,6,True,UPDATED,1631912400,HSL:4433K_20210917_La_2_1220,433K,HSL:4210298,Vantaanmäki
49140,49140,0,49140,49140,0,False,SCHEDULED,1631912400,HSL:4433K_20210917_La_2_1320,433K,HSL:4210298,Vantaanmäki
52680,52680,0,52680,52680,0,False,SCHEDULED,1631912400,HSL:4433K_20210917_La_2_1420,433K,HSL:4210298,Vantaanmäki
56280,56280,0,56280,56280,0,False,SCHEDULED,1631912400,HSL:4433K_20210917_La_2_1520,433K,HSL:4210298,Vantaanmäki
59880,59880,0,59880,59880,0,False,SCHEDULED,1631912400,HSL:4433K_20210917_La_2_1620,433K,HSL:4210298,Vantaanmäki
46080,46080,0,46080,46080,0,False,SCHEDULED,1631912400,HSL:2502_20210917_La_2_1248,502,HSL:2111235,Leppävaaran asema
47280,47280,0,47280,47280,0,False,SCHEDULED,1631912400,HSL:2502_20210917_La_2_1308,502,HSL:2111235,Leppävaaran asema
48480,48480,0,48480,48480,0,False,SCHEDULED,1631912400,HSL:2502_20210917_La_2_1328,502,HSL:2111235,Leppävaaran asema
49680,49680,0,49680,49680,0,False,SCHEDULED,1631912400,HSL:2502_20210917_La_2_1348,502,HSL:2111235,Leppävaaran asema
50880,50880,0,50880,50880,0,False,SCHEDULED,1631912400,HSL:2502_20210917_La_2_1408,502,HSL:2111235,Leppävaaran asema
47040,47040,0,47040,47040,0,False,SCHEDULED,1631912400,HSL:4433K_20210917_La_1_1257,433K,HSL:4210297,Vantaanmäki
50640,50640,0,50640,50640,0,False,SCHEDULED,1631912400,HSL:4433K_20210917_La_1_1357,433K,HSL:4210297,Vantaanmäki
54240,54240,0,54240,54240,0,False,SCHEDULED,1631912400,HSL:4433K_20210917_La_1_1457,433K,HSL:4210297,Vantaanmäki
57840,57840,0,57840,57840,0,False,SCHEDULED,1631912400,HSL:4433K_20210917_La_1_1557,433K,HSL:4210297,Vantaanmäki
61440,61440,0,61440,61440,0,False,SCHEDULED,1631912400,HSL:4433K_20210917_La_1_1657,433K,HSL:4210297,Vantaanmäki
46200,46200,0,46260,46260,0,False,SCHEDULED,1631912400,HSL:2202_20210917_La_2_1239,202,HSL:2111232,Leppävaaran asema
46500,46500,0,46500,46500,0,False,SCHEDULED,1631912400,HSL:2543_20210917_La_1_1255,543,HSL:2111232,Leppävaaran asema
48060,48060,0,48120,48120,0,False,SCHEDULED,1631912400,HSL:2202_20210917_La_2_1310,202,HSL:2111232,Leppävaaran asema
48300,48300,0,48300,48300,0,False,SCHEDULED,1631912400,HSL:2543_20210917_La_1_1325,543,HSL:2111232,Leppävaaran asema
49800,49800,0,49860,49860,0,False,SCHEDULED,1631912400,HSL:2202_20210917_La_2_1339,202,HSL:2111232,Leppävaaran asema
45600,45600,0,45600,45600,0,False,SCHEDULED,1631912400,HSL:2114_20210917_La_2_1240,114,HSL:2111230,Leppävaaran asema
46140,46140,0,46140,46140,0,False,SCHEDULED,1631912400,HSL:2532_20210917_La_2_1249,532,HSL:2111230,Leppävaaran asema
46500,46500,0,46500,46500,0,False,SCHEDULED,1631912400,HSL:2114_20210917_La_2_1255,114,HSL:2111230,Leppävaaran asema
47040,47040,0,47040,47040,0,False,SCHEDULED,1631912400,HSL:2532_20210917_La_2_1304,532,HSL:2111230,Leppävaaran asema
47400,47400,0,47400,47400,0,False,SCHEDULED,1631912400,HSL:2114_20210917_La_2_1310,114,HSL:2111230,Leppävaaran asema
45420,45387,-33,45420,45387,-33,True,UPDATED,1631912400,HSL:2502_20210917_La_1_1207,502,HSL:2111231,Leppävaaran asema
45660,45696,36,45660,45696,36,True,UPDATED,1631912400,HSL:2543_20210917_La_2_1152,543,HSL:2111231,Leppävaaran asema
46200,46204,4,46200,46204,4,True,UPDATED,1631912400,HSL:2113_20210917_La_1_1227,113,HSL:2111231,Leppävaaran asema
46320,46298,-22,46320,46376,56,True,UPDATED,1631912400,HSL:2202_20210917_La_1_1238,202,HSL:2111231,Leppävaaran asema
46440,46415,-25,46440,46423,-17,True,UPDATED,1631912400,HSL:2553K_20210917_La_1_1150,553K,HSL:2111231,Leppävaaran asema
46560,46591,31,46560,46591,31,True,UPDATED,1631912400,HSL:4736_20210917_La_1_1218,736,HSL:9214205,Myyras
48360,48360,0,48360,48360,0,False,SCHEDULED,1631912400,HSL:4739_20210917_La_1_1245,739,HSL:9214205,Myyras
50160,50160,0,50160,50160,0,False,SCHEDULED,1631912400,HSL:4736_20210917_La_1_1318,736,HSL:9214205,Myyras
51960,51960,0,51960,51960,0,False,SCHEDULED,1631912400,HSL:4739_20210917_La_1_1344,739,HSL:9214205,Myyras
53160,53160,0,53160,53160,0,False,SCHEDULED,1631912400,HSL:9787K_20210917_La_1_1410,787K,HSL:9214205,Myyras
45960,46085,125,45960,46085,125,True,UPDATED,1631912400,HSL:4739_20210917_La_2_1226,739,HSL:9214206,Myyras
47580,47526,-54,47580,47535,-45,True,UPDATED,1631912400,HSL:9788K_20210917_La_2_1225,788K,HSL:9214206,Myyras
47760,47760,0,47760,47760,0,False,SCHEDULED,1631912400,HSL:4736_20210917_La_2_1256,736,HSL:9214206,Myyras
49560,49560,0,49560,49560,0,False,SCHEDULED,1631912400,HSL:4739_20210917_La_2_1326,739,HSL:9214206,Myyras
51360,51360,0,51360,51360,0,False,SCHEDULED,1631912400,HSL:4736_20210917_La_2_1356,736,HSL:9214206,Myyras
46320,46320,0,46320,46320,0,False,SCHEDULED,1631912400,HSL:9842_20210917_La_1_1240,842,HSL:1600201,Westerkulla
46860,46860,0,46860,46860,0,False,SCHEDULED,1631912400,HSL:1831_20210917_La_1_1250,831,HSL:1600201,Westerkulla
47520,47520,0,47520,47520,0,False,SCHEDULED,1631912400,HSL:9843_20210917_La_1_1300,843,HSL:1600201,Westerkulla
48420,48420,0,48420,48420,0,False,SCHEDULED,1631912400,HSL:9841_20210917_La_1_1315,841,HSL:1600201,Westerkulla
49800,49800,0,49800,49800,0,False,SCHEDULED,1631912400,HSL:9842_20210917_La_1_1338,842,HSL:1600201,Westerkulla
45420,45531,111,45420,45531,111,True,UPDATED,1631912400,HSL:1079_20210917_La_1_1201,79,HSL:1391190,Laukkipäänpolku
46020,46092,72,46020,46096,76,True,UPDATED,1631912400,HSL:1079_20210917_La_1_1211,79,HSL:1391190,Laukkipäänpolku
46620,46699,79,46620,46703,83,True,UPDATED,1631912400,HSL:1079_20210917_La_1_1221,79,HSL:1391190,Laukkipäänpolku
47220,47240,20,47220,47298,78,True,UPDATED,1631912400,HSL:1079_20210917_La_1_1231,79,HSL:1391190,Laukkipäänpolku
47880,47880,0,47880,47880,0,False,SCHEDULED,1631912400,HSL:1079_20210917_La_1_1241,79,HSL:1391190,Laukkipäänpolku
46260,46263,3,46260,46263,3,True,UPDATED,1631912400,HSL:9842_20210917_La_2_1226,842,HSL:1600202,Westerkulla
47760,47760,0,47760,47760,0,False,SCHEDULED,1631912400,HSL:9844_20210917_La_2_1255,844,HSL:1600202,Westerkulla
48540,48540,0,48540,48540,0,False,SCHEDULED,1631912400,HSL:1831K_20210917_La_2_1310,831K,HSL:1600202,Westerkulla
48900,48900,0,48900,48900,0,False,SCHEDULED,1631912400,HSL:9841_20210917_La_2_1305,841,HSL:1600202,Westerkulla
49860,49860,0,49860,49860,0,False,SCHEDULED,1631912400,HSL:9842_20210917_La_2_1326,842,HSL:1600202,Westerkulla
45660,45705,45,45660,45709,49,True,UPDATED,1631912400,HSL:1079_20210917_La_2_1228,79,HSL:1391191,Laukkipäänpolku
46260,46260,0,46260,46260,0,True,UPDATED,1631912400,HSL:1079_20210917_La_2_1238,79,HSL:1391191,Laukkipäänpolku
46860,46860,0,46860,46860,0,False,SCHEDULED,1631912400,HSL:1079_20210917_La_2_1248,79,HSL:1391191,Laukkipäänpolku
47460,47460,0,47460,47460,0,False,SCHEDULED,1631912400,HSL:1079_20210917_La_2_1258,79,HSL:1391191,Laukkipäänpolku
48060,48060,0,48060,48060,0,False,SCHEDULED,1631912400,HSL:1079_20210917_La_2_1308,79,HSL:1391191,Laukkipäänpolku
46020,46145,125,46020,46145,125,True,UPDATED,1631912400,HSL:4739_20210917_La_2_1226,739,HSL:9214208,Viirilä
47640,47584,-56,47640,47587,-53,True,UPDATED,1631912400,HSL:9788K_20210917_La_2_1225,788K,HSL:9214208,Viirilä
47820,47820,0,47820,47820,0,False,SCHEDULED,1631912400,HSL:4736_20210917_La_2_1256,736,HSL:9214208,Viirilä
49620,49620,0,49620,49620,0,False,SCHEDULED,1631912400,HSL:4739_20210917_La_2_1326,739,HSL:9214208,Viirilä
51420,51420,0,51420,51420,0,False,SCHEDULED,1631912400,HSL:4736_20210917_La_2_1356,736,HSL:9214208,Viirilä
46500,46531,31,46500,46531,31,True,UPDATED,1631912400,HSL:4736_20210917_La_1_1218,736,HSL:9214209,Viirilä
48300,48300,0,48300,48300,0,False,SCHEDULED,1631912400,HSL:4739_20210917_La_1_1245,739,HSL:9214209,Viirilä
50100,50100,0,50100,50100,0,False,SCHEDULED,1631912400,HSL:4736_20210917_La_1_1318,736,HSL:9214209,Viirilä
51900,51900,0,51900,51900,0,False,SCHEDULED,1631912400,HSL:4739_20210917_La_1_1344,739,HSL:9214209,Viirilä
53100,53100,0,53100,53100,0,False,SCHEDULED,1631912400,HSL:9787K_20210917_La_1_1410,787K,HSL:9214209,Viirilä
45540,45542,2,45540,45554,14,True,UPDATED,1631912400,HSL:2203_20210917_La_2_1227,203,HSL:2111229,Läkkisepänkuja
46140,46140,0,46140,46140,0,False,SCHEDULED,1631912400,HSL:2202_20210917_La_2_1239,202,HSL:2111229,Läkkisepänkuja
46620,46620,0,46620,46620,0,False,SCHEDULED,1631912400,HSL:4555B_20210917_La_2_1235,555B,HSL:2111229,Läkkisepänkuja
46740,46740,0,46740,46740,0,False,SCHEDULED,1631912400,HSL:2203_20210917_La_2_1247,203,HSL:2111229,Läkkisepänkuja
47940,47940,0,47940,47940,0,False,SCHEDULED,1631912400,HSL:2203_20210917_La_2_1307,203,HSL:2111229,Läkkisepänkuja
45960,45960,0,45960,45960,0,False,SCHEDULED,1631912400,HSL:2239_20210917_La_1_1246,239,HSL:2111227,Leppävaaran asema
47160,47160,0,47160,47160,0,False,SCHEDULED,1631912400,HSL:2236B_20210917_La_1_1306,236B,HSL:2111227,Leppävaaran asema
48360,48360,0,48360,48360,0,False,SCHEDULED,1631912400,HSL:2236_20210917_La_1_1326,236,HSL:2111227,Leppävaaran asema
49560,49560,0,49560,49560,0,False,SCHEDULED,1631912400,HSL:2239_20210917_La_1_1346,239,HSL:2111227,Leppävaaran asema
50760,50760,0,50760,50760,0,False,SCHEDULED,1631912400,HSL:2236B_20210917_La_1_1406,236B,HSL:2111227,Leppävaaran asema
45480,45480,0,45480,45480,0,True,UPDATED,1631912400,HSL:4555B_20210917_La_1_1236,555B,HSL:2111228,Läkkisepänkuja
46200,46200,0,46200,46200,0,False,SCHEDULED,1631912400,HSL:2203_20210917_La_1_1248,203,HSL:2111228,Läkkisepänkuja
46500,46593,93,46500,46614,114,True,UPDATED,1631912400,HSL:2202_20210917_La_1_1238,202,HSL:2111228,Läkkisepänkuja
47100,47100,0,47100,47100,0,False,SCHEDULED,1631912400,HSL:4555B_20210917_La_1_1303,555B,HSL:2111228,Läkkisepänkuja
47400,47400,0,47400,47400,0,False,SCHEDULED,1631912400,HSL:2203_20210917_La_1_1308,203,HSL:2111228,Läkkisepänkuja
45540,45650,110,45540,45662,122,True,UPDATED,1631912400,HSL:1067_20210917_La_2_1224,67,HSL:1282102,Paanutie
46020,46101,81,46020,46101,81,True,UPDATED,1631912400,HSL:2553K_20210917_La_2_1223,553K,HSL:1282102,Paanutie
46200,46200,0,46200,46200,0,True,UPDATED,1631912400,HSL:1066_20210917_La_2_1242,66,HSL:1282102,Paanutie
46740,46740,0,46740,46740,0,False,SCHEDULED,1631912400,HSL:1067_20210917_La_2_1244,67,HSL:1282102,Paanutie
47220,47220,0,47220,47220,0,False,SCHEDULED,1631912400,HSL:2553K_20210917_La_2_1242,553K,HSL:1282102,Paanutie
45360,45360,0,45360,45360,0,True,UPDATED,1631912400,HSL:4555B_20210917_La_1_1236,555B,HSL:2111225,Leppävaaran asema
46080,46080,0,46080,46080,0,False,SCHEDULED,1631912400,HSL:2203_20210917_La_1_1248,203,HSL:2111225,Leppävaaran asema
46320,46376,56,46380,46420,40,True,UPDATED,1631912400,HSL:2202_20210917_La_1_1238,202,HSL:2111225,Leppävaaran asema
46980,46980,0,46980,46980,0,False,SCHEDULED,1631912400,HSL:4555B_20210917_La_1_1303,555B,HSL:2111225,Leppävaaran asema
47280,47280,0,47280,47280,0,False,SCHEDULED,1631912400,HSL:2203_20210917_La_1_1308,203,HSL:2111225,Leppävaaran asema
45480,45471,-9,45480,45499,19,True,UPDATED,1631912400,HSL:1067_20210917_La_1_1216,67,HSL:1282103,Maunula
45540,45503,-37,45540,45503,-37,True,UPDATED,1631912400,HSL:2550_20210917_La_1_1212,550,HSL:1282103,Maunula
45540,45505,-35,45540,45505,-35,True,UPDATED,1631912400,HSL:1023_20210917_La_1_1203,23,HSL:1282103,Maunula
46080,46139,59,46080,46171,91,True,UPDATED,1631912400,HSL:1066_20210917_La_1_1226,66,HSL:1282103,Maunula
46020,46189,169,46020,46189,169,True,UPDATED,1631912400,HSL:2553K_20210917_La_1_1209,553K,HSL:1282103,Maunula
45600,45600,0,45600,45600,0,True,UPDATED,1631912400,HSL:4555B_20210917_La_1_1236,555B,HSL:2111226,Ajurinkatu
46320,46320,0,46320,46320,0,False,SCHEDULED,1631912400,HSL:2203_20210917_La_1_1248,203,HSL:2111226,Ajurinkatu
46680,46710,30,46680,46719,39,True,UPDATED,1631912400,HSL:2202_20210917_La_1_1238,202,HSL:2111226,Ajurinkatu
47220,47220,0,47220,47220,0,False,SCHEDULED,1631912400,HSL:4555B_20210917_La_1_1303,555B,HSL:2111226,Ajurinkatu
47520,47520,0,47520,47520,0,False,SCHEDULED,1631912400,HSL:2203_20210917_La_1_1308,203,HSL:2111226,Ajurinkatu
44940,45338,398,44940,45354,414,True,UPDATED,1631912400,HSL:2550_20210917_La_2_1149,550,HSL:1282104,Maunula
45420,45456,36,45420,45456,36,True,UPDATED,1631912400,HSL:1023_20210917_La_2_1233,23,HSL:1282104,Maunula
45480,45553,73,45480,45562,82,True,UPDATED,1631912400,HSL:1067_20210917_La_2_1224,67,HSL:1282104,Maunula
45720,45748,28,45720,45783,63,True,UPDATED,1631912400,HSL:1063_20210917_La_2_1233,63,HSL:1282104,Maunula
45600,45787,187,45600,45787,187,True,UPDATED,1631912400,HSL:2550_20210917_La_2_1159,550,HSL:1282104,Maunula
45360,45299,-61,45360,45360,0,True,UPDATED,1631912400,HSL:2215_20210917_La_1_1236,215,HSL:2111223,Leppävaaran asema
46560,46560,0,46560,46560,0,False,SCHEDULED,1631912400,HSL:2215_20210917_La_1_1256,215,HSL:2111223,Leppävaaran asema
46860,46860,0,46860,46860,0,False,SCHEDULED,1631912400,HSL:2227_20210917_La_1_1301,227,HSL:2111223,Leppävaaran asema
47760,47760,0,47760,47760,0,False,SCHEDULED,1631912400,HSL:2215_20210917_La_1_1316,215,HSL:2111223,Leppävaaran asema
48660,48660,0,48660,48660,0,False,SCHEDULED,1631912400,HSL:2227_20210917_La_1_1331,227,HSL:2111223,Leppävaaran asema
46200,46200,0,46200,46200,0,False,SCHEDULED,1631912400,HSL:2224_20210917_La_1_1250,224,HSL:2111224,Leppävaaran asema
46860,46860,0,46860,46860,0,False,SCHEDULED,1631912400,HSL:2214_20210917_La_1_1301,214,HSL:2111224,Leppävaaran asema
48000,48000,0,48000,48000,0,False,SCHEDULED,1631912400,HSL:2224_20210917_La_1_1320,224,HSL:2111224,Leppävaaran asema
48660,48660,0,48660,48660,0,False,SCHEDULED,1631912400,HSL:2214_20210917_La_1_1331,214,HSL:2111224,Leppävaaran asema
49800,49800,0,49800,49800,0,False,SCHEDULED,1631912400,HSL:2224_20210917_La_1_1350,224,HSL:2111224,Leppävaaran asema
45420,45536,116,45420,45553,133,True,UPDATED,1631912400,HSL:1067_20210917_La_2_1224,67,HSL:1282106,Pirjontie
45660,45731,71,45660,45748,88,True,UPDATED,1631912400,HSL:1063_20210917_La_2_1233,63,HSL:1282106,Pirjontie
45900,45968,68,45900,45968,68,True,UPDATED,1631912400,HSL:2553K_20210917_La_2_1223,553K,HSL:1282106,Pirjontie
46080,46080,0,46080,46080,0,True,UPDATED,1631912400,HSL:1066_20210917_La_2_1242,66,HSL:1282106,Pirjontie
46620,46620,0,46620,46620,0,False,SCHEDULED,1631912400,HSL:1067_20210917_La_2_1244,67,HSL:1282106,Pirjontie
45240,45341,101,45240,45342,102,True,UPDATED,1631912400,HSL:2201_20210917_La_1_1230,201,HSL:2111221,Timpurinkuja
48840,48840,0,48840,48840,0,False,SCHEDULED,1631912400,HSL:2201_20210917_La_1_1330,201,HSL:2111221,Timpurinkuja
52440,52440,0,52440,52440,0,False,SCHEDULED,1631912400,HSL:2201_20210917_La_1_1430,201,HSL:2111221,Timpurinkuja
56040,56040,0,56040,56040,0,False,SCHEDULED,1631912400,HSL:2201_20210917_La_1_1530,201,HSL:2111221,Timpurinkuja
45540,45623,83,45540,45633,93,True,UPDATED,1631912400,HSL:1021_20210917_La_2_1220,21,HSL:1040234,Lapinrinne
46140,46179,39,46140,46189,49,True,UPDATED,1631912400,HSL:1021_20210917_La_2_1230,21,HSL:1040234,Lapinrinne
46740,46740,0,46740,46740,0,False,SCHEDULED,1631912400,HSL:1021_20210917_La_2_1240,21,HSL:1040234,Lapinrinne
47340,47340,0,47340,47340,0,False,SCHEDULED,1631912400,HSL:1021_20210917_La_2_1250,21,HSL:1040234,Lapinrinne
47940,47940,0,47940,47940,0,False,SCHEDULED,1631912400,HSL:1021_20210917_La_2_1300,21,HSL:1040234,Lapinrinne
45720,45720,0,45720,45720,0,False,SCHEDULED,1631912400,HSL:1021_20210917_La_1_1240,21,HSL:1040233,Lapinrinne
45720,45720,0,45720,45720,0,False,SCHEDULED,1631912400,HSL:7192V_20210917_La_1_1240,192V,HSL:1040233,Lapinrinne
46320,46320,0,46320,46320,0,False,SCHEDULED,1631912400,HSL:1021_20210917_La_1_1250,21,HSL:1040233,Lapinrinne
46920,46920,0,46920,46920,0,False,SCHEDULED,1631912400,HSL:1021_20210917_La_1_1300,21,HSL:1040233,Lapinrinne
47520,47520,0,47520,47520,0,False,SCHEDULED,1631912400,HSL:1021_20210917_La_1_1310,21,HSL:1040233,Lapinrinne
45180,45293,113,45180,45320,140,True,UPDATED,1631912400,HSL:2203_20210917_La_1_1228,203,HSL:2111218,Vallikatu
46380,46380,0,46380,46380,0,False,SCHEDULED,1631912400,HSL:2203_20210917_La_1_1248,203,HSL:2111218,Vallikatu
47580,47580,0,47580,47580,0,False,SCHEDULED,1631912400,HSL:2203_20210917_La_1_1308,203,HSL:2111218,Vallikatu
48780,48780,0,48780,48780,0,False,SCHEDULED,1631912400,HSL:2203_20210917_La_1_1328,203,HSL:2111218,Vallikatu
49980,49980,0,49980,49980,0,False,SCHEDULED,1631912400,HSL:2203_20210917_La_1_1348,203,HSL:2111218,Vallikatu
45300,45332,32,45300,45336,36,True,UPDATED,1631912400,HSL:2203_20210917_La_2_1227,203,HSL:2111216,Rautakiskonkuja
46500,46500,0,46500,46500,0,False,SCHEDULED,1631912400,HSL:2203_20210917_La_2_1247,203,HSL:2111216,Rautakiskonkuja
47700,47700,0,47700,47700,0,False,SCHEDULED,1631912400,HSL:2203_20210917_La_2_1307,203,HSL:2111216,Rautakiskonkuja
48900,48900,0,48900,48900,0,False,SCHEDULED,1631912400,HSL:2203_20210917_La_2_1327,203,HSL:2111216,Rautakiskonkuja
50100,50100,0,50100,50100,0,False,SCHEDULED,1631912400,HSL:2203_20210917_La_2_1347,203,HSL:2111216,Rautakiskonkuja
45360,45379,19,45360,45397,37,True,UPDATED,1631912400,HSL:2203_20210917_La_2_1227,203,HSL:2111217,Vallikatu
45960,45960,0,45960,45960,0,False,SCHEDULED,1631912400,HSL:2202_20210917_La_2_1239,202,HSL:2111217,Vallikatu
46440,46440,0,46440,46440,0,False,SCHEDULED,1631912400,HSL:4555B_20210917_La_2_1235,555B,HSL:2111217,Vallikatu
46560,46560,0,46560,46560,0,False,SCHEDULED,1631912400,HSL:2203_20210917_La_2_1247,203,HSL:2111217,Vallikatu
47760,47760,0,47760,47760,0,False,SCHEDULED,1631912400,HSL:2203_20210917_La_2_1307,203,HSL:2111217,Vallikatu
45420,45420,0,45420,45420,0,True,UPDATED,1631912400,HSL:2215_20210917_La_1_1236,215,HSL:2111214,Ratsukatu
45660,45660,0,45660,45660,0,False,SCHEDULED,1631912400,HSL:2114_20210917_La_2_1240,114,HSL:2111214,Ratsukatu
46020,46020,0,46020,46020,0,False,SCHEDULED,1631912400,HSL:2239_20210917_La_1_1246,239,HSL:2111214,Ratsukatu
46200,46200,0,46200,46200,0,False,SCHEDULED,1631912400,HSL:2532_20210917_La_2_1249,532,HSL:2111214,Ratsukatu
46260,46260,0,46260,46260,0,False,SCHEDULED,1631912400,HSL:2224_20210917_La_1_1250,224,HSL:2111214,Ratsukatu
45180,45344,164,45180,45354,174,True,UPDATED,1631912400,HSL:2203_20210917_La_1_1228,203,HSL:2111215,Rautakiskonkuja
46380,46380,0,46380,46380,0,False,SCHEDULED,1631912400,HSL:2203_20210917_La_1_1248,203,HSL:2111215,Rautakiskonkuja
47580,47580,0,47580,47580,0,False,SCHEDULED,1631912400,HSL:2203_20210917_La_1_1308,203,HSL:2111215,Rautakiskonkuja
48780,48780,0,48780,48780,0,False,SCHEDULED,1631912400,HSL:2203_20210917_La_1_1328,203,HSL:2111215,Rautakiskonkuja
49980,49980,0,49980,49980,0,False,SCHEDULED,1631912400,HSL:2203_20210917_La_1_1348,203,HSL:2111215,Rautakiskonkuja
45540,45540,0,45540,45540,0,True,UPDATED,1631912400,HSL:4555B_20210917_La_1_1236,555B,HSL:2111212,Veräjäpelto
46260,46260,0,46260,46260,0,False,SCHEDULED,1631912400,HSL:2203_20210917_La_1_1248,203,HSL:2111212,Veräjäpelto
46560,46650,90,46560,46657,97,True,UPDATED,1631912400,HSL:2202_20210917_La_1_1238,202,HSL:2111212,Veräjäpelto
47160,47160,0,47160,47160,0,False,SCHEDULED,1631912400,HSL:4555B_20210917_La_1_1303,555B,HSL:2111212,Veräjäpelto
47460,47460,0,47460,47460,0,False,SCHEDULED,1631912400,HSL:2203_20210917_La_1_1308,203,HSL:2111212,Veräjäpelto
45420,45453,33,45420,45456,36,True,UPDATED,1631912400,HSL:2203_20210917_La_2_1227,203,HSL:2111213,Veräjäpelto
46020,46020,0,46020,46020,0,False,SCHEDULED,1631912400,HSL:2202_20210917_La_2_1239,202,HSL:2111213,Veräjäpelto
46500,46500,0,46500,46500,0,False,SCHEDULED,1631912400,HSL:4555B_20210917_La_2_1235,555B,HSL:2111213,Veräjäpelto
46620,46620,0,46620,46620,0,False,SCHEDULED,1631912400,HSL:2203_20210917_La_2_1247,203,HSL:2111213,Veräjäpelto
47820,47820,0,47820,47820,0,False,SCHEDULED,1631912400,HSL:2203_20210917_La_2_1307,203,HSL:2111213,Veräjäpelto
45480,45480,0,45480,45480,0,True,UPDATED,1631912400,HSL:2215_20210917_La_1_1236,215,HSL:2111210,Gransinmäki
45720,45720,0,45720,45720,0,False,SCHEDULED,1631912400,HSL:2114_20210917_La_2_1240,114,HSL:2111210,Gransinmäki
46020,46020,0,46020,46020,0,False,SCHEDULED,1631912400,HSL:2239_20210917_La_1_1246,239,HSL:2111210,Gransinmäki
46200,46200,0,46200,46200,0,False,SCHEDULED,1631912400,HSL:2532_20210917_La_2_1249,532,HSL:2111210,Gransinmäki
46320,46320,0,46320,46320,0,False,SCHEDULED,1631912400,HSL:2224_20210917_La_1_1250,224,HSL:2111210,Gransinmäki
45480,45551,71,45480,45558,78,True,UPDATED,1631912400,HSL:2236_20210917_La_2_1154,236,HSL:2111211,Gransinmäki
45540,45695,155,45540,45701,161,True,UPDATED,1631912400,HSL:2215_20210917_La_2_1221,215,HSL:2111211,Gransinmäki
46140,46122,-18,46140,46122,-18,True,UPDATED,1631912400,HSL:2114_20210917_La_1_1223,114,HSL:2111211,Gransinmäki
46140,46140,0,46140,46140,0,False,SCHEDULED,1631912400,HSL:2214_20210917_La_2_1231,214,HSL:2111211,Gransinmäki
46680,46680,0,46680,46680,0,False,SCHEDULED,1631912400,HSL:2236B_20210917_La_2_1236,236B,HSL:2111211,Gransinmäki
45240,45368,128,45300,45405,105,True,UPDATED,1631912400,HSL:2200_20210917_La_1_1204,200,HSL:2111209,Leppävaaran keskus
45840,45935,95,45900,45935,35,True,UPDATED,1631912400,HSL:2200_20210917_La_1_1214,200,HSL:2111209,Leppävaaran keskus
46440,46440,0,46500,46568,68,True,UPDATED,1631912400,HSL:2200_20210917_La_1_1224,200,HSL:2111209,Leppävaaran keskus
47040,47063,23,47100,47147,47,True,UPDATED,1631912400,HSL:2200_20210917_La_1_1234,200,HSL:2111209,Leppävaaran keskus
47640,47640,0,47700,47700,0,False,SCHEDULED,1631912400,HSL:2200_20210917_La_1_1244,200,HSL:2111209,Leppävaaran keskus
45240,45383,143,45240,45397,157,True,UPDATED,1631912400,HSL:2203_20210917_La_1_1228,203,HSL:2111207,Vallikuja
46440,46440,0,46440,46440,0,False,SCHEDULED,1631912400,HSL:2203_20210917_La_1_1248,203,HSL:2111207,Vallikuja
47640,47640,0,47640,47640,0,False,SCHEDULED,1631912400,HSL:2203_20210917_La_1_1308,203,HSL:2111207,Vallikuja
48840,48840,0,48840,48840,0,False,SCHEDULED,1631912400,HSL:2203_20210917_La_1_1328,203,HSL:2111207,Vallikuja
50040,50040,0,50040,50040,0,False,SCHEDULED,1631912400,HSL:2203_20210917_La_1_1348,203,HSL:2111207,Vallikuja
45540,45726,186,45600,45769,169,True,UPDATED,1631912400,HSL:2200_20210917_La_2_1214,200,HSL:2111208,Leppävaaran keskus
46140,46248,108,46200,46304,104,True,UPDATED,1631912400,HSL:2200_20210917_La_2_1224,200,HSL:2111208,Leppävaaran keskus
46740,46811,71,46800,46887,87,True,UPDATED,1631912400,HSL:2200_20210917_La_2_1234,200,HSL:2111208,Leppävaaran keskus
47340,47340,0,47400,47400,0,False,SCHEDULED,1631912400,HSL:2200_20210917_La_2_1244,200,HSL:2111208,Leppävaaran keskus
47940,47940,0,48000,48000,0,False,SCHEDULED,1631912400,HSL:2200_20210917_La_2_1254,200,HSL:2111208,Leppävaaran keskus
87360,87360,0,87420,87420,0,False,SCHEDULED,1631912400,HSL:2231N_20210917_La_1_2350,231N,HSL:2111205,Leppävaaran keskus
89100,89100,0,89160,89160,0,False,SCHEDULED,1631912400,HSL:2231N_20210917_La_1_2420,231N,HSL:2111205,Leppävaaran keskus
90840,90840,0,90900,90900,0,False,SCHEDULED,1631912400,HSL:2231N_20210917_La_1_2450,231N,HSL:2111205,Leppävaaran keskus
92640,92640,0,92700,92700,0,False,SCHEDULED,1631912400,HSL:2231N_20210917_La_1_2520,231N,HSL:2111205,Leppävaaran keskus
94440,94440,0,94500,94500,0,False,SCHEDULED,1631912400,HSL:2231N_20210917_La_1_2550,231N,HSL:2111205,Leppävaaran keskus
46500,46500,0,46500,46500,0,False,SCHEDULED,1631912400,HSL:2203_20210917_La_2_1247,203,HSL:2111206,Vallikuja
47700,47700,0,47700,47700,0,False,SCHEDULED,1631912400,HSL:2203_20210917_La_2_1307,203,HSL:2111206,Vallikuja
48900,48900,0,48900,48900,0,False,SCHEDULED,1631912400,HSL:2203_20210917_La_2_1327,203,HSL:2111206,Vallikuja
50100,50100,0,50100,50100,0,False,SCHEDULED,1631912400,HSL:2203_20210917_La_2_1347,203,HSL:2111206,Vallikuja
51300,51300,0,51300,51300,0,False,SCHEDULED,1631912400,HSL:2203_20210917_La_2_1407,203,HSL:2111206,Vallikuja
47700,47700,0,47700,47700,0,False,SCHEDULED,1631912400,HSL:2201_20210917_La_2_1300,201,HSL:2111201,Porarinkatu
51300,51300,0,51300,51300,0,False,SCHEDULED,1631912400,HSL:2201_20210917_La_2_1400,201,HSL:2111201,Porarinkatu
54900,54900,0,54900,54900,0,False,SCHEDULED,1631912400,HSL:2201_20210917_La_2_1500,201,HSL:2111201,Porarinkatu
47700,47700,0,47700,47700,0,False,SCHEDULED,1631912400,HSL:2201_20210917_La_2_1300,201,HSL:2111202,Vallityöläisenpolku
51300,51300,0,51300,51300,0,False,SCHEDULED,1631912400,HSL:2201_20210917_La_2_1400,201,HSL:2111202,Vallityöläisenpolku
54900,54900,0,54900,54900,0,False,SCHEDULED,1631912400,HSL:2201_20210917_La_2_1500,201,HSL:2111202,Vallityöläisenpolku
45660,45753,93,45660,45757,97,True,UPDATED,1631912400,HSL:2532_20210917_La_1_1209,532,HSL:2111200,Gransinmäenportti
46200,46074,-126,46200,46075,-125,True,UPDATED,1631912400,HSL:2227_20210917_La_2_1228,227,HSL:2111200,Gransinmäenportti
46560,46556,-4,46560,46556,-4,True,UPDATED,1631912400,HSL:2532_20210917_La_1_1224,532,HSL:2111200,Gransinmäenportti
47160,47240,80,47160,47242,82,True,UPDATED,1631912400,HSL:2224_20210917_La_2_1223,224,HSL:2111200,Gransinmäenportti
47460,47460,0,47460,47460,0,False,SCHEDULED,1631912400,HSL:2532_20210917_La_1_1239,532,HSL:2111200,Gransinmäenportti
45420,45492,72,45420,45492,72,True,UPDATED,1631912400,HSL:9844_20210917_La_1_1220,844,HSL:1600231,Kapteenintie
46620,46620,0,46620,46620,0,False,SCHEDULED,1631912400,HSL:9842_20210917_La_1_1240,842,HSL:1600231,Kapteenintie
47820,47820,0,47820,47820,0,False,SCHEDULED,1631912400,HSL:9843_20210917_La_1_1300,843,HSL:1600231,Kapteenintie
48720,48720,0,48720,48720,0,False,SCHEDULED,1631912400,HSL:9841_20210917_La_1_1315,841,HSL:1600231,Kapteenintie
50100,50100,0,50100,50100,0,False,SCHEDULED,1631912400,HSL:9842_20210917_La_1_1338,842,HSL:1600231,Kapteenintie
45420,45450,30,45420,45450,30,True,UPDATED,1631912400,HSL:1024_20210917_La_1_1233,24,HSL:1130184,Väinämöisenkatu
47220,47220,0,47220,47220,0,False,SCHEDULED,1631912400,HSL:1024_20210917_La_1_1303,24,HSL:1130184,Väinämöisenkatu
49020,49020,0,49020,49020,0,False,SCHEDULED,1631912400,HSL:1024_20210917_La_1_1333,24,HSL:1130184,Väinämöisenkatu
50820,50820,0,50820,50820,0,False,SCHEDULED,1631912400,HSL:1024_20210917_La_1_1403,24,HSL:1130184,Väinämöisenkatu
52620,52620,0,52620,52620,0,False,SCHEDULED,1631912400,HSL:1024_20210917_La_1_1433,24,HSL:1130184,Väinämöisenkatu
44880,45328,448,44880,45335,455,True,UPDATED,1631912400,HSL:2550_20210917_La_2_1149,550,HSL:1282110,Pirjontie
45360,45396,36,45360,45396,36,True,UPDATED,1631912400,HSL:1023_20210917_La_2_1233,23,HSL:1282110,Pirjontie
45540,45723,183,45540,45723,183,True,UPDATED,1631912400,HSL:2550_20210917_La_2_1159,550,HSL:1282110,Pirjontie
46140,46196,56,46140,46196,56,True,UPDATED,1631912400,HSL:2550_20210917_La_2_1209,550,HSL:1282110,Pirjontie
46560,46560,0,46560,46560,0,False,SCHEDULED,1631912400,HSL:1023_20210917_La_2_1253,23,HSL:1282110,Pirjontie
45660,45660,0,45660,45660,0,True,UPDATED,1631912400,HSL:1024_20210917_La_2_1229,24,HSL:1130187,Väinämöisenkenttä
47460,47460,0,47460,47460,0,False,SCHEDULED,1631912400,HSL:1024_20210917_La_2_1259,24,HSL:1130187,Väinämöisenkenttä
49260,49260,0,49260,49260,0,False,SCHEDULED,1631912400,HSL:1024_20210917_La_2_1329,24,HSL:1130187,Väinämöisenkenttä
51060,51060,0,51060,51060,0,False,SCHEDULED,1631912400,HSL:1024_20210917_La_2_1359,24,HSL:1130187,Väinämöisenkenttä
52860,52860,0,52860,52860,0,False,SCHEDULED,1631912400,HSL:1024_20210917_La_2_1429,24,HSL:1130187,Väinämöisenkenttä
45600,45600,0,45600,45600,0,True,UPDATED,1631912400,HSL:1024_20210917_La_2_1229,24,HSL:1130181,Hietaniemi
47400,47400,0,47400,47400,0,False,SCHEDULED,1631912400,HSL:1024_20210917_La_2_1259,24,HSL:1130181,Hietaniemi
49200,49200,0,49200,49200,0,False,SCHEDULED,1631912400,HSL:1024_20210917_La_2_1329,24,HSL:1130181,Hietaniemi
51000,51000,0,51000,51000,0,False,SCHEDULED,1631912400,HSL:1024_20210917_La_2_1359,24,HSL:1130181,Hietaniemi
52800,52800,0,52800,52800,0,False,SCHEDULED,1631912400,HSL:1024_20210917_La_2_1429,24,HSL:1130181,Hietaniemi
45180,45531,351,45180,45551,371,True,UPDATED,1631912400,HSL:2550_20210917_La_2_1129,550,HSL:1456153,Roihupelto
46020,46020,0,46020,46020,0,True,UPDATED,1631912400,HSL:1092_20210917_La_2_1235,92,HSL:1456153,Roihupelto
45780,46052,272,45780,46052,272,True,UPDATED,1631912400,HSL:2550_20210917_La_2_1139,550,HSL:1456153,Roihupelto
46920,46920,0,46920,46920,0,False,SCHEDULED,1631912400,HSL:1092_20210917_La_2_1250,92,HSL:1456153,Roihupelto
46380,46920,540,46380,46940,560,True,UPDATED,1631912400,HSL:2550_20210917_La_2_1149,550,HSL:1456153,Roihupelto
45540,45570,30,45540,45570,30,True,UPDATED,1631912400,HSL:1024_20210917_La_1_1233,24,HSL:1130182,Hietaniemi
47340,47340,0,47340,47340,0,False,SCHEDULED,1631912400,HSL:1024_20210917_La_1_1303,24,HSL:1130182,Hietaniemi
49140,49140,0,49140,49140,0,False,SCHEDULED,1631912400,HSL:1024_20210917_La_1_1333,24,HSL:1130182,Hietaniemi
50940,50940,0,50940,50940,0,False,SCHEDULED,1631912400,HSL:1024_20210917_La_1_1403,24,HSL:1130182,Hietaniemi
52740,52740,0,52740,52740,0,False,SCHEDULED,1631912400,HSL:1024_20210917_La_1_1433,24,HSL:1130182,Hietaniemi
45720,45720,0,45720,45720,0,True,UPDATED,1631912400,HSL:1024_20210917_La_2_1229,24,HSL:1130183,Väinämöisenkatu
47520,47520,0,47520,47520,0,False,SCHEDULED,1631912400,HSL:1024_20210917_La_2_1259,24,HSL:1130183,Väinämöisenkatu
49320,49320,0,49320,49320,0,False,SCHEDULED,1631912400,HSL:1024_20210917_La_2_1329,24,HSL:1130183,Väinämöisenkatu
51120,51120,0,51120,51120,0,False,SCHEDULED,1631912400,HSL:1024_20210917_La_2_1359,24,HSL:1130183,Väinämöisenkatu
52920,52920,0,52920,52920,0,False,SCHEDULED,1631912400,HSL:1024_20210917_La_2_1429,24,HSL:1130183,Väinämöisenkatu
45420,45385,-35,45420,45385,-35,True,UPDATED,1631912400,HSL:1023_20210917_La_1_1203,23,HSL:1282142,Vesakkotie
46320,46340,20,46320,46364,44,True,UPDATED,1631912400,HSL:1063_20210917_La_1_1226,63,HSL:1282142,Vesakkotie
46620,46740,120,46620,46740,120,True,UPDATED,1631912400,HSL:1023_20210917_La_1_1223,23,HSL:1282142,Vesakkotie
47520,47520,0,47520,47520,0,False,SCHEDULED,1631912400,HSL:1063_20210917_La_1_1246,63,HSL:1282142,Vesakkotie
47820,47820,0,47820,47820,0,False,SCHEDULED,1631912400,HSL:1023_20210917_La_1_1243,23,HSL:1282142,Vesakkotie
45420,45385,-35,45420,45385,-35,True,UPDATED,1631912400,HSL:1023_20210917_La_1_1203,23,HSL:1282144,Kuusikkotie
46320,46364,44,46320,46364,44,True,UPDATED,1631912400,HSL:1063_20210917_La_1_1226,63,HSL:1282144,Kuusikkotie
46620,46740,120,46620,46740,120,True,UPDATED,1631912400,HSL:1023_20210917_La_1_1223,23,HSL:1282144,Kuusikkotie
47520,47520,0,47520,47520,0,False,SCHEDULED,1631912400,HSL:1063_20210917_La_1_1246,63,HSL:1282144,Kuusikkotie
47820,47820,0,47820,47820,0,False,SCHEDULED,1631912400,HSL:1023_20210917_La_1_1243,23,HSL:1282144,Kuusikkotie
45480,45445,-35,45480,45445,-35,True,UPDATED,1631912400,HSL:1023_20210917_La_1_1203,23,HSL:1282146,Maunulanmäki
46380,46422,42,46380,46443,63,True,UPDATED,1631912400,HSL:1063_20210917_La_1_1226,63,HSL:1282146,Maunulanmäki
46680,46800,120,46680,46800,120,True,UPDATED,1631912400,HSL:1023_20210917_La_1_1223,23,HSL:1282146,Maunulanmäki
47580,47580,0,47580,47580,0,False,SCHEDULED,1631912400,HSL:1063_20210917_La_1_1246,63,HSL:1282146,Maunulanmäki
47880,47880,0,47880,47880,0,False,SCHEDULED,1631912400,HSL:1023_20210917_La_1_1243,23,HSL:1282146,Maunulanmäki
45240,45454,214,45240,45454,214,True,UPDATED,1631912400,HSL:4332_20210917_La_2_1206,332,HSL:1294124,Marttila
45960,46055,95,45960,46055,95,True,UPDATED,1631912400,HSL:2345N_20210917_La_2_1208,345N,HSL:1294124,Marttila
46140,46140,0,46140,46140,0,False,SCHEDULED,1631912400,HSL:1037_20210917_La_2_1233,37,HSL:1294124,Marttila
46680,46717,37,46680,46717,37,True,UPDATED,1631912400,HSL:2321_20210917_La_2_1229,321,HSL:1294124,Marttila
47340,47340,0,47340,47340,0,False,SCHEDULED,1631912400,HSL:1037_20210917_La_2_1253,37,HSL:1294124,Marttila
45480,45516,36,45480,45516,36,True,UPDATED,1631912400,HSL:1023_20210917_La_2_1233,23,HSL:1282147,Maunulanmäki
45780,45827,47,45780,45848,68,True,UPDATED,1631912400,HSL:1063_20210917_La_2_1233,63,HSL:1282147,Maunulanmäki
46680,46680,0,46680,46680,0,False,SCHEDULED,1631912400,HSL:1023_20210917_La_2_1253,23,HSL:1282147,Maunulanmäki
46980,46980,0,46980,46980,0,False,SCHEDULED,1631912400,HSL:1063_20210917_La_2_1253,63,HSL:1282147,Maunulanmäki
47880,47880,0,47880,47880,0,False,SCHEDULED,1631912400,HSL:1023_20210917_La_2_1313,23,HSL:1282147,Maunulanmäki
45300,45618,318,45300,45622,322,True,UPDATED,1631912400,HSL:4332_20210917_La_2_1206,332,HSL:1294122,Vihdintien silta
46020,46076,56,46020,46076,56,True,UPDATED,1631912400,HSL:2345N_20210917_La_2_1208,345N,HSL:1294122,Vihdintien silta
46200,46200,0,46200,46200,0,False,SCHEDULED,1631912400,HSL:1037_20210917_La_2_1233,37,HSL:1294122,Vihdintien silta
46680,46741,61,46680,46741,61,True,UPDATED,1631912400,HSL:2321_20210917_La_2_1229,321,HSL:1294122,Vihdintien silta
47400,47400,0,47400,47400,0,False,SCHEDULED,1631912400,HSL:1037_20210917_La_2_1253,37,HSL:1294122,Vihdintien silta
45420,45406,-14,45420,45408,-12,True,UPDATED,1631912400,HSL:4332_20210917_La_1_1217,332,HSL:1294121,Vihdintien silta
46020,46079,59,46020,46079,59,True,UPDATED,1631912400,HSL:1037_20210917_La_1_1224,37,HSL:1294121,Vihdintien silta
46080,46130,50,46080,46130,50,True,UPDATED,1631912400,HSL:2321_20210917_La_1_1229,321,HSL:1294121,Vihdintien silta
46860,46860,0,46860,46860,0,False,SCHEDULED,1631912400,HSL:4322_20210917_La_1_1241,322,HSL:1294121,Vihdintien silta
47220,47220,0,47220,47220,0,False,SCHEDULED,1631912400,HSL:1037_20210917_La_1_1244,37,HSL:1294121,Vihdintien silta
87720,87720,0,87720,87720,0,False,SCHEDULED,1631912400,HSL:2134N_20210917_La_1_2422,134N,HSL:1040279,Kamppi
89520,89520,0,89520,89520,0,False,SCHEDULED,1631912400,HSL:2134N_20210917_La_1_2452,134N,HSL:1040279,Kamppi
91320,91320,0,91320,91320,0,False,SCHEDULED,1631912400,HSL:2134N_20210917_La_1_2522,134N,HSL:1040279,Kamppi
93120,93120,0,93120,93120,0,False,SCHEDULED,1631912400,HSL:2134N_20210917_La_1_2552,134N,HSL:1040279,Kamppi
94920,94920,0,94920,94920,0,False,SCHEDULED,1631912400,HSL:2134N_20210917_La_1_2622,134N,HSL:1040279,Kamppi
45600,45600,0,45600,45600,0,False,SCHEDULED,1631912400,HSL:1021_20210917_La_1_1240,21,HSL:1040278,Kamppi
46200,46200,0,46200,46200,0,False,SCHEDULED,1631912400,HSL:1021_20210917_La_1_1250,21,HSL:1040278,Kamppi
46800,46800,0,46800,46800,0,False,SCHEDULED,1631912400,HSL:1021_20210917_La_1_1300,21,HSL:1040278,Kamppi
47400,47400,0,47400,47400,0,False,SCHEDULED,1631912400,HSL:1021_20210917_La_1_1310,21,HSL:1040278,Kamppi
48000,48000,0,48000,48000,0,False,SCHEDULED,1631912400,HSL:1021_20210917_La_1_1320,21,HSL:1040278,Kamppi
45720,45720,0,45720,45720,0,False,SCHEDULED,1631912400,HSL:1069_20210917_La_1_1242,69,HSL:1040275,Kamppi
46920,46920,0,46920,46920,0,False,SCHEDULED,1631912400,HSL:1069_20210917_La_1_1302,69,HSL:1040275,Kamppi
48120,48120,0,48120,48120,0,False,SCHEDULED,1631912400,HSL:1069_20210917_La_1_1322,69,HSL:1040275,Kamppi
49320,49320,0,49320,49320,0,False,SCHEDULED,1631912400,HSL:1069_20210917_La_1_1342,69,HSL:1040275,Kamppi
50520,50520,0,50520,50520,0,False,SCHEDULED,1631912400,HSL:1069_20210917_La_1_1402,69,HSL:1040275,Kamppi
45960,45960,0,45960,45960,0,False,SCHEDULED,1631912400,HSL:1063_20210917_La_1_1246,63,HSL:1040274,Kamppi
47160,47160,0,47160,47160,0,False,SCHEDULED,1631912400,HSL:1063_20210917_La_1_1306,63,HSL:1040274,Kamppi
48360,48360,0,48360,48360,0,False,SCHEDULED,1631912400,HSL:1063_20210917_La_1_1326,63,HSL:1040274,Kamppi
49560,49560,0,49560,49560,0,False,SCHEDULED,1631912400,HSL:1063_20210917_La_1_1346,63,HSL:1040274,Kamppi
50760,50760,0,50760,50760,0,False,SCHEDULED,1631912400,HSL:1063_20210917_La_1_1406,63,HSL:1040274,Kamppi
46080,46080,0,46080,46080,0,False,SCHEDULED,1631912400,HSL:1025_20210917_La_1_1248,25,HSL:1040277,Kamppi
46980,46980,0,46980,46980,0,False,SCHEDULED,1631912400,HSL:1024_20210917_La_1_1303,24,HSL:1040277,Kamppi
47280,47280,0,47280,47280,0,False,SCHEDULED,1631912400,HSL:1025_20210917_La_1_1308,25,HSL:1040277,Kamppi
48480,48480,0,48480,48480,0,False,SCHEDULED,1631912400,HSL:1025_20210917_La_1_1328,25,HSL:1040277,Kamppi
48780,48780,0,48780,48780,0,False,SCHEDULED,1631912400,HSL:1024_20210917_La_1_1333,24,HSL:1040277,Kamppi
87000,87000,0,87000,87000,0,False,SCHEDULED,1631912400,HSL:2113N_20210917_La_1_2410,113N,HSL:1040276,Kamppi
88800,88800,0,88800,88800,0,False,SCHEDULED,1631912400,HSL:2114N_20210917_La_1_2440,114N,HSL:1040276,Kamppi
90600,90600,0,90600,90600,0,False,SCHEDULED,1631912400,HSL:2113N_20210917_La_1_2510,113N,HSL:1040276,Kamppi
92400,92400,0,92400,92400,0,False,SCHEDULED,1631912400,HSL:2114N_20210917_La_1_2540,114N,HSL:1040276,Kamppi
94200,94200,0,94200,94200,0,False,SCHEDULED,1631912400,HSL:2113N_20210917_La_1_2610,113N,HSL:1040276,Kamppi
45840,45840,0,45840,45840,0,False,SCHEDULED,1631912400,HSL:1037_20210917_La_1_1244,37,HSL:1040271,Kamppi
47040,47040,0,47040,47040,0,False,SCHEDULED,1631912400,HSL:1037_20210917_La_1_1304,37,HSL:1040271,Kamppi
48240,48240,0,48240,48240,0,False,SCHEDULED,1631912400,HSL:1037_20210917_La_1_1324,37,HSL:1040271,Kamppi
49440,49440,0,49440,49440,0,False,SCHEDULED,1631912400,HSL:1037_20210917_La_1_1344,37,HSL:1040271,Kamppi
50640,50640,0,50640,50640,0,False,SCHEDULED,1631912400,HSL:1037_20210917_La_1_1404,37,HSL:1040271,Kamppi
45420,45420,0,45420,45420,0,False,SCHEDULED,1631912400,HSL:1042_20210917_La_1_1237,42,HSL:1040273,Kamppi
46620,46620,0,46620,46620,0,False,SCHEDULED,1631912400,HSL:1042_20210917_La_1_1257,42,HSL:1040273,Kamppi
47820,47820,0,47820,47820,0,False,SCHEDULED,1631912400,HSL:1042_20210917_La_1_1317,42,HSL:1040273,Kamppi
49020,49020,0,49020,49020,0,False,SCHEDULED,1631912400,HSL:1042_20210917_La_1_1337,42,HSL:1040273,Kamppi
50220,50220,0,50220,50220,0,False,SCHEDULED,1631912400,HSL:1042_20210917_La_1_1357,42,HSL:1040273,Kamppi
46260,46260,0,46260,46260,0,False,SCHEDULED,1631912400,HSL:1041_20210917_La_1_1251,41,HSL:1040272,Kamppi
47460,47460,0,47460,47460,0,False,SCHEDULED,1631912400,HSL:1041_20210917_La_1_1311,41,HSL:1040272,Kamppi
48660,48660,0,48660,48660,0,False,SCHEDULED,1631912400,HSL:1041_20210917_La_1_1331,41,HSL:1040272,Kamppi
49860,49860,0,49860,49860,0,False,SCHEDULED,1631912400,HSL:1041_20210917_La_1_1351,41,HSL:1040272,Kamppi
51060,51060,0,51060,51060,0,False,SCHEDULED,1631912400,HSL:1041_20210917_La_1_1411,41,HSL:1040272,Kamppi
85620,85620,0,85620,85620,0,False,SCHEDULED,1631912400,HSL:2146N_20210917_La_1_2347,146N,HSL:1040280,Kamppi
87420,87420,0,87420,87420,0,False,SCHEDULED,1631912400,HSL:2146N_20210917_La_1_2417,146N,HSL:1040280,Kamppi
89220,89220,0,89220,89220,0,False,SCHEDULED,1631912400,HSL:2146N_20210917_La_1_2447,146N,HSL:1040280,Kamppi
91020,91020,0,91020,91020,0,False,SCHEDULED,1631912400,HSL:2146N_20210917_La_1_2517,146N,HSL:1040280,Kamppi
92820,92820,0,92820,92820,0,False,SCHEDULED,1631912400,HSL:2146N_20210917_La_1_2547,146N,HSL:1040280,Kamppi
45360,45325,-35,45360,45325,-35,True,UPDATED,1631912400,HSL:1023_20210917_La_1_1203,23,HSL:1282136,Koivikkotie
46200,46238,38,46200,46249,49,True,UPDATED,1631912400,HSL:1063_20210917_La_1_1226,63,HSL:1282136,Koivikkotie
46560,46680,120,46560,46680,120,True,UPDATED,1631912400,HSL:1023_20210917_La_1_1223,23,HSL:1282136,Koivikkotie
47400,47400,0,47400,47400,0,False,SCHEDULED,1631912400,HSL:1063_20210917_La_1_1246,63,HSL:1282136,Koivikkotie
47760,47760,0,47760,47760,0,False,SCHEDULED,1631912400,HSL:1023_20210917_La_1_1243,23,HSL:1282136,Koivikkotie
45600,45636,36,45600,45636,36,True,UPDATED,1631912400,HSL:1023_20210917_La_2_1233,23,HSL:1282137,Koivikkotie
45960,46046,86,45960,46061,101,True,UPDATED,1631912400,HSL:1063_20210917_La_2_1233,63,HSL:1282137,Koivikkotie
46800,46800,0,46800,46800,0,False,SCHEDULED,1631912400,HSL:1023_20210917_La_2_1253,23,HSL:1282137,Koivikkotie
47160,47160,0,47160,47160,0,False,SCHEDULED,1631912400,HSL:1063_20210917_La_2_1253,63,HSL:1282137,Koivikkotie
48000,48000,0,48000,48000,0,False,SCHEDULED,1631912400,HSL:1023_20210917_La_2_1313,23,HSL:1282137,Koivikkotie
45540,45576,36,45540,45576,36,True,UPDATED,1631912400,HSL:1023_20210917_La_2_1233,23,HSL:1282139,Vesakkotie
45900,45969,69,45900,45986,86,True,UPDATED,1631912400,HSL:1063_20210917_La_2_1233,63,HSL:1282139,Vesakkotie
46740,46740,0,46740,46740,0,False,SCHEDULED,1631912400,HSL:1023_20210917_La_2_1253,23,HSL:1282139,Vesakkotie
47100,47100,0,47100,47100,0,False,SCHEDULED,1631912400,HSL:1063_20210917_La_2_1253,63,HSL:1282139,Vesakkotie
47940,47940,0,47940,47940,0,False,SCHEDULED,1631912400,HSL:1023_20210917_La_2_1313,23,HSL:1282139,Vesakkotie
45600,45669,69,45600,45673,73,True,UPDATED,1631912400,HSL:1021_20210917_La_2_1220,21,HSL:1040289,"Kamppi, tulo"
46200,46225,25,46200,46225,25,True,UPDATED,1631912400,HSL:1021_20210917_La_2_1230,21,HSL:1040289,"Kamppi, tulo"
46800,46800,0,46800,46800,0,False,SCHEDULED,1631912400,HSL:1021_20210917_La_2_1240,21,HSL:1040289,"Kamppi, tulo"
47400,47400,0,47400,47400,0,False,SCHEDULED,1631912400,HSL:1021_20210917_La_2_1250,21,HSL:1040289,"Kamppi, tulo"
48000,48000,0,48000,48000,0,False,SCHEDULED,1631912400,HSL:1021_20210917_La_2_1300,21,HSL:1040289,"Kamppi, tulo"
86700,86700,0,86700,86700,0,False,SCHEDULED,1631912400,HSL:2165N_20210917_La_1_2405,165N,HSL:1040282,Kamppi
90300,90300,0,90300,90300,0,False,SCHEDULED,1631912400,HSL:6173N_20210917_La_1_2505,173N,HSL:1040282,Kamppi
90300,90300,0,90300,90300,0,False,SCHEDULED,1631912400,HSL:2165N_20210917_La_1_2505,165N,HSL:1040282,Kamppi
93900,93900,0,93900,93900,0,False,SCHEDULED,1631912400,HSL:6173N_20210917_La_1_2605,173N,HSL:1040282,Kamppi
93900,93900,0,93900,93900,0,False,SCHEDULED,1631912400,HSL:2165N_20210917_La_1_2605,165N,HSL:1040282,Kamppi
86520,86520,0,86520,86520,0,False,SCHEDULED,1631912400,HSL:2147N_20210917_La_1_2402,147N,HSL:1040281,Kamppi
88320,88320,0,88320,88320,0,False,SCHEDULED,1631912400,HSL:2147N_20210917_La_1_2432,147N,HSL:1040281,Kamppi
90120,90120,0,90120,90120,0,False,SCHEDULED,1631912400,HSL:2147N_20210917_La_1_2502,147N,HSL:1040281,Kamppi
91920,91920,0,91920,91920,0,False,SCHEDULED,1631912400,HSL:2147N_20210917_La_1_2532,147N,HSL:1040281,Kamppi
93720,93720,0,93720,93720,0,False,SCHEDULED,1631912400,HSL:2147N_20210917_La_1_2602,147N,HSL:1040281,Kamppi
45480,45404,-76,45480,45420,-60,True,UPDATED,1631912400,HSL:1069_20210917_La_2_1122,69,HSL:1040284,Kamppi
45180,45408,228,45180,45424,244,True,UPDATED,1631912400,HSL:1037_20210917_La_2_1153,37,HSL:1040284,Kamppi
45960,45971,11,45960,45987,27,True,UPDATED,1631912400,HSL:1041_20210917_La_2_1211,41,HSL:1040284,Kamppi
46020,46020,0,46020,46020,0,True,UPDATED,1631912400,HSL:1024_20210917_La_2_1229,24,HSL:1040284,Kamppi
45600,46034,434,45600,46034,434,True,UPDATED,1631912400,HSL:1042_20210917_La_2_1206,42,HSL:1040284,Kamppi
45240,45376,136,45240,45376,136,True,UPDATED,1631912400,HSL:2553K_20210917_La_2_1223,553K,HSL:1294143,Vaakatie
46440,46440,0,46440,46440,0,False,SCHEDULED,1631912400,HSL:2553K_20210917_La_2_1242,553K,HSL:1294143,Vaakatie
47640,47640,0,47640,47640,0,False,SCHEDULED,1631912400,HSL:2553K_20210917_La_2_1302,553K,HSL:1294143,Vaakatie
48840,48840,0,48840,48840,0,False,SCHEDULED,1631912400,HSL:2553K_20210917_La_2_1322,553K,HSL:1294143,Vaakatie
50040,50040,0,50040,50040,0,False,SCHEDULED,1631912400,HSL:2553K_20210917_La_2_1342,553K,HSL:1294143,Vaakatie
45660,45662,2,45660,45671,11,True,UPDATED,1631912400,HSL:2553K_20210917_La_1_1150,553K,HSL:1294142,Vaakatie
46860,47020,160,46860,47020,160,True,UPDATED,1631912400,HSL:2553K_20210917_La_1_1209,553K,HSL:1294142,Vaakatie
48060,48067,7,48060,48115,55,True,UPDATED,1631912400,HSL:2553K_20210917_La_1_1229,553K,HSL:1294142,Vaakatie
48660,48660,0,48660,48660,0,False,SCHEDULED,1631912400,HSL:1036_20210917_La_2_1300,36,HSL:1294142,Vaakatie
49260,49260,0,49260,49260,0,False,SCHEDULED,1631912400,HSL:2553K_20210917_La_1_1249,553K,HSL:1294142,Vaakatie
45600,45595,-5,45600,45642,42,True,UPDATED,1631912400,HSL:2553K_20210917_La_1_1150,553K,HSL:1294141,Lassila
45840,45969,129,45840,45969,129,True,UPDATED,1631912400,HSL:1041_20210917_La_1_1211,41,HSL:1294141,Lassila
46800,46953,153,46800,46953,153,True,UPDATED,1631912400,HSL:2553K_20210917_La_1_1209,553K,HSL:1294141,Lassila
47040,47070,30,47040,47070,30,True,UPDATED,1631912400,HSL:1041_20210917_La_1_1231,41,HSL:1294141,Lassila
48000,47997,-3,48000,48024,24,True,UPDATED,1631912400,HSL:2553K_20210917_La_1_1229,553K,HSL:1294141,Lassila
45900,46029,129,45900,46029,129,True,UPDATED,1631912400,HSL:1041_20210917_La_1_1211,41,HSL:1294140,Pohjois-Haagan asema
46260,46260,0,46260,46260,0,False,SCHEDULED,1631912400,HSL:1041_20210917_La_2_1251,41,HSL:1294140,Pohjois-Haagan asema
47100,47130,30,47100,47130,30,True,UPDATED,1631912400,HSL:1041_20210917_La_1_1231,41,HSL:1294140,Pohjois-Haagan asema
47460,47460,0,47460,47460,0,False,SCHEDULED,1631912400,HSL:1041_20210917_La_2_1311,41,HSL:1294140,Pohjois-Haagan asema
48300,48300,0,48300,48300,0,False,SCHEDULED,1631912400,HSL:1041_20210917_La_1_1251,41,HSL:1294140,Pohjois-Haagan asema
45660,45484,-176,45660,45504,-156,True,UPDATED,1631912400,HSL:31M1_20210917_La_2_1237,M1,HSL:1452602,Puotila
46080,46110,30,46080,46130,50,True,UPDATED,1631912400,HSL:31M1_20210917_La_2_1245,M1,HSL:1452602,Puotila
46560,46560,0,46560,46580,20,True,UPDATED,1631912400,HSL:31M1_20210917_La_2_1252,M1,HSL:1452602,Puotila
46980,47010,30,46980,47030,50,True,UPDATED,1631912400,HSL:31M1_20210917_La_2_1300,M1,HSL:1452602,Puotila
47460,47460,0,47460,47480,20,True,UPDATED,1631912400,HSL:31M1_20210917_La_2_1307,M1,HSL:1452602,Puotila
45300,45338,38,45300,45358,58,True,UPDATED,1631912400,HSL:31M1_20210917_La_1_1159,M1,HSL:1452601,Puotila
45780,45799,19,45780,45819,39,True,UPDATED,1631912400,HSL:31M1_20210917_La_1_1206,M1,HSL:1452601,Puotila
46200,46243,43,46200,46263,63,True,UPDATED,1631912400,HSL:31M1_20210917_La_1_1214,M1,HSL:1452601,Puotila
46680,46681,1,46680,46701,21,True,UPDATED,1631912400,HSL:31M1_20210917_La_1_1221,M1,HSL:1452601,Puotila
47100,47128,28,47100,47148,48,True,UPDATED,1631912400,HSL:31M1_20210917_La_1_1229,M1,HSL:1452601,Puotila
45360,45391,31,45360,45391,31,True,UPDATED,1631912400,HSL:1010_20210917_La_2_1230,10,HSL:1180442,Kuusitie
45960,45960,0,45960,45960,0,True,UPDATED,1631912400,HSL:1010_20210917_La_2_1240,10,HSL:1180442,Kuusitie
46560,46560,0,46560,46560,0,False,SCHEDULED,1631912400,HSL:1010_20210917_La_2_1250,10,HSL:1180442,Kuusitie
47160,47160,0,47160,47160,0,False,SCHEDULED,1631912400,HSL:1010_20210917_La_2_1300,10,HSL:1180442,Kuusitie
47760,47760,0,47760,47760,0,False,SCHEDULED,1631912400,HSL:1010_20210917_La_2_1310,10,HSL:1180442,Kuusitie
45360,45367,7,45360,45380,20,True,UPDATED,1631912400,HSL:1002_20210917_La_2_1229,2,HSL:1180443,Auroran sairaala
45360,45515,155,45360,45528,168,True,UPDATED,1631912400,HSL:1003_20210917_La_1_1204,3,HSL:1180443,Auroran sairaala
46080,46080,0,46080,46080,0,False,SCHEDULED,1631912400,HSL:1002_20210917_La_2_1241,2,HSL:1180443,Auroran sairaala
46080,46148,68,46080,46164,84,True,UPDATED,1631912400,HSL:1003_20210917_La_1_1216,3,HSL:1180443,Auroran sairaala
46800,46800,0,46800,46800,0,False,SCHEDULED,1631912400,HSL:1002_20210917_La_2_1253,2,HSL:1180443,Auroran sairaala
45420,45451,31,45420,45451,31,True,UPDATED,1631912400,HSL:1010_20210917_La_2_1230,10,HSL:1180440,Jalavatie
45720,45720,0,45720,45720,0,True,UPDATED,1631912400,HSL:1003_20210917_La_2_1241,3,HSL:1180440,Jalavatie
46020,46020,0,46020,46020,0,True,UPDATED,1631912400,HSL:1010_20210917_La_2_1240,10,HSL:1180440,Jalavatie
46440,46440,0,46440,46440,0,False,SCHEDULED,1631912400,HSL:1003_20210917_La_2_1253,3,HSL:1180440,Jalavatie
46620,46620,0,46620,46620,0,False,SCHEDULED,1631912400,HSL:1010_20210917_La_2_1250,10,HSL:1180440,Jalavatie
45540,45616,76,45540,45640,100,True,UPDATED,1631912400,HSL:1010_20210917_La_1_1220,10,HSL:1180441,Kuusitie
45660,45778,118,45660,45778,118,True,UPDATED,1631912400,HSL:1003_20210917_La_1_1204,3,HSL:1180441,Kuusitie
46140,46151,11,46140,46176,36,True,UPDATED,1631912400,HSL:1010_20210917_La_1_1230,10,HSL:1180441,Kuusitie
46380,46432,52,46380,46432,52,True,UPDATED,1631912400,HSL:1003_20210917_La_1_1216,3,HSL:1180441,Kuusitie
46740,46740,0,46740,46740,0,False,SCHEDULED,1631912400,HSL:1010_20210917_La_1_1240,10,HSL:1180441,Kuusitie
45300,45454,154,45300,45454,154,True,UPDATED,1631912400,HSL:2553K_20210917_La_2_1223,553K,HSL:1294139,Lassila
46320,46320,0,46320,46320,0,False,SCHEDULED,1631912400,HSL:1041_20210917_La_2_1251,41,HSL:1294139,Lassila
46500,46500,0,46500,46500,0,False,SCHEDULED,1631912400,HSL:2553K_20210917_La_2_1242,553K,HSL:1294139,Lassila
47520,47520,0,47520,47520,0,False,SCHEDULED,1631912400,HSL:1041_20210917_La_2_1311,41,HSL:1294139,Lassila
47700,47700,0,47700,47700,0,False,SCHEDULED,1631912400,HSL:2553K_20210917_La_2_1302,553K,HSL:1294139,Lassila
45540,45527,-13,45540,45535,-5,True,UPDATED,1631912400,HSL:2553K_20210917_La_1_1150,553K,HSL:1294137,Näyttelijäntie
45780,45909,129,45780,45909,129,True,UPDATED,1631912400,HSL:1041_20210917_La_1_1211,41,HSL:1294137,Näyttelijäntie
46740,46871,131,46740,46871,131,True,UPDATED,1631912400,HSL:2553K_20210917_La_1_1209,553K,HSL:1294137,Näyttelijäntie
46980,47010,30,46980,47010,30,True,UPDATED,1631912400,HSL:1041_20210917_La_1_1231,41,HSL:1294137,Näyttelijäntie
47940,47928,-12,47940,47970,30,True,UPDATED,1631912400,HSL:2553K_20210917_La_1_1229,553K,HSL:1294137,Näyttelijäntie
45480,45516,36,45480,45516,36,True,UPDATED,1631912400,HSL:1023_20210917_La_2_1233,23,HSL:1282155,Kuusikkotie
45840,45918,78,45840,45928,88,True,UPDATED,1631912400,HSL:1063_20210917_La_2_1233,63,HSL:1282155,Kuusikkotie
46680,46680,0,46680,46680,0,False,SCHEDULED,1631912400,HSL:1023_20210917_La_2_1253,23,HSL:1282155,Kuusikkotie
47040,47040,0,47040,47040,0,False,SCHEDULED,1631912400,HSL:1063_20210917_La_2_1253,63,HSL:1282155,Kuusikkotie
47880,47880,0,47880,47880,0,False,SCHEDULED,1631912400,HSL:1023_20210917_La_2_1313,23,HSL:1282155,Kuusikkotie
45660,44982,-678,45660,45660,0,True,UPDATED,1631912400,HSL:1003_20210917_La_2_1241,3,HSL:1180444,Kuusitie
46380,46380,0,46380,46380,0,False,SCHEDULED,1631912400,HSL:1003_20210917_La_2_1253,3,HSL:1180444,Kuusitie
47100,47100,0,47100,47100,0,False,SCHEDULED,1631912400,HSL:1003_20210917_La_2_1305,3,HSL:1180444,Kuusitie
47820,47820,0,47820,47820,0,False,SCHEDULED,1631912400,HSL:1003_20210917_La_2_1317,3,HSL:1180444,Kuusitie
48540,48540,0,48540,48540,0,False,SCHEDULED,1631912400,HSL:1003_20210917_La_2_1329,3,HSL:1180444,Kuusitie
45240,45348,108,45240,45348,108,True,UPDATED,1631912400,HSL:2553K_20210917_La_2_1223,553K,HSL:1294132,Marttila
46380,46380,0,46380,46380,0,False,SCHEDULED,1631912400,HSL:2553K_20210917_La_2_1242,553K,HSL:1294132,Marttila
47580,47580,0,47580,47580,0,False,SCHEDULED,1631912400,HSL:2553K_20210917_La_2_1302,553K,HSL:1294132,Marttila
48780,48780,0,48780,48780,0,False,SCHEDULED,1631912400,HSL:2553K_20210917_La_2_1322,553K,HSL:1294132,Marttila
49980,49980,0,49980,49980,0,False,SCHEDULED,1631912400,HSL:2553K_20210917_La_2_1342,553K,HSL:1294132,Marttila
46260,46279,19,46260,46299,39,True,UPDATED,1631912400,HSL:4735_20210917_La_2_1219,735,HSL:4620298,Tähkäkuja
48060,48060,0,48060,48060,0,False,SCHEDULED,1631912400,HSL:4735_20210917_La_2_1249,735,HSL:4620298,Tähkäkuja
49860,49860,0,49860,49860,0,False,SCHEDULED,1631912400,HSL:4735_20210917_La_2_1319,735,HSL:4620298,Tähkäkuja
51660,51660,0,51660,51660,0,False,SCHEDULED,1631912400,HSL:4735_20210917_La_2_1349,735,HSL:4620298,Tähkäkuja
53460,53460,0,53460,53460,0,False,SCHEDULED,1631912400,HSL:4735_20210917_La_2_1419,735,HSL:4620298,Tähkäkuja
45660,45702,42,45660,45720,60,True,UPDATED,1631912400,HSL:4735_20210917_La_1_1231,735,HSL:4620299,Tähkäkuja
47460,47460,0,47460,47460,0,False,SCHEDULED,1631912400,HSL:4735_20210917_La_1_1300,735,HSL:4620299,Tähkäkuja
49260,49260,0,49260,49260,0,False,SCHEDULED,1631912400,HSL:4735_20210917_La_1_1330,735,HSL:4620299,Tähkäkuja
51060,51060,0,51060,51060,0,False,SCHEDULED,1631912400,HSL:4735_20210917_La_1_1400,735,HSL:4620299,Tähkäkuja
52860,52860,0,52860,52860,0,False,SCHEDULED,1631912400,HSL:4735_20210917_La_1_1430,735,HSL:4620299,Tähkäkuja
45480,45568,88,45480,45583,103,True,UPDATED,1631912400,HSL:1010_20210917_La_1_1220,10,HSL:1180439,Jalavatie
45600,45745,145,45600,45759,159,True,UPDATED,1631912400,HSL:1003_20210917_La_1_1204,3,HSL:1180439,Jalavatie
46080,46099,19,46080,46117,37,True,UPDATED,1631912400,HSL:1010_20210917_La_1_1230,10,HSL:1180439,Jalavatie
46320,46385,65,46320,46402,82,True,UPDATED,1631912400,HSL:1003_20210917_La_1_1216,3,HSL:1180439,Jalavatie
46680,46680,0,46680,46680,0,False,SCHEDULED,1631912400,HSL:1010_20210917_La_1_1240,10,HSL:1180439,Jalavatie
45420,45508,88,45420,45524,104,True,UPDATED,1631912400,HSL:1010_20210917_La_1_1220,10,HSL:1180437,Töölön tulli
45540,45677,137,45540,45690,150,True,UPDATED,1631912400,HSL:1003_20210917_La_1_1204,3,HSL:1180437,Töölön tulli
46020,46038,18,46020,46055,35,True,UPDATED,1631912400,HSL:1010_20210917_La_1_1230,10,HSL:1180437,Töölön tulli
46260,46313,53,46260,46327,67,True,UPDATED,1631912400,HSL:1003_20210917_La_1_1216,3,HSL:1180437,Töölön tulli
46620,46620,0,46620,46620,0,False,SCHEDULED,1631912400,HSL:1010_20210917_La_1_1240,10,HSL:1180437,Töölön tulli
45480,45511,31,45480,45511,31,True,UPDATED,1631912400,HSL:1010_20210917_La_2_1230,10,HSL:1180438,Töölön tulli
45780,45780,0,45780,45780,0,True,UPDATED,1631912400,HSL:1003_20210917_La_2_1241,3,HSL:1180438,Töölön tulli
46080,46080,0,46080,46080,0,True,UPDATED,1631912400,HSL:1010_20210917_La_2_1240,10,HSL:1180438,Töölön tulli
46500,46500,0,46500,46500,0,False,SCHEDULED,1631912400,HSL:1003_20210917_La_2_1253,3,HSL:1180438,Töölön tulli
46680,46680,0,46680,46680,0,False,SCHEDULED,1631912400,HSL:1010_20210917_La_2_1250,10,HSL:1180438,Töölön tulli
46440,46440,0,46440,46440,0,False,SCHEDULED,1631912400,HSL:4719_20210917_La_2_1253,719,HSL:4940209,Vuorilehdonkuja
49020,49020,0,49020,49020,0,False,SCHEDULED,1631912400,HSL:4719_20210917_La_2_1336,719,HSL:4940209,Vuorilehdonkuja
51720,51720,0,51720,51720,0,False,SCHEDULED,1631912400,HSL:4719_20210917_La_2_1421,719,HSL:4940209,Vuorilehdonkuja
48600,48600,0,48600,48600,0,False,SCHEDULED,1631912400,HSL:4719K_20210917_La_1_1310,719K,HSL:4940208,Vuorilehdonkuja
51300,51300,0,51300,51300,0,False,SCHEDULED,1631912400,HSL:4719K_20210917_La_1_1355,719K,HSL:4940208,Vuorilehdonkuja
54000,54000,0,54000,54000,0,False,SCHEDULED,1631912400,HSL:4719K_20210917_La_1_1440,719K,HSL:4940208,Vuorilehdonkuja
46500,46500,0,46500,46500,0,False,SCHEDULED,1631912400,HSL:4719_20210917_La_2_1253,719,HSL:4940207,Hevoshaantie
49080,49080,0,49080,49080,0,False,SCHEDULED,1631912400,HSL:4719_20210917_La_2_1336,719,HSL:4940207,Hevoshaantie
51780,51780,0,51780,51780,0,False,SCHEDULED,1631912400,HSL:4719_20210917_La_2_1421,719,HSL:4940207,Hevoshaantie
45480,45511,31,45480,45511,31,True,UPDATED,1631912400,HSL:4736_20210917_La_1_1218,736,HSL:4940202,Sotungin koulu
46680,46680,0,46680,46680,0,False,SCHEDULED,1631912400,HSL:4719_20210917_La_2_1253,719,HSL:4940202,Sotungin koulu
49080,49080,0,49080,49080,0,False,SCHEDULED,1631912400,HSL:4736_20210917_La_1_1318,736,HSL:4940202,Sotungin koulu
49260,49260,0,49260,49260,0,False,SCHEDULED,1631912400,HSL:4719_20210917_La_2_1336,719,HSL:4940202,Sotungin koulu
51960,51960,0,51960,51960,0,False,SCHEDULED,1631912400,HSL:4719_20210917_La_2_1421,719,HSL:4940202,Sotungin koulu
45300,45455,155,45360,45515,155,True,UPDATED,1631912400,HSL:4736_20210917_La_2_1156,736,HSL:4940201,Sotungin koulu
48420,48420,0,48420,48420,0,False,SCHEDULED,1631912400,HSL:4719K_20210917_La_1_1310,719K,HSL:4940201,Sotungin koulu
48900,48900,0,48960,48960,0,False,SCHEDULED,1631912400,HSL:4736_20210917_La_2_1256,736,HSL:4940201,Sotungin koulu
51120,51120,0,51120,51120,0,False,SCHEDULED,1631912400,HSL:4719K_20210917_La_1_1355,719K,HSL:4940201,Sotungin koulu
52500,52500,0,52560,52560,0,False,SCHEDULED,1631912400,HSL:4736_20210917_La_2_1356,736,HSL:4940201,Sotungin koulu
48540,48540,0,48540,48540,0,False,SCHEDULED,1631912400,HSL:4719K_20210917_La_1_1310,719K,HSL:4940206,Hevoshaantie
51240,51240,0,51240,51240,0,False,SCHEDULED,1631912400,HSL:4719K_20210917_La_1_1355,719K,HSL:4940206,Hevoshaantie
53940,53940,0,53940,53940,0,False,SCHEDULED,1631912400,HSL:4719K_20210917_La_1_1440,719K,HSL:4940206,Hevoshaantie
46560,46560,0,46560,46560,0,False,SCHEDULED,1631912400,HSL:4719_20210917_La_2_1253,719,HSL:4940205,Ravurinpolku
49140,49140,0,49140,49140,0,False,SCHEDULED,1631912400,HSL:4719_20210917_La_2_1336,719,HSL:4940205,Ravurinpolku
51840,51840,0,51840,51840,0,False,SCHEDULED,1631912400,HSL:4719_20210917_La_2_1421,719,HSL:4940205,Ravurinpolku
48540,48540,0,48540,48540,0,False,SCHEDULED,1631912400,HSL:4719K_20210917_La_1_1310,719K,HSL:4940204,Ravurinpolku
51240,51240,0,51240,51240,0,False,SCHEDULED,1631912400,HSL:4719K_20210917_La_1_1355,719K,HSL:4940204,Ravurinpolku
53940,53940,0,53940,53940,0,False,SCHEDULED,1631912400,HSL:4719K_20210917_La_1_1440,719K,HSL:4940204,Ravurinpolku
45420,45451,31,45420,45451,31,True,UPDATED,1631912400,HSL:4736_20210917_La_1_1218,736,HSL:4940203,Hakunilan uimahalli
45960,45960,0,45960,45960,0,False,SCHEDULED,1631912400,HSL:4587_20210917_La_1_1234,587,HSL:4940203,Hakunilan uimahalli
46140,46197,57,46140,46201,61,True,UPDATED,1631912400,HSL:4717_20210917_La_1_1215,717,HSL:4940203,Hakunilan uimahalli
46620,46620,0,46620,46620,0,False,SCHEDULED,1631912400,HSL:4719_20210917_La_2_1253,719,HSL:4940203,Hakunilan uimahalli
47340,47340,0,47340,47340,0,False,SCHEDULED,1631912400,HSL:4717_20210917_La_1_1235,717,HSL:4940203,Hakunilan uimahalli
45540,45540,0,45540,45540,0,False,SCHEDULED,1631912400,HSL:2214_20210917_La_2_1231,214,HSL:2141202,Olkiniitty
47340,47340,0,47340,47340,0,False,SCHEDULED,1631912400,HSL:2214_20210917_La_2_1300,214,HSL:2141202,Olkiniitty
49140,49140,0,49140,49140,0,False,SCHEDULED,1631912400,HSL:2214_20210917_La_2_1330,214,HSL:2141202,Olkiniitty
50940,50940,0,50940,50940,0,False,SCHEDULED,1631912400,HSL:2214_20210917_La_2_1400,214,HSL:2141202,Olkiniitty
52740,52740,0,52740,52740,0,False,SCHEDULED,1631912400,HSL:2214_20210917_La_2_1430,214,HSL:2141202,Olkiniitty
45840,45775,-65,45840,45775,-65,True,UPDATED,1631912400,HSL:2214_20210917_La_1_1231,214,HSL:2141203,Olkiniitty
47640,47640,0,47640,47640,0,False,SCHEDULED,1631912400,HSL:2214_20210917_La_1_1301,214,HSL:2141203,Olkiniitty
49440,49440,0,49440,49440,0,False,SCHEDULED,1631912400,HSL:2214_20210917_La_1_1331,214,HSL:2141203,Olkiniitty
51240,51240,0,51240,51240,0,False,SCHEDULED,1631912400,HSL:2214_20210917_La_1_1401,214,HSL:2141203,Olkiniitty
53040,53040,0,53040,53040,0,False,SCHEDULED,1631912400,HSL:2214_20210917_La_1_1431,214,HSL:2141203,Olkiniitty
45300,45362,62,45300,45377,77,True,UPDATED,1631912400,HSL:2548_20210917_La_2_1230,548,HSL:2141204,Lähderannanristi
46020,46020,0,46020,46020,0,False,SCHEDULED,1631912400,HSL:2236B_20210917_La_2_1236,236B,HSL:2141204,Lähderannanristi
46200,46200,0,46200,46200,0,False,SCHEDULED,1631912400,HSL:2548_20210917_La_2_1245,548,HSL:2141204,Lähderannanristi
47100,47100,0,47100,47100,0,False,SCHEDULED,1631912400,HSL:2548_20210917_La_2_1300,548,HSL:2141204,Lähderannanristi
47160,47160,0,47160,47160,0,True,UPDATED,1631912400,HSL:2239_20210917_La_2_1237,239,HSL:2141204,Lähderannanristi
45540,45499,-41,45540,45512,-28,True,UPDATED,1631912400,HSL:2321_20210917_La_2_1229,321,HSL:2141205,Lähderannanristi
45660,45645,-15,45660,45671,11,True,UPDATED,1631912400,HSL:2548_20210917_La_1_1213,548,HSL:2141205,Lähderannanristi
45720,45720,0,45720,45720,0,False,SCHEDULED,1631912400,HSL:2215_20210917_La_2_1241,215,HSL:2141205,Lähderannanristi
46560,46555,-5,46560,46565,5,True,UPDATED,1631912400,HSL:2548_20210917_La_1_1228,548,HSL:2141205,Lähderannanristi
46860,46860,0,46860,46860,0,False,SCHEDULED,1631912400,HSL:5565_20210917_La_2_1242,565,HSL:2141205,Lähderannanristi
45420,45420,0,45420,45420,0,False,SCHEDULED,1631912400,HSL:2214_20210917_La_2_1231,214,HSL:2141206,Veininkatu
47160,47160,0,47160,47160,0,False,SCHEDULED,1631912400,HSL:2214_20210917_La_2_1300,214,HSL:2141206,Veininkatu
48960,48960,0,48960,48960,0,False,SCHEDULED,1631912400,HSL:2214_20210917_La_2_1330,214,HSL:2141206,Veininkatu
50760,50760,0,50760,50760,0,False,SCHEDULED,1631912400,HSL:2214_20210917_La_2_1400,214,HSL:2141206,Veininkatu
52560,52560,0,52560,52560,0,False,SCHEDULED,1631912400,HSL:2214_20210917_La_2_1430,214,HSL:2141206,Veininkatu
45060,45323,263,45060,45330,270,True,UPDATED,1631912400,HSL:5565_20210917_La_2_1212,565,HSL:2141207,Kuttulammentie
45600,45561,-39,45600,45567,-33,True,UPDATED,1631912400,HSL:2321_20210917_La_2_1229,321,HSL:2141207,Kuttulammentie
45720,45722,2,45720,45728,8,True,UPDATED,1631912400,HSL:2548_20210917_La_1_1213,548,HSL:2141207,Kuttulammentie
45780,45780,0,45780,45780,0,False,SCHEDULED,1631912400,HSL:2215_20210917_La_2_1241,215,HSL:2141207,Kuttulammentie
46620,46614,-6,46620,46619,-1,True,UPDATED,1631912400,HSL:2548_20210917_La_1_1228,548,HSL:2141207,Kuttulammentie
45540,45540,0,45540,45540,0,False,SCHEDULED,1631912400,HSL:2214_20210917_La_2_1231,214,HSL:2141208,Vanha Rastaalantie
47280,47280,0,47280,47280,0,False,SCHEDULED,1631912400,HSL:2214_20210917_La_2_1300,214,HSL:2141208,Vanha Rastaalantie
49080,49080,0,49080,49080,0,False,SCHEDULED,1631912400,HSL:2214_20210917_La_2_1330,214,HSL:2141208,Vanha Rastaalantie
50880,50880,0,50880,50880,0,False,SCHEDULED,1631912400,HSL:2214_20210917_La_2_1400,214,HSL:2141208,Vanha Rastaalantie
52680,52680,0,52680,52680,0,False,SCHEDULED,1631912400,HSL:2214_20210917_La_2_1430,214,HSL:2141208,Vanha Rastaalantie
45600,45600,0,45600,45600,0,False,SCHEDULED,1631912400,HSL:2214_20210917_La_2_1231,214,HSL:2141209,Parrukuja
47400,47400,0,47400,47400,0,False,SCHEDULED,1631912400,HSL:2214_20210917_La_2_1300,214,HSL:2141209,Parrukuja
49200,49200,0,49200,49200,0,False,SCHEDULED,1631912400,HSL:2214_20210917_La_2_1330,214,HSL:2141209,Parrukuja
51000,51000,0,51000,51000,0,False,SCHEDULED,1631912400,HSL:2214_20210917_La_2_1400,214,HSL:2141209,Parrukuja
52800,52800,0,52800,52800,0,False,SCHEDULED,1631912400,HSL:2214_20210917_La_2_1430,214,HSL:2141209,Parrukuja
45480,45475,-5,45480,45481,1,True,UPDATED,1631912400,HSL:2236_20210917_La_1_1226,236,HSL:2141201,Nuumäki
45600,45550,-50,45600,45550,-50,True,UPDATED,1631912400,HSL:2548_20210917_La_1_1213,548,HSL:2141201,Nuumäki
46500,46471,-29,46500,46475,-25,True,UPDATED,1631912400,HSL:2548_20210917_La_1_1228,548,HSL:2141201,Nuumäki
46680,46680,0,46680,46680,0,False,SCHEDULED,1631912400,HSL:2239_20210917_La_1_1246,239,HSL:2141201,Nuumäki
47400,47400,0,47400,47400,0,False,SCHEDULED,1631912400,HSL:2548_20210917_La_1_1243,548,HSL:2141201,Nuumäki
45540,45557,17,45540,45599,59,True,UPDATED,1631912400,HSL:4570_20210917_La_1_1225,570,HSL:4940219,Hevoshaanpolku
45840,45840,0,45840,45840,0,False,SCHEDULED,1631912400,HSL:4587_20210917_La_1_1234,587,HSL:4940219,Hevoshaanpolku
45900,45961,61,45900,45969,69,True,UPDATED,1631912400,HSL:4717_20210917_La_1_1215,717,HSL:4940219,Hevoshaanpolku
46140,46140,0,46140,46140,0,True,UPDATED,1631912400,HSL:4570_20210917_La_1_1235,570,HSL:4940219,Hevoshaanpolku
46740,46740,0,46740,46740,0,False,SCHEDULED,1631912400,HSL:4570_20210917_La_1_1245,570,HSL:4940219,Hevoshaanpolku
45660,45691,31,45660,45691,31,True,UPDATED,1631912400,HSL:4570_20210917_La_2_1154,570,HSL:4940218,Hevoshaanpolku
46440,46440,0,46440,46440,0,False,SCHEDULED,1631912400,HSL:4719_20210917_La_2_1253,719,HSL:4940218,Hevoshaanpolku
46260,46440,180,46260,46440,180,True,UPDATED,1631912400,HSL:4570_20210917_La_2_1204,570,HSL:4940218,Hevoshaanpolku
46440,46440,0,46440,46440,0,False,SCHEDULED,1631912400,HSL:4717_20210917_La_2_1230,717,HSL:4940218,Hevoshaanpolku
46860,46919,59,46860,46919,59,True,UPDATED,1631912400,HSL:4570_20210917_La_2_1214,570,HSL:4940218,Hevoshaanpolku
45660,45815,155,45660,45815,155,True,UPDATED,1631912400,HSL:4736_20210917_La_2_1156,736,HSL:4940213,Liinakkokuja
46260,46260,0,46260,46260,0,False,SCHEDULED,1631912400,HSL:2553K_20210917_La_1_1249,553K,HSL:4940213,Liinakkokuja
47400,47400,0,47400,47400,0,False,SCHEDULED,1631912400,HSL:2553K_20210917_La_1_1308,553K,HSL:4940213,Liinakkokuja
48600,48600,0,48600,48600,0,False,SCHEDULED,1631912400,HSL:2553K_20210917_La_1_1328,553K,HSL:4940213,Liinakkokuja
49260,49260,0,49260,49260,0,False,SCHEDULED,1631912400,HSL:4736_20210917_La_2_1256,736,HSL:4940213,Liinakkokuja
45540,45768,228,45540,45782,242,True,UPDATED,1631912400,HSL:2553K_20210917_La_2_1143,553K,HSL:4940212,Liinakkokuja
46800,46804,4,46800,46849,49,True,UPDATED,1631912400,HSL:2553K_20210917_La_2_1203,553K,HSL:4940212,Liinakkokuja
48000,48063,63,48000,48063,63,True,UPDATED,1631912400,HSL:2553K_20210917_La_2_1223,553K,HSL:4940212,Liinakkokuja
48780,48780,0,48780,48780,0,False,SCHEDULED,1631912400,HSL:4736_20210917_La_1_1318,736,HSL:4940212,Liinakkokuja
49200,49200,0,49200,49200,0,False,SCHEDULED,1631912400,HSL:2553K_20210917_La_2_1242,553K,HSL:4940212,Liinakkokuja
45720,45737,17,45720,45779,59,True,UPDATED,1631912400,HSL:4570_20210917_La_1_1225,570,HSL:4940211,Pitkäsentie
45660,45815,155,45660,45815,155,True,UPDATED,1631912400,HSL:4736_20210917_La_2_1156,736,HSL:4940211,Pitkäsentie
46260,46260,0,46260,46260,0,False,SCHEDULED,1631912400,HSL:2553K_20210917_La_1_1249,553K,HSL:4940211,Pitkäsentie
46320,46320,0,46320,46320,0,True,UPDATED,1631912400,HSL:4570_20210917_La_1_1235,570,HSL:4940211,Pitkäsentie
46920,46920,0,46920,46920,0,False,SCHEDULED,1631912400,HSL:4570_20210917_La_1_1245,570,HSL:4940211,Pitkäsentie
45420,45385,-35,45420,45385,-35,True,UPDATED,1631912400,HSL:4570_20210917_La_2_1154,570,HSL:4940210,Pitkäsentie
45480,45749,269,45480,45753,273,True,UPDATED,1631912400,HSL:2553K_20210917_La_2_1143,553K,HSL:4940210,Pitkäsentie
46020,46200,180,46020,46200,180,True,UPDATED,1631912400,HSL:4570_20210917_La_2_1204,570,HSL:4940210,Pitkäsentie
46620,46679,59,46620,46679,59,True,UPDATED,1631912400,HSL:4570_20210917_La_2_1214,570,HSL:4940210,Pitkäsentie
46680,46681,1,46680,46706,26,True,UPDATED,1631912400,HSL:2553K_20210917_La_2_1203,553K,HSL:4940210,Pitkäsentie
45840,45840,0,45840,45840,0,False,SCHEDULED,1631912400,HSL:4587_20210917_La_1_1234,587,HSL:4940217,Raudikkopolku
45900,45993,93,45900,46005,105,True,UPDATED,1631912400,HSL:4717_20210917_La_1_1215,717,HSL:4940217,Raudikkopolku
47100,47100,0,47100,47100,0,False,SCHEDULED,1631912400,HSL:4717_20210917_La_1_1235,717,HSL:4940217,Raudikkopolku
48300,48300,0,48300,48300,0,False,SCHEDULED,1631912400,HSL:4717_20210917_La_1_1255,717,HSL:4940217,Raudikkopolku
48660,48660,0,48660,48660,0,False,SCHEDULED,1631912400,HSL:4719K_20210917_La_1_1310,719K,HSL:4940217,Raudikkopolku
46380,46380,0,46380,46380,0,False,SCHEDULED,1631912400,HSL:4719_20210917_La_2_1253,719,HSL:4940216,Raudikkopolku
46380,46380,0,46380,46380,0,False,SCHEDULED,1631912400,HSL:4717_20210917_La_2_1230,717,HSL:4940216,Raudikkopolku
47460,47500,40,47460,47500,40,True,UPDATED,1631912400,HSL:4587_20210917_La_2_1234,587,HSL:4940216,Raudikkopolku
47520,47520,0,47520,47520,0,False,SCHEDULED,1631912400,HSL:4717_20210917_La_2_1250,717,HSL:4940216,Raudikkopolku
48720,48720,0,48720,48720,0,False,SCHEDULED,1631912400,HSL:4717_20210917_La_2_1310,717,HSL:4940216,Raudikkopolku
45600,45617,17,45660,45719,59,True,UPDATED,1631912400,HSL:4570_20210917_La_1_1225,570,HSL:4940215,Säkäkuja
45540,45695,155,45600,45755,155,True,UPDATED,1631912400,HSL:4736_20210917_La_2_1156,736,HSL:4940215,Säkäkuja
46200,46200,0,46200,46200,0,False,SCHEDULED,1631912400,HSL:2553K_20210917_La_1_1249,553K,HSL:4940215,Säkäkuja
46200,46200,0,46260,46260,0,True,UPDATED,1631912400,HSL:4570_20210917_La_1_1235,570,HSL:4940215,Säkäkuja
46800,46800,0,46860,46860,0,False,SCHEDULED,1631912400,HSL:4570_20210917_La_1_1245,570,HSL:4940215,Säkäkuja
45540,45489,-51,45600,45631,31,True,UPDATED,1631912400,HSL:4570_20210917_La_2_1154,570,HSL:4940214,Raudikkokuja
46140,46320,180,46200,46380,180,True,UPDATED,1631912400,HSL:4570_20210917_La_2_1204,570,HSL:4940214,Raudikkokuja
46380,46380,0,46380,46380,0,False,SCHEDULED,1631912400,HSL:4717_20210917_La_2_1230,717,HSL:4940214,Raudikkokuja
46740,46799,59,46800,46859,59,True,UPDATED,1631912400,HSL:4570_20210917_La_2_1214,570,HSL:4940214,Raudikkokuja
47340,47307,-33,47400,47400,0,True,UPDATED,1631912400,HSL:4570_20210917_La_2_1224,570,HSL:4940214,Raudikkokuja
45480,45653,173,45480,45657,177,True,UPDATED,1631912400,HSL:2203_20210917_La_1_1228,203,HSL:2116283,Hilapellontie
46680,46680,0,46680,46680,0,False,SCHEDULED,1631912400,HSL:2203_20210917_La_1_1248,203,HSL:2116283,Hilapellontie
47880,47880,0,47880,47880,0,False,SCHEDULED,1631912400,HSL:2203_20210917_La_1_1308,203,HSL:2116283,Hilapellontie
49080,49080,0,49080,49080,0,False,SCHEDULED,1631912400,HSL:2203_20210917_La_1_1328,203,HSL:2116283,Hilapellontie
50340,50340,0,50340,50340,0,False,SCHEDULED,1631912400,HSL:2203_20210917_La_1_1348,203,HSL:2116283,Hilapellontie
46140,46140,0,46140,46140,0,False,SCHEDULED,1631912400,HSL:2203_20210917_La_2_1247,203,HSL:2116284,Hilapellontie
47340,47340,0,47340,47340,0,False,SCHEDULED,1631912400,HSL:2203_20210917_La_2_1307,203,HSL:2116284,Hilapellontie
48540,48540,0,48540,48540,0,False,SCHEDULED,1631912400,HSL:2203_20210917_La_2_1327,203,HSL:2116284,Hilapellontie
49740,49740,0,49740,49740,0,False,SCHEDULED,1631912400,HSL:2203_20210917_La_2_1347,203,HSL:2116284,Hilapellontie
50940,50940,0,50940,50940,0,False,SCHEDULED,1631912400,HSL:2203_20210917_La_2_1407,203,HSL:2116284,Hilapellontie
45540,45682,142,45540,45685,145,True,UPDATED,1631912400,HSL:2203_20210917_La_1_1228,203,HSL:2116285,Uusmäki
46740,46740,0,46740,46740,0,False,SCHEDULED,1631912400,HSL:2203_20210917_La_1_1248,203,HSL:2116285,Uusmäki
47940,47940,0,47940,47940,0,False,SCHEDULED,1631912400,HSL:2203_20210917_La_1_1308,203,HSL:2116285,Uusmäki
49140,49140,0,49140,49140,0,False,SCHEDULED,1631912400,HSL:2203_20210917_La_1_1328,203,HSL:2116285,Uusmäki
50400,50400,0,50400,50400,0,False,SCHEDULED,1631912400,HSL:2203_20210917_La_1_1348,203,HSL:2116285,Uusmäki
46020,46020,0,46020,46020,0,False,SCHEDULED,1631912400,HSL:2203_20210917_La_2_1247,203,HSL:2116286,Alokastie
47220,47220,0,47220,47220,0,False,SCHEDULED,1631912400,HSL:2203_20210917_La_2_1307,203,HSL:2116286,Alokastie
48420,48420,0,48420,48420,0,False,SCHEDULED,1631912400,HSL:2203_20210917_La_2_1327,203,HSL:2116286,Alokastie
49620,49620,0,49620,49620,0,False,SCHEDULED,1631912400,HSL:2203_20210917_La_2_1347,203,HSL:2116286,Alokastie
50820,50820,0,50820,50820,0,False,SCHEDULED,1631912400,HSL:2203_20210917_La_2_1407,203,HSL:2116286,Alokastie
45600,45703,103,45600,45735,135,True,UPDATED,1631912400,HSL:2203_20210917_La_1_1228,203,HSL:2116287,Alokastie
46800,46800,0,46800,46800,0,False,SCHEDULED,1631912400,HSL:2203_20210917_La_1_1248,203,HSL:2116287,Alokastie
48000,48000,0,48000,48000,0,False,SCHEDULED,1631912400,HSL:2203_20210917_La_1_1308,203,HSL:2116287,Alokastie
49200,49200,0,49200,49200,0,False,SCHEDULED,1631912400,HSL:2203_20210917_La_1_1328,203,HSL:2116287,Alokastie
50460,50460,0,50460,50460,0,False,SCHEDULED,1631912400,HSL:2203_20210917_La_1_1348,203,HSL:2116287,Alokastie
45480,45614,134,45540,45614,74,True,UPDATED,1631912400,HSL:2553K_20210917_La_2_1223,553K,HSL:1294180,Kantelettarentie
46680,46680,0,46740,46740,0,False,SCHEDULED,1631912400,HSL:2553K_20210917_La_2_1242,553K,HSL:1294180,Kantelettarentie
47880,47880,0,47940,47940,0,False,SCHEDULED,1631912400,HSL:2553K_20210917_La_2_1302,553K,HSL:1294180,Kantelettarentie
49080,49080,0,49140,49140,0,False,SCHEDULED,1631912400,HSL:2553K_20210917_La_2_1322,553K,HSL:1294180,Kantelettarentie
50280,50280,0,50340,50340,0,False,SCHEDULED,1631912400,HSL:2553K_20210917_La_2_1342,553K,HSL:1294180,Kantelettarentie
45660,45660,0,45660,45660,0,False,SCHEDULED,1631912400,HSL:2214_20210917_La_2_1231,214,HSL:2141220,Rastasniityntie
47460,47460,0,47460,47460,0,False,SCHEDULED,1631912400,HSL:2214_20210917_La_2_1300,214,HSL:2141220,Rastasniityntie
49260,49260,0,49260,49260,0,False,SCHEDULED,1631912400,HSL:2214_20210917_La_2_1330,214,HSL:2141220,Rastasniityntie
51060,51060,0,51060,51060,0,False,SCHEDULED,1631912400,HSL:2214_20210917_La_2_1400,214,HSL:2141220,Rastasniityntie
52860,52860,0,52860,52860,0,False,SCHEDULED,1631912400,HSL:2214_20210917_La_2_1430,214,HSL:2141220,Rastasniityntie
45600,45735,135,45600,45738,138,True,UPDATED,1631912400,HSL:2203_20210917_La_1_1228,203,HSL:2116290,Rykmentinmäki
46020,46020,0,46020,46020,0,False,SCHEDULED,1631912400,HSL:2203_20210917_La_2_1247,203,HSL:2116290,Rykmentinmäki
46800,46800,0,46800,46800,0,False,SCHEDULED,1631912400,HSL:2203_20210917_La_1_1248,203,HSL:2116290,Rykmentinmäki
47220,47220,0,47220,47220,0,False,SCHEDULED,1631912400,HSL:2203_20210917_La_2_1307,203,HSL:2116290,Rykmentinmäki
48000,48000,0,48000,48000,0,False,SCHEDULED,1631912400,HSL:2203_20210917_La_1_1308,203,HSL:2116290,Rykmentinmäki
45840,45797,-43,45840,45797,-43,True,UPDATED,1631912400,HSL:2214_20210917_La_1_1231,214,HSL:2141213,Vanha Rastaalantie
47640,47640,0,47640,47640,0,False,SCHEDULED,1631912400,HSL:2214_20210917_La_1_1301,214,HSL:2141213,Vanha Rastaalantie
49440,49440,0,49440,49440,0,False,SCHEDULED,1631912400,HSL:2214_20210917_La_1_1331,214,HSL:2141213,Vanha Rastaalantie
51240,51240,0,51240,51240,0,False,SCHEDULED,1631912400,HSL:2214_20210917_La_1_1401,214,HSL:2141213,Vanha Rastaalantie
53040,53040,0,53040,53040,0,False,SCHEDULED,1631912400,HSL:2214_20210917_La_1_1431,214,HSL:2141213,Vanha Rastaalantie
45720,45671,-49,45720,45671,-49,True,UPDATED,1631912400,HSL:2214_20210917_La_1_1231,214,HSL:2141219,Rastasniityntie
47520,47520,0,47520,47520,0,False,SCHEDULED,1631912400,HSL:2214_20210917_La_1_1301,214,HSL:2141219,Rastasniityntie
49320,49320,0,49320,49320,0,False,SCHEDULED,1631912400,HSL:2214_20210917_La_1_1331,214,HSL:2141219,Rastasniityntie
51120,51120,0,51120,51120,0,False,SCHEDULED,1631912400,HSL:2214_20210917_La_1_1401,214,HSL:2141219,Rastasniityntie
52920,52920,0,52920,52920,0,False,SCHEDULED,1631912400,HSL:2214_20210917_La_1_1431,214,HSL:2141219,Rastasniityntie
45780,45703,-77,45780,45703,-77,True,UPDATED,1631912400,HSL:2214_20210917_La_1_1231,214,HSL:2141210,Parrukuja
47580,47580,0,47580,47580,0,False,SCHEDULED,1631912400,HSL:2214_20210917_La_1_1301,214,HSL:2141210,Parrukuja
49380,49380,0,49380,49380,0,False,SCHEDULED,1631912400,HSL:2214_20210917_La_1_1331,214,HSL:2141210,Parrukuja
51180,51180,0,51180,51180,0,False,SCHEDULED,1631912400,HSL:2214_20210917_La_1_1401,214,HSL:2141210,Parrukuja
52980,52980,0,52980,52980,0,False,SCHEDULED,1631912400,HSL:2214_20210917_La_1_1431,214,HSL:2141210,Parrukuja
46320,46320,0,46320,46320,0,True,UPDATED,1631912400,HSL:2215_20210917_La_1_1236,215,HSL:2141248,Kuttulampi
47520,47520,0,47520,47520,0,False,SCHEDULED,1631912400,HSL:2215_20210917_La_1_1256,215,HSL:2141248,Kuttulampi
48720,48720,0,48720,48720,0,False,SCHEDULED,1631912400,HSL:2215_20210917_La_1_1316,215,HSL:2141248,Kuttulampi
49920,49920,0,49920,49920,0,False,SCHEDULED,1631912400,HSL:2215_20210917_La_1_1336,215,HSL:2141248,Kuttulampi
51120,51120,0,51120,51120,0,False,SCHEDULED,1631912400,HSL:2215_20210917_La_1_1356,215,HSL:2141248,Kuttulampi
45840,45840,0,45840,45840,0,False,SCHEDULED,1631912400,HSL:2215_20210917_La_2_1241,215,HSL:2141249,Kuttulampi
47040,47040,0,47040,47040,0,False,SCHEDULED,1631912400,HSL:2215_20210917_La_2_1301,215,HSL:2141249,Kuttulampi
48240,48240,0,48240,48240,0,False,SCHEDULED,1631912400,HSL:2215_20210917_La_2_1321,215,HSL:2141249,Kuttulampi
49440,49440,0,49440,49440,0,False,SCHEDULED,1631912400,HSL:2215_20210917_La_2_1341,215,HSL:2141249,Kuttulampi
50640,50640,0,50640,50640,0,False,SCHEDULED,1631912400,HSL:2215_20210917_La_2_1401,215,HSL:2141249,Kuttulampi
46980,46980,0,46980,46980,0,False,SCHEDULED,1631912400,HSL:4736_20210917_La_2_1256,736,HSL:4850210,Haapalantie
48780,48780,0,48780,48780,0,False,SCHEDULED,1631912400,HSL:4739_20210917_La_2_1326,739,HSL:4850210,Haapalantie
50580,50580,0,50580,50580,0,False,SCHEDULED,1631912400,HSL:4736_20210917_La_2_1356,736,HSL:4850210,Haapalantie
52380,52380,0,52380,52380,0,False,SCHEDULED,1631912400,HSL:4739_20210917_La_2_1426,739,HSL:4850210,Haapalantie
54180,54180,0,54180,54180,0,False,SCHEDULED,1631912400,HSL:4736_20210917_La_2_1456,736,HSL:4850210,Haapalantie
45600,45609,9,45600,45669,69,True,UPDATED,1631912400,HSL:4739_20210917_La_1_1145,739,HSL:4850211,Haapalantie
47400,47431,31,47400,47431,31,True,UPDATED,1631912400,HSL:4736_20210917_La_1_1218,736,HSL:4850211,Haapalantie
49200,49200,0,49200,49200,0,False,SCHEDULED,1631912400,HSL:4739_20210917_La_1_1245,739,HSL:4850211,Haapalantie
51000,51000,0,51000,51000,0,False,SCHEDULED,1631912400,HSL:4736_20210917_La_1_1318,736,HSL:4850211,Haapalantie
52800,52800,0,52800,52800,0,False,SCHEDULED,1631912400,HSL:4739_20210917_La_1_1344,739,HSL:4850211,Haapalantie
45960,45960,0,45960,45960,0,False,SCHEDULED,1631912400,HSL:3002U_20210917_La_1_1242,U,HSL:1174504,Pasila
46860,46860,0,46860,46860,0,False,SCHEDULED,1631912400,HSL:3002E_20210917_La_1_1257,E,HSL:1174504,Pasila
47760,47760,0,47760,47760,0,False,SCHEDULED,1631912400,HSL:3002U_20210917_La_1_1312,U,HSL:1174504,Pasila
48660,48660,0,48660,48660,0,False,SCHEDULED,1631912400,HSL:3002E_20210917_La_1_1327,E,HSL:1174504,Pasila
49560,49560,0,49560,49560,0,False,SCHEDULED,1631912400,HSL:3002U_20210917_La_1_1342,U,HSL:1174504,Pasila
45420,45463,43,45420,45463,43,True,UPDATED,1631912400,HSL:3002A_20210917_La_1_1233,A,HSL:1174502,Pasila
45720,45720,0,45720,45720,0,False,SCHEDULED,1631912400,HSL:3002P_20210917_La_1_1238,P,HSL:1174502,Pasila
46320,46320,0,46320,46320,0,False,SCHEDULED,1631912400,HSL:3002P_20210917_La_1_1248,P,HSL:1174502,Pasila
46920,46920,0,46920,46920,0,False,SCHEDULED,1631912400,HSL:3002P_20210917_La_1_1258,P,HSL:1174502,Pasila
47220,47220,0,47220,47220,0,False,SCHEDULED,1631912400,HSL:3002A_20210917_La_1_1303,A,HSL:1174502,Pasila
45660,45660,0,45660,45660,0,False,SCHEDULED,1631912400,HSL:3001Z_20210917_La_1_1235,Z,HSL:1174503,Pasila
45960,45960,0,45960,45960,0,False,SCHEDULED,1631912400,HSL:3001R_20210917_La_1_1240,R,HSL:1174503,Pasila
47760,47760,0,47760,47760,0,False,SCHEDULED,1631912400,HSL:3001R_20210917_La_1_1310,R,HSL:1174503,Pasila
49260,49260,0,49260,49260,0,False,SCHEDULED,1631912400,HSL:3001Z_20210917_La_1_1335,Z,HSL:1174503,Pasila
49560,49560,0,49560,49560,0,False,SCHEDULED,1631912400,HSL:3001R_20210917_La_1_1340,R,HSL:1174503,Pasila
45300,45341,41,45300,45341,41,True,UPDATED,1631912400,HSL:3001K_20210917_La_1_1231,K,HSL:1174501,Pasila
45600,45600,0,45600,45600,0,False,SCHEDULED,1631912400,HSL:3001I_20210917_La_1_1236,I,HSL:1174501,Pasila
45900,45900,0,45900,45900,0,False,SCHEDULED,1631912400,HSL:3001K_20210917_La_1_1241,K,HSL:1174501,Pasila
46200,46200,0,46200,46200,0,False,SCHEDULED,1631912400,HSL:3001I_20210917_La_1_1246,I,HSL:1174501,Pasila
46500,46500,0,46500,46500,0,False,SCHEDULED,1631912400,HSL:3001K_20210917_La_1_1251,K,HSL:1174501,Pasila
45480,45480,0,45480,45480,0,False,SCHEDULED,1631912400,HSL:2214_20210917_La_2_1231,214,HSL:2141234,Äraportti
47220,47220,0,47220,47220,0,False,SCHEDULED,1631912400,HSL:2214_20210917_La_2_1300,214,HSL:2141234,Äraportti
49020,49020,0,49020,49020,0,False,SCHEDULED,1631912400,HSL:2214_20210917_La_2_1330,214,HSL:2141234,Äraportti
50820,50820,0,50820,50820,0,False,SCHEDULED,1631912400,HSL:2214_20210917_La_2_1400,214,HSL:2141234,Äraportti
52620,52620,0,52620,52620,0,False,SCHEDULED,1631912400,HSL:2214_20210917_La_2_1430,214,HSL:2141234,Äraportti
46080,46080,0,46080,46080,0,False,SCHEDULED,1631912400,HSL:4734_20210917_La_1_1247,734,HSL:4850201,Sorvatie
47880,47880,0,47880,47880,0,False,SCHEDULED,1631912400,HSL:4734_20210917_La_1_1317,734,HSL:4850201,Sorvatie
49680,49680,0,49680,49680,0,False,SCHEDULED,1631912400,HSL:4734_20210917_La_1_1347,734,HSL:4850201,Sorvatie
51480,51480,0,51480,51480,0,False,SCHEDULED,1631912400,HSL:4734_20210917_La_1_1417,734,HSL:4850201,Sorvatie
53280,53280,0,53280,53280,0,False,SCHEDULED,1631912400,HSL:4734_20210917_La_1_1447,734,HSL:4850201,Sorvatie
86100,86100,0,86100,86100,0,False,SCHEDULED,1631912400,HSL:4717N_20210917_La_2_2355,717N,HSL:4940229,Nissas
87480,87480,0,87480,87480,0,False,SCHEDULED,1631912400,HSL:4717N_20210917_La_1_2340,717N,HSL:4940229,Nissas
87900,87900,0,87900,87900,0,False,SCHEDULED,1631912400,HSL:4717N_20210917_La_2_2425,717N,HSL:4940229,Nissas
89280,89280,0,89280,89280,0,False,SCHEDULED,1631912400,HSL:4717N_20210917_La_1_2410,717N,HSL:4940229,Nissas
89700,89700,0,89700,89700,0,False,SCHEDULED,1631912400,HSL:4717N_20210917_La_2_2455,717N,HSL:4940229,Nissas
45960,45960,0,45960,45960,0,False,SCHEDULED,1631912400,HSL:4734_20210917_La_2_1238,734,HSL:4850204,Jokivarren koulu
46020,46020,0,46020,46020,0,False,SCHEDULED,1631912400,HSL:4734_20210917_La_1_1247,734,HSL:4850204,Jokivarren koulu
47760,47760,0,47760,47760,0,False,SCHEDULED,1631912400,HSL:4734_20210917_La_2_1308,734,HSL:4850204,Jokivarren koulu
47820,47820,0,47820,47820,0,False,SCHEDULED,1631912400,HSL:4734_20210917_La_1_1317,734,HSL:4850204,Jokivarren koulu
49560,49560,0,49560,49560,0,False,SCHEDULED,1631912400,HSL:4734_20210917_La_2_1338,734,HSL:4850204,Jokivarren koulu
45420,45575,155,45420,45575,155,True,UPDATED,1631912400,HSL:4736_20210917_La_2_1156,736,HSL:4940224,Sotungintie
46200,46200,0,46200,46200,0,False,SCHEDULED,1631912400,HSL:4717_20210917_La_2_1230,717,HSL:4940224,Sotungintie
47280,47320,40,47280,47320,40,True,UPDATED,1631912400,HSL:4587_20210917_La_2_1234,587,HSL:4940224,Sotungintie
47340,47340,0,47340,47340,0,False,SCHEDULED,1631912400,HSL:4717_20210917_La_2_1250,717,HSL:4940224,Sotungintie
48420,48420,0,48420,48420,0,False,SCHEDULED,1631912400,HSL:4719K_20210917_La_1_1310,719K,HSL:4940224,Sotungintie
46800,46923,123,46800,46934,134,True,UPDATED,1631912400,HSL:4739_20210917_La_2_1226,739,HSL:4940223,Kaskelanrinne
47040,47040,0,47040,47040,0,True,UPDATED,1631912400,HSL:4731_20210917_La_2_1235,731,HSL:4940223,Kaskelanrinne
48120,48158,38,48120,48158,38,True,UPDATED,1631912400,HSL:9788K_20210917_La_2_1225,788K,HSL:4940223,Kaskelanrinne
48840,48840,0,48840,48840,0,False,SCHEDULED,1631912400,HSL:4731_20210917_La_2_1305,731,HSL:4940223,Kaskelanrinne
50400,50400,0,50400,50400,0,False,SCHEDULED,1631912400,HSL:4739_20210917_La_2_1326,739,HSL:4940223,Kaskelanrinne
46860,46860,0,46860,46860,0,False,SCHEDULED,1631912400,HSL:4731_20210917_La_1_1239,731,HSL:4940222,Kaskelanrinne
47580,47580,0,47580,47580,0,False,SCHEDULED,1631912400,HSL:4739_20210917_La_1_1245,739,HSL:4940222,Kaskelanrinne
48660,48660,0,48660,48660,0,False,SCHEDULED,1631912400,HSL:4731_20210917_La_1_1308,731,HSL:4940222,Kaskelanrinne
50460,50460,0,50460,50460,0,False,SCHEDULED,1631912400,HSL:4731_20210917_La_1_1338,731,HSL:4940222,Kaskelanrinne
51120,51120,0,51120,51120,0,False,SCHEDULED,1631912400,HSL:4739_20210917_La_1_1344,739,HSL:4940222,Kaskelanrinne
45840,45840,0,45840,45840,0,False,SCHEDULED,1631912400,HSL:4587_20210917_La_1_1234,587,HSL:4940221,Hepopolku
45840,45925,85,45840,45934,94,True,UPDATED,1631912400,HSL:4717_20210917_La_1_1215,717,HSL:4940221,Hepopolku
47040,47040,0,47040,47040,0,False,SCHEDULED,1631912400,HSL:4717_20210917_La_1_1235,717,HSL:4940221,Hepopolku
48240,48240,0,48240,48240,0,False,SCHEDULED,1631912400,HSL:4717_20210917_La_1_1255,717,HSL:4940221,Hepopolku
48600,48600,0,48600,48600,0,False,SCHEDULED,1631912400,HSL:4719K_20210917_La_1_1310,719K,HSL:4940221,Hepopolku
45420,45451,31,45420,45451,31,True,UPDATED,1631912400,HSL:4736_20210917_La_1_1218,736,HSL:4940228,Sotungintie
46620,46620,0,46620,46620,0,False,SCHEDULED,1631912400,HSL:4719_20210917_La_2_1253,719,HSL:4940228,Sotungintie
49020,49020,0,49020,49020,0,False,SCHEDULED,1631912400,HSL:4736_20210917_La_1_1318,736,HSL:4940228,Sotungintie
49200,49200,0,49200,49200,0,False,SCHEDULED,1631912400,HSL:4719_20210917_La_2_1336,719,HSL:4940228,Sotungintie
51900,51900,0,51900,51900,0,False,SCHEDULED,1631912400,HSL:4719_20210917_La_2_1421,719,HSL:4940228,Sotungintie
45900,45900,0,45900,45900,0,False,SCHEDULED,1631912400,HSL:4734_20210917_La_2_1238,734,HSL:4850206,Nieriäisentie
47700,47700,0,47700,47700,0,False,SCHEDULED,1631912400,HSL:4734_20210917_La_2_1308,734,HSL:4850206,Nieriäisentie
49500,49500,0,49500,49500,0,False,SCHEDULED,1631912400,HSL:4734_20210917_La_2_1338,734,HSL:4850206,Nieriäisentie
51300,51300,0,51300,51300,0,False,SCHEDULED,1631912400,HSL:4734_20210917_La_2_1408,734,HSL:4850206,Nieriäisentie
53100,53100,0,53100,53100,0,False,SCHEDULED,1631912400,HSL:4734_20210917_La_2_1438,734,HSL:4850206,Nieriäisentie
46080,46080,0,46080,46080,0,False,SCHEDULED,1631912400,HSL:4587_20210917_La_1_1234,587,HSL:4940227,Nissaksentie
46200,46249,49,46200,46261,61,True,UPDATED,1631912400,HSL:4717_20210917_La_1_1215,717,HSL:4940227,Nissaksentie
47400,47400,0,47400,47400,0,False,SCHEDULED,1631912400,HSL:4717_20210917_La_1_1235,717,HSL:4940227,Nissaksentie
48600,48600,0,48600,48600,0,False,SCHEDULED,1631912400,HSL:4717_20210917_La_1_1255,717,HSL:4940227,Nissaksentie
49680,49680,0,49680,49680,0,False,SCHEDULED,1631912400,HSL:4587_20210917_La_1_1334,587,HSL:4940227,Nissaksentie
46080,46080,0,46080,46080,0,False,SCHEDULED,1631912400,HSL:4717_20210917_La_2_1230,717,HSL:4940226,Nissaksentie
47220,47260,40,47220,47260,40,True,UPDATED,1631912400,HSL:4587_20210917_La_2_1234,587,HSL:4940226,Nissaksentie
47280,47280,0,47280,47280,0,False,SCHEDULED,1631912400,HSL:4717_20210917_La_2_1250,717,HSL:4940226,Nissaksentie
48480,48480,0,48480,48480,0,False,SCHEDULED,1631912400,HSL:4717_20210917_La_2_1310,717,HSL:4940226,Nissaksentie
49680,49680,0,49680,49680,0,False,SCHEDULED,1631912400,HSL:4717_20210917_La_2_1330,717,HSL:4940226,Nissaksentie
45840,45840,0,45840,45840,0,False,SCHEDULED,1631912400,HSL:4734_20210917_La_2_1238,734,HSL:4850208,Nahkiaisentie
47640,47640,0,47640,47640,0,False,SCHEDULED,1631912400,HSL:4734_20210917_La_2_1308,734,HSL:4850208,Nahkiaisentie
49440,49440,0,49440,49440,0,False,SCHEDULED,1631912400,HSL:4734_20210917_La_2_1338,734,HSL:4850208,Nahkiaisentie
51240,51240,0,51240,51240,0,False,SCHEDULED,1631912400,HSL:4734_20210917_La_2_1408,734,HSL:4850208,Nahkiaisentie
53040,53040,0,53040,53040,0,False,SCHEDULED,1631912400,HSL:4734_20210917_La_2_1438,734,HSL:4850208,Nahkiaisentie
46020,46020,0,46020,46020,0,False,SCHEDULED,1631912400,HSL:4587_20210917_La_1_1234,587,HSL:4940225,Sotungintie
46140,46202,62,46140,46210,70,True,UPDATED,1631912400,HSL:4717_20210917_La_1_1215,717,HSL:4940225,Sotungintie
47340,47340,0,47340,47340,0,False,SCHEDULED,1631912400,HSL:4717_20210917_La_1_1235,717,HSL:4940225,Sotungintie
48540,48540,0,48540,48540,0,False,SCHEDULED,1631912400,HSL:4717_20210917_La_1_1255,717,HSL:4940225,Sotungintie
49620,49620,0,49620,49620,0,False,SCHEDULED,1631912400,HSL:4587_20210917_La_1_1334,587,HSL:4940225,Sotungintie
46440,46440,0,46440,46440,0,False,SCHEDULED,1631912400,HSL:4719_20210917_La_2_1253,719,HSL:4940220,Hepopolku
46440,46440,0,46440,46440,0,False,SCHEDULED,1631912400,HSL:4717_20210917_La_2_1230,717,HSL:4940220,Hepopolku
47520,47560,40,47520,47560,40,True,UPDATED,1631912400,HSL:4587_20210917_La_2_1234,587,HSL:4940220,Hepopolku
47580,47580,0,47580,47580,0,False,SCHEDULED,1631912400,HSL:4717_20210917_La_2_1250,717,HSL:4940220,Hepopolku
48780,48780,0,48780,48780,0,False,SCHEDULED,1631912400,HSL:4717_20210917_La_2_1310,717,HSL:4940220,Hepopolku
45660,45899,239,45660,45950,290,True,UPDATED,1631912400,HSL:2553K_20210917_La_2_1143,553K,HSL:4940232,Vaunukalliontie
46920,46909,-11,46920,46909,-11,True,UPDATED,1631912400,HSL:2553K_20210917_La_2_1203,553K,HSL:4940232,Vaunukalliontie
48120,48196,76,48120,48335,215,True,UPDATED,1631912400,HSL:2553K_20210917_La_2_1223,553K,HSL:4940232,Vaunukalliontie
49320,49320,0,49320,49320,0,False,SCHEDULED,1631912400,HSL:2553K_20210917_La_2_1242,553K,HSL:4940232,Vaunukalliontie
50520,50520,0,50520,50520,0,False,SCHEDULED,1631912400,HSL:2553K_20210917_La_2_1302,553K,HSL:4940232,Vaunukalliontie
46140,46140,0,46140,46140,0,False,SCHEDULED,1631912400,HSL:2553K_20210917_La_1_1249,553K,HSL:4940231,Vaunukalliontie
47280,47280,0,47280,47280,0,False,SCHEDULED,1631912400,HSL:2553K_20210917_La_1_1308,553K,HSL:4940231,Vaunukalliontie
48480,48480,0,48480,48480,0,False,SCHEDULED,1631912400,HSL:2553K_20210917_La_1_1328,553K,HSL:4940231,Vaunukalliontie
49680,49680,0,49680,49680,0,False,SCHEDULED,1631912400,HSL:2553K_20210917_La_1_1348,553K,HSL:4940231,Vaunukalliontie
50880,50880,0,50880,50880,0,False,SCHEDULED,1631912400,HSL:2553K_20210917_La_1_1408,553K,HSL:4940231,Vaunukalliontie
46380,46380,0,46380,46380,0,False,SCHEDULED,1631912400,HSL:4719_20210917_La_2_1253,719,HSL:4940230,Kimokujan koulu
48660,48660,0,48660,48660,0,False,SCHEDULED,1631912400,HSL:4719K_20210917_La_1_1310,719K,HSL:4940230,Kimokujan koulu
48960,48960,0,48960,48960,0,False,SCHEDULED,1631912400,HSL:4719_20210917_La_2_1336,719,HSL:4940230,Kimokujan koulu
51360,51360,0,51360,51360,0,False,SCHEDULED,1631912400,HSL:4719K_20210917_La_1_1355,719K,HSL:4940230,Kimokujan koulu
51660,51660,0,51660,51660,0,False,SCHEDULED,1631912400,HSL:4719_20210917_La_2_1421,719,HSL:4940230,Kimokujan koulu
45840,45836,-4,45840,45855,15,True,UPDATED,1631912400,HSL:1088_20210917_La_1_1233,88,HSL:1493102,Gunillantie
46440,46440,0,46440,46440,0,False,SCHEDULED,1631912400,HSL:1088_20210917_La_1_1243,88,HSL:1493102,Gunillantie
47040,47040,0,47040,47040,0,False,SCHEDULED,1631912400,HSL:1088_20210917_La_1_1253,88,HSL:1493102,Gunillantie
47640,47640,0,47640,47640,0,False,SCHEDULED,1631912400,HSL:1088_20210917_La_1_1303,88,HSL:1493102,Gunillantie
48240,48240,0,48240,48240,0,False,SCHEDULED,1631912400,HSL:1088_20210917_La_1_1313,88,HSL:1493102,Gunillantie
46260,46332,72,46260,46332,72,True,UPDATED,1631912400,HSL:9844_20210917_La_1_1220,844,HSL:9208302,Kaunokkitie
53460,53460,0,53460,53460,0,False,SCHEDULED,1631912400,HSL:9844_20210917_La_1_1418,844,HSL:9208302,Kaunokkitie
57060,57060,0,57060,57060,0,False,SCHEDULED,1631912400,HSL:9844_20210917_La_1_1518,844,HSL:9208302,Kaunokkitie
64200,64200,0,64200,64200,0,False,SCHEDULED,1631912400,HSL:9844_20210917_La_1_1718,844,HSL:9208302,Kaunokkitie
67860,67860,0,67860,67860,0,False,SCHEDULED,1631912400,HSL:9844_20210917_La_1_1820,844,HSL:9208302,Kaunokkitie
45600,45657,57,45600,45661,61,True,UPDATED,1631912400,HSL:4433K_20210917_La_2_1220,433K,HSL:4210206,Vantaanreitti
49200,49200,0,49200,49200,0,False,SCHEDULED,1631912400,HSL:4433K_20210917_La_2_1320,433K,HSL:4210206,Vantaanreitti
52740,52740,0,52740,52740,0,False,SCHEDULED,1631912400,HSL:4433K_20210917_La_2_1420,433K,HSL:4210206,Vantaanreitti
56340,56340,0,56340,56340,0,False,SCHEDULED,1631912400,HSL:4433K_20210917_La_2_1520,433K,HSL:4210206,Vantaanreitti
59940,59940,0,59940,59940,0,False,SCHEDULED,1631912400,HSL:4433K_20210917_La_2_1620,433K,HSL:4210206,Vantaanreitti
46980,46980,0,46980,46980,0,False,SCHEDULED,1631912400,HSL:4433K_20210917_La_1_1257,433K,HSL:4210205,Vantaanreitti
50580,50580,0,50580,50580,0,False,SCHEDULED,1631912400,HSL:4433K_20210917_La_1_1357,433K,HSL:4210205,Vantaanreitti
54180,54180,0,54180,54180,0,False,SCHEDULED,1631912400,HSL:4433K_20210917_La_1_1457,433K,HSL:4210205,Vantaanreitti
57780,57780,0,57780,57780,0,False,SCHEDULED,1631912400,HSL:4433K_20210917_La_1_1557,433K,HSL:4210205,Vantaanreitti
61380,61380,0,61380,61380,0,False,SCHEDULED,1631912400,HSL:4433K_20210917_La_1_1657,433K,HSL:4210205,Vantaanreitti
47700,47724,24,47700,47752,52,True,UPDATED,1631912400,HSL:4574_20210917_La_1_1233,574,HSL:4210204,Kinkerikuja
51300,51300,0,51300,51300,0,False,SCHEDULED,1631912400,HSL:4574_20210917_La_1_1333,574,HSL:4210204,Kinkerikuja
54900,54900,0,54900,54900,0,False,SCHEDULED,1631912400,HSL:4574_20210917_La_1_1433,574,HSL:4210204,Kinkerikuja
58500,58500,0,58500,58500,0,False,SCHEDULED,1631912400,HSL:4574_20210917_La_1_1533,574,HSL:4210204,Kinkerikuja
62100,62100,0,62100,62100,0,False,SCHEDULED,1631912400,HSL:4574_20210917_La_1_1633,574,HSL:4210204,Kinkerikuja
46680,46680,0,46680,46680,0,False,SCHEDULED,1631912400,HSL:9844_20210917_La_2_1255,844,HSL:9208301,Jäkälätie
53880,53880,0,53880,53880,0,False,SCHEDULED,1631912400,HSL:9844_20210917_La_2_1455,844,HSL:9208301,Jäkälätie
57480,57480,0,57480,57480,0,False,SCHEDULED,1631912400,HSL:9844_20210917_La_2_1555,844,HSL:9208301,Jäkälätie
64680,64680,0,64680,64680,0,False,SCHEDULED,1631912400,HSL:9844_20210917_La_2_1755,844,HSL:9208301,Jäkälätie
68280,68280,0,68280,68280,0,False,SCHEDULED,1631912400,HSL:9844_20210917_La_2_1855,844,HSL:9208301,Jäkälätie
86160,86160,0,86160,86160,0,False,SCHEDULED,1631912400,HSL:4431N_20210917_La_1_2318,431N,HSL:4210203,Kinkerikuja
90000,90000,0,90000,90000,0,False,SCHEDULED,1631912400,HSL:4431N_20210917_La_1_2424,431N,HSL:4210203,Kinkerikuja
93720,93720,0,93720,93720,0,False,SCHEDULED,1631912400,HSL:4431N_20210917_La_1_2527,431N,HSL:4210203,Kinkerikuja
97140,97140,0,97140,97140,0,False,SCHEDULED,1631912400,HSL:4431N_20210917_La_1_2624,431N,HSL:4210203,Kinkerikuja
100680,100680,0,100680,100680,0,False,SCHEDULED,1631912400,HSL:4431N_20210917_La_1_2724,431N,HSL:4210203,Kinkerikuja
46800,46800,0,46800,46800,0,False,SCHEDULED,1631912400,HSL:9641_20210917_La_2_1250,641,HSL:9650406,Kirkonkylä
48420,48420,0,48420,48420,0,False,SCHEDULED,1631912400,HSL:9665K_20210917_La_2_1248,665K,HSL:9650406,Kirkonkylä
48600,48600,0,48600,48600,0,False,SCHEDULED,1631912400,HSL:9641_20210917_La_2_1320,641,HSL:9650406,Kirkonkylä
50400,50400,0,50400,50400,0,False,SCHEDULED,1631912400,HSL:9641_20210917_La_2_1350,641,HSL:9650406,Kirkonkylä
52020,52020,0,52020,52020,0,False,SCHEDULED,1631912400,HSL:9665K_20210917_La_2_1348,665K,HSL:9650406,Kirkonkylä
47760,47816,56,47760,47819,59,True,UPDATED,1631912400,HSL:4574_20210917_La_1_1233,574,HSL:4210202,Ruukinranta
51300,51300,0,51300,51300,0,False,SCHEDULED,1631912400,HSL:4574_20210917_La_1_1333,574,HSL:4210202,Ruukinranta
54900,54900,0,54900,54900,0,False,SCHEDULED,1631912400,HSL:4574_20210917_La_1_1433,574,HSL:4210202,Ruukinranta
58500,58500,0,58500,58500,0,False,SCHEDULED,1631912400,HSL:4574_20210917_La_1_1533,574,HSL:4210202,Ruukinranta
62100,62100,0,62100,62100,0,False,SCHEDULED,1631912400,HSL:4574_20210917_La_1_1633,574,HSL:4210202,Ruukinranta
45480,45480,0,45480,45480,0,False,SCHEDULED,1631912400,HSL:4574_20210917_La_2_1221,574,HSL:4210201,Ruukinranta
49080,49080,0,49080,49080,0,False,SCHEDULED,1631912400,HSL:4574_20210917_La_2_1320,574,HSL:4210201,Ruukinranta
52680,52680,0,52680,52680,0,False,SCHEDULED,1631912400,HSL:4574_20210917_La_2_1420,574,HSL:4210201,Ruukinranta
56220,56220,0,56220,56220,0,False,SCHEDULED,1631912400,HSL:4574_20210917_La_2_1520,574,HSL:4210201,Ruukinranta
59880,59880,0,59880,59880,0,False,SCHEDULED,1631912400,HSL:4574_20210917_La_2_1621,574,HSL:4210201,Ruukinranta
46860,46860,0,46860,46860,0,False,SCHEDULED,1631912400,HSL:9665K_20210917_La_1_1256,665K,HSL:9650407,Kirkonkylä
50460,50460,0,50460,50460,0,False,SCHEDULED,1631912400,HSL:9665K_20210917_La_1_1356,665K,HSL:9650407,Kirkonkylä
54060,54060,0,54060,54060,0,False,SCHEDULED,1631912400,HSL:9665K_20210917_La_1_1456,665K,HSL:9650407,Kirkonkylä
57660,57660,0,57660,57660,0,False,SCHEDULED,1631912400,HSL:9665K_20210917_La_1_1556,665K,HSL:9650407,Kirkonkylä
61260,61260,0,61260,61260,0,False,SCHEDULED,1631912400,HSL:9665K_20210917_La_1_1656,665K,HSL:9650407,Kirkonkylä
47400,47400,0,47400,47400,0,False,SCHEDULED,1631912400,HSL:9963_20210917_La_1_1300,963,HSL:9650404,Keravan hautausmaa
51120,51120,0,51120,51120,0,False,SCHEDULED,1631912400,HSL:9963_20210917_La_1_1402,963,HSL:9650404,Keravan hautausmaa
54720,54720,0,54720,54720,0,False,SCHEDULED,1631912400,HSL:9963_20210917_La_1_1502,963,HSL:9650404,Keravan hautausmaa
58320,58320,0,58320,58320,0,False,SCHEDULED,1631912400,HSL:9963_20210917_La_1_1602,963,HSL:9650404,Keravan hautausmaa
61920,61920,0,61920,61920,0,False,SCHEDULED,1631912400,HSL:9963_20210917_La_1_1702,963,HSL:9650404,Keravan hautausmaa
46020,46020,0,46020,46020,0,True,UPDATED,1631912400,HSL:9963_20210917_La_2_1236,963,HSL:9650405,Keravan hautausmaa
49740,49740,0,49740,49740,0,False,SCHEDULED,1631912400,HSL:9963_20210917_La_2_1338,963,HSL:9650405,Keravan hautausmaa
53340,53340,0,53340,53340,0,False,SCHEDULED,1631912400,HSL:9963_20210917_La_2_1438,963,HSL:9650405,Keravan hautausmaa
56940,56940,0,56940,56940,0,False,SCHEDULED,1631912400,HSL:9963_20210917_La_2_1538,963,HSL:9650405,Keravan hautausmaa
60540,60540,0,60540,60540,0,False,SCHEDULED,1631912400,HSL:9963_20210917_La_2_1638,963,HSL:9650405,Keravan hautausmaa
47100,47147,47,47100,47151,51,True,UPDATED,1631912400,HSL:9641_20210917_La_1_1220,641,HSL:9650408,Kirkonkylän koulu
48900,48900,0,48900,48900,0,False,SCHEDULED,1631912400,HSL:9641_20210917_La_1_1250,641,HSL:9650408,Kirkonkylän koulu
50700,50700,0,50700,50700,0,False,SCHEDULED,1631912400,HSL:9641_20210917_La_1_1320,641,HSL:9650408,Kirkonkylän koulu
52500,52500,0,52500,52500,0,False,SCHEDULED,1631912400,HSL:9641_20210917_La_1_1350,641,HSL:9650408,Kirkonkylän koulu
54300,54300,0,54300,54300,0,False,SCHEDULED,1631912400,HSL:9641_20210917_La_1_1420,641,HSL:9650408,Kirkonkylän koulu
46800,46800,0,46800,46800,0,False,SCHEDULED,1631912400,HSL:9641_20210917_La_2_1250,641,HSL:9650409,Kirkonkylän koulu
48600,48600,0,48600,48600,0,False,SCHEDULED,1631912400,HSL:9641_20210917_La_2_1320,641,HSL:9650409,Kirkonkylän koulu
50400,50400,0,50400,50400,0,False,SCHEDULED,1631912400,HSL:9641_20210917_La_2_1350,641,HSL:9650409,Kirkonkylän koulu
52200,52200,0,52200,52200,0,False,SCHEDULED,1631912400,HSL:9641_20210917_La_2_1420,641,HSL:9650409,Kirkonkylän koulu
54000,54000,0,54000,54000,0,False,SCHEDULED,1631912400,HSL:9641_20210917_La_2_1450,641,HSL:9650409,Kirkonkylän koulu
46200,46200,0,46200,46200,0,False,SCHEDULED,1631912400,HSL:9975_20210917_La_1_1238,975,HSL:9650410,Multatie
48000,48000,0,48000,48000,0,False,SCHEDULED,1631912400,HSL:9975_20210917_La_1_1308,975,HSL:9650410,Multatie
49800,49800,0,49800,49800,0,False,SCHEDULED,1631912400,HSL:9975_20210917_La_1_1338,975,HSL:9650410,Multatie
51600,51600,0,51600,51600,0,False,SCHEDULED,1631912400,HSL:9975_20210917_La_1_1408,975,HSL:9650410,Multatie
53400,53400,0,53400,53400,0,False,SCHEDULED,1631912400,HSL:9975_20210917_La_1_1438,975,HSL:9650410,Multatie
45960,45960,0,45960,45960,0,True,UPDATED,1631912400,HSL:9963_20210917_La_2_1236,963,HSL:9650413,Mäyräkorpi
49680,49680,0,49680,49680,0,False,SCHEDULED,1631912400,HSL:9963_20210917_La_2_1338,963,HSL:9650413,Mäyräkorpi
53280,53280,0,53280,53280,0,False,SCHEDULED,1631912400,HSL:9963_20210917_La_2_1438,963,HSL:9650413,Mäyräkorpi
56880,56880,0,56880,56880,0,False,SCHEDULED,1631912400,HSL:9963_20210917_La_2_1538,963,HSL:9650413,Mäyräkorpi
60480,60480,0,60480,60480,0,False,SCHEDULED,1631912400,HSL:9963_20210917_La_2_1638,963,HSL:9650413,Mäyräkorpi
46800,46800,0,46800,46800,0,False,SCHEDULED,1631912400,HSL:9665K_20210917_La_1_1256,665K,HSL:9650414,Pappilankuja
47040,47081,41,47040,47081,41,True,UPDATED,1631912400,HSL:9641_20210917_La_1_1220,641,HSL:9650414,Pappilankuja
48840,48840,0,48840,48840,0,False,SCHEDULED,1631912400,HSL:9641_20210917_La_1_1250,641,HSL:9650414,Pappilankuja
50400,50400,0,50400,50400,0,False,SCHEDULED,1631912400,HSL:9665K_20210917_La_1_1356,665K,HSL:9650414,Pappilankuja
50640,50640,0,50640,50640,0,False,SCHEDULED,1631912400,HSL:9641_20210917_La_1_1320,641,HSL:9650414,Pappilankuja
46500,46500,0,46500,46500,0,False,SCHEDULED,1631912400,HSL:9975_20210917_La_2_1254,975,HSL:9650411,Multatie
48300,48300,0,48300,48300,0,False,SCHEDULED,1631912400,HSL:9975_20210917_La_2_1324,975,HSL:9650411,Multatie
50100,50100,0,50100,50100,0,False,SCHEDULED,1631912400,HSL:9975_20210917_La_2_1354,975,HSL:9650411,Multatie
51900,51900,0,51900,51900,0,False,SCHEDULED,1631912400,HSL:9975_20210917_La_2_1424,975,HSL:9650411,Multatie
53700,53700,0,53700,53700,0,False,SCHEDULED,1631912400,HSL:9975_20210917_La_2_1454,975,HSL:9650411,Multatie
47460,47460,0,47460,47460,0,False,SCHEDULED,1631912400,HSL:9963_20210917_La_1_1300,963,HSL:9650412,Mäyräkorpi
51180,51180,0,51180,51180,0,False,SCHEDULED,1631912400,HSL:9963_20210917_La_1_1402,963,HSL:9650412,Mäyräkorpi
54780,54780,0,54780,54780,0,False,SCHEDULED,1631912400,HSL:9963_20210917_La_1_1502,963,HSL:9650412,Mäyräkorpi
58380,58380,0,58380,58380,0,False,SCHEDULED,1631912400,HSL:9963_20210917_La_1_1602,963,HSL:9650412,Mäyräkorpi
61980,61980,0,61980,61980,0,False,SCHEDULED,1631912400,HSL:9963_20210917_La_1_1702,963,HSL:9650412,Mäyräkorpi
45840,45861,21,45840,45861,21,True,UPDATED,1631912400,HSL:3001R_20210917_La_2_1155,R,HSL:1174553,Pasila
47640,47722,82,47640,47722,82,True,UPDATED,1631912400,HSL:3001R_20210917_La_2_1225,R,HSL:1174553,Pasila
47940,47994,54,47940,47994,54,True,UPDATED,1631912400,HSL:3001Z_20210917_La_2_1219,Z,HSL:1174553,Pasila
49440,49440,0,49440,49440,0,False,SCHEDULED,1631912400,HSL:3001R_20210917_La_2_1255,R,HSL:1174553,Pasila
51240,51240,0,51240,51240,0,False,SCHEDULED,1631912400,HSL:3001R_20210917_La_2_1325,R,HSL:1174553,Pasila
45780,45911,131,45780,45911,131,True,UPDATED,1631912400,HSL:3002U_20210917_La_2_1207,U,HSL:1174554,Pasila
46740,46740,0,46740,46740,0,False,SCHEDULED,1631912400,HSL:3002E_20210917_La_2_1235,E,HSL:1174554,Pasila
47580,47580,0,47580,47580,0,False,SCHEDULED,1631912400,HSL:3002U_20210917_La_2_1237,U,HSL:1174554,Pasila
48540,48540,0,48540,48540,0,False,SCHEDULED,1631912400,HSL:3002E_20210917_La_2_1305,E,HSL:1174554,Pasila
49380,49380,0,49380,49380,0,False,SCHEDULED,1631912400,HSL:3002U_20210917_La_2_1307,U,HSL:1174554,Pasila
45360,45404,44,45360,45404,44,True,UPDATED,1631912400,HSL:3002P_20210917_La_1_1138,P,HSL:1174551,Pasila
45660,45789,129,45660,45789,129,True,UPDATED,1631912400,HSL:3001K_20210917_La_2_1211,K,HSL:1174551,Pasila
45960,46006,46,45960,46006,46,True,UPDATED,1631912400,HSL:3002P_20210917_La_1_1148,P,HSL:1174551,Pasila
46260,46346,86,46260,46346,86,True,UPDATED,1631912400,HSL:3001K_20210917_La_2_1221,K,HSL:1174551,Pasila
46560,46683,123,46560,46683,123,True,UPDATED,1631912400,HSL:3002P_20210917_La_1_1158,P,HSL:1174551,Pasila
45180,45482,302,45180,45482,302,True,UPDATED,1631912400,HSL:3001I_20210917_La_1_1136,I,HSL:1174552,Pasila
45480,45500,20,45480,45500,20,True,UPDATED,1631912400,HSL:3002A_20210917_La_2_1226,A,HSL:1174552,Pasila
45780,45827,47,45780,45827,47,True,UPDATED,1631912400,HSL:3001I_20210917_La_1_1146,I,HSL:1174552,Pasila
46380,46428,48,46380,46428,48,True,UPDATED,1631912400,HSL:3001I_20210917_La_1_1156,I,HSL:1174552,Pasila
46980,47105,125,46980,47105,125,True,UPDATED,1631912400,HSL:3001I_20210917_La_1_1206,I,HSL:1174552,Pasila
45480,45372,-108,45480,45420,-60,True,UPDATED,1631912400,HSL:9641_20210917_La_1_1150,641,HSL:9650417,Suopurontie
47280,47262,-18,47280,47270,-10,True,UPDATED,1631912400,HSL:9641_20210917_La_1_1220,641,HSL:9650417,Suopurontie
49080,49080,0,49080,49080,0,False,SCHEDULED,1631912400,HSL:9641_20210917_La_1_1250,641,HSL:9650417,Suopurontie
50880,50880,0,50880,50880,0,False,SCHEDULED,1631912400,HSL:9641_20210917_La_1_1320,641,HSL:9650417,Suopurontie
52680,52680,0,52680,52680,0,False,SCHEDULED,1631912400,HSL:9641_20210917_La_1_1350,641,HSL:9650417,Suopurontie
46620,46620,0,46620,46620,0,False,SCHEDULED,1631912400,HSL:9641_20210917_La_2_1250,641,HSL:9650418,Suopurontie
48420,48420,0,48420,48420,0,False,SCHEDULED,1631912400,HSL:9641_20210917_La_2_1320,641,HSL:9650418,Suopurontie
50220,50220,0,50220,50220,0,False,SCHEDULED,1631912400,HSL:9641_20210917_La_2_1350,641,HSL:9650418,Suopurontie
52020,52020,0,52020,52020,0,False,SCHEDULED,1631912400,HSL:9641_20210917_La_2_1420,641,HSL:9650418,Suopurontie
53820,53820,0,53820,53820,0,False,SCHEDULED,1631912400,HSL:9641_20210917_La_2_1450,641,HSL:9650418,Suopurontie
45420,45575,155,45420,45575,155,True,UPDATED,1631912400,HSL:4736_20210917_La_2_1156,736,HSL:4940299,Orminkuja
46260,46260,0,46260,46260,0,False,SCHEDULED,1631912400,HSL:4717_20210917_La_2_1230,717,HSL:4940299,Orminkuja
47280,47320,40,47280,47320,40,True,UPDATED,1631912400,HSL:4587_20210917_La_2_1234,587,HSL:4940299,Orminkuja
47400,47400,0,47400,47400,0,False,SCHEDULED,1631912400,HSL:4717_20210917_La_2_1250,717,HSL:4940299,Orminkuja
48600,48600,0,48600,48600,0,False,SCHEDULED,1631912400,HSL:4717_20210917_La_2_1310,717,HSL:4940299,Orminkuja
47220,47221,1,47220,47223,3,True,UPDATED,1631912400,HSL:9641_20210917_La_1_1220,641,HSL:9650415,Saksantie
49020,49020,0,49020,49020,0,False,SCHEDULED,1631912400,HSL:9641_20210917_La_1_1250,641,HSL:9650415,Saksantie
50820,50820,0,50820,50820,0,False,SCHEDULED,1631912400,HSL:9641_20210917_La_1_1320,641,HSL:9650415,Saksantie
52620,52620,0,52620,52620,0,False,SCHEDULED,1631912400,HSL:9641_20210917_La_1_1350,641,HSL:9650415,Saksantie
54420,54420,0,54420,54420,0,False,SCHEDULED,1631912400,HSL:9641_20210917_La_1_1420,641,HSL:9650415,Saksantie
48480,48480,0,48480,48480,0,False,SCHEDULED,1631912400,HSL:4719K_20210917_La_1_1310,719K,HSL:4940298,Hakunilan uimahalli
51180,51180,0,51180,51180,0,False,SCHEDULED,1631912400,HSL:4719K_20210917_La_1_1355,719K,HSL:4940298,Hakunilan uimahalli
53880,53880,0,53880,53880,0,False,SCHEDULED,1631912400,HSL:4719K_20210917_La_1_1440,719K,HSL:4940298,Hakunilan uimahalli
46680,46680,0,46680,46680,0,False,SCHEDULED,1631912400,HSL:9641_20210917_La_2_1250,641,HSL:9650416,Saksantie
48480,48480,0,48480,48480,0,False,SCHEDULED,1631912400,HSL:9641_20210917_La_2_1320,641,HSL:9650416,Saksantie
50280,50280,0,50280,50280,0,False,SCHEDULED,1631912400,HSL:9641_20210917_La_2_1350,641,HSL:9650416,Saksantie
52080,52080,0,52080,52080,0,False,SCHEDULED,1631912400,HSL:9641_20210917_La_2_1420,641,HSL:9650416,Saksantie
53880,53880,0,53880,53880,0,False,SCHEDULED,1631912400,HSL:9641_20210917_La_2_1450,641,HSL:9650416,Saksantie
47160,47172,12,47160,47173,13,True,UPDATED,1631912400,HSL:9641_20210917_La_1_1220,641,HSL:9650419,Suotie
48960,48960,0,48960,48960,0,False,SCHEDULED,1631912400,HSL:9641_20210917_La_1_1250,641,HSL:9650419,Suotie
50760,50760,0,50760,50760,0,False,SCHEDULED,1631912400,HSL:9641_20210917_La_1_1320,641,HSL:9650419,Suotie
52560,52560,0,52560,52560,0,False,SCHEDULED,1631912400,HSL:9641_20210917_La_1_1350,641,HSL:9650419,Suotie
54360,54360,0,54360,54360,0,False,SCHEDULED,1631912400,HSL:9641_20210917_La_1_1420,641,HSL:9650419,Suotie
46740,46740,0,46740,46740,0,False,SCHEDULED,1631912400,HSL:9641_20210917_La_2_1250,641,HSL:9650420,Suotie
48540,48540,0,48540,48540,0,False,SCHEDULED,1631912400,HSL:9641_20210917_La_2_1320,641,HSL:9650420,Suotie
50340,50340,0,50340,50340,0,False,SCHEDULED,1631912400,HSL:9641_20210917_La_2_1350,641,HSL:9650420,Suotie
52140,52140,0,52140,52140,0,False,SCHEDULED,1631912400,HSL:9641_20210917_La_2_1420,641,HSL:9650420,Suotie
53940,53940,0,53940,53940,0,False,SCHEDULED,1631912400,HSL:9641_20210917_La_2_1450,641,HSL:9650420,Suotie
45540,45695,155,45540,45695,155,True,UPDATED,1631912400,HSL:4736_20210917_La_2_1156,736,HSL:4940293,Kannuskuja
46140,46140,0,46140,46140,0,False,SCHEDULED,1631912400,HSL:2553K_20210917_La_1_1249,553K,HSL:4940293,Kannuskuja
46320,46320,0,46320,46320,0,False,SCHEDULED,1631912400,HSL:4717_20210917_La_2_1230,717,HSL:4940293,Kannuskuja
47280,47280,0,47280,47280,0,False,SCHEDULED,1631912400,HSL:2553K_20210917_La_1_1308,553K,HSL:4940293,Kannuskuja
47340,47380,40,47340,47380,40,True,UPDATED,1631912400,HSL:4587_20210917_La_2_1234,587,HSL:4940293,Kannuskuja
45240,45248,8,45300,45361,61,True,UPDATED,1631912400,HSL:4736_20210917_La_1_1218,736,HSL:4940292,Kaviokuja
45600,45842,242,45600,45842,242,True,UPDATED,1631912400,HSL:2553K_20210917_La_2_1143,553K,HSL:4940292,Kaviokuja
45900,45900,0,45900,45900,0,False,SCHEDULED,1631912400,HSL:4587_20210917_La_1_1234,587,HSL:4940292,Kaviokuja
45960,46056,96,46020,46092,72,True,UPDATED,1631912400,HSL:4717_20210917_La_1_1215,717,HSL:4940292,Kaviokuja
46860,46884,24,46860,46909,49,True,UPDATED,1631912400,HSL:2553K_20210917_La_2_1203,553K,HSL:4940292,Kaviokuja
48480,48480,0,48480,48480,0,False,SCHEDULED,1631912400,HSL:4719K_20210917_La_1_1310,719K,HSL:4940297,Ravurinpuisto
51180,51180,0,51180,51180,0,False,SCHEDULED,1631912400,HSL:4719K_20210917_La_1_1355,719K,HSL:4940297,Ravurinpuisto
53880,53880,0,53880,53880,0,False,SCHEDULED,1631912400,HSL:4719K_20210917_La_1_1440,719K,HSL:4940297,Ravurinpuisto
46560,46560,0,46560,46560,0,False,SCHEDULED,1631912400,HSL:4719_20210917_La_2_1253,719,HSL:4940296,Ravurinpuisto
49140,49140,0,49140,49140,0,False,SCHEDULED,1631912400,HSL:4719_20210917_La_2_1336,719,HSL:4940296,Ravurinpuisto
51840,51840,0,51840,51840,0,False,SCHEDULED,1631912400,HSL:4719_20210917_La_2_1421,719,HSL:4940296,Ravurinpuisto
45480,45635,155,45480,45635,155,True,UPDATED,1631912400,HSL:4736_20210917_La_2_1156,736,HSL:4940295,Suitsikuja
46260,46260,0,46260,46260,0,False,SCHEDULED,1631912400,HSL:4717_20210917_La_2_1230,717,HSL:4940295,Suitsikuja
47340,47380,40,47340,47380,40,True,UPDATED,1631912400,HSL:4587_20210917_La_2_1234,587,HSL:4940295,Suitsikuja
47460,47460,0,47460,47460,0,False,SCHEDULED,1631912400,HSL:4717_20210917_La_2_1250,717,HSL:4940295,Suitsikuja
48660,48660,0,48660,48660,0,False,SCHEDULED,1631912400,HSL:4717_20210917_La_2_1310,717,HSL:4940295,Suitsikuja
45360,45391,31,45360,45391,31,True,UPDATED,1631912400,HSL:4736_20210917_La_1_1218,736,HSL:4940294,Suitsikuja
45960,45960,0,45960,45960,0,False,SCHEDULED,1631912400,HSL:4587_20210917_La_1_1234,587,HSL:4940294,Suitsikuja
46080,46135,55,46080,46140,60,True,UPDATED,1631912400,HSL:4717_20210917_La_1_1215,717,HSL:4940294,Suitsikuja
47280,47280,0,47280,47280,0,False,SCHEDULED,1631912400,HSL:4717_20210917_La_1_1235,717,HSL:4940294,Suitsikuja
48480,48480,0,48480,48480,0,False,SCHEDULED,1631912400,HSL:4717_20210917_La_1_1255,717,HSL:4940294,Suitsikuja
46260,46260,0,46260,46260,0,False,SCHEDULED,1631912400,HSL:2203_20210917_La_2_1247,203,HSL:2116201,Lotankatu
47460,47460,0,47460,47460,0,False,SCHEDULED,1631912400,HSL:2203_20210917_La_2_1307,203,HSL:2116201,Lotankatu
48660,48660,0,48660,48660,0,False,SCHEDULED,1631912400,HSL:2203_20210917_La_2_1327,203,HSL:2116201,Lotankatu
49860,49860,0,49860,49860,0,False,SCHEDULED,1631912400,HSL:2203_20210917_La_2_1347,203,HSL:2116201,Lotankatu
51000,51000,0,51000,51000,0,False,SCHEDULED,1631912400,HSL:2203_20210917_La_2_1407,203,HSL:2116201,Lotankatu
45420,45559,139,45420,45570,150,True,UPDATED,1631912400,HSL:2203_20210917_La_1_1228,203,HSL:2116202,Lotankatu
46620,46620,0,46620,46620,0,False,SCHEDULED,1631912400,HSL:2203_20210917_La_1_1248,203,HSL:2116202,Lotankatu
47820,47820,0,47820,47820,0,False,SCHEDULED,1631912400,HSL:2203_20210917_La_1_1308,203,HSL:2116202,Lotankatu
49020,49020,0,49020,49020,0,False,SCHEDULED,1631912400,HSL:2203_20210917_La_1_1328,203,HSL:2116202,Lotankatu
50280,50280,0,50280,50280,0,False,SCHEDULED,1631912400,HSL:2203_20210917_La_1_1348,203,HSL:2116202,Lotankatu
46200,46200,0,46200,46200,0,False,SCHEDULED,1631912400,HSL:2203_20210917_La_2_1247,203,HSL:2116203,Kanttiinitie
47400,47400,0,47400,47400,0,False,SCHEDULED,1631912400,HSL:2203_20210917_La_2_1307,203,HSL:2116203,Kanttiinitie
48600,48600,0,48600,48600,0,False,SCHEDULED,1631912400,HSL:2203_20210917_La_2_1327,203,HSL:2116203,Kanttiinitie
49800,49800,0,49800,49800,0,False,SCHEDULED,1631912400,HSL:2203_20210917_La_2_1347,203,HSL:2116203,Kanttiinitie
50940,50940,0,50940,50940,0,False,SCHEDULED,1631912400,HSL:2203_20210917_La_2_1407,203,HSL:2116203,Kanttiinitie
45480,45617,137,45480,45624,144,True,UPDATED,1631912400,HSL:2203_20210917_La_1_1228,203,HSL:2116206,Kanttiinitie
46680,46680,0,46680,46680,0,False,SCHEDULED,1631912400,HSL:2203_20210917_La_1_1248,203,HSL:2116206,Kanttiinitie
47880,47880,0,47880,47880,0,False,SCHEDULED,1631912400,HSL:2203_20210917_La_1_1308,203,HSL:2116206,Kanttiinitie
49080,49080,0,49080,49080,0,False,SCHEDULED,1631912400,HSL:2203_20210917_La_1_1328,203,HSL:2116206,Kanttiinitie
50340,50340,0,50340,50340,0,False,SCHEDULED,1631912400,HSL:2203_20210917_La_1_1348,203,HSL:2116206,Kanttiinitie
85320,85320,0,85320,85320,0,False,SCHEDULED,1631912400,HSL:1090A_20210917_La_2_2338,90A,HSL:1546103,Aurinkolahti
87120,87120,0,87120,87120,0,False,SCHEDULED,1631912400,HSL:1090A_20210917_La_2_2408,90A,HSL:1546103,Aurinkolahti
87720,87720,0,87720,87720,0,False,SCHEDULED,1631912400,HSL:1096N_20210917_La_1_2349,96N,HSL:1546103,Aurinkolahti
88860,88860,0,88860,88860,0,False,SCHEDULED,1631912400,HSL:1096N_20210917_La_1_2409,96N,HSL:1546103,Aurinkolahti
90060,90060,0,90060,90060,0,False,SCHEDULED,1631912400,HSL:1096N_20210917_La_1_2429,96N,HSL:1546103,Aurinkolahti
45360,45522,162,45360,45528,168,True,UPDATED,1631912400,HSL:2203_20210917_La_1_1228,203,HSL:2116211,Heikunantie
46560,46560,0,46560,46560,0,False,SCHEDULED,1631912400,HSL:2203_20210917_La_1_1248,203,HSL:2116211,Heikunantie
47760,47760,0,47760,47760,0,False,SCHEDULED,1631912400,HSL:2203_20210917_La_1_1308,203,HSL:2116211,Heikunantie
48960,48960,0,48960,48960,0,False,SCHEDULED,1631912400,HSL:2203_20210917_La_1_1328,203,HSL:2116211,Heikunantie
50220,50220,0,50220,50220,0,False,SCHEDULED,1631912400,HSL:2203_20210917_La_1_1348,203,HSL:2116211,Heikunantie
46320,46320,0,46320,46320,0,False,SCHEDULED,1631912400,HSL:2203_20210917_La_2_1247,203,HSL:2116212,Heikunantie
47520,47520,0,47520,47520,0,False,SCHEDULED,1631912400,HSL:2203_20210917_La_2_1307,203,HSL:2116212,Heikunantie
48720,48720,0,48720,48720,0,False,SCHEDULED,1631912400,HSL:2203_20210917_La_2_1327,203,HSL:2116212,Heikunantie
49920,49920,0,49920,49920,0,False,SCHEDULED,1631912400,HSL:2203_20210917_La_2_1347,203,HSL:2116212,Heikunantie
51060,51060,0,51060,51060,0,False,SCHEDULED,1631912400,HSL:2203_20210917_La_2_1407,203,HSL:2116212,Heikunantie
46260,46260,0,46260,46260,0,False,SCHEDULED,1631912400,HSL:9975_20210917_La_1_1238,975,HSL:9650402,Jukolantien kp.
46440,46440,0,46440,46440,0,False,SCHEDULED,1631912400,HSL:9975_20210917_La_2_1254,975,HSL:9650402,Jukolantien kp.
48060,48060,0,48060,48060,0,False,SCHEDULED,1631912400,HSL:9975_20210917_La_1_1308,975,HSL:9650402,Jukolantien kp.
48240,48240,0,48240,48240,0,False,SCHEDULED,1631912400,HSL:9975_20210917_La_2_1324,975,HSL:9650402,Jukolantien kp.
49860,49860,0,49860,49860,0,False,SCHEDULED,1631912400,HSL:9975_20210917_La_1_1338,975,HSL:9650402,Jukolantien kp.
46140,46140,0,46140,46140,0,False,SCHEDULED,1631912400,HSL:2203_20210917_La_2_1247,203,HSL:2116218,Uusmäki
47340,47340,0,47340,47340,0,False,SCHEDULED,1631912400,HSL:2203_20210917_La_2_1307,203,HSL:2116218,Uusmäki
48540,48540,0,48540,48540,0,False,SCHEDULED,1631912400,HSL:2203_20210917_La_2_1327,203,HSL:2116218,Uusmäki
49740,49740,0,49740,49740,0,False,SCHEDULED,1631912400,HSL:2203_20210917_La_2_1347,203,HSL:2116218,Uusmäki
50880,50880,0,50880,50880,0,False,SCHEDULED,1631912400,HSL:2203_20210917_La_2_1407,203,HSL:2116218,Uusmäki
45420,45335,-85,45420,45372,-48,True,UPDATED,1631912400,HSL:9641_20210917_La_1_1150,641,HSL:9650400,Hirsitienmäki
47220,47223,3,47220,47223,3,True,UPDATED,1631912400,HSL:9641_20210917_La_1_1220,641,HSL:9650400,Hirsitienmäki
49020,49020,0,49020,49020,0,False,SCHEDULED,1631912400,HSL:9641_20210917_La_1_1250,641,HSL:9650400,Hirsitienmäki
50820,50820,0,50820,50820,0,False,SCHEDULED,1631912400,HSL:9641_20210917_La_1_1320,641,HSL:9650400,Hirsitienmäki
52620,52620,0,52620,52620,0,False,SCHEDULED,1631912400,HSL:9641_20210917_La_1_1350,641,HSL:9650400,Hirsitienmäki
46680,46680,0,46680,46680,0,False,SCHEDULED,1631912400,HSL:9641_20210917_La_2_1250,641,HSL:9650401,Hirsitienmäki
48480,48480,0,48480,48480,0,False,SCHEDULED,1631912400,HSL:9641_20210917_La_2_1320,641,HSL:9650401,Hirsitienmäki
50280,50280,0,50280,50280,0,False,SCHEDULED,1631912400,HSL:9641_20210917_La_2_1350,641,HSL:9650401,Hirsitienmäki
52080,52080,0,52080,52080,0,False,SCHEDULED,1631912400,HSL:9641_20210917_La_2_1420,641,HSL:9650401,Hirsitienmäki
53880,53880,0,53880,53880,0,False,SCHEDULED,1631912400,HSL:9641_20210917_La_2_1450,641,HSL:9650401,Hirsitienmäki
48540,48540,0,48540,48540,0,False,SCHEDULED,1631912400,HSL:4433K_20210917_La_2_1320,433K,HSL:4210245,Piispankyläntie
52140,52140,0,52140,52140,0,False,SCHEDULED,1631912400,HSL:4433K_20210917_La_2_1420,433K,HSL:4210245,Piispankyläntie
55740,55740,0,55740,55740,0,False,SCHEDULED,1631912400,HSL:4433K_20210917_La_2_1520,433K,HSL:4210245,Piispankyläntie
59340,59340,0,59340,59340,0,False,SCHEDULED,1631912400,HSL:4433K_20210917_La_2_1620,433K,HSL:4210245,Piispankyläntie
62940,62940,0,62940,62940,0,False,SCHEDULED,1631912400,HSL:4433K_20210917_La_2_1720,433K,HSL:4210245,Piispankyläntie
45660,45761,101,45660,45789,129,True,UPDATED,1631912400,HSL:9641_20210917_La_2_1220,641,HSL:9651701,Hiekkamäki
47460,47460,0,47460,47460,0,False,SCHEDULED,1631912400,HSL:9641_20210917_La_2_1250,641,HSL:9651701,Hiekkamäki
49260,49260,0,49260,49260,0,False,SCHEDULED,1631912400,HSL:9641_20210917_La_2_1320,641,HSL:9651701,Hiekkamäki
51060,51060,0,51060,51060,0,False,SCHEDULED,1631912400,HSL:9641_20210917_La_2_1350,641,HSL:9651701,Hiekkamäki
52860,52860,0,52860,52860,0,False,SCHEDULED,1631912400,HSL:9641_20210917_La_2_1420,641,HSL:9651701,Hiekkamäki
47460,47460,0,47460,47460,0,False,SCHEDULED,1631912400,HSL:4433K_20210917_La_1_1257,433K,HSL:4210237,Kisällintie
51060,51060,0,51060,51060,0,False,SCHEDULED,1631912400,HSL:4433K_20210917_La_1_1357,433K,HSL:4210237,Kisällintie
54660,54660,0,54660,54660,0,False,SCHEDULED,1631912400,HSL:4433K_20210917_La_1_1457,433K,HSL:4210237,Kisällintie
58260,58260,0,58260,58260,0,False,SCHEDULED,1631912400,HSL:4433K_20210917_La_1_1557,433K,HSL:4210237,Kisällintie
61860,61860,0,61860,61860,0,False,SCHEDULED,1631912400,HSL:4433K_20210917_La_1_1657,433K,HSL:4210237,Kisällintie
48720,48720,0,48720,48720,0,False,SCHEDULED,1631912400,HSL:4433K_20210917_La_2_1320,433K,HSL:4210236,Kisällintie
52260,52260,0,52260,52260,0,False,SCHEDULED,1631912400,HSL:4433K_20210917_La_2_1420,433K,HSL:4210236,Kisällintie
55860,55860,0,55860,55860,0,False,SCHEDULED,1631912400,HSL:4433K_20210917_La_2_1520,433K,HSL:4210236,Kisällintie
59460,59460,0,59460,59460,0,False,SCHEDULED,1631912400,HSL:4433K_20210917_La_2_1620,433K,HSL:4210236,Kisällintie
63060,63060,0,63060,63060,0,False,SCHEDULED,1631912400,HSL:4433K_20210917_La_2_1720,433K,HSL:4210236,Kisällintie
47520,47520,0,47520,47520,0,False,SCHEDULED,1631912400,HSL:4433K_20210917_La_1_1257,433K,HSL:4210233,Tikkurilantie
51120,51120,0,51120,51120,0,False,SCHEDULED,1631912400,HSL:4433K_20210917_La_1_1357,433K,HSL:4210233,Tikkurilantie
54720,54720,0,54720,54720,0,False,SCHEDULED,1631912400,HSL:4433K_20210917_La_1_1457,433K,HSL:4210233,Tikkurilantie
58320,58320,0,58320,58320,0,False,SCHEDULED,1631912400,HSL:4433K_20210917_La_1_1557,433K,HSL:4210233,Tikkurilantie
61920,61920,0,61920,61920,0,False,SCHEDULED,1631912400,HSL:4433K_20210917_La_1_1657,433K,HSL:4210233,Tikkurilantie
46320,46253,-67,46320,46257,-63,True,UPDATED,1631912400,HSL:9641_20210917_La_1_1220,641,HSL:9651702,Hiekkamäki
48120,48120,0,48120,48120,0,False,SCHEDULED,1631912400,HSL:9641_20210917_La_1_1250,641,HSL:9651702,Hiekkamäki
49920,49920,0,49920,49920,0,False,SCHEDULED,1631912400,HSL:9641_20210917_La_1_1320,641,HSL:9651702,Hiekkamäki
51720,51720,0,51720,51720,0,False,SCHEDULED,1631912400,HSL:9641_20210917_La_1_1350,641,HSL:9651702,Hiekkamäki
53520,53520,0,53520,53520,0,False,SCHEDULED,1631912400,HSL:9641_20210917_La_1_1420,641,HSL:9651702,Hiekkamäki
48660,48660,0,48660,48660,0,False,SCHEDULED,1631912400,HSL:4433K_20210917_La_2_1320,433K,HSL:4210231,Tikkurilantie
52260,52260,0,52260,52260,0,False,SCHEDULED,1631912400,HSL:4433K_20210917_La_2_1420,433K,HSL:4210231,Tikkurilantie
55860,55860,0,55860,55860,0,False,SCHEDULED,1631912400,HSL:4433K_20210917_La_2_1520,433K,HSL:4210231,Tikkurilantie
59460,59460,0,59460,59460,0,False,SCHEDULED,1631912400,HSL:4433K_20210917_La_2_1620,433K,HSL:4210231,Tikkurilantie
63060,63060,0,63060,63060,0,False,SCHEDULED,1631912400,HSL:4433K_20210917_La_2_1720,433K,HSL:4210231,Tikkurilantie
47520,47520,0,47520,47520,0,False,SCHEDULED,1631912400,HSL:4433K_20210917_La_1_1257,433K,HSL:4210229,Piispankylä
51120,51120,0,51120,51120,0,False,SCHEDULED,1631912400,HSL:4433K_20210917_La_1_1357,433K,HSL:4210229,Piispankylä
54720,54720,0,54720,54720,0,False,SCHEDULED,1631912400,HSL:4433K_20210917_La_1_1457,433K,HSL:4210229,Piispankylä
58320,58320,0,58320,58320,0,False,SCHEDULED,1631912400,HSL:4433K_20210917_La_1_1557,433K,HSL:4210229,Piispankylä
61920,61920,0,61920,61920,0,False,SCHEDULED,1631912400,HSL:4433K_20210917_La_1_1657,433K,HSL:4210229,Piispankylä
48780,48780,0,48780,48780,0,False,SCHEDULED,1631912400,HSL:4433K_20210917_La_2_1320,433K,HSL:4210226,Korpitie
52380,52380,0,52380,52380,0,False,SCHEDULED,1631912400,HSL:4433K_20210917_La_2_1420,433K,HSL:4210226,Korpitie
55980,55980,0,55980,55980,0,False,SCHEDULED,1631912400,HSL:4433K_20210917_La_2_1520,433K,HSL:4210226,Korpitie
59580,59580,0,59580,59580,0,False,SCHEDULED,1631912400,HSL:4433K_20210917_La_2_1620,433K,HSL:4210226,Korpitie
63180,63180,0,63180,63180,0,False,SCHEDULED,1631912400,HSL:4433K_20210917_La_2_1720,433K,HSL:4210226,Korpitie
47340,47340,0,47340,47340,0,False,SCHEDULED,1631912400,HSL:4433K_20210917_La_1_1257,433K,HSL:4210225,Korpitie
50940,50940,0,50940,50940,0,False,SCHEDULED,1631912400,HSL:4433K_20210917_La_1_1357,433K,HSL:4210225,Korpitie
54540,54540,0,54540,54540,0,False,SCHEDULED,1631912400,HSL:4433K_20210917_La_1_1457,433K,HSL:4210225,Korpitie
58140,58140,0,58140,58140,0,False,SCHEDULED,1631912400,HSL:4433K_20210917_La_1_1557,433K,HSL:4210225,Korpitie
61740,61740,0,61740,61740,0,False,SCHEDULED,1631912400,HSL:4433K_20210917_La_1_1657,433K,HSL:4210225,Korpitie
45540,45590,50,45540,45599,59,True,UPDATED,1631912400,HSL:4433K_20210917_La_2_1220,433K,HSL:4210215,Vantaanpuisto
49140,49140,0,49140,49140,0,False,SCHEDULED,1631912400,HSL:4433K_20210917_La_2_1320,433K,HSL:4210215,Vantaanpuisto
52680,52680,0,52680,52680,0,False,SCHEDULED,1631912400,HSL:4433K_20210917_La_2_1420,433K,HSL:4210215,Vantaanpuisto
56280,56280,0,56280,56280,0,False,SCHEDULED,1631912400,HSL:4433K_20210917_La_2_1520,433K,HSL:4210215,Vantaanpuisto
59880,59880,0,59880,59880,0,False,SCHEDULED,1631912400,HSL:4433K_20210917_La_2_1620,433K,HSL:4210215,Vantaanpuisto
45600,45600,0,45600,45600,0,False,SCHEDULED,1631912400,HSL:2531_20210917_La_1_1236,531,HSL:2315215,Nuottaniemi
46080,46080,0,46080,46080,0,False,SCHEDULED,1631912400,HSL:2531B_20210917_La_1_1244,531B,HSL:2315215,Nuottaniemi
46500,46500,0,46500,46500,0,False,SCHEDULED,1631912400,HSL:2531_20210917_La_1_1251,531,HSL:2315215,Nuottaniemi
46980,46980,0,46980,46980,0,False,SCHEDULED,1631912400,HSL:2531B_20210917_La_1_1259,531B,HSL:2315215,Nuottaniemi
47400,47400,0,47400,47400,0,False,SCHEDULED,1631912400,HSL:2531_20210917_La_1_1306,531,HSL:2315215,Nuottaniemi
45300,45395,95,45300,45402,102,True,UPDATED,1631912400,HSL:4560_20210917_La_1_1206,560,HSL:1474189,Kivikontie
45600,45694,94,45600,45709,109,True,UPDATED,1631912400,HSL:1554_20210917_La_1_1233,554,HSL:1474189,Kivikontie
45900,45900,0,45900,45900,0,False,SCHEDULED,1631912400,HSL:4560_20210917_La_1_1216,560,HSL:1474189,Kivikontie
46200,46200,0,46200,46200,0,False,SCHEDULED,1631912400,HSL:4561_20210917_La_1_1243,561,HSL:1474189,Kivikontie
46500,46542,42,46500,46545,45,True,UPDATED,1631912400,HSL:4560_20210917_La_1_1226,560,HSL:1474189,Kivikontie
44880,45341,461,44880,45341,461,True,UPDATED,1631912400,HSL:2200_20210917_La_2_1154,200,HSL:1462106,Talin siirt.puutarha
45240,45353,113,45240,45353,113,True,UPDATED,1631912400,HSL:2550_20210917_La_2_1209,550,HSL:1462106,Talin siirt.puutarha
45480,45563,83,45480,45574,94,True,UPDATED,1631912400,HSL:2200_20210917_La_2_1204,200,HSL:1462106,Talin siirt.puutarha
45900,45900,0,45900,45900,0,False,SCHEDULED,1631912400,HSL:1025_20210917_La_2_1244,25,HSL:1462106,Talin siirt.puutarha
45840,45974,134,45840,46010,170,True,UPDATED,1631912400,HSL:2550_20210917_La_2_1219,550,HSL:1462106,Talin siirt.puutarha
45720,45720,0,45720,45720,0,True,UPDATED,1631912400,HSL:1079_20210917_La_2_1238,79,HSL:1401180,Hannukselanpolku
45720,45739,19,45720,45745,25,True,UPDATED,1631912400,HSL:4611_20210917_La_2_1228,611,HSL:1401180,Hannukselanpolku
46320,46320,0,46320,46320,0,False,SCHEDULED,1631912400,HSL:1079_20210917_La_2_1248,79,HSL:1401180,Hannukselanpolku
46920,46920,0,46920,46920,0,False,SCHEDULED,1631912400,HSL:4611_20210917_La_2_1248,611,HSL:1401180,Hannukselanpolku
46920,46920,0,46920,46920,0,False,SCHEDULED,1631912400,HSL:1079_20210917_La_2_1258,79,HSL:1401180,Hannukselanpolku
45900,45900,0,45900,45900,0,False,SCHEDULED,1631912400,HSL:1019_20210917_La_1_1245,19,HSL:1030701,Kauppatori
46200,46200,0,46200,46200,0,False,SCHEDULED,1631912400,HSL:1019_20210917_La_2_1235,19,HSL:1030701,Kauppatori
46800,46800,0,46800,46800,0,False,SCHEDULED,1631912400,HSL:1019_20210917_La_1_1300,19,HSL:1030701,Kauppatori
47100,47100,0,47100,47100,0,False,SCHEDULED,1631912400,HSL:1019_20210917_La_2_1250,19,HSL:1030701,Kauppatori
47700,47700,0,47700,47700,0,False,SCHEDULED,1631912400,HSL:1019_20210917_La_1_1315,19,HSL:1030701,Kauppatori
45360,45297,-63,45360,45314,-46,True,UPDATED,1631912400,HSL:1008_20210917_La_2_1223,8,HSL:1203401,Crusellinsilta
46080,46080,0,46080,46080,0,True,UPDATED,1631912400,HSL:1008_20210917_La_2_1235,8,HSL:1203401,Crusellinsilta
46800,46800,0,46800,46800,0,False,SCHEDULED,1631912400,HSL:1008_20210917_La_2_1247,8,HSL:1203401,Crusellinsilta
47520,47520,0,47520,47520,0,False,SCHEDULED,1631912400,HSL:1008_20210917_La_2_1259,8,HSL:1203401,Crusellinsilta
48240,48240,0,48240,48240,0,False,SCHEDULED,1631912400,HSL:1008_20210917_La_2_1311,8,HSL:1203401,Crusellinsilta
45960,45960,0,45960,45960,0,False,SCHEDULED,1631912400,HSL:1008_20210917_La_1_1245,8,HSL:1203402,Crusellinsilta
46680,46680,0,46680,46680,0,False,SCHEDULED,1631912400,HSL:1008_20210917_La_1_1257,8,HSL:1203402,Crusellinsilta
47400,47400,0,47400,47400,0,False,SCHEDULED,1631912400,HSL:1008_20210917_La_1_1309,8,HSL:1203402,Crusellinsilta
48120,48120,0,48120,48120,0,False,SCHEDULED,1631912400,HSL:1008_20210917_La_1_1321,8,HSL:1203402,Crusellinsilta
48840,48840,0,48840,48840,0,False,SCHEDULED,1631912400,HSL:1008_20210917_La_1_1333,8,HSL:1203402,Crusellinsilta
45480,45550,70,45480,45580,100,True,UPDATED,1631912400,HSL:3001K_20210917_La_2_1231,K,HSL:4730551,Rekola
46080,46080,0,46080,46080,0,False,SCHEDULED,1631912400,HSL:3001K_20210917_La_2_1241,K,HSL:4730551,Rekola
46680,46680,0,46680,46680,0,False,SCHEDULED,1631912400,HSL:3001K_20210917_La_2_1251,K,HSL:4730551,Rekola
47280,47280,0,47280,47280,0,False,SCHEDULED,1631912400,HSL:3001K_20210917_La_2_1301,K,HSL:4730551,Rekola
47880,47880,0,47880,47880,0,False,SCHEDULED,1631912400,HSL:3001K_20210917_La_2_1311,K,HSL:4730551,Rekola
45420,45335,-85,45420,45386,-34,True,UPDATED,1631912400,HSL:1008_20210917_La_2_1223,8,HSL:1203403,Saukonpaasi
46140,46140,0,46140,46140,0,True,UPDATED,1631912400,HSL:1008_20210917_La_2_1235,8,HSL:1203403,Saukonpaasi
46860,46860,0,46860,46860,0,False,SCHEDULED,1631912400,HSL:1008_20210917_La_2_1247,8,HSL:1203403,Saukonpaasi
47580,47580,0,47580,47580,0,False,SCHEDULED,1631912400,HSL:1008_20210917_La_2_1259,8,HSL:1203403,Saukonpaasi
48300,48300,0,48300,48300,0,False,SCHEDULED,1631912400,HSL:1008_20210917_La_2_1311,8,HSL:1203403,Saukonpaasi
45900,45900,0,45900,45900,0,False,SCHEDULED,1631912400,HSL:1008_20210917_La_1_1245,8,HSL:1203404,Saukonpaasi
46620,46620,0,46620,46620,0,False,SCHEDULED,1631912400,HSL:1008_20210917_La_1_1257,8,HSL:1203404,Saukonpaasi
47340,47340,0,47340,47340,0,False,SCHEDULED,1631912400,HSL:1008_20210917_La_1_1309,8,HSL:1203404,Saukonpaasi
48060,48060,0,48060,48060,0,False,SCHEDULED,1631912400,HSL:1008_20210917_La_1_1321,8,HSL:1203404,Saukonpaasi
48780,48780,0,48780,48780,0,False,SCHEDULED,1631912400,HSL:1008_20210917_La_1_1333,8,HSL:1203404,Saukonpaasi
45240,45413,173,45240,45446,206,True,UPDATED,1631912400,HSL:1007_20210917_La_2_1200,7,HSL:1203405,Huutokonttori
45960,46094,134,45960,46144,184,True,UPDATED,1631912400,HSL:1007_20210917_La_2_1212,7,HSL:1203405,Huutokonttori
46680,46713,33,46680,46744,64,True,UPDATED,1631912400,HSL:1007_20210917_La_2_1224,7,HSL:1203405,Huutokonttori
47400,47400,0,47400,47400,0,True,UPDATED,1631912400,HSL:1007_20210917_La_2_1236,7,HSL:1203405,Huutokonttori
48120,48120,0,48120,48120,0,False,SCHEDULED,1631912400,HSL:1007_20210917_La_2_1248,7,HSL:1203405,Huutokonttori
45900,45900,0,45900,45900,0,False,SCHEDULED,1631912400,HSL:1007_20210917_La_1_1242,7,HSL:1203406,Huutokonttori
46620,46620,0,46620,46620,0,False,SCHEDULED,1631912400,HSL:1007_20210917_La_1_1254,7,HSL:1203406,Huutokonttori
47340,47340,0,47340,47340,0,False,SCHEDULED,1631912400,HSL:1007_20210917_La_1_1306,7,HSL:1203406,Huutokonttori
48060,48060,0,48060,48060,0,False,SCHEDULED,1631912400,HSL:1007_20210917_La_1_1318,7,HSL:1203406,Huutokonttori
48780,48780,0,48780,48780,0,False,SCHEDULED,1631912400,HSL:1007_20210917_La_1_1330,7,HSL:1203406,Huutokonttori
45360,45556,196,45360,45579,219,True,UPDATED,1631912400,HSL:1007_20210917_La_2_1200,7,HSL:1203409,Länsiterm. T1
46080,46198,118,46080,46237,157,True,UPDATED,1631912400,HSL:1007_20210917_La_2_1212,7,HSL:1203409,Länsiterm. T1
46800,46823,23,46800,46842,42,True,UPDATED,1631912400,HSL:1007_20210917_La_2_1224,7,HSL:1203409,Länsiterm. T1
47520,47520,0,47520,47520,0,True,UPDATED,1631912400,HSL:1007_20210917_La_2_1236,7,HSL:1203409,Länsiterm. T1
48240,48240,0,48240,48240,0,False,SCHEDULED,1631912400,HSL:1007_20210917_La_2_1248,7,HSL:1203409,Länsiterm. T1
45540,45674,134,45540,45704,164,True,UPDATED,1631912400,HSL:3002P_20210917_La_1_1218,P,HSL:4170552,Vantaankoski
46140,46236,96,46140,46266,126,True,UPDATED,1631912400,HSL:3002P_20210917_La_1_1228,P,HSL:4170552,Vantaankoski
46740,46740,0,46740,46740,0,False,SCHEDULED,1631912400,HSL:3002P_20210917_La_1_1238,P,HSL:4170552,Vantaankoski
47340,47340,0,47340,47340,0,False,SCHEDULED,1631912400,HSL:3002P_20210917_La_1_1248,P,HSL:4170552,Vantaankoski
47940,47940,0,47940,47940,0,False,SCHEDULED,1631912400,HSL:3002P_20210917_La_1_1258,P,HSL:4170552,Vantaankoski
45480,45603,123,45480,45603,123,True,UPDATED,1631912400,HSL:3002P_20210917_La_1_1218,P,HSL:4170551,Martinlaakso
46080,46165,85,46080,46165,85,True,UPDATED,1631912400,HSL:3002P_20210917_La_1_1228,P,HSL:4170551,Martinlaakso
46680,46680,0,46680,46680,0,False,SCHEDULED,1631912400,HSL:3002P_20210917_La_1_1238,P,HSL:4170551,Martinlaakso
47280,47280,0,47280,47280,0,False,SCHEDULED,1631912400,HSL:3002P_20210917_La_1_1248,P,HSL:4170551,Martinlaakso
47880,47880,0,47880,47880,0,False,SCHEDULED,1631912400,HSL:3002P_20210917_La_1_1258,P,HSL:4170551,Martinlaakso
45780,45780,0,45780,45780,0,False,SCHEDULED,1631912400,HSL:1007_20210917_La_1_1242,7,HSL:1203410,Länsiterm. T1
46500,46500,0,46500,46500,0,False,SCHEDULED,1631912400,HSL:1007_20210917_La_1_1254,7,HSL:1203410,Länsiterm. T1
47220,47220,0,47220,47220,0,False,SCHEDULED,1631912400,HSL:1007_20210917_La_1_1306,7,HSL:1203410,Länsiterm. T1
47940,47940,0,47940,47940,0,False,SCHEDULED,1631912400,HSL:1007_20210917_La_1_1318,7,HSL:1203410,Länsiterm. T1
48660,48660,0,48660,48660,0,False,SCHEDULED,1631912400,HSL:1007_20210917_La_1_1330,7,HSL:1203410,Länsiterm. T1
45720,45713,-7,45720,45713,-7,True,UPDATED,1631912400,HSL:1009_20210917_La_2_1213,9,HSL:1203413,Huutokonttori
46440,46456,16,46440,46456,16,True,UPDATED,1631912400,HSL:1009_20210917_La_2_1225,9,HSL:1203413,Huutokonttori
47160,47160,0,47160,47160,0,False,SCHEDULED,1631912400,HSL:1009_20210917_La_2_1237,9,HSL:1203413,Huutokonttori
47940,47940,0,47940,47940,0,False,SCHEDULED,1631912400,HSL:1009_20210917_La_2_1249,9,HSL:1203413,Huutokonttori
48660,48660,0,48660,48660,0,False,SCHEDULED,1631912400,HSL:1009_20210917_La_2_1301,9,HSL:1203413,Huutokonttori
45780,45780,0,45780,45796,16,True,UPDATED,1631912400,HSL:1009_20210917_La_2_1213,9,HSL:1203415,Välimerenkatu
46500,46525,25,46500,46545,45,True,UPDATED,1631912400,HSL:1009_20210917_La_2_1225,9,HSL:1203415,Välimerenkatu
47220,47220,0,47220,47220,0,False,SCHEDULED,1631912400,HSL:1009_20210917_La_2_1237,9,HSL:1203415,Välimerenkatu
48000,48000,0,48000,48000,0,False,SCHEDULED,1631912400,HSL:1009_20210917_La_2_1249,9,HSL:1203415,Välimerenkatu
48720,48720,0,48720,48720,0,False,SCHEDULED,1631912400,HSL:1009_20210917_La_2_1301,9,HSL:1203415,Välimerenkatu
45420,45632,212,45420,45632,212,True,UPDATED,1631912400,HSL:1007_20210917_La_2_1200,7,HSL:1203416,Länsiterm. T2
45960,45960,0,45960,45960,0,False,SCHEDULED,1631912400,HSL:1009_20210917_La_1_1246,9,HSL:1203416,Länsiterm. T2
46140,46281,141,46140,46281,141,True,UPDATED,1631912400,HSL:1007_20210917_La_2_1212,7,HSL:1203416,Länsiterm. T2
46680,46680,0,46680,46680,0,False,SCHEDULED,1631912400,HSL:1009_20210917_La_1_1258,9,HSL:1203416,Länsiterm. T2
46860,46842,-18,46860,46884,24,True,UPDATED,1631912400,HSL:1007_20210917_La_2_1224,7,HSL:1203416,Länsiterm. T2
45300,45342,42,45300,45342,42,True,UPDATED,1631912400,HSL:1009_20210917_La_2_1201,9,HSL:1203418,Länsiterm. T2
45720,45720,0,45720,45720,0,False,SCHEDULED,1631912400,HSL:1007_20210917_La_1_1242,7,HSL:1203418,Länsiterm. T2
46020,46056,36,46020,46056,36,True,UPDATED,1631912400,HSL:1009_20210917_La_2_1213,9,HSL:1203418,Länsiterm. T2
46440,46440,0,46440,46440,0,False,SCHEDULED,1631912400,HSL:1007_20210917_La_1_1254,7,HSL:1203418,Länsiterm. T2
46740,46885,145,46740,46949,209,True,UPDATED,1631912400,HSL:1009_20210917_La_2_1225,9,HSL:1203418,Länsiterm. T2
81900,81900,0,81900,81900,0,False,SCHEDULED,1631912400,HSL:9633N_20210917_La_2_2233,633N,HSL:9100212,Lahdentie
85500,85500,0,85500,85500,0,False,SCHEDULED,1631912400,HSL:9633N_20210917_La_2_2333,633N,HSL:9100212,Lahdentie
89400,89400,0,89400,89400,0,False,SCHEDULED,1631912400,HSL:9633N_20210917_La_2_2438,633N,HSL:9100212,Lahdentie
93420,93420,0,93420,93420,0,False,SCHEDULED,1631912400,HSL:9633N_20210917_La_2_2546,633N,HSL:9100212,Lahdentie
97020,97020,0,97020,97020,0,False,SCHEDULED,1631912400,HSL:9633N_20210917_La_2_2646,633N,HSL:9100212,Lahdentie
81840,81840,0,81840,81840,0,False,SCHEDULED,1631912400,HSL:9633N_20210917_La_2_2233,633N,HSL:9100211,Keinukallio
85440,85440,0,85440,85440,0,False,SCHEDULED,1631912400,HSL:9633N_20210917_La_2_2333,633N,HSL:9100211,Keinukallio
89340,89340,0,89340,89340,0,False,SCHEDULED,1631912400,HSL:9633N_20210917_La_2_2438,633N,HSL:9100211,Keinukallio
93360,93360,0,93360,93360,0,False,SCHEDULED,1631912400,HSL:9633N_20210917_La_2_2546,633N,HSL:9100211,Keinukallio
96960,96960,0,96960,96960,0,False,SCHEDULED,1631912400,HSL:9633N_20210917_La_2_2646,633N,HSL:9100211,Keinukallio
46440,46440,0,46440,46440,0,False,SCHEDULED,1631912400,HSL:9978_20210917_La_2_1241,978,HSL:9100215,Keinukallio
46980,46980,0,46980,46980,0,False,SCHEDULED,1631912400,HSL:9978_20210917_La_1_1303,978,HSL:9100215,Keinukallio
50100,50100,0,50100,50100,0,False,SCHEDULED,1631912400,HSL:9978_20210917_La_2_1341,978,HSL:9100215,Keinukallio
50580,50580,0,50580,50580,0,False,SCHEDULED,1631912400,HSL:9978_20210917_La_1_1403,978,HSL:9100215,Keinukallio
53700,53700,0,53700,53700,0,False,SCHEDULED,1631912400,HSL:9978_20210917_La_2_1441,978,HSL:9100215,Keinukallio
46920,46920,0,46920,46920,0,False,SCHEDULED,1631912400,HSL:9641_20210917_La_2_1250,641,HSL:9650327,Saviriihi
48540,48540,0,48540,48540,0,False,SCHEDULED,1631912400,HSL:9665K_20210917_La_2_1248,665K,HSL:9650327,Saviriihi
48720,48720,0,48720,48720,0,False,SCHEDULED,1631912400,HSL:9641_20210917_La_2_1320,641,HSL:9650327,Saviriihi
50520,50520,0,50520,50520,0,False,SCHEDULED,1631912400,HSL:9641_20210917_La_2_1350,641,HSL:9650327,Saviriihi
52140,52140,0,52140,52140,0,False,SCHEDULED,1631912400,HSL:9665K_20210917_La_2_1348,665K,HSL:9650327,Saviriihi
46140,46140,0,46140,46140,0,True,UPDATED,1631912400,HSL:9963_20210917_La_2_1236,963,HSL:9650332,Puustellintori
49860,49860,0,49860,49860,0,False,SCHEDULED,1631912400,HSL:9963_20210917_La_2_1338,963,HSL:9650332,Puustellintori
53460,53460,0,53460,53460,0,False,SCHEDULED,1631912400,HSL:9963_20210917_La_2_1438,963,HSL:9650332,Puustellintori
57060,57060,0,57060,57060,0,False,SCHEDULED,1631912400,HSL:9963_20210917_La_2_1538,963,HSL:9650332,Puustellintori
60660,60660,0,60660,60660,0,False,SCHEDULED,1631912400,HSL:9963_20210917_La_2_1638,963,HSL:9650332,Puustellintori
47340,47340,0,47340,47340,0,False,SCHEDULED,1631912400,HSL:9963_20210917_La_1_1300,963,HSL:9650333,Puustellintori
51060,51060,0,51060,51060,0,False,SCHEDULED,1631912400,HSL:9963_20210917_La_1_1402,963,HSL:9650333,Puustellintori
54660,54660,0,54660,54660,0,False,SCHEDULED,1631912400,HSL:9963_20210917_La_1_1502,963,HSL:9650333,Puustellintori
58260,58260,0,58260,58260,0,False,SCHEDULED,1631912400,HSL:9963_20210917_La_1_1602,963,HSL:9650333,Puustellintori
61800,61800,0,61800,61800,0,False,SCHEDULED,1631912400,HSL:9963_20210917_La_1_1702,963,HSL:9650333,Puustellintori
47340,47340,0,47340,47340,0,False,SCHEDULED,1631912400,HSL:9963_20210917_La_1_1300,963,HSL:9650330,Puistometsäntie
51060,51060,0,51060,51060,0,False,SCHEDULED,1631912400,HSL:9963_20210917_La_1_1402,963,HSL:9650330,Puistometsäntie
54660,54660,0,54660,54660,0,False,SCHEDULED,1631912400,HSL:9963_20210917_La_1_1502,963,HSL:9650330,Puistometsäntie
58260,58260,0,58260,58260,0,False,SCHEDULED,1631912400,HSL:9963_20210917_La_1_1602,963,HSL:9650330,Puistometsäntie
61860,61860,0,61860,61860,0,False,SCHEDULED,1631912400,HSL:9963_20210917_La_1_1702,963,HSL:9650330,Puistometsäntie
46140,46140,0,46140,46140,0,True,UPDATED,1631912400,HSL:9963_20210917_La_2_1236,963,HSL:9650334,Patteristontie
49860,49860,0,49860,49860,0,False,SCHEDULED,1631912400,HSL:9963_20210917_La_2_1338,963,HSL:9650334,Patteristontie
53460,53460,0,53460,53460,0,False,SCHEDULED,1631912400,HSL:9963_20210917_La_2_1438,963,HSL:9650334,Patteristontie
57060,57060,0,57060,57060,0,False,SCHEDULED,1631912400,HSL:9963_20210917_La_2_1538,963,HSL:9650334,Patteristontie
60660,60660,0,60660,60660,0,False,SCHEDULED,1631912400,HSL:9963_20210917_La_2_1638,963,HSL:9650334,Patteristontie
47280,47280,0,47280,47280,0,False,SCHEDULED,1631912400,HSL:9963_20210917_La_1_1300,963,HSL:9650335,Patteristontie
51000,51000,0,51000,51000,0,False,SCHEDULED,1631912400,HSL:9963_20210917_La_1_1402,963,HSL:9650335,Patteristontie
54600,54600,0,54600,54600,0,False,SCHEDULED,1631912400,HSL:9963_20210917_La_1_1502,963,HSL:9650335,Patteristontie
58200,58200,0,58200,58200,0,False,SCHEDULED,1631912400,HSL:9963_20210917_La_1_1602,963,HSL:9650335,Patteristontie
61800,61800,0,61800,61800,0,False,SCHEDULED,1631912400,HSL:9963_20210917_La_1_1702,963,HSL:9650335,Patteristontie
45540,45817,277,45540,45829,289,True,UPDATED,1631912400,HSL:1057_20210917_La_2_1207,57,HSL:1474114,Kivijatatie
46140,46549,409,46140,46549,409,True,UPDATED,1631912400,HSL:1057_20210917_La_2_1217,57,HSL:1474114,Kivijatatie
46800,46915,115,46800,46924,124,True,UPDATED,1631912400,HSL:1057_20210917_La_2_1227,57,HSL:1474114,Kivijatatie
47400,47400,0,47400,47400,0,False,SCHEDULED,1631912400,HSL:1057_20210917_La_2_1237,57,HSL:1474114,Kivijatatie
48060,48060,0,48060,48060,0,False,SCHEDULED,1631912400,HSL:1057_20210917_La_2_1247,57,HSL:1474114,Kivijatatie
89940,89940,0,89940,89940,0,False,SCHEDULED,1631912400,HSL:9633N_20210917_La_1_2356,633N,HSL:9100209,Keinukallio
93540,93540,0,93540,93540,0,False,SCHEDULED,1631912400,HSL:9633N_20210917_La_1_2456,633N,HSL:9100209,Keinukallio
97200,97200,0,97200,97200,0,False,SCHEDULED,1631912400,HSL:9633N_20210917_La_1_2558,633N,HSL:9100209,Keinukallio
101040,101040,0,101040,101040,0,False,SCHEDULED,1631912400,HSL:9633N_20210917_La_1_2704,633N,HSL:9100209,Keinukallio
104640,104640,0,104640,104640,0,False,SCHEDULED,1631912400,HSL:9633N_20210917_La_1_2804,633N,HSL:9100209,Keinukallio
89940,89940,0,89940,89940,0,False,SCHEDULED,1631912400,HSL:9633N_20210917_La_1_2356,633N,HSL:9100208,Lahdentie
93540,93540,0,93540,93540,0,False,SCHEDULED,1631912400,HSL:9633N_20210917_La_1_2456,633N,HSL:9100208,Lahdentie
97200,97200,0,97200,97200,0,False,SCHEDULED,1631912400,HSL:9633N_20210917_La_1_2558,633N,HSL:9100208,Lahdentie
101040,101040,0,101040,101040,0,False,SCHEDULED,1631912400,HSL:9633N_20210917_La_1_2704,633N,HSL:9100208,Lahdentie
104640,104640,0,104640,104640,0,False,SCHEDULED,1631912400,HSL:9633N_20210917_La_1_2804,633N,HSL:9100208,Lahdentie
48120,48120,0,48120,48120,0,False,SCHEDULED,1631912400,HSL:9978K_20210917_La_2_1311,978K,HSL:9100200,Keinukalliontie
51720,51720,0,51720,51720,0,False,SCHEDULED,1631912400,HSL:9978K_20210917_La_2_1411,978K,HSL:9100200,Keinukalliontie
57120,57120,0,57120,57120,0,False,SCHEDULED,1631912400,HSL:9978K_20210917_La_2_1541,978K,HSL:9100200,Keinukalliontie
69720,69720,0,69720,69720,0,False,SCHEDULED,1631912400,HSL:9978K_20210917_La_2_1911,978K,HSL:9100200,Keinukalliontie
73320,73320,0,73320,73320,0,False,SCHEDULED,1631912400,HSL:9978K_20210917_La_2_2011,978K,HSL:9100200,Keinukalliontie
45840,45840,0,45840,45840,0,False,SCHEDULED,1631912400,HSL:1057_20210917_La_1_1238,57,HSL:1474127,Kivikontie
46440,46440,0,46440,46440,0,False,SCHEDULED,1631912400,HSL:1057_20210917_La_1_1248,57,HSL:1474127,Kivikontie
47040,47040,0,47040,47040,0,False,SCHEDULED,1631912400,HSL:1057_20210917_La_1_1258,57,HSL:1474127,Kivikontie
47640,47640,0,47640,47640,0,False,SCHEDULED,1631912400,HSL:1057_20210917_La_1_1308,57,HSL:1474127,Kivikontie
48240,48240,0,48240,48240,0,False,SCHEDULED,1631912400,HSL:1057_20210917_La_1_1318,57,HSL:1474127,Kivikontie
45540,45770,230,45540,45779,239,True,UPDATED,1631912400,HSL:1057_20210917_La_2_1207,57,HSL:1474128,Kivikontie
46140,46510,370,46140,46520,380,True,UPDATED,1631912400,HSL:1057_20210917_La_2_1217,57,HSL:1474128,Kivikontie
46800,46868,68,46800,46875,75,True,UPDATED,1631912400,HSL:1057_20210917_La_2_1227,57,HSL:1474128,Kivikontie
47400,47400,0,47400,47400,0,False,SCHEDULED,1631912400,HSL:1057_20210917_La_2_1237,57,HSL:1474128,Kivikontie
48060,48060,0,48060,48060,0,False,SCHEDULED,1631912400,HSL:1057_20210917_La_2_1247,57,HSL:1474128,Kivikontie
45360,45402,42,45360,45446,86,True,UPDATED,1631912400,HSL:4560_20210917_La_1_1206,560,HSL:1474121,Kivikonlaita
45720,45764,44,45720,45770,50,True,UPDATED,1631912400,HSL:1554_20210917_La_1_1233,554,HSL:1474121,Kivikonlaita
45960,45960,0,45960,45960,0,False,SCHEDULED,1631912400,HSL:4560_20210917_La_1_1216,560,HSL:1474121,Kivikonlaita
46320,46320,0,46320,46320,0,False,SCHEDULED,1631912400,HSL:4561_20210917_La_1_1243,561,HSL:1474121,Kivikonlaita
46560,46591,31,46560,46594,34,True,UPDATED,1631912400,HSL:4560_20210917_La_1_1226,560,HSL:1474121,Kivikonlaita
45480,45720,240,45480,45727,247,True,UPDATED,1631912400,HSL:4560_20210917_La_2_1205,560,HSL:1474122,Kivikonlaita
45840,46004,164,45840,46010,170,True,UPDATED,1631912400,HSL:4561_20210917_La_2_1205,561,HSL:1474122,Kivikonlaita
46080,46098,18,46080,46104,24,True,UPDATED,1631912400,HSL:4560_20210917_La_2_1215,560,HSL:1474122,Kivikonlaita
46440,46469,29,46440,46474,34,True,UPDATED,1631912400,HSL:1554_20210917_La_2_1230,554,HSL:1474122,Kivikonlaita
46680,46744,64,46680,46751,71,True,UPDATED,1631912400,HSL:4560_20210917_La_2_1225,560,HSL:1474122,Kivikonlaita
45660,45811,151,45660,45814,154,True,UPDATED,1631912400,HSL:2345N_20210917_La_1_1205,345N,HSL:4120289,Tavastkullantie
46440,46440,0,46440,46440,0,False,SCHEDULED,1631912400,HSL:4311_20210917_La_1_1239,311,HSL:4120289,Tavastkullantie
47820,47820,0,47820,47820,0,False,SCHEDULED,1631912400,HSL:4322_20210917_La_1_1241,322,HSL:4120289,Tavastkullantie
48240,48240,0,48240,48240,0,False,SCHEDULED,1631912400,HSL:4311_20210917_La_1_1309,311,HSL:4120289,Tavastkullantie
49260,49260,0,49260,49260,0,False,SCHEDULED,1631912400,HSL:2345N_20210917_La_1_1305,345N,HSL:4120289,Tavastkullantie
46380,46380,0,46380,46380,0,False,SCHEDULED,1631912400,HSL:4322_20210917_La_2_1242,322,HSL:4120286,Tavastkullantie
46800,46800,0,46800,46800,0,False,SCHEDULED,1631912400,HSL:4311_20210917_La_2_1258,311,HSL:4120286,Tavastkullantie
48540,48540,0,48540,48540,0,False,SCHEDULED,1631912400,HSL:2345N_20210917_La_2_1308,345N,HSL:4120286,Tavastkullantie
48600,48600,0,48600,48600,0,False,SCHEDULED,1631912400,HSL:4311_20210917_La_2_1328,311,HSL:4120286,Tavastkullantie
49980,49980,0,49980,49980,0,False,SCHEDULED,1631912400,HSL:4322_20210917_La_2_1342,322,HSL:4120286,Tavastkullantie
45420,45680,260,45420,45692,272,True,UPDATED,1631912400,HSL:5565_20210917_La_2_1212,565,HSL:4120288,Terhotie
46020,45987,-33,46020,45987,-33,True,UPDATED,1631912400,HSL:2321_20210917_La_2_1229,321,HSL:4120288,Terhotie
46140,46140,0,46140,46140,0,True,UPDATED,1631912400,HSL:4555B_20210917_La_1_1236,555B,HSL:4120288,Terhotie
47280,47280,0,47280,47280,0,False,SCHEDULED,1631912400,HSL:5565_20210917_La_2_1242,565,HSL:4120288,Terhotie
47460,47460,0,47460,47460,0,False,SCHEDULED,1631912400,HSL:2321_20210917_La_2_1253,321,HSL:4120288,Terhotie
46680,46680,0,46680,46680,0,False,SCHEDULED,1631912400,HSL:9665K_20210917_La_1_1256,665K,HSL:9650318,Lepomäki
46860,46928,68,46860,46928,68,True,UPDATED,1631912400,HSL:9641_20210917_La_1_1220,641,HSL:9650318,Lepomäki
48660,48660,0,48660,48660,0,False,SCHEDULED,1631912400,HSL:9641_20210917_La_1_1250,641,HSL:9650318,Lepomäki
50280,50280,0,50280,50280,0,False,SCHEDULED,1631912400,HSL:9665K_20210917_La_1_1356,665K,HSL:9650318,Lepomäki
50460,50460,0,50460,50460,0,False,SCHEDULED,1631912400,HSL:9641_20210917_La_1_1320,641,HSL:9650318,Lepomäki
46980,46980,0,46980,46980,0,False,SCHEDULED,1631912400,HSL:9641_20210917_La_2_1250,641,HSL:9650319,Lepomäki
48600,48600,0,48600,48600,0,False,SCHEDULED,1631912400,HSL:9665K_20210917_La_2_1248,665K,HSL:9650319,Lepomäki
48780,48780,0,48780,48780,0,False,SCHEDULED,1631912400,HSL:9641_20210917_La_2_1320,641,HSL:9650319,Lepomäki
50580,50580,0,50580,50580,0,False,SCHEDULED,1631912400,HSL:9641_20210917_La_2_1350,641,HSL:9650319,Lepomäki
52200,52200,0,52200,52200,0,False,SCHEDULED,1631912400,HSL:9665K_20210917_La_2_1348,665K,HSL:9650319,Lepomäki
46320,46320,0,46320,46320,0,False,SCHEDULED,1631912400,HSL:4322_20210917_La_2_1242,322,HSL:4120294,Maissikuja
46680,46680,0,46680,46680,0,False,SCHEDULED,1631912400,HSL:4311_20210917_La_2_1258,311,HSL:4120294,Maissikuja
48480,48480,0,48480,48480,0,False,SCHEDULED,1631912400,HSL:2345N_20210917_La_2_1308,345N,HSL:4120294,Maissikuja
48480,48480,0,48480,48480,0,False,SCHEDULED,1631912400,HSL:4311_20210917_La_2_1328,311,HSL:4120294,Maissikuja
49920,49920,0,49920,49920,0,False,SCHEDULED,1631912400,HSL:4322_20210917_La_2_1342,322,HSL:4120294,Maissikuja
45720,45843,123,45720,45861,141,True,UPDATED,1631912400,HSL:2345N_20210917_La_1_1205,345N,HSL:4120295,Maissikuja
47880,47880,0,47880,47880,0,False,SCHEDULED,1631912400,HSL:4322_20210917_La_1_1241,322,HSL:4120295,Maissikuja
49320,49320,0,49320,49320,0,False,SCHEDULED,1631912400,HSL:2345N_20210917_La_1_1305,345N,HSL:4120295,Maissikuja
51480,51480,0,51480,51480,0,False,SCHEDULED,1631912400,HSL:4322_20210917_La_1_1341,322,HSL:4120295,Maissikuja
52920,52920,0,52920,52920,0,False,SCHEDULED,1631912400,HSL:2345N_20210917_La_1_1405,345N,HSL:4120295,Maissikuja
46500,46500,0,46500,46500,0,False,SCHEDULED,1631912400,HSL:4311_20210917_La_1_1239,311,HSL:4120296,Maissikuja
48300,48300,0,48300,48300,0,False,SCHEDULED,1631912400,HSL:4311_20210917_La_1_1309,311,HSL:4120296,Maissikuja
50100,50100,0,50100,50100,0,False,SCHEDULED,1631912400,HSL:4311_20210917_La_1_1339,311,HSL:4120296,Maissikuja
51900,51900,0,51900,51900,0,False,SCHEDULED,1631912400,HSL:4311_20210917_La_1_1409,311,HSL:4120296,Maissikuja
53700,53700,0,53700,53700,0,False,SCHEDULED,1631912400,HSL:4311_20210917_La_1_1439,311,HSL:4120296,Maissikuja
46680,46680,0,46680,46680,0,False,SCHEDULED,1631912400,HSL:4311_20210917_La_2_1258,311,HSL:4120297,Maissikuja
48480,48480,0,48480,48480,0,False,SCHEDULED,1631912400,HSL:4311_20210917_La_2_1328,311,HSL:4120297,Maissikuja
50280,50280,0,50280,50280,0,False,SCHEDULED,1631912400,HSL:4311_20210917_La_2_1358,311,HSL:4120297,Maissikuja
52080,52080,0,52080,52080,0,False,SCHEDULED,1631912400,HSL:4311_20210917_La_2_1428,311,HSL:4120297,Maissikuja
53880,53880,0,53880,53880,0,False,SCHEDULED,1631912400,HSL:4311_20210917_La_2_1458,311,HSL:4120297,Maissikuja
45540,45654,114,45540,45665,125,True,UPDATED,1631912400,HSL:2345N_20210917_La_1_1205,345N,HSL:4120298,Kylväjänkuja
46260,46260,0,46260,46260,0,False,SCHEDULED,1631912400,HSL:4311_20210917_La_1_1239,311,HSL:4120298,Kylväjänkuja
47700,47700,0,47700,47700,0,False,SCHEDULED,1631912400,HSL:4322_20210917_La_1_1241,322,HSL:4120298,Kylväjänkuja
48060,48060,0,48060,48060,0,False,SCHEDULED,1631912400,HSL:4311_20210917_La_1_1309,311,HSL:4120298,Kylväjänkuja
49140,49140,0,49140,49140,0,False,SCHEDULED,1631912400,HSL:2345N_20210917_La_1_1305,345N,HSL:4120298,Kylväjänkuja
46500,46500,0,46500,46500,0,False,SCHEDULED,1631912400,HSL:4322_20210917_La_2_1242,322,HSL:4120299,Kylväjänkuja
46980,46980,0,46980,46980,0,False,SCHEDULED,1631912400,HSL:4311_20210917_La_2_1258,311,HSL:4120299,Kylväjänkuja
48660,48660,0,48660,48660,0,False,SCHEDULED,1631912400,HSL:2345N_20210917_La_2_1308,345N,HSL:4120299,Kylväjänkuja
48780,48780,0,48780,48780,0,False,SCHEDULED,1631912400,HSL:4311_20210917_La_2_1328,311,HSL:4120299,Kylväjänkuja
50100,50100,0,50100,50100,0,False,SCHEDULED,1631912400,HSL:4322_20210917_La_2_1342,322,HSL:4120299,Kylväjänkuja
46740,46740,0,46740,46740,0,False,SCHEDULED,1631912400,HSL:9665K_20210917_La_1_1256,665K,HSL:9650321,Mahlamäki
46920,46973,53,46920,46976,56,True,UPDATED,1631912400,HSL:9641_20210917_La_1_1220,641,HSL:9650321,Mahlamäki
48720,48720,0,48720,48720,0,False,SCHEDULED,1631912400,HSL:9641_20210917_La_1_1250,641,HSL:9650321,Mahlamäki
50340,50340,0,50340,50340,0,False,SCHEDULED,1631912400,HSL:9665K_20210917_La_1_1356,665K,HSL:9650321,Mahlamäki
50520,50520,0,50520,50520,0,False,SCHEDULED,1631912400,HSL:9641_20210917_La_1_1320,641,HSL:9650321,Mahlamäki
46920,46920,0,46920,46920,0,False,SCHEDULED,1631912400,HSL:9641_20210917_La_2_1250,641,HSL:9650322,Mahlamäki
48540,48540,0,48540,48540,0,False,SCHEDULED,1631912400,HSL:9665K_20210917_La_2_1248,665K,HSL:9650322,Mahlamäki
48720,48720,0,48720,48720,0,False,SCHEDULED,1631912400,HSL:9641_20210917_La_2_1320,641,HSL:9650322,Mahlamäki
50520,50520,0,50520,50520,0,False,SCHEDULED,1631912400,HSL:9641_20210917_La_2_1350,641,HSL:9650322,Mahlamäki
52140,52140,0,52140,52140,0,False,SCHEDULED,1631912400,HSL:9665K_20210917_La_2_1348,665K,HSL:9650322,Mahlamäki
45780,45730,-50,45780,45730,-50,True,UPDATED,1631912400,HSL:1094A_20210917_La_1_1230,94A,HSL:1474107,Linnoituksentie
45840,46084,244,45840,46098,258,True,UPDATED,1631912400,HSL:1057_20210917_La_2_1207,57,HSL:1474107,Linnoituksentie
46680,46680,0,46680,46680,0,False,SCHEDULED,1631912400,HSL:1094A_20210917_La_1_1245,94A,HSL:1474107,Linnoituksentie
46440,46844,404,46440,46859,419,True,UPDATED,1631912400,HSL:1057_20210917_La_2_1217,57,HSL:1474107,Linnoituksentie
47100,47204,104,47100,47217,117,True,UPDATED,1631912400,HSL:1057_20210917_La_2_1227,57,HSL:1474107,Linnoituksentie
46860,46860,0,46860,46860,0,False,SCHEDULED,1631912400,HSL:9641_20210917_La_2_1250,641,HSL:9650325,Saviriihenportti
48480,48480,0,48480,48480,0,False,SCHEDULED,1631912400,HSL:9665K_20210917_La_2_1248,665K,HSL:9650325,Saviriihenportti
48660,48660,0,48660,48660,0,False,SCHEDULED,1631912400,HSL:9641_20210917_La_2_1320,641,HSL:9650325,Saviriihenportti
50460,50460,0,50460,50460,0,False,SCHEDULED,1631912400,HSL:9641_20210917_La_2_1350,641,HSL:9650325,Saviriihenportti
52080,52080,0,52080,52080,0,False,SCHEDULED,1631912400,HSL:9665K_20210917_La_2_1348,665K,HSL:9650325,Saviriihenportti
46740,46740,0,46740,46740,0,False,SCHEDULED,1631912400,HSL:9665K_20210917_La_1_1256,665K,HSL:9650326,Saviriihi
46920,46977,57,46920,46978,58,True,UPDATED,1631912400,HSL:9641_20210917_La_1_1220,641,HSL:9650326,Saviriihi
48720,48720,0,48720,48720,0,False,SCHEDULED,1631912400,HSL:9641_20210917_La_1_1250,641,HSL:9650326,Saviriihi
50340,50340,0,50340,50340,0,False,SCHEDULED,1631912400,HSL:9665K_20210917_La_1_1356,665K,HSL:9650326,Saviriihi
50520,50520,0,50520,50520,0,False,SCHEDULED,1631912400,HSL:9641_20210917_La_1_1320,641,HSL:9650326,Saviriihi
45600,45600,0,45600,45600,0,False,SCHEDULED,1631912400,HSL:1057_20210917_La_1_1238,57,HSL:1474108,Linnoituksentie
46200,46200,0,46200,46200,0,False,SCHEDULED,1631912400,HSL:1057_20210917_La_1_1248,57,HSL:1474108,Linnoituksentie
46800,46800,0,46800,46800,0,False,SCHEDULED,1631912400,HSL:1057_20210917_La_1_1258,57,HSL:1474108,Linnoituksentie
47400,47400,0,47400,47400,0,False,SCHEDULED,1631912400,HSL:1057_20210917_La_1_1308,57,HSL:1474108,Linnoituksentie
48000,48000,0,48000,48000,0,False,SCHEDULED,1631912400,HSL:1057_20210917_La_1_1318,57,HSL:1474108,Linnoituksentie
45360,45656,296,45360,45664,304,True,UPDATED,1631912400,HSL:5565_20210917_La_2_1212,565,HSL:4120290,Hämeenkyläntie
45960,45950,-10,45960,45950,-10,True,UPDATED,1631912400,HSL:2321_20210917_La_2_1229,321,HSL:4120290,Hämeenkyläntie
46140,46140,0,46140,46140,0,True,UPDATED,1631912400,HSL:4555B_20210917_La_1_1236,555B,HSL:4120290,Hämeenkyläntie
47220,47220,0,47220,47220,0,False,SCHEDULED,1631912400,HSL:5565_20210917_La_2_1242,565,HSL:4120290,Hämeenkyläntie
47400,47400,0,47400,47400,0,False,SCHEDULED,1631912400,HSL:2321_20210917_La_2_1253,321,HSL:4120290,Hämeenkyläntie
46620,46620,0,46620,46620,0,False,SCHEDULED,1631912400,HSL:9665K_20210917_La_1_1256,665K,HSL:9650324,Pitkäniityntie
46860,46926,66,46860,46928,68,True,UPDATED,1631912400,HSL:9641_20210917_La_1_1220,641,HSL:9650324,Pitkäniityntie
48660,48660,0,48660,48660,0,False,SCHEDULED,1631912400,HSL:9641_20210917_La_1_1250,641,HSL:9650324,Pitkäniityntie
50220,50220,0,50220,50220,0,False,SCHEDULED,1631912400,HSL:9665K_20210917_La_1_1356,665K,HSL:9650324,Pitkäniityntie
50460,50460,0,50460,50460,0,False,SCHEDULED,1631912400,HSL:9641_20210917_La_1_1320,641,HSL:9650324,Pitkäniityntie
45000,45315,315,45000,45325,325,True,UPDATED,1631912400,HSL:5565_20210917_La_1_1208,565,HSL:4120291,Terhotie
45900,45900,0,45900,45900,0,False,SCHEDULED,1631912400,HSL:4555B_20210917_La_2_1235,555B,HSL:4120291,Terhotie
46800,46800,0,46800,46800,0,True,UPDATED,1631912400,HSL:5565_20210917_La_1_1238,565,HSL:4120291,Terhotie
46740,46839,99,46740,46845,105,True,UPDATED,1631912400,HSL:2321_20210917_La_1_1229,321,HSL:4120291,Terhotie
47700,47700,0,47700,47700,0,False,SCHEDULED,1631912400,HSL:4555B_20210917_La_2_1305,555B,HSL:4120291,Terhotie
45660,45630,-30,45660,45630,-30,True,UPDATED,1631912400,HSL:1094A_20210917_La_1_1230,94A,HSL:1474103,Järkälekuja
45720,46006,286,45720,46019,299,True,UPDATED,1631912400,HSL:1057_20210917_La_2_1207,57,HSL:1474103,Järkälekuja
46560,46560,0,46560,46560,0,False,SCHEDULED,1631912400,HSL:1094A_20210917_La_1_1245,94A,HSL:1474103,Järkälekuja
46320,46724,404,46320,46733,413,True,UPDATED,1631912400,HSL:1057_20210917_La_2_1217,57,HSL:1474103,Järkälekuja
46980,47098,118,46980,47098,118,True,UPDATED,1631912400,HSL:1057_20210917_La_2_1227,57,HSL:1474103,Järkälekuja
45720,45720,0,45720,45720,0,False,SCHEDULED,1631912400,HSL:1057_20210917_La_1_1238,57,HSL:1474104,Järkälekuja
46320,46320,0,46320,46320,0,False,SCHEDULED,1631912400,HSL:1057_20210917_La_1_1248,57,HSL:1474104,Järkälekuja
46920,46920,0,46920,46920,0,False,SCHEDULED,1631912400,HSL:1057_20210917_La_1_1258,57,HSL:1474104,Järkälekuja
47520,47520,0,47520,47520,0,False,SCHEDULED,1631912400,HSL:1057_20210917_La_1_1308,57,HSL:1474104,Järkälekuja
48120,48120,0,48120,48120,0,False,SCHEDULED,1631912400,HSL:1057_20210917_La_1_1318,57,HSL:1474104,Järkälekuja
45720,45706,-14,45720,45706,-14,True,UPDATED,1631912400,HSL:1094A_20210917_La_1_1230,94A,HSL:1474105,Varustuksentie
45780,46049,269,45780,46064,284,True,UPDATED,1631912400,HSL:1057_20210917_La_2_1207,57,HSL:1474105,Varustuksentie
46620,46620,0,46620,46620,0,False,SCHEDULED,1631912400,HSL:1094A_20210917_La_1_1245,94A,HSL:1474105,Varustuksentie
46380,46784,404,46380,46799,419,True,UPDATED,1631912400,HSL:1057_20210917_La_2_1217,57,HSL:1474105,Varustuksentie
47040,47142,102,47040,47155,115,True,UPDATED,1631912400,HSL:1057_20210917_La_2_1227,57,HSL:1474105,Varustuksentie
45660,45660,0,45660,45660,0,False,SCHEDULED,1631912400,HSL:1057_20210917_La_1_1238,57,HSL:1474106,Varustuksentie
46260,46260,0,46260,46260,0,False,SCHEDULED,1631912400,HSL:1057_20210917_La_1_1248,57,HSL:1474106,Varustuksentie
46860,46860,0,46860,46860,0,False,SCHEDULED,1631912400,HSL:1057_20210917_La_1_1258,57,HSL:1474106,Varustuksentie
47460,47460,0,47460,47460,0,False,SCHEDULED,1631912400,HSL:1057_20210917_La_1_1308,57,HSL:1474106,Varustuksentie
48060,48060,0,48060,48060,0,False,SCHEDULED,1631912400,HSL:1057_20210917_La_1_1318,57,HSL:1474106,Varustuksentie
45600,45600,0,45600,45600,0,True,UPDATED,1631912400,HSL:1094A_20210917_La_1_1230,94A,HSL:1474101,Kurkimäentie
45660,45880,220,45660,45953,293,True,UPDATED,1631912400,HSL:1057_20210917_La_2_1207,57,HSL:1474101,Kurkimäentie
46500,46500,0,46500,46500,0,False,SCHEDULED,1631912400,HSL:1094A_20210917_La_1_1245,94A,HSL:1474101,Kurkimäentie
46260,46660,400,46260,46660,400,True,UPDATED,1631912400,HSL:1057_20210917_La_2_1217,57,HSL:1474101,Kurkimäentie
46920,47037,117,46920,47054,134,True,UPDATED,1631912400,HSL:1057_20210917_La_2_1227,57,HSL:1474101,Kurkimäentie
45300,45330,30,45300,45330,30,True,UPDATED,1631912400,HSL:3001I_20210917_La_1_1156,I,HSL:4170502,Vantaankoski
45900,46007,107,45900,46007,107,True,UPDATED,1631912400,HSL:3001I_20210917_La_1_1206,I,HSL:4170502,Vantaankoski
46500,46522,22,46500,46522,22,True,UPDATED,1631912400,HSL:3001I_20210917_La_1_1216,I,HSL:4170502,Vantaankoski
47100,47159,59,47100,47159,59,True,UPDATED,1631912400,HSL:3001I_20210917_La_1_1226,I,HSL:4170502,Vantaankoski
47700,47700,0,47700,47700,0,False,SCHEDULED,1631912400,HSL:3001I_20210917_La_1_1236,I,HSL:4170502,Vantaankoski
45780,45780,0,45780,45780,0,False,SCHEDULED,1631912400,HSL:1057_20210917_La_1_1238,57,HSL:1474102,Kurkimäentie
46380,46380,0,46380,46380,0,False,SCHEDULED,1631912400,HSL:1057_20210917_La_1_1248,57,HSL:1474102,Kurkimäentie
46980,46980,0,46980,46980,0,False,SCHEDULED,1631912400,HSL:1057_20210917_La_1_1258,57,HSL:1474102,Kurkimäentie
47580,47580,0,47580,47580,0,False,SCHEDULED,1631912400,HSL:1057_20210917_La_1_1308,57,HSL:1474102,Kurkimäentie
48180,48180,0,48180,48180,0,False,SCHEDULED,1631912400,HSL:1057_20210917_La_1_1318,57,HSL:1474102,Kurkimäentie
45360,45396,36,45360,45426,66,True,UPDATED,1631912400,HSL:3001I_20210917_La_1_1156,I,HSL:4170501,Martinlaakso
45960,46073,113,45960,46103,143,True,UPDATED,1631912400,HSL:3001I_20210917_La_1_1206,I,HSL:4170501,Martinlaakso
46560,46588,28,46560,46618,58,True,UPDATED,1631912400,HSL:3001I_20210917_La_1_1216,I,HSL:4170501,Martinlaakso
47160,47225,65,47160,47255,95,True,UPDATED,1631912400,HSL:3001I_20210917_La_1_1226,I,HSL:4170501,Martinlaakso
47760,47760,0,47760,47760,0,False,SCHEDULED,1631912400,HSL:3001I_20210917_La_1_1236,I,HSL:4170501,Martinlaakso
45660,45757,97,45660,45774,114,True,UPDATED,1631912400,HSL:2345N_20210917_La_1_1205,345N,HSL:4120223,Pajarinne
46380,46380,0,46380,46380,0,False,SCHEDULED,1631912400,HSL:4311_20210917_La_1_1239,311,HSL:4120223,Pajarinne
47820,47820,0,47820,47820,0,False,SCHEDULED,1631912400,HSL:4322_20210917_La_1_1241,322,HSL:4120223,Pajarinne
48180,48180,0,48180,48180,0,False,SCHEDULED,1631912400,HSL:4311_20210917_La_1_1309,311,HSL:4120223,Pajarinne
49260,49260,0,49260,49260,0,False,SCHEDULED,1631912400,HSL:2345N_20210917_La_1_1305,345N,HSL:4120223,Pajarinne
45480,45560,80,45480,45577,97,True,UPDATED,1631912400,HSL:1554_20210917_La_1_1213,554,HSL:1401110,Suutarilantie
46680,46743,63,46680,46754,74,True,UPDATED,1631912400,HSL:1554_20210917_La_1_1233,554,HSL:1401110,Suutarilantie
47880,47880,0,47880,47880,0,False,SCHEDULED,1631912400,HSL:1554_20210917_La_1_1253,554,HSL:1401110,Suutarilantie
49080,49080,0,49080,49080,0,False,SCHEDULED,1631912400,HSL:1554_20210917_La_1_1313,554,HSL:1401110,Suutarilantie
50280,50280,0,50280,50280,0,False,SCHEDULED,1631912400,HSL:1554_20210917_La_1_1333,554,HSL:1401110,Suutarilantie
45300,45321,21,45300,45326,26,True,UPDATED,1631912400,HSL:1079_20210917_La_1_1151,79,HSL:1401111,Vaskipellontie
45720,45789,69,45720,45794,74,True,UPDATED,1631912400,HSL:4611_20210917_La_1_1209,611,HSL:1401111,Vaskipellontie
45900,45955,55,45900,45955,55,True,UPDATED,1631912400,HSL:1079_20210917_La_1_1201,79,HSL:1401111,Vaskipellontie
46500,46582,82,46500,46587,87,True,UPDATED,1631912400,HSL:1079_20210917_La_1_1211,79,HSL:1401111,Vaskipellontie
46980,46989,9,46980,46994,14,True,UPDATED,1631912400,HSL:4611_20210917_La_1_1229,611,HSL:1401111,Vaskipellontie
45780,45780,0,45780,45780,0,True,UPDATED,1631912400,HSL:1079_20210917_La_2_1238,79,HSL:1401112,Vaskipellontie
45780,45776,-4,45780,45790,10,True,UPDATED,1631912400,HSL:4611_20210917_La_2_1228,611,HSL:1401112,Vaskipellontie
46380,46380,0,46380,46380,0,False,SCHEDULED,1631912400,HSL:1079_20210917_La_2_1248,79,HSL:1401112,Vaskipellontie
46980,46980,0,46980,46980,0,False,SCHEDULED,1631912400,HSL:4611_20210917_La_2_1248,611,HSL:1401112,Vaskipellontie
46980,46980,0,46980,46980,0,False,SCHEDULED,1631912400,HSL:1079_20210917_La_2_1258,79,HSL:1401112,Vaskipellontie
45780,45837,57,45780,45846,66,True,UPDATED,1631912400,HSL:4611_20210917_La_1_1209,611,HSL:1401113,Hannukselanpolku
47040,47036,-4,47040,47044,4,True,UPDATED,1631912400,HSL:4611_20210917_La_1_1229,611,HSL:1401113,Hannukselanpolku
48240,48240,0,48240,48240,0,False,SCHEDULED,1631912400,HSL:4611_20210917_La_1_1249,611,HSL:1401113,Hannukselanpolku
49440,49440,0,49440,49440,0,False,SCHEDULED,1631912400,HSL:4611_20210917_La_1_1309,611,HSL:1401113,Hannukselanpolku
50640,50640,0,50640,50640,0,False,SCHEDULED,1631912400,HSL:4611_20210917_La_1_1329,611,HSL:1401113,Hannukselanpolku
45540,45560,20,45540,45560,20,True,UPDATED,1631912400,HSL:1040_20210917_La_1_1205,40,HSL:1294201,Pelimannintie 23
46140,46232,92,46140,46232,92,True,UPDATED,1631912400,HSL:1040_20210917_La_1_1215,40,HSL:1294201,Pelimannintie 23
46740,46850,110,46740,46850,110,True,UPDATED,1631912400,HSL:1040_20210917_La_1_1225,40,HSL:1294201,Pelimannintie 23
47340,47340,0,47340,47340,0,True,UPDATED,1631912400,HSL:1040_20210917_La_1_1235,40,HSL:1294201,Pelimannintie 23
47940,47940,0,47940,47940,0,False,SCHEDULED,1631912400,HSL:1040_20210917_La_1_1245,40,HSL:1294201,Pelimannintie 23
45780,45780,0,45780,45780,0,False,SCHEDULED,1631912400,HSL:5565_20210917_La_2_1242,565,HSL:2611243,Espoon asema
45780,45780,0,45780,45780,0,False,SCHEDULED,1631912400,HSL:2246K_20210917_La_1_1242,246K,HSL:2611243,Espoon asema
46860,46860,0,46860,46860,0,False,SCHEDULED,1631912400,HSL:2582_20210917_La_1_1300,582,HSL:2611243,Espoon asema
47580,47580,0,47580,47580,0,False,SCHEDULED,1631912400,HSL:5565_20210917_La_2_1312,565,HSL:2611243,Espoon asema
48660,48660,0,48660,48660,0,False,SCHEDULED,1631912400,HSL:2582_20210917_La_1_1330,582,HSL:2611243,Espoon asema
46440,46440,0,46440,46440,0,False,SCHEDULED,1631912400,HSL:4322_20210917_La_2_1242,322,HSL:4120220,Santamäentie
46860,46860,0,46860,46860,0,False,SCHEDULED,1631912400,HSL:4311_20210917_La_2_1258,311,HSL:4120220,Santamäentie
48600,48600,0,48600,48600,0,False,SCHEDULED,1631912400,HSL:2345N_20210917_La_2_1308,345N,HSL:4120220,Santamäentie
48660,48660,0,48660,48660,0,False,SCHEDULED,1631912400,HSL:4311_20210917_La_2_1328,311,HSL:4120220,Santamäentie
50040,50040,0,50040,50040,0,False,SCHEDULED,1631912400,HSL:4322_20210917_La_2_1342,322,HSL:4120220,Santamäentie
46920,46920,0,46920,46920,0,False,SCHEDULED,1631912400,HSL:4335B_20210917_La_1_1238,335B,HSL:4120221,Uudenkyläntie
47160,47160,0,47160,47160,0,False,SCHEDULED,1631912400,HSL:4332_20210917_La_2_1306,332,HSL:4120221,Uudenkyläntie
47100,47102,2,47100,47177,77,True,UPDATED,1631912400,HSL:4332_20210917_La_1_1217,332,HSL:4120221,Uudenkyläntie
47460,47460,0,47460,47460,0,False,SCHEDULED,1631912400,HSL:4335B_20210917_La_2_1311,335B,HSL:4120221,Uudenkyläntie
50520,50520,0,50520,50520,0,False,SCHEDULED,1631912400,HSL:4335B_20210917_La_1_1338,335B,HSL:4120221,Uudenkyläntie
46380,46380,0,46380,46380,0,False,SCHEDULED,1631912400,HSL:4322_20210917_La_2_1242,322,HSL:4120222,Pajarinne
46800,46800,0,46800,46800,0,False,SCHEDULED,1631912400,HSL:4311_20210917_La_2_1258,311,HSL:4120222,Pajarinne
48540,48540,0,48540,48540,0,False,SCHEDULED,1631912400,HSL:2345N_20210917_La_2_1308,345N,HSL:4120222,Pajarinne
48600,48600,0,48600,48600,0,False,SCHEDULED,1631912400,HSL:4311_20210917_La_2_1328,311,HSL:4120222,Pajarinne
49980,49980,0,49980,49980,0,False,SCHEDULED,1631912400,HSL:4322_20210917_La_2_1342,322,HSL:4120222,Pajarinne
45900,45900,0,45900,45900,0,False,SCHEDULED,1631912400,HSL:2143_20210917_La_2_1241,143,HSL:2412275,Kasavuorenranta
46800,46800,0,46800,46800,0,False,SCHEDULED,1631912400,HSL:2143_20210917_La_2_1256,143,HSL:2412275,Kasavuorenranta
47700,47700,0,47700,47700,0,False,SCHEDULED,1631912400,HSL:2143_20210917_La_2_1311,143,HSL:2412275,Kasavuorenranta
48600,48600,0,48600,48600,0,False,SCHEDULED,1631912400,HSL:2143_20210917_La_2_1326,143,HSL:2412275,Kasavuorenranta
49500,49500,0,49500,49500,0,False,SCHEDULED,1631912400,HSL:2143_20210917_La_2_1341,143,HSL:2412275,Kasavuorenranta
85320,85320,0,85320,85320,0,False,SCHEDULED,1631912400,HSL:1021N_20210917_La_1_2340,21N,HSL:1040117,Simonkatu
87120,87120,0,87120,87120,0,False,SCHEDULED,1631912400,HSL:1021N_20210917_La_1_2410,21N,HSL:1040117,Simonkatu
88920,88920,0,88920,88920,0,False,SCHEDULED,1631912400,HSL:1021N_20210917_La_1_2440,21N,HSL:1040117,Simonkatu
90720,90720,0,90720,90720,0,False,SCHEDULED,1631912400,HSL:1021N_20210917_La_1_2510,21N,HSL:1040117,Simonkatu
92520,92520,0,92520,92520,0,False,SCHEDULED,1631912400,HSL:1021N_20210917_La_1_2540,21N,HSL:1040117,Simonkatu
46020,46016,-4,46020,46016,-4,True,UPDATED,1631912400,HSL:2143_20210917_La_1_1231,143,HSL:2412276,Kasavuorenranta
46920,46920,0,46920,46920,0,False,SCHEDULED,1631912400,HSL:2143_20210917_La_1_1246,143,HSL:2412276,Kasavuorenranta
47820,47820,0,47820,47820,0,False,SCHEDULED,1631912400,HSL:2143_20210917_La_1_1301,143,HSL:2412276,Kasavuorenranta
48720,48720,0,48720,48720,0,False,SCHEDULED,1631912400,HSL:2143_20210917_La_1_1316,143,HSL:2412276,Kasavuorenranta
49620,49620,0,49620,49620,0,False,SCHEDULED,1631912400,HSL:2143_20210917_La_1_1331,143,HSL:2412276,Kasavuorenranta
45240,45362,122,45240,45391,151,True,UPDATED,1631912400,HSL:2245A_20210917_La_2_1204,245A,HSL:2611248,Kirkkopuisto
45480,45509,29,45480,45513,33,True,UPDATED,1631912400,HSL:2531_20210917_La_2_1230,531,HSL:2611248,Kirkkopuisto
45540,45574,34,45540,45578,38,True,UPDATED,1631912400,HSL:2118_20210917_La_2_1226,118,HSL:2611248,Kirkkopuisto
45720,45839,119,45720,45839,119,True,UPDATED,1631912400,HSL:2582_20210917_La_2_1212,582,HSL:2611248,Kirkkopuisto
45900,45900,0,45900,45900,0,False,SCHEDULED,1631912400,HSL:2542_20210917_La_2_1237,542,HSL:2611248,Kirkkopuisto
45300,45201,-99,45360,45360,0,True,UPDATED,1631912400,HSL:2118_20210917_La_1_1202,118,HSL:2611249,Espoon asema
45300,45408,108,45300,45431,131,True,UPDATED,1631912400,HSL:2531_20210917_La_1_1206,531,HSL:2611249,Espoon asema
45840,45871,31,45840,45917,77,True,UPDATED,1631912400,HSL:2542_20210917_La_1_1214,542,HSL:2611249,Espoon asema
46200,46245,45,46200,46286,86,True,UPDATED,1631912400,HSL:2531_20210917_La_1_1221,531,HSL:2611249,Espoon asema
46740,46801,61,46740,46832,92,True,UPDATED,1631912400,HSL:2224_20210917_La_1_1220,224,HSL:2611249,Espoon asema
94440,94440,0,94440,94440,0,False,SCHEDULED,1631912400,HSL:1023N_20210917_La_1_2605,23N,HSL:1040116,Simonkatu
95640,95640,0,95640,95640,0,False,SCHEDULED,1631912400,HSL:1023N_20210917_La_1_2625,23N,HSL:1040116,Simonkatu
96840,96840,0,96840,96840,0,False,SCHEDULED,1631912400,HSL:1023N_20210917_La_1_2645,23N,HSL:1040116,Simonkatu
97980,97980,0,97980,97980,0,False,SCHEDULED,1631912400,HSL:1023N_20210917_La_1_2705,23N,HSL:1040116,Simonkatu
99180,99180,0,99180,99180,0,False,SCHEDULED,1631912400,HSL:1023N_20210917_La_1_2725,23N,HSL:1040116,Simonkatu
45300,45368,68,45300,45376,76,True,UPDATED,1631912400,HSL:1554_20210917_La_1_1213,554,HSL:1401114,Niemitie
45300,45332,32,45300,45418,118,True,UPDATED,1631912400,HSL:4611_20210917_La_1_1209,611,HSL:1401114,Niemitie
46500,46564,64,46500,46570,70,True,UPDATED,1631912400,HSL:1554_20210917_La_1_1233,554,HSL:1401114,Niemitie
46560,46527,-33,46560,46586,26,True,UPDATED,1631912400,HSL:4611_20210917_La_1_1229,611,HSL:1401114,Niemitie
47700,47700,0,47700,47700,0,False,SCHEDULED,1631912400,HSL:1554_20210917_La_1_1253,554,HSL:1401114,Niemitie
45360,45413,53,45360,45421,61,True,UPDATED,1631912400,HSL:1554_20210917_La_1_1213,554,HSL:1401101,Peltokyläntie
45360,45454,94,45360,45462,102,True,UPDATED,1631912400,HSL:4611_20210917_La_1_1209,611,HSL:1401101,Peltokyläntie
46560,46608,48,46560,46615,55,True,UPDATED,1631912400,HSL:1554_20210917_La_1_1233,554,HSL:1401101,Peltokyläntie
46620,46621,1,46620,46629,9,True,UPDATED,1631912400,HSL:4611_20210917_La_1_1229,611,HSL:1401101,Peltokyläntie
47760,47760,0,47760,47760,0,False,SCHEDULED,1631912400,HSL:1554_20210917_La_1_1253,554,HSL:1401101,Peltokyläntie
45540,45526,-14,45540,45538,-2,True,UPDATED,1631912400,HSL:1554_20210917_La_2_1230,554,HSL:1401102,Peltokyläntie
46080,46091,11,46080,46099,19,True,UPDATED,1631912400,HSL:4611_20210917_La_2_1228,611,HSL:1401102,Peltokyläntie
46740,46740,0,46740,46740,0,False,SCHEDULED,1631912400,HSL:1554_20210917_La_2_1250,554,HSL:1401102,Peltokyläntie
47280,47280,0,47280,47280,0,False,SCHEDULED,1631912400,HSL:4611_20210917_La_2_1248,611,HSL:1401102,Peltokyläntie
47940,47940,0,47940,47940,0,False,SCHEDULED,1631912400,HSL:1554_20210917_La_2_1310,554,HSL:1401102,Peltokyläntie
45900,45900,0,45900,45900,0,False,SCHEDULED,1631912400,HSL:1006_20210917_La_2_1242,6,HSL:1240419,Kumpulan kampus
46620,46620,0,46620,46620,0,False,SCHEDULED,1631912400,HSL:1006_20210917_La_2_1254,6,HSL:1240419,Kumpulan kampus
47340,47340,0,47340,47340,0,False,SCHEDULED,1631912400,HSL:1006_20210917_La_2_1306,6,HSL:1240419,Kumpulan kampus
48120,48120,0,48120,48120,0,False,SCHEDULED,1631912400,HSL:1006_20210917_La_2_1319,6,HSL:1240419,Kumpulan kampus
48840,48840,0,48840,48840,0,False,SCHEDULED,1631912400,HSL:1006_20210917_La_2_1331,6,HSL:1240419,Kumpulan kampus
45060,45299,239,45060,45333,273,True,UPDATED,1631912400,HSL:2224_20210917_La_2_1223,224,HSL:2611255,Espoon asema
45840,46008,168,45840,46008,168,True,UPDATED,1631912400,HSL:2134_20210917_La_1_1224,134,HSL:2611255,Espoon asema
45960,45985,25,45960,46039,79,True,UPDATED,1631912400,HSL:2118_20210917_La_2_1226,118,HSL:2611255,Espoon asema
46740,46740,0,46740,46740,0,True,UPDATED,1631912400,HSL:2136_20210917_La_1_1239,136,HSL:2611255,Espoon asema
46800,46800,0,46800,46800,0,False,SCHEDULED,1631912400,HSL:2224_20210917_La_2_1252,224,HSL:2611255,Espoon asema
45960,46037,77,45960,46098,138,True,UPDATED,1631912400,HSL:1006_20210917_La_1_1216,6,HSL:1240418,Kumpulan kampus
46680,46798,118,46680,46820,140,True,UPDATED,1631912400,HSL:1006_20210917_La_1_1228,6,HSL:1240418,Kumpulan kampus
47400,47400,0,47400,47400,0,True,UPDATED,1631912400,HSL:1006_20210917_La_1_1240,6,HSL:1240418,Kumpulan kampus
48120,48120,0,48120,48120,0,False,SCHEDULED,1631912400,HSL:1006_20210917_La_1_1252,6,HSL:1240418,Kumpulan kampus
48840,48840,0,48840,48840,0,False,SCHEDULED,1631912400,HSL:1006_20210917_La_1_1304,6,HSL:1240418,Kumpulan kampus
45900,45952,52,45900,45959,59,True,UPDATED,1631912400,HSL:2118_20210917_La_2_1226,118,HSL:2611256,Samaria
45840,46008,168,45840,46008,168,True,UPDATED,1631912400,HSL:2134_20210917_La_1_1224,134,HSL:2611256,Samaria
46740,46740,0,46740,46740,0,False,SCHEDULED,1631912400,HSL:2224_20210917_La_2_1252,224,HSL:2611256,Samaria
46740,46740,0,46740,46740,0,True,UPDATED,1631912400,HSL:2136_20210917_La_1_1239,136,HSL:2611256,Samaria
47640,47640,0,47640,47640,0,False,SCHEDULED,1631912400,HSL:2134_20210917_La_1_1254,134,HSL:2611256,Samaria
45720,45735,15,45720,45769,49,True,UPDATED,1631912400,HSL:2134_20210917_La_2_1232,134,HSL:2611254,Espoon asema
46620,46620,0,46620,46620,0,False,SCHEDULED,1631912400,HSL:2136_20210917_La_2_1247,136,HSL:2611254,Espoon asema
46620,46671,51,46620,46698,78,True,UPDATED,1631912400,HSL:2224_20210917_La_1_1220,224,HSL:2611254,Espoon asema
46920,46920,0,46920,46920,0,False,SCHEDULED,1631912400,HSL:2118_20210917_La_1_1232,118,HSL:2611254,Espoon asema
47520,47520,0,47520,47520,0,False,SCHEDULED,1631912400,HSL:2134_20210917_La_2_1302,134,HSL:2611254,Espoon asema
45300,45370,70,45300,45384,84,True,UPDATED,1631912400,HSL:2200_20210917_La_2_1234,200,HSL:2611251,Kaivomestarinkatu
45420,45441,21,45420,45443,23,True,UPDATED,1631912400,HSL:2118_20210917_La_1_1202,118,HSL:2611251,Kaivomestarinkatu
45360,45476,116,45360,45517,157,True,UPDATED,1631912400,HSL:2531_20210917_La_1_1206,531,HSL:2611251,Kaivomestarinkatu
45840,45840,0,45840,45840,0,False,SCHEDULED,1631912400,HSL:5565_20210917_La_2_1242,565,HSL:2611251,Kaivomestarinkatu
45840,45840,0,45840,45840,0,False,SCHEDULED,1631912400,HSL:2244_20210917_La_1_1243,244,HSL:2611251,Kaivomestarinkatu
45300,45421,121,45300,45455,155,True,UPDATED,1631912400,HSL:2245A_20210917_La_2_1204,245A,HSL:2611250,Kaivomestarinkatu
45540,45523,-17,45540,45537,-3,True,UPDATED,1631912400,HSL:2200_20210917_La_1_1144,200,HSL:2611250,Kaivomestarinkatu
45540,45572,32,45540,45585,45,True,UPDATED,1631912400,HSL:2531_20210917_La_2_1230,531,HSL:2611250,Kaivomestarinkatu
45660,45663,3,45660,45663,3,True,UPDATED,1631912400,HSL:2118_20210917_La_2_1226,118,HSL:2611250,Kaivomestarinkatu
45840,45920,80,45840,45927,87,True,UPDATED,1631912400,HSL:2582_20210917_La_2_1212,582,HSL:2611250,Kaivomestarinkatu
86700,86700,0,86700,86700,0,False,SCHEDULED,1631912400,HSL:1021N_20210917_La_2_2346,21N,HSL:1040129,Arkadian puisto
88140,88140,0,88140,88140,0,False,SCHEDULED,1631912400,HSL:1021N_20210917_La_2_2410,21N,HSL:1040129,Arkadian puisto
89940,89940,0,89940,89940,0,False,SCHEDULED,1631912400,HSL:1021N_20210917_La_2_2440,21N,HSL:1040129,Arkadian puisto
91740,91740,0,91740,91740,0,False,SCHEDULED,1631912400,HSL:1021N_20210917_La_2_2510,21N,HSL:1040129,Arkadian puisto
93540,93540,0,93540,93540,0,False,SCHEDULED,1631912400,HSL:1021N_20210917_La_2_2540,21N,HSL:1040129,Arkadian puisto
94320,94320,0,94320,94320,0,False,SCHEDULED,1631912400,HSL:1023N_20210917_La_1_2605,23N,HSL:1040125,Kampintori
95520,95520,0,95520,95520,0,False,SCHEDULED,1631912400,HSL:1023N_20210917_La_1_2625,23N,HSL:1040125,Kampintori
96720,96720,0,96720,96720,0,False,SCHEDULED,1631912400,HSL:1023N_20210917_La_1_2645,23N,HSL:1040125,Kampintori
97860,97860,0,97860,97860,0,False,SCHEDULED,1631912400,HSL:1023N_20210917_La_1_2705,23N,HSL:1040125,Kampintori
99060,99060,0,99060,99060,0,False,SCHEDULED,1631912400,HSL:1023N_20210917_La_1_2725,23N,HSL:1040125,Kampintori
45360,45378,18,45360,45378,18,True,UPDATED,1631912400,HSL:1020_20210917_La_2_1203,20,HSL:1040124,Bulevardi
45780,45780,0,45780,45780,0,False,SCHEDULED,1631912400,HSL:1030_20210917_La_2_1151,30,HSL:1040124,Bulevardi
46200,46290,90,46200,46290,90,True,UPDATED,1631912400,HSL:1020_20210917_La_2_1217,20,HSL:1040124,Bulevardi
46680,46942,262,46680,46942,262,True,UPDATED,1631912400,HSL:1030_20210917_La_2_1206,30,HSL:1040124,Bulevardi
47100,47140,40,47100,47140,40,True,UPDATED,1631912400,HSL:1020_20210917_La_2_1232,20,HSL:1040124,Bulevardi
45540,45673,133,45540,45678,138,True,UPDATED,1631912400,HSL:2145_20210917_La_1_1222,145,HSL:2412281,Vesiniitty
47340,47340,0,47340,47340,0,False,SCHEDULED,1631912400,HSL:2145_20210917_La_1_1252,145,HSL:2412281,Vesiniitty
49140,49140,0,49140,49140,0,False,SCHEDULED,1631912400,HSL:2145_20210917_La_1_1322,145,HSL:2412281,Vesiniitty
50940,50940,0,50940,50940,0,False,SCHEDULED,1631912400,HSL:2145_20210917_La_1_1352,145,HSL:2412281,Vesiniitty
52740,52740,0,52740,52740,0,False,SCHEDULED,1631912400,HSL:2145_20210917_La_1_1422,145,HSL:2412281,Vesiniitty
45480,45516,36,45480,45516,36,True,UPDATED,1631912400,HSL:2118_20210917_La_1_1202,118,HSL:2611257,Kirkkopuisto
45420,45554,134,45420,45557,137,True,UPDATED,1631912400,HSL:2531_20210917_La_1_1206,531,HSL:2611257,Kirkkopuisto
45900,45900,0,45900,45900,0,False,SCHEDULED,1631912400,HSL:5565_20210917_La_2_1242,565,HSL:2611257,Kirkkopuisto
45960,45960,0,45960,45960,0,False,SCHEDULED,1631912400,HSL:2244_20210917_La_1_1243,244,HSL:2611257,Kirkkopuisto
45960,45960,0,45960,45960,0,False,SCHEDULED,1631912400,HSL:2246K_20210917_La_1_1242,246K,HSL:2611257,Kirkkopuisto
85380,85380,0,85380,85380,0,False,SCHEDULED,1631912400,HSL:1021N_20210917_La_1_2340,21N,HSL:1040127,Kampintori
87180,87180,0,87180,87180,0,False,SCHEDULED,1631912400,HSL:1021N_20210917_La_1_2410,21N,HSL:1040127,Kampintori
88980,88980,0,88980,88980,0,False,SCHEDULED,1631912400,HSL:1021N_20210917_La_1_2440,21N,HSL:1040127,Kampintori
90780,90780,0,90780,90780,0,False,SCHEDULED,1631912400,HSL:1021N_20210917_La_1_2510,21N,HSL:1040127,Kampintori
92580,92580,0,92580,92580,0,False,SCHEDULED,1631912400,HSL:1021N_20210917_La_1_2540,21N,HSL:1040127,Kampintori
45780,45780,0,45780,45780,0,False,SCHEDULED,1631912400,HSL:2244_20210917_La_1_1243,244,HSL:2611258,Espoon asema
45840,45840,0,45840,45840,0,False,SCHEDULED,1631912400,HSL:2200_20210917_La_2_1244,200,HSL:2611258,Espoon asema
46440,46440,0,46440,46440,0,False,SCHEDULED,1631912400,HSL:2200_20210917_La_2_1254,200,HSL:2611258,Espoon asema
46560,46560,0,46560,46560,0,False,SCHEDULED,1631912400,HSL:2245A_20210917_La_1_1256,245A,HSL:2611258,Espoon asema
47040,47040,0,47040,47040,0,False,SCHEDULED,1631912400,HSL:2200_20210917_La_2_1304,200,HSL:2611258,Espoon asema
45300,45318,18,45300,45318,18,True,UPDATED,1631912400,HSL:1020_20210917_La_2_1203,20,HSL:1040126,Lapinlahden puist.
45720,45720,0,45720,45720,0,False,SCHEDULED,1631912400,HSL:1030_20210917_La_2_1151,30,HSL:1040126,Lapinlahden puist.
46140,46230,90,46140,46230,90,True,UPDATED,1631912400,HSL:1020_20210917_La_2_1217,20,HSL:1040126,Lapinlahden puist.
46620,46882,262,46620,46882,262,True,UPDATED,1631912400,HSL:1030_20210917_La_2_1206,30,HSL:1040126,Lapinlahden puist.
47040,47080,40,47040,47080,40,True,UPDATED,1631912400,HSL:1020_20210917_La_2_1232,20,HSL:1040126,Lapinlahden puist.
45420,45493,73,45420,45501,81,True,UPDATED,1631912400,HSL:1554_20210917_La_1_1213,554,HSL:1401103,Kytöpolku
45480,45528,48,45480,45536,56,True,UPDATED,1631912400,HSL:4611_20210917_La_1_1209,611,HSL:1401103,Kytöpolku
45600,45648,48,45600,45648,48,True,UPDATED,1631912400,HSL:1079_20210917_La_1_1201,79,HSL:1401103,Kytöpolku
45900,45835,-65,45900,45857,-43,True,UPDATED,1631912400,HSL:1061_20210917_La_1_1203,61,HSL:1401103,Kytöpolku
46200,46259,59,46200,46268,68,True,UPDATED,1631912400,HSL:1079_20210917_La_1_1211,79,HSL:1401103,Kytöpolku
45420,45440,20,45420,45450,30,True,UPDATED,1631912400,HSL:1554_20210917_La_2_1230,554,HSL:1401104,Kytöpolku
45480,45556,76,45480,45568,88,True,UPDATED,1631912400,HSL:1079_20210917_La_2_1228,79,HSL:1401104,Kytöpolku
46020,46044,24,46020,46057,37,True,UPDATED,1631912400,HSL:4611_20210917_La_2_1228,611,HSL:1401104,Kytöpolku
46080,46080,0,46080,46080,0,True,UPDATED,1631912400,HSL:1079_20210917_La_2_1238,79,HSL:1401104,Kytöpolku
46320,46320,0,46320,46320,0,False,SCHEDULED,1631912400,HSL:1061_20210917_La_2_1251,61,HSL:1401104,Kytöpolku
45540,45602,62,45540,45614,74,True,UPDATED,1631912400,HSL:4611_20210917_La_1_1209,611,HSL:1401105,Siltamäen ostosk.
45660,45707,47,45660,45715,55,True,UPDATED,1631912400,HSL:1079_20210917_La_1_1201,79,HSL:1401105,Siltamäen ostosk.
45960,45907,-53,45960,45935,-25,True,UPDATED,1631912400,HSL:1061_20210917_La_1_1203,61,HSL:1401105,Siltamäen ostosk.
46260,46269,9,46260,46300,40,True,UPDATED,1631912400,HSL:1079_20210917_La_1_1211,79,HSL:1401105,Siltamäen ostosk.
46800,46775,-25,46800,46788,-12,True,UPDATED,1631912400,HSL:4611_20210917_La_1_1229,611,HSL:1401105,Siltamäen ostosk.
45360,45353,-7,45360,45353,-7,True,UPDATED,1631912400,HSL:1020_20210917_La_1_1230,20,HSL:1040123,Bulevardi
45780,45780,0,45780,45780,0,True,UPDATED,1631912400,HSL:1030_20210917_La_1_1237,30,HSL:1040123,Bulevardi
46260,46260,0,46260,46260,0,False,SCHEDULED,1631912400,HSL:1020_20210917_La_1_1245,20,HSL:1040123,Bulevardi
46680,46680,0,46680,46680,0,False,SCHEDULED,1631912400,HSL:1030_20210917_La_1_1252,30,HSL:1040123,Bulevardi
47160,47160,0,47160,47160,0,False,SCHEDULED,1631912400,HSL:1020_20210917_La_1_1300,20,HSL:1040123,Bulevardi
45600,45649,49,45600,45653,53,True,UPDATED,1631912400,HSL:4611_20210917_La_1_1209,611,HSL:1401106,Siltamäki
45720,45746,26,45720,45759,39,True,UPDATED,1631912400,HSL:1079_20210917_La_1_1201,79,HSL:1401106,Siltamäki
46320,46349,29,46320,46353,33,True,UPDATED,1631912400,HSL:1079_20210917_La_1_1211,79,HSL:1401106,Siltamäki
46860,46823,-37,46860,46827,-33,True,UPDATED,1631912400,HSL:4611_20210917_La_1_1229,611,HSL:1401106,Siltamäki
46920,46948,28,46920,46953,33,True,UPDATED,1631912400,HSL:1079_20210917_La_1_1221,79,HSL:1401106,Siltamäki
45360,45469,109,45420,45497,77,True,UPDATED,1631912400,HSL:1079_20210917_La_2_1228,79,HSL:1401107,Siltamäen ostosk.
45900,45959,59,45960,45979,19,True,UPDATED,1631912400,HSL:4611_20210917_La_2_1228,611,HSL:1401107,Siltamäen ostosk.
45960,45960,0,46020,46020,0,True,UPDATED,1631912400,HSL:1079_20210917_La_2_1238,79,HSL:1401107,Siltamäen ostosk.
46260,46260,0,46260,46260,0,False,SCHEDULED,1631912400,HSL:1061_20210917_La_2_1251,61,HSL:1401107,Siltamäen ostosk.
46560,46560,0,46620,46620,0,False,SCHEDULED,1631912400,HSL:1079_20210917_La_2_1248,79,HSL:1401107,Siltamäen ostosk.
45360,45362,2,45360,45387,27,True,UPDATED,1631912400,HSL:1554_20210917_La_2_1230,554,HSL:1401109,Suutarilantie
46560,46560,0,46560,46560,0,False,SCHEDULED,1631912400,HSL:1554_20210917_La_2_1250,554,HSL:1401109,Suutarilantie
47760,47760,0,47760,47760,0,False,SCHEDULED,1631912400,HSL:1554_20210917_La_2_1310,554,HSL:1401109,Suutarilantie
48960,48960,0,48960,48960,0,False,SCHEDULED,1631912400,HSL:1554_20210917_La_2_1330,554,HSL:1401109,Suutarilantie
50160,50160,0,50160,50160,0,False,SCHEDULED,1631912400,HSL:1554_20210917_La_2_1350,554,HSL:1401109,Suutarilantie
77400,77400,0,77400,77400,0,False,SCHEDULED,1631912400,HSL:1001H5_20210917_La_2_2116,1H,HSL:1240400,Kumpulan kampus
78060,78060,0,78060,78060,0,False,SCHEDULED,1631912400,HSL:1001H5_20210917_La_2_2127,1H,HSL:1240400,Kumpulan kampus
78720,78720,0,78720,78720,0,False,SCHEDULED,1631912400,HSL:1001H5_20210917_La_2_2138,1H,HSL:1240400,Kumpulan kampus
78720,78720,0,78720,78720,0,False,SCHEDULED,1631912400,HSL:1001H6_20210917_La_1_2120,1H,HSL:1240400,Kumpulan kampus
79440,79440,0,79440,79440,0,False,SCHEDULED,1631912400,HSL:1001H5_20210917_La_2_2150,1H,HSL:1240400,Kumpulan kampus
46020,45949,-71,46020,46056,36,True,UPDATED,1631912400,HSL:1061_20210917_La_1_1203,61,HSL:1401130,Siltamäki
46260,46260,0,46260,46260,0,False,SCHEDULED,1631912400,HSL:1061_20210917_La_2_1251,61,HSL:1401130,Siltamäki
47220,47162,-58,47220,47266,46,True,UPDATED,1631912400,HSL:1061_20210917_La_1_1222,61,HSL:1401130,Siltamäki
47460,47460,0,47460,47460,0,False,SCHEDULED,1631912400,HSL:1061_20210917_La_2_1311,61,HSL:1401130,Siltamäki
48420,48420,0,48420,48420,0,False,SCHEDULED,1631912400,HSL:1061_20210917_La_1_1242,61,HSL:1401130,Siltamäki
45960,45970,10,45960,45979,19,True,UPDATED,1631912400,HSL:1069_20210917_La_1_1143,69,HSL:1413119,Hevosmiehenkatu
46140,46111,-29,46140,46117,-23,True,UPDATED,1631912400,HSL:1077_20210917_La_1_1220,77,HSL:1413119,Hevosmiehenkatu
47160,47204,44,47160,47204,44,True,UPDATED,1631912400,HSL:1069_20210917_La_1_1203,69,HSL:1413119,Hevosmiehenkatu
47340,47340,0,47340,47340,0,False,SCHEDULED,1631912400,HSL:1077_20210917_La_1_1240,77,HSL:1413119,Hevosmiehenkatu
48360,48532,172,48360,48537,177,True,UPDATED,1631912400,HSL:1069_20210917_La_1_1222,69,HSL:1413119,Hevosmiehenkatu
45600,45653,53,45600,45653,53,True,UPDATED,1631912400,HSL:4611_20210917_La_1_1209,611,HSL:1401131,Kiertotähdenkuja
45780,45831,51,45780,45831,51,True,UPDATED,1631912400,HSL:1079_20210917_La_1_1201,79,HSL:1401131,Kiertotähdenkuja
46380,46449,69,46380,46451,71,True,UPDATED,1631912400,HSL:1079_20210917_La_1_1211,79,HSL:1401131,Kiertotähdenkuja
46860,46827,-33,46860,46827,-33,True,UPDATED,1631912400,HSL:4611_20210917_La_1_1229,611,HSL:1401131,Kiertotähdenkuja
46980,47042,62,46980,47045,65,True,UPDATED,1631912400,HSL:1079_20210917_La_1_1221,79,HSL:1401131,Kiertotähdenkuja
45960,45960,0,45960,45960,0,False,SCHEDULED,1631912400,HSL:1077_20210917_La_2_1241,77,HSL:1413118,Hevosmiehenkatu
46260,46260,0,46260,46260,0,False,SCHEDULED,1631912400,HSL:1069_20210917_La_2_1241,69,HSL:1413118,Hevosmiehenkatu
47160,47160,0,47160,47160,0,False,SCHEDULED,1631912400,HSL:1077_20210917_La_2_1301,77,HSL:1413118,Hevosmiehenkatu
47460,47460,0,47460,47460,0,False,SCHEDULED,1631912400,HSL:1069_20210917_La_2_1301,69,HSL:1413118,Hevosmiehenkatu
48360,48360,0,48360,48360,0,False,SCHEDULED,1631912400,HSL:1077_20210917_La_2_1321,77,HSL:1413118,Hevosmiehenkatu
45300,45427,127,45300,45439,139,True,UPDATED,1631912400,HSL:1079_20210917_La_2_1228,79,HSL:1401132,Siltamäki
45900,45900,0,45900,45900,0,True,UPDATED,1631912400,HSL:1079_20210917_La_2_1238,79,HSL:1401132,Siltamäki
45900,45900,0,45900,45927,27,True,UPDATED,1631912400,HSL:4611_20210917_La_2_1228,611,HSL:1401132,Siltamäki
46260,46260,0,46260,46260,0,False,SCHEDULED,1631912400,HSL:1061_20210917_La_2_1251,61,HSL:1401132,Siltamäki
46500,46500,0,46500,46500,0,False,SCHEDULED,1631912400,HSL:1079_20210917_La_2_1248,79,HSL:1401132,Siltamäki
45900,45900,0,45900,45900,0,False,SCHEDULED,1631912400,HSL:1077_20210917_La_2_1241,77,HSL:1413117,Suurmetsäntie
46200,46200,0,46200,46200,0,False,SCHEDULED,1631912400,HSL:1069_20210917_La_2_1241,69,HSL:1413117,Suurmetsäntie
47100,47100,0,47100,47100,0,False,SCHEDULED,1631912400,HSL:1077_20210917_La_2_1301,77,HSL:1413117,Suurmetsäntie
47400,47400,0,47400,47400,0,False,SCHEDULED,1631912400,HSL:1069_20210917_La_2_1301,69,HSL:1413117,Suurmetsäntie
48300,48300,0,48300,48300,0,False,SCHEDULED,1631912400,HSL:1077_20210917_La_2_1321,77,HSL:1413117,Suurmetsäntie
45300,45398,98,45300,45403,103,True,UPDATED,1631912400,HSL:1079_20210917_La_2_1228,79,HSL:1401133,Kiertotähdenkuja
45840,45884,44,45840,45890,50,True,UPDATED,1631912400,HSL:4611_20210917_La_2_1228,611,HSL:1401133,Kiertotähdenkuja
45900,45900,0,45900,45900,0,True,UPDATED,1631912400,HSL:1079_20210917_La_2_1238,79,HSL:1401133,Kiertotähdenkuja
46500,46500,0,46500,46500,0,False,SCHEDULED,1631912400,HSL:1079_20210917_La_2_1248,79,HSL:1401133,Kiertotähdenkuja
47040,47040,0,47040,47040,0,False,SCHEDULED,1631912400,HSL:4611_20210917_La_2_1248,611,HSL:1401133,Kiertotähdenkuja
45660,45694,34,45660,45696,36,True,UPDATED,1631912400,HSL:4611_20210917_La_1_1209,611,HSL:1401134,Häräntie
45780,45831,51,45780,45831,51,True,UPDATED,1631912400,HSL:1079_20210917_La_1_1201,79,HSL:1401134,Häräntie
46380,46451,71,46380,46451,71,True,UPDATED,1631912400,HSL:1079_20210917_La_1_1211,79,HSL:1401134,Häräntie
46920,46870,-50,46920,46873,-47,True,UPDATED,1631912400,HSL:4611_20210917_La_1_1229,611,HSL:1401134,Häräntie
46980,47045,65,46980,47045,65,True,UPDATED,1631912400,HSL:1079_20210917_La_1_1221,79,HSL:1401134,Häräntie
46080,46072,-8,46080,46078,-2,True,UPDATED,1631912400,HSL:1069_20210917_La_1_1143,69,HSL:1413116,Suurmetsäntie
46260,46173,-87,46260,46179,-81,True,UPDATED,1631912400,HSL:1077_20210917_La_1_1220,77,HSL:1413116,Suurmetsäntie
47280,47324,44,47280,47324,44,True,UPDATED,1631912400,HSL:1069_20210917_La_1_1203,69,HSL:1413116,Suurmetsäntie
47460,47460,0,47460,47460,0,False,SCHEDULED,1631912400,HSL:1077_20210917_La_1_1240,77,HSL:1413116,Suurmetsäntie
48480,48627,147,48480,48641,161,True,UPDATED,1631912400,HSL:1069_20210917_La_1_1222,69,HSL:1413116,Suurmetsäntie
45960,45960,0,45960,45960,0,False,SCHEDULED,1631912400,HSL:1077_20210917_La_2_1241,77,HSL:1413115,Tattarisuontie
46260,46260,0,46260,46260,0,False,SCHEDULED,1631912400,HSL:1069_20210917_La_2_1241,69,HSL:1413115,Tattarisuontie
47160,47160,0,47160,47160,0,False,SCHEDULED,1631912400,HSL:1077_20210917_La_2_1301,77,HSL:1413115,Tattarisuontie
47460,47460,0,47460,47460,0,False,SCHEDULED,1631912400,HSL:1069_20210917_La_2_1301,69,HSL:1413115,Tattarisuontie
48360,48360,0,48360,48360,0,False,SCHEDULED,1631912400,HSL:1077_20210917_La_2_1321,77,HSL:1413115,Tattarisuontie
45240,45353,113,45240,45358,118,True,UPDATED,1631912400,HSL:1079_20210917_La_2_1228,79,HSL:1401135,Häräntie
45780,45825,45,45780,45829,49,True,UPDATED,1631912400,HSL:4611_20210917_La_2_1228,611,HSL:1401135,Häräntie
45840,45840,0,45840,45840,0,True,UPDATED,1631912400,HSL:1079_20210917_La_2_1238,79,HSL:1401135,Häräntie
46440,46440,0,46440,46440,0,False,SCHEDULED,1631912400,HSL:1079_20210917_La_2_1248,79,HSL:1401135,Häräntie
46980,46980,0,46980,46980,0,False,SCHEDULED,1631912400,HSL:4611_20210917_La_2_1248,611,HSL:1401135,Häräntie
45660,45660,0,45660,45660,0,False,SCHEDULED,1631912400,HSL:3002E_20210917_La_2_1235,E,HSL:2612551,Tuomarila
46500,46500,0,46500,46500,0,False,SCHEDULED,1631912400,HSL:3002U_20210917_La_2_1237,U,HSL:2612551,Tuomarila
47460,47460,0,47460,47460,0,False,SCHEDULED,1631912400,HSL:3002E_20210917_La_2_1305,E,HSL:2612551,Tuomarila
48300,48300,0,48300,48300,0,False,SCHEDULED,1631912400,HSL:3002U_20210917_La_2_1307,U,HSL:2612551,Tuomarila
49260,49260,0,49260,49260,0,False,SCHEDULED,1631912400,HSL:3002E_20210917_La_2_1335,E,HSL:2612551,Tuomarila
20400,20400,0,20400,20400,0,False,SCHEDULED,1631998800,HSL:1007 5_20210917_Su_1_0540,7,HSL:1240403,Sumatrantie
20760,20760,0,20760,20760,0,False,SCHEDULED,1631998800,HSL:1009 6_20210917_Su_2_0546,9,HSL:1240403,Sumatrantie
21060,21060,0,21060,21060,0,False,SCHEDULED,1631998800,HSL:1007 6_20210917_Su_2_0551,7,HSL:1240403,Sumatrantie
21300,21300,0,21300,21300,0,False,SCHEDULED,1631998800,HSL:1007 5_20210917_Su_1_0555,7,HSL:1240403,Sumatrantie
21660,21660,0,21660,21660,0,False,SCHEDULED,1631998800,HSL:1009 6_20210917_Su_2_0601,9,HSL:1240403,Sumatrantie
77460,77460,0,77460,77460,0,False,SCHEDULED,1631912400,HSL:1001H5_20210917_La_2_2116,1H,HSL:1240402,Sumatrantie
78120,78120,0,78120,78120,0,False,SCHEDULED,1631912400,HSL:1001H5_20210917_La_2_2127,1H,HSL:1240402,Sumatrantie
78780,78780,0,78780,78780,0,False,SCHEDULED,1631912400,HSL:1001H5_20210917_La_2_2138,1H,HSL:1240402,Sumatrantie
78780,78780,0,78780,78780,0,False,SCHEDULED,1631912400,HSL:1001H6_20210917_La_1_2120,1H,HSL:1240402,Sumatrantie
79500,79500,0,79500,79500,0,False,SCHEDULED,1631912400,HSL:1001H5_20210917_La_2_2150,1H,HSL:1240402,Sumatrantie
83580,83580,0,83580,83580,0,False,SCHEDULED,1631912400,HSL:2147N_20210917_La_2_2304,147N,HSL:2412259,Ala-Soukka
84720,84720,0,84720,84720,0,False,SCHEDULED,1631912400,HSL:2147N_20210917_La_2_2323,147N,HSL:2412259,Ala-Soukka
86520,86520,0,86520,86520,0,False,SCHEDULED,1631912400,HSL:2147N_20210917_La_2_2353,147N,HSL:2412259,Ala-Soukka
88320,88320,0,88320,88320,0,False,SCHEDULED,1631912400,HSL:2147N_20210917_La_2_2423,147N,HSL:2412259,Ala-Soukka
90120,90120,0,90120,90120,0,False,SCHEDULED,1631912400,HSL:2147N_20210917_La_2_2453,147N,HSL:2412259,Ala-Soukka
87960,87960,0,87960,87960,0,False,SCHEDULED,1631912400,HSL:2147N_20210917_La_1_2402,147N,HSL:2412258,Ala-Soukka
89700,89700,0,89700,89700,0,False,SCHEDULED,1631912400,HSL:2147N_20210917_La_1_2432,147N,HSL:2412258,Ala-Soukka
91500,91500,0,91500,91500,0,False,SCHEDULED,1631912400,HSL:2147N_20210917_La_1_2502,147N,HSL:2412258,Ala-Soukka
93240,93240,0,93240,93240,0,False,SCHEDULED,1631912400,HSL:2147N_20210917_La_1_2532,147N,HSL:2412258,Ala-Soukka
95040,95040,0,95040,95040,0,False,SCHEDULED,1631912400,HSL:2147N_20210917_La_1_2602,147N,HSL:2412258,Ala-Soukka
45660,45660,0,45660,45660,0,False,SCHEDULED,1631912400,HSL:1055_20210917_La_1_1235,55,HSL:1100206,Merihaka
46200,46200,0,46200,46200,0,False,SCHEDULED,1631912400,HSL:1016_20210917_La_1_1242,16,HSL:1100206,Merihaka
46560,46560,0,46560,46560,0,False,SCHEDULED,1631912400,HSL:1055_20210917_La_1_1250,55,HSL:1100206,Merihaka
47400,47400,0,47400,47400,0,False,SCHEDULED,1631912400,HSL:1016_20210917_La_1_1302,16,HSL:1100206,Merihaka
47460,47460,0,47460,47460,0,False,SCHEDULED,1631912400,HSL:1055_20210917_La_1_1305,55,HSL:1100206,Merihaka
46020,46023,3,46020,46032,12,True,UPDATED,1631912400,HSL:1069_20210917_La_1_1143,69,HSL:1413114,Tattarisuontie
46200,46136,-64,46200,46136,-64,True,UPDATED,1631912400,HSL:1077_20210917_La_1_1220,77,HSL:1413114,Tattarisuontie
47220,47264,44,47220,47264,44,True,UPDATED,1631912400,HSL:1069_20210917_La_1_1203,69,HSL:1413114,Tattarisuontie
47400,47400,0,47400,47400,0,False,SCHEDULED,1631912400,HSL:1077_20210917_La_1_1240,77,HSL:1413114,Tattarisuontie
48420,48537,117,48420,48589,169,True,UPDATED,1631912400,HSL:1069_20210917_La_1_1222,69,HSL:1413114,Tattarisuontie
45180,45287,107,45180,45311,131,True,UPDATED,1631912400,HSL:1079_20210917_La_2_1228,79,HSL:1401136,Revontulentie
45780,45780,0,45780,45780,0,True,UPDATED,1631912400,HSL:1079_20210917_La_2_1238,79,HSL:1401136,Revontulentie
45780,45814,34,45780,45823,43,True,UPDATED,1631912400,HSL:4611_20210917_La_2_1228,611,HSL:1401136,Revontulentie
46380,46380,0,46380,46380,0,False,SCHEDULED,1631912400,HSL:1079_20210917_La_2_1248,79,HSL:1401136,Revontulentie
46980,46980,0,46980,46980,0,False,SCHEDULED,1631912400,HSL:4611_20210917_La_2_1248,611,HSL:1401136,Revontulentie
46020,46020,0,46020,46020,0,False,SCHEDULED,1631912400,HSL:1077_20210917_La_2_1241,77,HSL:1413113,Jarrutie
46320,46320,0,46320,46320,0,False,SCHEDULED,1631912400,HSL:1069_20210917_La_2_1241,69,HSL:1413113,Jarrutie
47220,47220,0,47220,47220,0,False,SCHEDULED,1631912400,HSL:1077_20210917_La_2_1301,77,HSL:1413113,Jarrutie
47520,47520,0,47520,47520,0,False,SCHEDULED,1631912400,HSL:1069_20210917_La_2_1301,69,HSL:1413113,Jarrutie
48420,48420,0,48420,48420,0,False,SCHEDULED,1631912400,HSL:1077_20210917_La_2_1321,77,HSL:1413113,Jarrutie
45960,45951,-9,45960,45954,-6,True,UPDATED,1631912400,HSL:1069_20210917_La_1_1143,69,HSL:1413112,Jarrutie
46080,46019,-61,46080,46020,-60,True,UPDATED,1631912400,HSL:1077_20210917_La_1_1220,77,HSL:1413112,Jarrutie
47160,47204,44,47160,47204,44,True,UPDATED,1631912400,HSL:1069_20210917_La_1_1203,69,HSL:1413112,Jarrutie
47280,47280,0,47280,47280,0,False,SCHEDULED,1631912400,HSL:1077_20210917_La_1_1240,77,HSL:1413112,Jarrutie
48360,48435,75,48360,48440,80,True,UPDATED,1631912400,HSL:1069_20210917_La_1_1222,69,HSL:1413112,Jarrutie
45780,45902,122,45780,45902,122,True,UPDATED,1631912400,HSL:4611_20210917_La_1_1209,611,HSL:1401121,Böstaksentie
47040,47064,24,47040,47064,24,True,UPDATED,1631912400,HSL:4611_20210917_La_1_1229,611,HSL:1401121,Böstaksentie
48240,48240,0,48240,48240,0,False,SCHEDULED,1631912400,HSL:4611_20210917_La_1_1249,611,HSL:1401121,Böstaksentie
49440,49440,0,49440,49440,0,False,SCHEDULED,1631912400,HSL:4611_20210917_La_1_1309,611,HSL:1401121,Böstaksentie
50700,50700,0,50700,50700,0,False,SCHEDULED,1631912400,HSL:4611_20210917_La_1_1329,611,HSL:1401121,Böstaksentie
45780,45780,0,45780,45780,0,False,SCHEDULED,1631912400,HSL:1073_20210917_La_2_1241,73,HSL:1401123,Tikkuritie
46980,46980,0,46980,46980,0,False,SCHEDULED,1631912400,HSL:1073_20210917_La_2_1301,73,HSL:1401123,Tikkuritie
48180,48180,0,48180,48180,0,False,SCHEDULED,1631912400,HSL:1073_20210917_La_2_1321,73,HSL:1401123,Tikkuritie
49380,49380,0,49380,49380,0,False,SCHEDULED,1631912400,HSL:1073_20210917_La_2_1341,73,HSL:1401123,Tikkuritie
50580,50580,0,50580,50580,0,False,SCHEDULED,1631912400,HSL:1073_20210917_La_2_1401,73,HSL:1401123,Tikkuritie
45720,45741,21,45720,45748,28,True,UPDATED,1631912400,HSL:4611_20210917_La_1_1209,611,HSL:1401124,Revontulentie
45840,45855,15,45840,45883,43,True,UPDATED,1631912400,HSL:1079_20210917_La_1_1201,79,HSL:1401124,Revontulentie
46440,46451,11,46440,46461,21,True,UPDATED,1631912400,HSL:1079_20210917_La_1_1211,79,HSL:1401124,Revontulentie
46980,46938,-42,46980,46944,-36,True,UPDATED,1631912400,HSL:4611_20210917_La_1_1229,611,HSL:1401124,Revontulentie
47040,47054,14,47040,47065,25,True,UPDATED,1631912400,HSL:1079_20210917_La_1_1221,79,HSL:1401124,Revontulentie
45720,45713,-7,45720,45760,40,True,UPDATED,1631912400,HSL:2542_20210917_La_1_1214,542,HSL:2611234,Kiltakallio
45780,45948,168,45780,45948,168,True,UPDATED,1631912400,HSL:2134_20210917_La_1_1224,134,HSL:2611234,Kiltakallio
46080,46103,23,46080,46107,27,True,UPDATED,1631912400,HSL:2531_20210917_La_1_1221,531,HSL:2611234,Kiltakallio
46620,46638,18,46620,46645,25,True,UPDATED,1631912400,HSL:2542_20210917_La_1_1229,542,HSL:2611234,Kiltakallio
46680,46680,0,46680,46680,0,True,UPDATED,1631912400,HSL:2136_20210917_La_1_1239,136,HSL:2611234,Kiltakallio
87900,87900,0,87900,87900,0,False,SCHEDULED,1631912400,HSL:2147N_20210917_La_1_2402,147N,HSL:2412260,Soukanväylä
89640,89640,0,89640,89640,0,False,SCHEDULED,1631912400,HSL:2147N_20210917_La_1_2432,147N,HSL:2412260,Soukanväylä
91440,91440,0,91440,91440,0,False,SCHEDULED,1631912400,HSL:2147N_20210917_La_1_2502,147N,HSL:2412260,Soukanväylä
93180,93180,0,93180,93180,0,False,SCHEDULED,1631912400,HSL:2147N_20210917_La_1_2532,147N,HSL:2412260,Soukanväylä
94980,94980,0,94980,94980,0,False,SCHEDULED,1631912400,HSL:2147N_20210917_La_1_2602,147N,HSL:2412260,Soukanväylä
46380,46380,0,46380,46380,0,False,SCHEDULED,1631912400,HSL:1022_20210917_La_1_1251,22,HSL:1040102,Fredrikinkatu
47580,47580,0,47580,47580,0,False,SCHEDULED,1631912400,HSL:1022_20210917_La_1_1311,22,HSL:1040102,Fredrikinkatu
48780,48780,0,48780,48780,0,False,SCHEDULED,1631912400,HSL:1022_20210917_La_1_1331,22,HSL:1040102,Fredrikinkatu
49980,49980,0,49980,49980,0,False,SCHEDULED,1631912400,HSL:1022_20210917_La_1_1351,22,HSL:1040102,Fredrikinkatu
51180,51180,0,51180,51180,0,False,SCHEDULED,1631912400,HSL:1022_20210917_La_1_1411,22,HSL:1040102,Fredrikinkatu
45240,45361,121,45240,45366,126,True,UPDATED,1631912400,HSL:2542_20210917_La_2_1222,542,HSL:2611235,Kiltakallio
45720,45859,139,45720,45865,145,True,UPDATED,1631912400,HSL:2531_20210917_La_2_1230,531,HSL:2611235,Kiltakallio
45780,45897,117,45780,45909,129,True,UPDATED,1631912400,HSL:2134_20210917_La_2_1232,134,HSL:2611235,Kiltakallio
46140,46140,0,46140,46140,0,False,SCHEDULED,1631912400,HSL:2542_20210917_La_2_1237,542,HSL:2611235,Kiltakallio
46620,46620,0,46620,46620,0,False,SCHEDULED,1631912400,HSL:2531_20210917_La_2_1245,531,HSL:2611235,Kiltakallio
45420,45360,-60,45420,45360,-60,True,UPDATED,1631912400,HSL:1073_20210917_La_1_1153,73,HSL:1401127,Suutarilantie
46620,46582,-38,46620,46592,-28,True,UPDATED,1631912400,HSL:1073_20210917_La_1_1213,73,HSL:1401127,Suutarilantie
47820,47763,-57,47820,47763,-57,True,UPDATED,1631912400,HSL:1073_20210917_La_1_1232,73,HSL:1401127,Suutarilantie
49020,49020,0,49020,49020,0,False,SCHEDULED,1631912400,HSL:1073_20210917_La_1_1252,73,HSL:1401127,Suutarilantie
50220,50220,0,50220,50220,0,False,SCHEDULED,1631912400,HSL:1073_20210917_La_1_1312,73,HSL:1401127,Suutarilantie
45720,45720,0,45720,45720,0,False,SCHEDULED,1631912400,HSL:1073_20210917_La_2_1241,73,HSL:1401128,Suutarilantie
46920,46920,0,46920,46920,0,False,SCHEDULED,1631912400,HSL:1073_20210917_La_2_1301,73,HSL:1401128,Suutarilantie
48120,48120,0,48120,48120,0,False,SCHEDULED,1631912400,HSL:1073_20210917_La_2_1321,73,HSL:1401128,Suutarilantie
49320,49320,0,49320,49320,0,False,SCHEDULED,1631912400,HSL:1073_20210917_La_2_1341,73,HSL:1401128,Suutarilantie
50520,50520,0,50520,50520,0,False,SCHEDULED,1631912400,HSL:1073_20210917_La_2_1401,73,HSL:1401128,Suutarilantie
45420,45407,-13,45420,45428,8,True,UPDATED,1631912400,HSL:1073_20210917_La_1_1153,73,HSL:1401129,Ala-Tikkurila
45660,45660,0,45660,45660,0,False,SCHEDULED,1631912400,HSL:1073_20210917_La_2_1241,73,HSL:1401129,Ala-Tikkurila
46620,46604,-16,46620,46683,63,True,UPDATED,1631912400,HSL:1073_20210917_La_1_1213,73,HSL:1401129,Ala-Tikkurila
46860,46860,0,46860,46860,0,False,SCHEDULED,1631912400,HSL:1073_20210917_La_2_1301,73,HSL:1401129,Ala-Tikkurila
47820,47807,-13,47820,47807,-13,True,UPDATED,1631912400,HSL:1073_20210917_La_1_1232,73,HSL:1401129,Ala-Tikkurila
45720,45700,-20,45720,45726,6,True,UPDATED,1631912400,HSL:4611_20210917_La_2_1228,611,HSL:1401152,Böstaksentie
46920,46920,0,46920,46920,0,False,SCHEDULED,1631912400,HSL:4611_20210917_La_2_1248,611,HSL:1401152,Böstaksentie
48120,48120,0,48120,48120,0,False,SCHEDULED,1631912400,HSL:4611_20210917_La_2_1308,611,HSL:1401152,Böstaksentie
49320,49320,0,49320,49320,0,False,SCHEDULED,1631912400,HSL:4611_20210917_La_2_1328,611,HSL:1401152,Böstaksentie
50520,50520,0,50520,50520,0,False,SCHEDULED,1631912400,HSL:4611_20210917_La_2_1348,611,HSL:1401152,Böstaksentie
45660,45660,0,45660,45660,0,True,UPDATED,1631912400,HSL:1079_20210917_La_2_1238,79,HSL:1401154,Lyhtytie
46260,46260,0,46260,46260,0,False,SCHEDULED,1631912400,HSL:1079_20210917_La_2_1248,79,HSL:1401154,Lyhtytie
46860,46860,0,46860,46860,0,False,SCHEDULED,1631912400,HSL:1079_20210917_La_2_1258,79,HSL:1401154,Lyhtytie
47460,47460,0,47460,47460,0,False,SCHEDULED,1631912400,HSL:1079_20210917_La_2_1308,79,HSL:1401154,Lyhtytie
48060,48060,0,48060,48060,0,False,SCHEDULED,1631912400,HSL:1079_20210917_La_2_1318,79,HSL:1401154,Lyhtytie
45420,45440,20,45420,45440,20,True,UPDATED,1631912400,HSL:1079_20210917_La_1_1151,79,HSL:1401155,Lyhtytie
46020,46074,54,46020,46074,54,True,UPDATED,1631912400,HSL:1079_20210917_La_1_1201,79,HSL:1401155,Lyhtytie
46620,46654,34,46620,46658,38,True,UPDATED,1631912400,HSL:1079_20210917_La_1_1211,79,HSL:1401155,Lyhtytie
47220,47241,21,47220,47241,21,True,UPDATED,1631912400,HSL:1079_20210917_La_1_1221,79,HSL:1401155,Lyhtytie
47820,47811,-9,47820,47813,-7,True,UPDATED,1631912400,HSL:1079_20210917_La_1_1231,79,HSL:1401155,Lyhtytie
45840,45840,0,45840,45840,0,False,SCHEDULED,1631912400,HSL:2542_20210917_La_1_1244,542,HSL:2412238,Alakartanonkuja
45960,45960,0,45960,45960,0,False,SCHEDULED,1631912400,HSL:2143_20210917_La_2_1241,143,HSL:2412238,Alakartanonkuja
45960,46088,128,45960,46100,140,True,UPDATED,1631912400,HSL:2542_20210917_La_2_1207,542,HSL:2412238,Alakartanonkuja
46740,46740,0,46740,46740,0,False,SCHEDULED,1631912400,HSL:2542_20210917_La_1_1259,542,HSL:2412238,Alakartanonkuja
46860,46860,0,46860,46860,0,False,SCHEDULED,1631912400,HSL:2143_20210917_La_2_1256,143,HSL:2412238,Alakartanonkuja
48000,48000,0,48000,48000,0,False,SCHEDULED,1631912400,HSL:7280_20210917_La_1_1255,280,HSL:2611289,Lommila
51300,51300,0,51300,51300,0,False,SCHEDULED,1631912400,HSL:7280_20210917_La_1_1355,280,HSL:2611289,Lommila
54780,54780,0,54780,54780,0,False,SCHEDULED,1631912400,HSL:7280_20210917_La_1_1448,280,HSL:2611289,Lommila
55200,55200,0,55200,55200,0,False,SCHEDULED,1631912400,HSL:7280_20210917_La_1_1455,280,HSL:2611289,Lommila
59100,59100,0,59100,59100,0,False,SCHEDULED,1631912400,HSL:7280_20210917_La_1_1600,280,HSL:2611289,Lommila
45300,45360,60,45360,45418,58,True,UPDATED,1631912400,HSL:2553K_20210917_La_1_1150,553K,HSL:1294242,Kantelettarentie
46500,46743,243,46560,46747,187,True,UPDATED,1631912400,HSL:2553K_20210917_La_1_1209,553K,HSL:1294242,Kantelettarentie
47700,47718,18,47760,47775,15,True,UPDATED,1631912400,HSL:2553K_20210917_La_1_1229,553K,HSL:1294242,Kantelettarentie
48900,48900,0,48960,48960,0,False,SCHEDULED,1631912400,HSL:2553K_20210917_La_1_1249,553K,HSL:1294242,Kantelettarentie
50100,50100,0,50160,50160,0,False,SCHEDULED,1631912400,HSL:2553K_20210917_La_1_1308,553K,HSL:1294242,Kantelettarentie
45900,45910,10,45900,45919,19,True,UPDATED,1631912400,HSL:2143_20210917_La_1_1231,143,HSL:2412235,Alatörmä
45900,46051,151,45900,46058,158,True,UPDATED,1631912400,HSL:2542_20210917_La_2_1207,542,HSL:2412235,Alatörmä
46800,46800,0,46800,46800,0,False,SCHEDULED,1631912400,HSL:2143_20210917_La_1_1246,143,HSL:2412235,Alatörmä
46800,46870,70,46800,46909,109,True,UPDATED,1631912400,HSL:2542_20210917_La_2_1222,542,HSL:2412235,Alatörmä
47700,47700,0,47700,47700,0,False,SCHEDULED,1631912400,HSL:2542_20210917_La_2_1237,542,HSL:2412235,Alatörmä
45900,45900,0,45900,45900,0,False,SCHEDULED,1631912400,HSL:2542_20210917_La_1_1244,542,HSL:2412234,Soukankuja
46080,46080,0,46080,46080,0,False,SCHEDULED,1631912400,HSL:2143_20210917_La_2_1241,143,HSL:2412234,Soukankuja
46800,46800,0,46800,46800,0,False,SCHEDULED,1631912400,HSL:2542_20210917_La_1_1259,542,HSL:2412234,Soukankuja
46980,46980,0,46980,46980,0,False,SCHEDULED,1631912400,HSL:2143_20210917_La_2_1256,143,HSL:2412234,Soukankuja
47040,47040,0,47040,47040,0,False,SCHEDULED,1631912400,HSL:2145_20210917_La_2_1254,145,HSL:2412234,Soukankuja
45960,45948,-12,45960,45954,-6,True,UPDATED,1631912400,HSL:2143_20210917_La_1_1231,143,HSL:2412237,Alakartanonkuja
46860,46860,0,46860,46860,0,False,SCHEDULED,1631912400,HSL:2143_20210917_La_1_1246,143,HSL:2412237,Alakartanonkuja
47760,47760,0,47760,47760,0,False,SCHEDULED,1631912400,HSL:2143_20210917_La_1_1301,143,HSL:2412237,Alakartanonkuja
48660,48660,0,48660,48660,0,False,SCHEDULED,1631912400,HSL:2143_20210917_La_1_1316,143,HSL:2412237,Alakartanonkuja
49560,49560,0,49560,49560,0,False,SCHEDULED,1631912400,HSL:2143_20210917_La_1_1331,143,HSL:2412237,Alakartanonkuja
45480,45493,13,45480,45493,13,True,UPDATED,1631912400,HSL:1009_20210917_La_1_1234,9,HSL:1203420,Välimerenkatu
46200,46200,0,46200,46200,0,False,SCHEDULED,1631912400,HSL:1009_20210917_La_1_1246,9,HSL:1203420,Välimerenkatu
46920,46920,0,46920,46920,0,False,SCHEDULED,1631912400,HSL:1009_20210917_La_1_1258,9,HSL:1203420,Välimerenkatu
47640,47640,0,47640,47640,0,False,SCHEDULED,1631912400,HSL:1009_20210917_La_1_1310,9,HSL:1203420,Välimerenkatu
48360,48360,0,48360,48360,0,False,SCHEDULED,1631912400,HSL:1009_20210917_La_1_1322,9,HSL:1203420,Välimerenkatu
45840,45840,0,45840,45840,0,False,SCHEDULED,1631912400,HSL:2542_20210917_La_1_1244,542,HSL:2412236,Alatörmä
46020,46020,0,46020,46020,0,False,SCHEDULED,1631912400,HSL:2143_20210917_La_2_1241,143,HSL:2412236,Alatörmä
46740,46740,0,46740,46740,0,False,SCHEDULED,1631912400,HSL:2542_20210917_La_1_1259,542,HSL:2412236,Alatörmä
46920,46920,0,46920,46920,0,False,SCHEDULED,1631912400,HSL:2143_20210917_La_2_1256,143,HSL:2412236,Alatörmä
47640,47640,0,47640,47640,0,False,SCHEDULED,1631912400,HSL:2542_20210917_La_1_1314,542,HSL:2412236,Alatörmä
45420,45550,130,45420,45563,143,True,UPDATED,1631912400,HSL:2145_20210917_La_1_1222,145,HSL:2412231,Soukankaari
45840,45820,-20,45840,45831,-9,True,UPDATED,1631912400,HSL:2143_20210917_La_1_1231,143,HSL:2412231,Soukankaari
45840,45950,110,45840,45956,116,True,UPDATED,1631912400,HSL:2542_20210917_La_2_1207,542,HSL:2412231,Soukankaari
46740,46740,0,46740,46740,0,False,SCHEDULED,1631912400,HSL:2143_20210917_La_1_1246,143,HSL:2412231,Soukankaari
46740,46795,55,46740,46795,55,True,UPDATED,1631912400,HSL:2542_20210917_La_2_1222,542,HSL:2412231,Soukankaari
45540,45493,-47,45540,45502,-38,True,UPDATED,1631912400,HSL:1009_20210917_La_1_1234,9,HSL:1203422,Huutokonttori
46260,46260,0,46260,46260,0,False,SCHEDULED,1631912400,HSL:1009_20210917_La_1_1246,9,HSL:1203422,Huutokonttori
46980,46980,0,46980,46980,0,False,SCHEDULED,1631912400,HSL:1009_20210917_La_1_1258,9,HSL:1203422,Huutokonttori
47700,47700,0,47700,47700,0,False,SCHEDULED,1631912400,HSL:1009_20210917_La_1_1310,9,HSL:1203422,Huutokonttori
48420,48420,0,48420,48420,0,False,SCHEDULED,1631912400,HSL:1009_20210917_La_1_1322,9,HSL:1203422,Huutokonttori
45960,45960,0,45960,45960,0,False,SCHEDULED,1631912400,HSL:2542_20210917_La_1_1244,542,HSL:2412230,Soukantori
46140,46140,0,46140,46140,0,False,SCHEDULED,1631912400,HSL:2143_20210917_La_2_1241,143,HSL:2412230,Soukantori
46860,46860,0,46860,46860,0,False,SCHEDULED,1631912400,HSL:2542_20210917_La_1_1259,542,HSL:2412230,Soukantori
47040,47040,0,47040,47040,0,False,SCHEDULED,1631912400,HSL:2143_20210917_La_2_1256,143,HSL:2412230,Soukantori
47100,47100,0,47100,47100,0,False,SCHEDULED,1631912400,HSL:2145_20210917_La_2_1254,145,HSL:2412230,Soukantori
45360,45373,13,45360,45373,13,True,UPDATED,1631912400,HSL:1009_20210917_La_1_1234,9,HSL:1203423,Kanariankatu
46080,46080,0,46080,46080,0,False,SCHEDULED,1631912400,HSL:1009_20210917_La_1_1246,9,HSL:1203423,Kanariankatu
46800,46800,0,46800,46800,0,False,SCHEDULED,1631912400,HSL:1009_20210917_La_1_1258,9,HSL:1203423,Kanariankatu
47520,47520,0,47520,47520,0,False,SCHEDULED,1631912400,HSL:1009_20210917_La_1_1310,9,HSL:1203423,Kanariankatu
48240,48240,0,48240,48240,0,False,SCHEDULED,1631912400,HSL:1009_20210917_La_1_1322,9,HSL:1203423,Kanariankatu
45900,45911,11,45900,45952,52,True,UPDATED,1631912400,HSL:1009_20210917_La_2_1213,9,HSL:1203424,Kanariankatu
46620,46652,32,46620,46701,81,True,UPDATED,1631912400,HSL:1009_20210917_La_2_1225,9,HSL:1203424,Kanariankatu
47340,47340,0,47340,47340,0,False,SCHEDULED,1631912400,HSL:1009_20210917_La_2_1237,9,HSL:1203424,Kanariankatu
48120,48120,0,48120,48120,0,False,SCHEDULED,1631912400,HSL:1009_20210917_La_2_1249,9,HSL:1203424,Kanariankatu
48840,48840,0,48840,48840,0,False,SCHEDULED,1631912400,HSL:1009_20210917_La_2_1301,9,HSL:1203424,Kanariankatu
45480,45593,113,45480,45610,130,True,UPDATED,1631912400,HSL:2145_20210917_La_1_1222,145,HSL:2412233,Soukankuja
45840,45859,19,45840,45870,30,True,UPDATED,1631912400,HSL:2143_20210917_La_1_1231,143,HSL:2412233,Soukankuja
45900,45982,82,45900,46022,122,True,UPDATED,1631912400,HSL:2542_20210917_La_2_1207,542,HSL:2412233,Soukankuja
46740,46740,0,46740,46740,0,False,SCHEDULED,1631912400,HSL:2143_20210917_La_1_1246,143,HSL:2412233,Soukankuja
46800,46820,20,46800,46870,70,True,UPDATED,1631912400,HSL:2542_20210917_La_2_1222,542,HSL:2412233,Soukankuja
45960,45960,0,45960,45960,0,False,SCHEDULED,1631912400,HSL:2542_20210917_La_1_1244,542,HSL:2412232,Soukankaari
46080,46080,0,46080,46080,0,False,SCHEDULED,1631912400,HSL:2143_20210917_La_2_1241,143,HSL:2412232,Soukankaari
46860,46860,0,46860,46860,0,False,SCHEDULED,1631912400,HSL:2542_20210917_La_1_1259,542,HSL:2412232,Soukankaari
46980,46980,0,46980,46980,0,False,SCHEDULED,1631912400,HSL:2143_20210917_La_2_1256,143,HSL:2412232,Soukankaari
47100,47100,0,47100,47100,0,False,SCHEDULED,1631912400,HSL:2145_20210917_La_2_1254,145,HSL:2412232,Soukankaari
45420,45433,13,45420,45433,13,True,UPDATED,1631912400,HSL:1009_20210917_La_1_1234,9,HSL:1203425,Saukonkatu
46140,46140,0,46140,46140,0,False,SCHEDULED,1631912400,HSL:1009_20210917_La_1_1246,9,HSL:1203425,Saukonkatu
46860,46860,0,46860,46860,0,False,SCHEDULED,1631912400,HSL:1009_20210917_La_1_1258,9,HSL:1203425,Saukonkatu
47580,47580,0,47580,47580,0,False,SCHEDULED,1631912400,HSL:1009_20210917_La_1_1310,9,HSL:1203425,Saukonkatu
48300,48300,0,48300,48300,0,False,SCHEDULED,1631912400,HSL:1009_20210917_La_1_1322,9,HSL:1203425,Saukonkatu
45840,45851,11,45840,45892,52,True,UPDATED,1631912400,HSL:1009_20210917_La_2_1213,9,HSL:1203426,Saukonkatu
46560,46592,32,46560,46641,81,True,UPDATED,1631912400,HSL:1009_20210917_La_2_1225,9,HSL:1203426,Saukonkatu
47280,47280,0,47280,47280,0,False,SCHEDULED,1631912400,HSL:1009_20210917_La_2_1237,9,HSL:1203426,Saukonkatu
48060,48060,0,48060,48060,0,False,SCHEDULED,1631912400,HSL:1009_20210917_La_2_1249,9,HSL:1203426,Saukonkatu
48780,48780,0,48780,48780,0,False,SCHEDULED,1631912400,HSL:1009_20210917_La_2_1301,9,HSL:1203426,Saukonkatu
46080,46081,1,46080,46084,4,True,UPDATED,1631912400,HSL:1022_20210917_La_2_1230,22,HSL:1040157,Hietalahti
47280,47280,0,47280,47280,0,False,SCHEDULED,1631912400,HSL:1022_20210917_La_2_1250,22,HSL:1040157,Hietalahti
48480,48480,0,48480,48480,0,False,SCHEDULED,1631912400,HSL:1022_20210917_La_2_1310,22,HSL:1040157,Hietalahti
49680,49680,0,49680,49680,0,False,SCHEDULED,1631912400,HSL:1022_20210917_La_2_1330,22,HSL:1040157,Hietalahti
50880,50880,0,50880,50880,0,False,SCHEDULED,1631912400,HSL:1022_20210917_La_2_1350,22,HSL:1040157,Hietalahti
45300,45370,70,45300,45370,70,True,UPDATED,1631912400,HSL:1022_20210917_La_1_1231,22,HSL:1040153,Hietalahdentori
46500,46500,0,46500,46500,0,False,SCHEDULED,1631912400,HSL:1022_20210917_La_1_1251,22,HSL:1040153,Hietalahdentori
47700,47700,0,47700,47700,0,False,SCHEDULED,1631912400,HSL:1022_20210917_La_1_1311,22,HSL:1040153,Hietalahdentori
48900,48900,0,48900,48900,0,False,SCHEDULED,1631912400,HSL:1022_20210917_La_1_1331,22,HSL:1040153,Hietalahdentori
50100,50100,0,50100,50100,0,False,SCHEDULED,1631912400,HSL:1022_20210917_La_1_1351,22,HSL:1040153,Hietalahdentori
45420,45490,70,45420,45490,70,True,UPDATED,1631912400,HSL:1022_20210917_La_1_1231,22,HSL:1040155,Hietalahti
46620,46620,0,46620,46620,0,False,SCHEDULED,1631912400,HSL:1022_20210917_La_1_1251,22,HSL:1040155,Hietalahti
47820,47820,0,47820,47820,0,False,SCHEDULED,1631912400,HSL:1022_20210917_La_1_1311,22,HSL:1040155,Hietalahti
49020,49020,0,49020,49020,0,False,SCHEDULED,1631912400,HSL:1022_20210917_La_1_1331,22,HSL:1040155,Hietalahti
50220,50220,0,50220,50220,0,False,SCHEDULED,1631912400,HSL:1022_20210917_La_1_1351,22,HSL:1040155,Hietalahti
45360,45432,72,45360,45440,80,True,UPDATED,1631912400,HSL:2510_20210917_La_2_1232,510,HSL:2213210,Kontiontie
45780,45780,0,45780,45780,0,False,SCHEDULED,1631912400,HSL:2550_20210917_La_2_1239,550,HSL:2213210,Kontiontie
46260,46260,0,46260,46260,0,False,SCHEDULED,1631912400,HSL:2510_20210917_La_2_1247,510,HSL:2213210,Kontiontie
46380,46380,0,46380,46380,0,False,SCHEDULED,1631912400,HSL:2550_20210917_La_2_1249,550,HSL:2213210,Kontiontie
46980,46980,0,46980,46980,0,False,SCHEDULED,1631912400,HSL:2550_20210917_La_2_1259,550,HSL:2213210,Kontiontie
87840,87840,0,87840,87840,0,False,SCHEDULED,1631912400,HSL:2108N_20210917_La_1_2400,108N,HSL:2213206,Itäranta
90540,90540,0,90540,90540,0,False,SCHEDULED,1631912400,HSL:2108N_20210917_La_1_2445,108N,HSL:2213206,Itäranta
93240,93240,0,93240,93240,0,False,SCHEDULED,1631912400,HSL:2108N_20210917_La_1_2530,108N,HSL:2213206,Itäranta
95940,95940,0,95940,95940,0,False,SCHEDULED,1631912400,HSL:2108N_20210917_La_1_2615,108N,HSL:2213206,Itäranta
98640,98640,0,98640,98640,0,False,SCHEDULED,1631912400,HSL:2108N_20210917_La_1_2700,108N,HSL:2213206,Itäranta
86700,86700,0,86700,86700,0,False,SCHEDULED,1631912400,HSL:2108N_20210917_La_2_2400,108N,HSL:2213207,Itäranta
89400,89400,0,89400,89400,0,False,SCHEDULED,1631912400,HSL:2108N_20210917_La_2_2445,108N,HSL:2213207,Itäranta
92100,92100,0,92100,92100,0,False,SCHEDULED,1631912400,HSL:2108N_20210917_La_2_2530,108N,HSL:2213207,Itäranta
94800,94800,0,94800,94800,0,False,SCHEDULED,1631912400,HSL:2108N_20210917_La_2_2615,108N,HSL:2213207,Itäranta
97500,97500,0,97500,97500,0,False,SCHEDULED,1631912400,HSL:2108N_20210917_La_2_2700,108N,HSL:2213207,Itäranta
45840,45877,37,45840,45880,40,True,UPDATED,1631912400,HSL:1069_20210917_La_1_1143,69,HSL:1384161,Harkkoraudantie
46020,45967,-53,46020,45968,-52,True,UPDATED,1631912400,HSL:1077_20210917_La_1_1220,77,HSL:1384161,Harkkoraudantie
47040,47084,44,47040,47084,44,True,UPDATED,1631912400,HSL:1069_20210917_La_1_1203,69,HSL:1384161,Harkkoraudantie
47220,47220,0,47220,47220,0,False,SCHEDULED,1631912400,HSL:1077_20210917_La_1_1240,77,HSL:1384161,Harkkoraudantie
48420,48420,0,48420,48420,0,False,SCHEDULED,1631912400,HSL:1077_20210917_La_1_1300,77,HSL:1384161,Harkkoraudantie
45300,45325,25,45300,45332,32,True,UPDATED,1631912400,HSL:2550_20210917_La_1_1132,550,HSL:2213208,Otsolahdentie
45360,45497,137,45360,45551,191,True,UPDATED,1631912400,HSL:2510_20210917_La_1_1158,510,HSL:2213208,Otsolahdentie
45960,45953,-7,45960,45959,-1,True,UPDATED,1631912400,HSL:2550_20210917_La_1_1142,550,HSL:2213208,Otsolahdentie
46260,46488,228,46260,46499,239,True,UPDATED,1631912400,HSL:2510_20210917_La_1_1213,510,HSL:2213208,Otsolahdentie
46560,46596,36,46560,46604,44,True,UPDATED,1631912400,HSL:2550_20210917_La_1_1152,550,HSL:2213208,Otsolahdentie
45420,45453,33,45420,45464,44,True,UPDATED,1631912400,HSL:2510_20210917_La_2_1232,510,HSL:2213209,Otsolahdentie
45840,45840,0,45840,45840,0,False,SCHEDULED,1631912400,HSL:2550_20210917_La_2_1239,550,HSL:2213209,Otsolahdentie
46320,46320,0,46320,46320,0,False,SCHEDULED,1631912400,HSL:2510_20210917_La_2_1247,510,HSL:2213209,Otsolahdentie
46440,46440,0,46440,46440,0,False,SCHEDULED,1631912400,HSL:2550_20210917_La_2_1249,550,HSL:2213209,Otsolahdentie
47040,47040,0,47040,47040,0,False,SCHEDULED,1631912400,HSL:2550_20210917_La_2_1259,550,HSL:2213209,Otsolahdentie
45360,45366,6,45360,45416,56,True,UPDATED,1631912400,HSL:1079_20210917_La_1_1151,79,HSL:1401148,Hannukselanpolku
45960,46010,50,45960,46026,66,True,UPDATED,1631912400,HSL:1079_20210917_La_1_1201,79,HSL:1401148,Hannukselanpolku
46560,46611,51,46560,46654,94,True,UPDATED,1631912400,HSL:1079_20210917_La_1_1211,79,HSL:1401148,Hannukselanpolku
47160,47232,72,47160,47232,72,True,UPDATED,1631912400,HSL:1079_20210917_La_1_1221,79,HSL:1401148,Hannukselanpolku
47760,47751,-9,47760,47811,51,True,UPDATED,1631912400,HSL:1079_20210917_La_1_1231,79,HSL:1401148,Hannukselanpolku
45240,45332,92,45240,45340,100,True,UPDATED,1631912400,HSL:2345N_20210917_La_1_1205,345N,HSL:4120201,Köysikuja
45720,45720,0,45720,45720,0,False,SCHEDULED,1631912400,HSL:4555B_20210917_La_2_1235,555B,HSL:4120201,Köysikuja
45960,45960,0,45960,45960,0,False,SCHEDULED,1631912400,HSL:4311_20210917_La_1_1239,311,HSL:4120201,Köysikuja
46680,46680,0,46680,46680,0,True,UPDATED,1631912400,HSL:5565_20210917_La_1_1238,565,HSL:4120201,Köysikuja
46620,46688,68,46620,46693,73,True,UPDATED,1631912400,HSL:2321_20210917_La_1_1229,321,HSL:4120201,Köysikuja
45540,45490,-50,45540,45504,-36,True,UPDATED,1631912400,HSL:4311_20210917_La_2_1228,311,HSL:4120202,Köysikuja
45360,45581,221,45360,45600,240,True,UPDATED,1631912400,HSL:2345N_20210917_La_2_1208,345N,HSL:4120202,Köysikuja
45540,45827,287,45540,45831,291,True,UPDATED,1631912400,HSL:5565_20210917_La_2_1212,565,HSL:4120202,Köysikuja
46080,46080,0,46080,46080,0,False,SCHEDULED,1631912400,HSL:4571_20210917_La_2_1241,571,HSL:4120202,Köysikuja
46140,46184,44,46140,46195,55,True,UPDATED,1631912400,HSL:2321_20210917_La_2_1229,321,HSL:4120202,Köysikuja
45300,45386,86,45300,45401,101,True,UPDATED,1631912400,HSL:2345N_20210917_La_1_1205,345N,HSL:4120203,Koivuvaarankuja
45780,45780,0,45780,45780,0,False,SCHEDULED,1631912400,HSL:4555B_20210917_La_2_1235,555B,HSL:4120203,Koivuvaarankuja
46020,46020,0,46020,46020,0,False,SCHEDULED,1631912400,HSL:4311_20210917_La_1_1239,311,HSL:4120203,Koivuvaarankuja
46620,46693,73,46620,46697,77,True,UPDATED,1631912400,HSL:2321_20210917_La_1_1229,321,HSL:4120203,Koivuvaarankuja
46740,46740,0,46740,46740,0,True,UPDATED,1631912400,HSL:5565_20210917_La_1_1238,565,HSL:4120203,Koivuvaarankuja
45480,45440,-40,45480,45452,-28,True,UPDATED,1631912400,HSL:4311_20210917_La_2_1228,311,HSL:4120204,Koivuvaarankuja
45360,45523,163,45360,45523,163,True,UPDATED,1631912400,HSL:2345N_20210917_La_2_1208,345N,HSL:4120204,Koivuvaarankuja
45480,45780,300,45480,45791,311,True,UPDATED,1631912400,HSL:5565_20210917_La_2_1212,565,HSL:4120204,Koivuvaarankuja
46020,46020,0,46020,46020,0,False,SCHEDULED,1631912400,HSL:4571_20210917_La_2_1241,571,HSL:4120204,Koivuvaarankuja
46140,46105,-35,46140,46105,-35,True,UPDATED,1631912400,HSL:2321_20210917_La_2_1229,321,HSL:4120204,Koivuvaarankuja
45840,45840,0,45840,45840,0,False,SCHEDULED,1631912400,HSL:4555B_20210917_La_2_1235,555B,HSL:4120205,Mantelikuja
46740,46740,0,46740,46740,0,True,UPDATED,1631912400,HSL:5565_20210917_La_1_1238,565,HSL:4120205,Mantelikuja
46680,46751,71,46680,46760,80,True,UPDATED,1631912400,HSL:2321_20210917_La_1_1229,321,HSL:4120205,Mantelikuja
47640,47640,0,47640,47640,0,False,SCHEDULED,1631912400,HSL:4555B_20210917_La_2_1305,555B,HSL:4120205,Mantelikuja
48120,48120,0,48120,48120,0,False,SCHEDULED,1631912400,HSL:2321_20210917_La_1_1253,321,HSL:4120205,Mantelikuja
45420,45738,318,45420,45749,329,True,UPDATED,1631912400,HSL:5565_20210917_La_2_1212,565,HSL:4120206,Pähkinärinteentie
46080,46044,-36,46080,46044,-36,True,UPDATED,1631912400,HSL:2321_20210917_La_2_1229,321,HSL:4120206,Pähkinärinteentie
46200,46200,0,46200,46200,0,True,UPDATED,1631912400,HSL:4555B_20210917_La_1_1236,555B,HSL:4120206,Pähkinärinteentie
47280,47280,0,47280,47280,0,False,SCHEDULED,1631912400,HSL:5565_20210917_La_2_1242,565,HSL:4120206,Pähkinärinteentie
47520,47520,0,47520,47520,0,False,SCHEDULED,1631912400,HSL:2321_20210917_La_2_1253,321,HSL:4120206,Pähkinärinteentie
45060,45375,315,45060,45395,335,True,UPDATED,1631912400,HSL:4571_20210917_La_1_1130,571,HSL:4120207,Karhunkierros
45360,45472,112,45360,45482,122,True,UPDATED,1631912400,HSL:2345N_20210917_La_1_1205,345N,HSL:4120207,Karhunkierros
46080,46080,0,46080,46080,0,False,SCHEDULED,1631912400,HSL:4311_20210917_La_1_1239,311,HSL:4120207,Karhunkierros
46860,46867,7,46860,46867,7,True,UPDATED,1631912400,HSL:4571_20210917_La_1_1159,571,HSL:4120207,Karhunkierros
47520,47520,0,47520,47520,0,False,SCHEDULED,1631912400,HSL:4322_20210917_La_1_1241,322,HSL:4120207,Karhunkierros
46320,46320,0,46320,46320,0,False,SCHEDULED,1631912400,HSL:7192V_20210917_La_1_1240,192V,HSL:2213236,Karhusaarensolmu
54840,54840,0,54840,54840,0,False,SCHEDULED,1631912400,HSL:7192T_20210917_La_1_1500,192T,HSL:2213236,Karhusaarensolmu
64020,64020,0,64020,64020,0,False,SCHEDULED,1631912400,HSL:7192V_20210917_La_1_1740,192V,HSL:2213236,Karhusaarensolmu
67740,67740,0,67740,67740,0,False,SCHEDULED,1631912400,HSL:7192T_20210917_La_1_1835,192T,HSL:2213236,Karhusaarensolmu
83640,83640,0,83640,83640,0,False,SCHEDULED,1631912400,HSL:7192V_20210917_La_1_2305,192V,HSL:2213236,Karhusaarensolmu
45360,45342,-18,45360,45365,5,True,UPDATED,1631912400,HSL:4311_20210917_La_2_1228,311,HSL:4120208,Karhunkierros
45240,45441,201,45240,45455,215,True,UPDATED,1631912400,HSL:2345N_20210917_La_2_1208,345N,HSL:4120208,Karhunkierros
45960,45960,0,45960,45960,0,False,SCHEDULED,1631912400,HSL:4571_20210917_La_2_1241,571,HSL:4120208,Karhunkierros
46680,46680,0,46680,46680,0,False,SCHEDULED,1631912400,HSL:4322_20210917_La_2_1242,322,HSL:4120208,Karhunkierros
47160,47160,0,47160,47160,0,False,SCHEDULED,1631912400,HSL:4311_20210917_La_2_1258,311,HSL:4120208,Karhunkierros
46440,46440,0,46440,46440,0,False,SCHEDULED,1631912400,HSL:2224_20210917_La_2_1252,224,HSL:2611266,Kylävainionkuja
48240,48240,0,48240,48240,0,False,SCHEDULED,1631912400,HSL:2224_20210917_La_2_1322,224,HSL:2611266,Kylävainionkuja
50040,50040,0,50040,50040,0,False,SCHEDULED,1631912400,HSL:2224_20210917_La_2_1352,224,HSL:2611266,Kylävainionkuja
51840,51840,0,51840,51840,0,False,SCHEDULED,1631912400,HSL:2224_20210917_La_2_1422,224,HSL:2611266,Kylävainionkuja
53640,53640,0,53640,53640,0,False,SCHEDULED,1631912400,HSL:2224_20210917_La_2_1452,224,HSL:2611266,Kylävainionkuja
45840,45868,28,45840,45869,29,True,UPDATED,1631912400,HSL:1069_20210917_La_1_1143,69,HSL:1384151,Kankiraudantie
45960,45949,-11,45960,45949,-11,True,UPDATED,1631912400,HSL:1077_20210917_La_1_1220,77,HSL:1384151,Kankiraudantie
47040,47084,44,47040,47084,44,True,UPDATED,1631912400,HSL:1069_20210917_La_1_1203,69,HSL:1384151,Kankiraudantie
47160,47160,0,47160,47160,0,False,SCHEDULED,1631912400,HSL:1077_20210917_La_1_1240,77,HSL:1384151,Kankiraudantie
48240,48350,110,48240,48355,115,True,UPDATED,1631912400,HSL:1069_20210917_La_1_1222,69,HSL:1384151,Kankiraudantie
46440,46440,0,46440,46440,0,False,SCHEDULED,1631912400,HSL:2224_20210917_La_2_1252,224,HSL:2611267,Kylähallinaukio
48240,48240,0,48240,48240,0,False,SCHEDULED,1631912400,HSL:2224_20210917_La_2_1322,224,HSL:2611267,Kylähallinaukio
50040,50040,0,50040,50040,0,False,SCHEDULED,1631912400,HSL:2224_20210917_La_2_1352,224,HSL:2611267,Kylähallinaukio
51840,51840,0,51840,51840,0,False,SCHEDULED,1631912400,HSL:2224_20210917_La_2_1422,224,HSL:2611267,Kylähallinaukio
53640,53640,0,53640,53640,0,False,SCHEDULED,1631912400,HSL:2224_20210917_La_2_1452,224,HSL:2611267,Kylähallinaukio
45360,45334,-26,45360,45338,-22,True,UPDATED,1631912400,HSL:2200_20210917_La_1_1144,200,HSL:2611264,Lommila
45360,45408,48,45360,45414,54,True,UPDATED,1631912400,HSL:2531_20210917_La_2_1230,531,HSL:2611264,Lommila
45660,45733,73,45660,45737,77,True,UPDATED,1631912400,HSL:2582_20210917_La_2_1212,582,HSL:2611264,Lommila
45780,45780,0,45780,45780,0,False,SCHEDULED,1631912400,HSL:2542_20210917_La_2_1237,542,HSL:2611264,Lommila
45840,45874,34,45840,45876,36,True,UPDATED,1631912400,HSL:2244_20210917_La_2_1217,244,HSL:2611264,Lommila
46500,46500,0,46500,46500,0,False,SCHEDULED,1631912400,HSL:2224_20210917_La_2_1252,224,HSL:2611262,Kylätorintie
48300,48300,0,48300,48300,0,False,SCHEDULED,1631912400,HSL:2224_20210917_La_2_1322,224,HSL:2611262,Kylätorintie
50100,50100,0,50100,50100,0,False,SCHEDULED,1631912400,HSL:2224_20210917_La_2_1352,224,HSL:2611262,Kylätorintie
51900,51900,0,51900,51900,0,False,SCHEDULED,1631912400,HSL:2224_20210917_La_2_1422,224,HSL:2611262,Kylätorintie
53700,53700,0,53700,53700,0,False,SCHEDULED,1631912400,HSL:2224_20210917_La_2_1452,224,HSL:2611262,Kylätorintie
46860,46961,101,46860,46966,106,True,UPDATED,1631912400,HSL:2224_20210917_La_1_1220,224,HSL:2611263,Kylätorintie
48720,48720,0,48720,48720,0,False,SCHEDULED,1631912400,HSL:2224_20210917_La_1_1250,224,HSL:2611263,Kylätorintie
50520,50520,0,50520,50520,0,False,SCHEDULED,1631912400,HSL:2224_20210917_La_1_1320,224,HSL:2611263,Kylätorintie
52320,52320,0,52320,52320,0,False,SCHEDULED,1631912400,HSL:2224_20210917_La_1_1350,224,HSL:2611263,Kylätorintie
54120,54120,0,54120,54120,0,False,SCHEDULED,1631912400,HSL:2224_20210917_La_1_1420,224,HSL:2611263,Kylätorintie
46500,46500,0,46500,46500,0,False,SCHEDULED,1631912400,HSL:2224_20210917_La_2_1252,224,HSL:2611260,Kotikyläntie
48300,48300,0,48300,48300,0,False,SCHEDULED,1631912400,HSL:2224_20210917_La_2_1322,224,HSL:2611260,Kotikyläntie
50100,50100,0,50100,50100,0,False,SCHEDULED,1631912400,HSL:2224_20210917_La_2_1352,224,HSL:2611260,Kotikyläntie
51900,51900,0,51900,51900,0,False,SCHEDULED,1631912400,HSL:2224_20210917_La_2_1422,224,HSL:2611260,Kotikyläntie
53700,53700,0,53700,53700,0,False,SCHEDULED,1631912400,HSL:2224_20210917_La_2_1452,224,HSL:2611260,Kotikyläntie
46860,46925,65,46860,46935,75,True,UPDATED,1631912400,HSL:2224_20210917_La_1_1220,224,HSL:2611261,Kotikyläntie
48720,48720,0,48720,48720,0,False,SCHEDULED,1631912400,HSL:2224_20210917_La_1_1250,224,HSL:2611261,Kotikyläntie
50520,50520,0,50520,50520,0,False,SCHEDULED,1631912400,HSL:2224_20210917_La_1_1320,224,HSL:2611261,Kotikyläntie
52320,52320,0,52320,52320,0,False,SCHEDULED,1631912400,HSL:2224_20210917_La_1_1350,224,HSL:2611261,Kotikyläntie
54120,54120,0,54120,54120,0,False,SCHEDULED,1631912400,HSL:2224_20210917_La_1_1420,224,HSL:2611261,Kotikyläntie
94200,94200,0,94200,94200,0,False,SCHEDULED,1631912400,HSL:1023N_20210917_La_1_2605,23N,HSL:1040136,Aleksant. teatteri
95400,95400,0,95400,95400,0,False,SCHEDULED,1631912400,HSL:1023N_20210917_La_1_2625,23N,HSL:1040136,Aleksant. teatteri
96600,96600,0,96600,96600,0,False,SCHEDULED,1631912400,HSL:1023N_20210917_La_1_2645,23N,HSL:1040136,Aleksant. teatteri
97800,97800,0,97800,97800,0,False,SCHEDULED,1631912400,HSL:1023N_20210917_La_1_2705,23N,HSL:1040136,Aleksant. teatteri
99000,99000,0,99000,99000,0,False,SCHEDULED,1631912400,HSL:1023N_20210917_La_1_2725,23N,HSL:1040136,Aleksant. teatteri
46980,47065,85,46980,47065,85,True,UPDATED,1631912400,HSL:2224_20210917_La_1_1220,224,HSL:2611268,Kylähallinaukio
48840,48840,0,48840,48840,0,False,SCHEDULED,1631912400,HSL:2224_20210917_La_1_1250,224,HSL:2611268,Kylähallinaukio
50640,50640,0,50640,50640,0,False,SCHEDULED,1631912400,HSL:2224_20210917_La_1_1320,224,HSL:2611268,Kylähallinaukio
52440,52440,0,52440,52440,0,False,SCHEDULED,1631912400,HSL:2224_20210917_La_1_1350,224,HSL:2611268,Kylähallinaukio
54240,54240,0,54240,54240,0,False,SCHEDULED,1631912400,HSL:2224_20210917_La_1_1420,224,HSL:2611268,Kylähallinaukio
45600,45659,59,45660,45669,9,True,UPDATED,1631912400,HSL:1075_20210917_La_2_1232,75,HSL:1413158,Suurmetsäntie
46080,46102,22,46080,46106,26,True,UPDATED,1631912400,HSL:1069_20210917_La_1_1143,69,HSL:1413158,Suurmetsäntie
46260,46202,-58,46260,46208,-52,True,UPDATED,1631912400,HSL:1077_20210917_La_1_1220,77,HSL:1413158,Suurmetsäntie
46800,46800,0,46860,46860,0,False,SCHEDULED,1631912400,HSL:1075_20210917_La_2_1252,75,HSL:1413158,Suurmetsäntie
47280,47324,44,47280,47324,44,True,UPDATED,1631912400,HSL:1069_20210917_La_1_1203,69,HSL:1413158,Suurmetsäntie
85440,85440,0,85440,85440,0,False,SCHEDULED,1631912400,HSL:1021N_20210917_La_1_2340,21N,HSL:1040133,Ruoholahdenkatu
87240,87240,0,87240,87240,0,False,SCHEDULED,1631912400,HSL:1021N_20210917_La_1_2410,21N,HSL:1040133,Ruoholahdenkatu
89040,89040,0,89040,89040,0,False,SCHEDULED,1631912400,HSL:1021N_20210917_La_1_2440,21N,HSL:1040133,Ruoholahdenkatu
90840,90840,0,90840,90840,0,False,SCHEDULED,1631912400,HSL:1021N_20210917_La_1_2510,21N,HSL:1040133,Ruoholahdenkatu
92640,92640,0,92640,92640,0,False,SCHEDULED,1631912400,HSL:1021N_20210917_La_1_2540,21N,HSL:1040133,Ruoholahdenkatu
46560,46560,0,46560,46560,0,False,SCHEDULED,1631912400,HSL:9844_20210917_La_2_1255,844,HSL:9208280,Kaunokkitie
53760,53760,0,53760,53760,0,False,SCHEDULED,1631912400,HSL:9844_20210917_La_2_1455,844,HSL:9208280,Kaunokkitie
57360,57360,0,57360,57360,0,False,SCHEDULED,1631912400,HSL:9844_20210917_La_2_1555,844,HSL:9208280,Kaunokkitie
64560,64560,0,64560,64560,0,False,SCHEDULED,1631912400,HSL:9844_20210917_La_2_1755,844,HSL:9208280,Kaunokkitie
68160,68160,0,68160,68160,0,False,SCHEDULED,1631912400,HSL:9844_20210917_La_2_1855,844,HSL:9208280,Kaunokkitie
45120,45354,234,45120,45383,263,True,UPDATED,1631912400,HSL:1037_20210917_La_2_1153,37,HSL:1040130,Fredrikinkatu
45420,45374,-46,45420,45403,-17,True,UPDATED,1631912400,HSL:1069_20210917_La_2_1122,69,HSL:1040130,Fredrikinkatu
45900,45924,24,45900,45956,56,True,UPDATED,1631912400,HSL:1041_20210917_La_2_1211,41,HSL:1040130,Fredrikinkatu
45960,45960,0,45960,45960,0,True,UPDATED,1631912400,HSL:1024_20210917_La_2_1229,24,HSL:1040130,Fredrikinkatu
45540,45974,434,45540,45974,434,True,UPDATED,1631912400,HSL:1042_20210917_La_2_1206,42,HSL:1040130,Fredrikinkatu
45720,45720,0,45720,45720,0,False,SCHEDULED,1631912400,HSL:5565_20210917_La_2_1242,565,HSL:2611270,Espoontori
45720,45720,0,45720,45720,0,False,SCHEDULED,1631912400,HSL:2246K_20210917_La_1_1242,246K,HSL:2611270,Espoontori
46800,46800,0,46800,46800,0,False,SCHEDULED,1631912400,HSL:2582_20210917_La_1_1300,582,HSL:2611270,Espoontori
47520,47520,0,47520,47520,0,False,SCHEDULED,1631912400,HSL:5565_20210917_La_2_1312,565,HSL:2611270,Espoontori
48600,48600,0,48600,48600,0,False,SCHEDULED,1631912400,HSL:2582_20210917_La_1_1330,582,HSL:2611270,Espoontori
46080,46152,72,46080,46152,72,True,UPDATED,1631912400,HSL:9844_20210917_La_1_1220,844,HSL:9208276,Jäkälätie
53280,53280,0,53280,53280,0,False,SCHEDULED,1631912400,HSL:9844_20210917_La_1_1418,844,HSL:9208276,Jäkälätie
56880,56880,0,56880,56880,0,False,SCHEDULED,1631912400,HSL:9844_20210917_La_1_1518,844,HSL:9208276,Jäkälätie
64020,64020,0,64020,64020,0,False,SCHEDULED,1631912400,HSL:9844_20210917_La_1_1718,844,HSL:9208276,Jäkälätie
67680,67680,0,67680,67680,0,False,SCHEDULED,1631912400,HSL:9844_20210917_La_1_1820,844,HSL:9208276,Jäkälätie
47580,47637,57,47580,47641,61,True,UPDATED,1631912400,HSL:2436_20210917_La_1_1232,436,HSL:4120216,Vanhankyläntie
51180,51180,0,51180,51180,0,False,SCHEDULED,1631912400,HSL:2436_20210917_La_1_1332,436,HSL:4120216,Vanhankyläntie
54840,54840,0,54840,54840,0,False,SCHEDULED,1631912400,HSL:2436_20210917_La_1_1432,436,HSL:4120216,Vanhankyläntie
58440,58440,0,58440,58440,0,False,SCHEDULED,1631912400,HSL:2436_20210917_La_1_1532,436,HSL:4120216,Vanhankyläntie
61980,61980,0,61980,61980,0,False,SCHEDULED,1631912400,HSL:2436_20210917_La_1_1632,436,HSL:4120216,Vanhankyläntie
45660,45668,8,45660,45672,12,True,UPDATED,1631912400,HSL:2436_20210917_La_2_1229,436,HSL:4120217,Vanhankyläntie
49260,49260,0,49260,49260,0,False,SCHEDULED,1631912400,HSL:2436_20210917_La_2_1329,436,HSL:4120217,Vanhankyläntie
52860,52860,0,52860,52860,0,False,SCHEDULED,1631912400,HSL:2436_20210917_La_2_1429,436,HSL:4120217,Vanhankyläntie
56460,56460,0,56460,56460,0,False,SCHEDULED,1631912400,HSL:2436_20210917_La_2_1529,436,HSL:4120217,Vanhankyläntie
60060,60060,0,60060,60060,0,False,SCHEDULED,1631912400,HSL:2436_20210917_La_2_1629,436,HSL:4120217,Vanhankyläntie
46200,46272,72,46200,46272,72,True,UPDATED,1631912400,HSL:9844_20210917_La_1_1220,844,HSL:9208278,Kallioimarteenkj
53400,53400,0,53400,53400,0,False,SCHEDULED,1631912400,HSL:9844_20210917_La_1_1418,844,HSL:9208278,Kallioimarteenkj
57000,57000,0,57000,57000,0,False,SCHEDULED,1631912400,HSL:9844_20210917_La_1_1518,844,HSL:9208278,Kallioimarteenkj
64140,64140,0,64140,64140,0,False,SCHEDULED,1631912400,HSL:9844_20210917_La_1_1718,844,HSL:9208278,Kallioimarteenkj
67800,67800,0,67800,67800,0,False,SCHEDULED,1631912400,HSL:9844_20210917_La_1_1820,844,HSL:9208278,Kallioimarteenkj
45480,45580,100,45480,45587,107,True,UPDATED,1631912400,HSL:2345N_20210917_La_1_1205,345N,HSL:4120218,Pähkinätie
46200,46200,0,46200,46200,0,False,SCHEDULED,1631912400,HSL:4311_20210917_La_1_1239,311,HSL:4120218,Pähkinätie
47640,47640,0,47640,47640,0,False,SCHEDULED,1631912400,HSL:4322_20210917_La_1_1241,322,HSL:4120218,Pähkinätie
48000,48000,0,48000,48000,0,False,SCHEDULED,1631912400,HSL:4311_20210917_La_1_1309,311,HSL:4120218,Pähkinätie
49080,49080,0,49080,49080,0,False,SCHEDULED,1631912400,HSL:2345N_20210917_La_1_1305,345N,HSL:4120218,Pähkinätie
46620,46620,0,46620,46620,0,False,SCHEDULED,1631912400,HSL:9844_20210917_La_2_1255,844,HSL:9208279,Kallioimarteenkj
53820,53820,0,53820,53820,0,False,SCHEDULED,1631912400,HSL:9844_20210917_La_2_1455,844,HSL:9208279,Kallioimarteenkj
57420,57420,0,57420,57420,0,False,SCHEDULED,1631912400,HSL:9844_20210917_La_2_1555,844,HSL:9208279,Kallioimarteenkj
64620,64620,0,64620,64620,0,False,SCHEDULED,1631912400,HSL:9844_20210917_La_2_1755,844,HSL:9208279,Kallioimarteenkj
68220,68220,0,68220,68220,0,False,SCHEDULED,1631912400,HSL:9844_20210917_La_2_1855,844,HSL:9208279,Kallioimarteenkj
45600,45710,110,45600,45713,113,True,UPDATED,1631912400,HSL:2345N_20210917_La_1_1205,345N,HSL:4120219,Santamäentie
46320,46320,0,46320,46320,0,False,SCHEDULED,1631912400,HSL:4311_20210917_La_1_1239,311,HSL:4120219,Santamäentie
47760,47760,0,47760,47760,0,False,SCHEDULED,1631912400,HSL:4322_20210917_La_1_1241,322,HSL:4120219,Santamäentie
48120,48120,0,48120,48120,0,False,SCHEDULED,1631912400,HSL:4311_20210917_La_1_1309,311,HSL:4120219,Santamäentie
49200,49200,0,49200,49200,0,False,SCHEDULED,1631912400,HSL:2345N_20210917_La_1_1305,345N,HSL:4120219,Santamäentie
45360,45454,94,45360,45461,101,True,UPDATED,1631912400,HSL:2145_20210917_La_1_1222,145,HSL:2412228,Kaskivuori
45300,45558,258,45300,45562,262,True,UPDATED,1631912400,HSL:2543_20210917_La_1_1155,543,HSL:2412228,Kaskivuori
45720,45670,-50,45720,45677,-43,True,UPDATED,1631912400,HSL:2143_20210917_La_1_1231,143,HSL:2412228,Kaskivuori
46140,46140,0,46140,46140,0,False,SCHEDULED,1631912400,HSL:2147_20210917_La_1_1238,147,HSL:2412228,Kaskivuori
46620,46620,0,46620,46620,0,False,SCHEDULED,1631912400,HSL:2143_20210917_La_1_1246,143,HSL:2412228,Kaskivuori
45300,45315,15,45300,45327,27,True,UPDATED,1631912400,HSL:2143_20210917_La_2_1226,143,HSL:2412227,Kaskivuori
45360,45351,-9,45360,45359,-1,True,UPDATED,1631912400,HSL:2145_20210917_La_2_1224,145,HSL:2412227,Kaskivuori
45840,45840,0,45840,45840,0,False,SCHEDULED,1631912400,HSL:2147_20210917_La_2_1233,147,HSL:2412227,Kaskivuori
46200,46200,0,46200,46200,0,False,SCHEDULED,1631912400,HSL:2143_20210917_La_2_1241,143,HSL:2412227,Kaskivuori
46740,46740,0,46740,46740,0,False,SCHEDULED,1631912400,HSL:2147_20210917_La_2_1248,147,HSL:2412227,Kaskivuori
45420,45534,114,45420,45534,114,True,UPDATED,1631912400,HSL:2145_20210917_La_1_1222,145,HSL:2412229,Soukantori
45780,45801,21,45780,45802,22,True,UPDATED,1631912400,HSL:2143_20210917_La_1_1231,143,HSL:2412229,Soukantori
45840,45934,94,45840,45934,94,True,UPDATED,1631912400,HSL:2542_20210917_La_2_1207,542,HSL:2412229,Soukantori
46680,46680,0,46680,46680,0,False,SCHEDULED,1631912400,HSL:2143_20210917_La_1_1246,143,HSL:2412229,Soukantori
46740,46795,55,46740,46795,55,True,UPDATED,1631912400,HSL:2542_20210917_La_2_1222,542,HSL:2412229,Soukantori
45300,45317,17,45300,45328,28,True,UPDATED,1631912400,HSL:2147_20210917_La_1_1223,147,HSL:2412224,Kaskilaakso
45360,45632,272,45360,45638,278,True,UPDATED,1631912400,HSL:2543_20210917_La_1_1155,543,HSL:2412224,Kaskilaakso
46020,46020,0,46020,46020,0,False,SCHEDULED,1631912400,HSL:2542_20210917_La_1_1244,542,HSL:2412224,Kaskilaakso
46200,46200,0,46200,46200,0,False,SCHEDULED,1631912400,HSL:2147_20210917_La_1_1238,147,HSL:2412224,Kaskilaakso
46920,46920,0,46920,46920,0,False,SCHEDULED,1631912400,HSL:2542_20210917_La_1_1259,542,HSL:2412224,Kaskilaakso
45720,45720,0,45720,45720,0,False,SCHEDULED,1631912400,HSL:2147_20210917_La_2_1233,147,HSL:2412223,Kaskilaakso
45720,45856,136,45720,45856,136,True,UPDATED,1631912400,HSL:2542_20210917_La_2_1207,542,HSL:2412223,Kaskilaakso
46620,46620,0,46620,46620,0,False,SCHEDULED,1631912400,HSL:2147_20210917_La_2_1248,147,HSL:2412223,Kaskilaakso
46620,46691,71,46620,46697,77,True,UPDATED,1631912400,HSL:2542_20210917_La_2_1222,542,HSL:2412223,Kaskilaakso
46740,46740,0,46740,46740,0,False,SCHEDULED,1631912400,HSL:2543_20210917_La_2_1252,543,HSL:2412223,Kaskilaakso
45180,45351,171,45180,45371,191,True,UPDATED,1631912400,HSL:2345N_20210917_La_2_1208,345N,HSL:4120210,Lammaskuja
45840,45840,0,45840,45840,0,False,SCHEDULED,1631912400,HSL:4571_20210917_La_2_1241,571,HSL:4120210,Lammaskuja
46620,46620,0,46620,46620,0,False,SCHEDULED,1631912400,HSL:4322_20210917_La_2_1242,322,HSL:4120210,Lammaskuja
47100,47100,0,47100,47100,0,False,SCHEDULED,1631912400,HSL:4311_20210917_La_2_1258,311,HSL:4120210,Lammaskuja
47640,47640,0,47640,47640,0,False,SCHEDULED,1631912400,HSL:4571_20210917_La_2_1311,571,HSL:4120210,Lammaskuja
45960,46057,97,45960,46366,406,True,UPDATED,1631912400,HSL:2582_20210917_La_2_1212,582,HSL:2611271,Espoontori
46140,46272,132,46140,46441,301,True,UPDATED,1631912400,HSL:2246K_20210917_La_2_1214,246K,HSL:2611271,Espoontori
46500,46783,283,46500,46783,283,True,UPDATED,1631912400,HSL:5565_20210917_La_1_1208,565,HSL:2611271,Espoontori
47760,47760,0,47760,47760,0,False,SCHEDULED,1631912400,HSL:2582_20210917_La_2_1242,582,HSL:2611271,Espoontori
48360,48360,0,48360,48360,0,True,UPDATED,1631912400,HSL:5565_20210917_La_1_1238,565,HSL:2611271,Espoontori
45300,45569,269,45300,45589,289,True,UPDATED,1631912400,HSL:2543_20210917_La_1_1155,543,HSL:2412226,Ylä-Soukka
46020,46020,0,46020,46020,0,False,SCHEDULED,1631912400,HSL:2542_20210917_La_1_1244,542,HSL:2412226,Ylä-Soukka
46140,46140,0,46140,46140,0,False,SCHEDULED,1631912400,HSL:2147_20210917_La_1_1238,147,HSL:2412226,Ylä-Soukka
46920,46920,0,46920,46920,0,False,SCHEDULED,1631912400,HSL:2542_20210917_La_1_1259,542,HSL:2412226,Ylä-Soukka
47040,47040,0,47040,47040,0,False,SCHEDULED,1631912400,HSL:2147_20210917_La_1_1253,147,HSL:2412226,Ylä-Soukka
45780,45780,0,45780,45780,0,False,SCHEDULED,1631912400,HSL:2147_20210917_La_2_1233,147,HSL:2412225,Ylä-Soukka
45780,45882,102,45780,45896,116,True,UPDATED,1631912400,HSL:2542_20210917_La_2_1207,542,HSL:2412225,Ylä-Soukka
46680,46680,0,46680,46680,0,False,SCHEDULED,1631912400,HSL:2147_20210917_La_2_1248,147,HSL:2412225,Ylä-Soukka
46680,46724,44,46680,46735,55,True,UPDATED,1631912400,HSL:2542_20210917_La_2_1222,542,HSL:2412225,Ylä-Soukka
46800,46800,0,46800,46800,0,False,SCHEDULED,1631912400,HSL:2543_20210917_La_2_1252,543,HSL:2412225,Ylä-Soukka
45120,45304,184,45120,45314,194,True,UPDATED,1631912400,HSL:2345N_20210917_La_2_1208,345N,HSL:4120211,Pähkinätie
46560,46560,0,46560,46560,0,False,SCHEDULED,1631912400,HSL:4322_20210917_La_2_1242,322,HSL:4120211,Pähkinätie
47040,47040,0,47040,47040,0,False,SCHEDULED,1631912400,HSL:4311_20210917_La_2_1258,311,HSL:4120211,Pähkinätie
48720,48720,0,48720,48720,0,False,SCHEDULED,1631912400,HSL:2345N_20210917_La_2_1308,345N,HSL:4120211,Pähkinätie
48840,48840,0,48840,48840,0,False,SCHEDULED,1631912400,HSL:4311_20210917_La_2_1328,311,HSL:4120211,Pähkinätie
45780,45807,27,45780,45810,30,True,UPDATED,1631912400,HSL:1069_20210917_La_1_1143,69,HSL:1384147,Valuraudantie
45900,45915,15,45900,45919,19,True,UPDATED,1631912400,HSL:1077_20210917_La_1_1220,77,HSL:1384147,Valuraudantie
46980,47024,44,46980,47024,44,True,UPDATED,1631912400,HSL:1069_20210917_La_1_1203,69,HSL:1384147,Valuraudantie
47100,47100,0,47100,47100,0,False,SCHEDULED,1631912400,HSL:1077_20210917_La_1_1240,77,HSL:1384147,Valuraudantie
48180,48293,113,48180,48294,114,True,UPDATED,1631912400,HSL:1069_20210917_La_1_1222,69,HSL:1384147,Valuraudantie
45180,45319,139,45180,45325,145,True,UPDATED,1631912400,HSL:2542_20210917_La_1_1229,542,HSL:2412222,Soukanlahti
45360,45360,0,45360,45370,10,True,UPDATED,1631912400,HSL:2147_20210917_La_1_1223,147,HSL:2412222,Soukanlahti
45420,45682,262,45420,45688,268,True,UPDATED,1631912400,HSL:2543_20210917_La_1_1155,543,HSL:2412222,Soukanlahti
46080,46080,0,46080,46080,0,False,SCHEDULED,1631912400,HSL:2542_20210917_La_1_1244,542,HSL:2412222,Soukanlahti
46260,46260,0,46260,46260,0,False,SCHEDULED,1631912400,HSL:2147_20210917_La_1_1238,147,HSL:2412222,Soukanlahti
45660,45660,0,45660,45660,0,False,SCHEDULED,1631912400,HSL:2147_20210917_La_2_1233,147,HSL:2412221,Soukanlahti
45660,45810,150,45660,45842,182,True,UPDATED,1631912400,HSL:2542_20210917_La_2_1207,542,HSL:2412221,Soukanlahti
46560,46560,0,46560,46560,0,False,SCHEDULED,1631912400,HSL:2147_20210917_La_2_1248,147,HSL:2412221,Soukanlahti
46560,46652,92,46560,46655,95,True,UPDATED,1631912400,HSL:2542_20210917_La_2_1222,542,HSL:2412221,Soukanlahti
46680,46680,0,46680,46680,0,False,SCHEDULED,1631912400,HSL:2543_20210917_La_2_1252,543,HSL:2412221,Soukanlahti
45420,45476,56,45420,45476,56,True,UPDATED,1631912400,HSL:3001K_20210917_La_1_1211,K,HSL:4730501,Rekola
46020,46095,75,46020,46095,75,True,UPDATED,1631912400,HSL:3001K_20210917_La_1_1221,K,HSL:4730501,Rekola
46620,46681,61,46620,46681,61,True,UPDATED,1631912400,HSL:3001K_20210917_La_1_1231,K,HSL:4730501,Rekola
47220,47220,0,47220,47220,0,False,SCHEDULED,1631912400,HSL:3001K_20210917_La_1_1241,K,HSL:4730501,Rekola
47820,47820,0,47820,47820,0,False,SCHEDULED,1631912400,HSL:3001K_20210917_La_1_1251,K,HSL:4730501,Rekola
45540,45540,0,45600,45600,0,False,SCHEDULED,1631912400,HSL:1030_20210917_La_2_1151,30,HSL:1040148,Kamppi (M)
45960,46050,90,46020,46110,90,True,UPDATED,1631912400,HSL:1020_20210917_La_2_1217,20,HSL:1040148,Kamppi (M)
46440,46702,262,46500,46762,262,True,UPDATED,1631912400,HSL:1030_20210917_La_2_1206,30,HSL:1040148,Kamppi (M)
46860,46900,40,46920,46960,40,True,UPDATED,1631912400,HSL:1020_20210917_La_2_1232,20,HSL:1040148,Kamppi (M)
47340,47600,260,47400,47660,260,True,UPDATED,1631912400,HSL:1030_20210917_La_2_1221,30,HSL:1040148,Kamppi (M)
48600,48600,0,48600,48600,0,False,SCHEDULED,1631912400,HSL:9842_20210917_La_2_1326,842,HSL:9208272,Sipoonl. levähd.al.
52200,52200,0,52200,52200,0,False,SCHEDULED,1631912400,HSL:9842_20210917_La_2_1426,842,HSL:9208272,Sipoonl. levähd.al.
55800,55800,0,55800,55800,0,False,SCHEDULED,1631912400,HSL:9842_20210917_La_2_1526,842,HSL:9208272,Sipoonl. levähd.al.
59400,59400,0,59400,59400,0,False,SCHEDULED,1631912400,HSL:9842_20210917_La_2_1626,842,HSL:9208272,Sipoonl. levähd.al.
63000,63000,0,63000,63000,0,False,SCHEDULED,1631912400,HSL:9842_20210917_La_2_1726,842,HSL:9208272,Sipoonl. levähd.al.
45120,45450,330,45120,45466,346,True,UPDATED,1631912400,HSL:4571_20210917_La_1_1130,571,HSL:4120209,Lammaskuja
45420,45553,133,45420,45570,150,True,UPDATED,1631912400,HSL:2345N_20210917_La_1_1205,345N,HSL:4120209,Lammaskuja
46200,46200,0,46200,46200,0,False,SCHEDULED,1631912400,HSL:4311_20210917_La_1_1239,311,HSL:4120209,Lammaskuja
46920,46950,30,46920,46965,45,True,UPDATED,1631912400,HSL:4571_20210917_La_1_1159,571,HSL:4120209,Lammaskuja
47580,47580,0,47580,47580,0,False,SCHEDULED,1631912400,HSL:4322_20210917_La_1_1241,322,HSL:4120209,Lammaskuja
46020,46092,72,46020,46092,72,True,UPDATED,1631912400,HSL:9844_20210917_La_1_1220,844,HSL:9208273,Tasbyntie
53220,53220,0,53220,53220,0,False,SCHEDULED,1631912400,HSL:9844_20210917_La_1_1418,844,HSL:9208273,Tasbyntie
56820,56820,0,56820,56820,0,False,SCHEDULED,1631912400,HSL:9844_20210917_La_1_1518,844,HSL:9208273,Tasbyntie
63960,63960,0,63960,63960,0,False,SCHEDULED,1631912400,HSL:9844_20210917_La_1_1718,844,HSL:9208273,Tasbyntie
67620,67620,0,67620,67620,0,False,SCHEDULED,1631912400,HSL:9844_20210917_La_1_1820,844,HSL:9208273,Tasbyntie
48720,48720,0,48720,48720,0,False,SCHEDULED,1631912400,HSL:9842_20210917_La_2_1326,842,HSL:9208274,Työpaikkatie
52320,52320,0,52320,52320,0,False,SCHEDULED,1631912400,HSL:9842_20210917_La_2_1426,842,HSL:9208274,Työpaikkatie
55920,55920,0,55920,55920,0,False,SCHEDULED,1631912400,HSL:9842_20210917_La_2_1526,842,HSL:9208274,Työpaikkatie
59520,59520,0,59520,59520,0,False,SCHEDULED,1631912400,HSL:9842_20210917_La_2_1626,842,HSL:9208274,Työpaikkatie
63120,63120,0,63120,63120,0,False,SCHEDULED,1631912400,HSL:9842_20210917_La_2_1726,842,HSL:9208274,Työpaikkatie
46800,46800,0,46800,46800,0,False,SCHEDULED,1631912400,HSL:9844_20210917_La_2_1255,844,HSL:9208275,Tasbyntie
54000,54000,0,54000,54000,0,False,SCHEDULED,1631912400,HSL:9844_20210917_La_2_1455,844,HSL:9208275,Tasbyntie
57600,57600,0,57600,57600,0,False,SCHEDULED,1631912400,HSL:9844_20210917_La_2_1555,844,HSL:9208275,Tasbyntie
64800,64800,0,64800,64800,0,False,SCHEDULED,1631912400,HSL:9844_20210917_La_2_1755,844,HSL:9208275,Tasbyntie
68400,68400,0,68400,68400,0,False,SCHEDULED,1631912400,HSL:9844_20210917_La_2_1855,844,HSL:9208275,Tasbyntie
45540,45533,-7,45600,45600,0,True,UPDATED,1631912400,HSL:1020_20210917_La_1_1230,20,HSL:1040144,Kamppi (M)
45960,45960,0,46020,46020,0,True,UPDATED,1631912400,HSL:1030_20210917_La_1_1237,30,HSL:1040144,Kamppi (M)
46440,46440,0,46500,46500,0,False,SCHEDULED,1631912400,HSL:1020_20210917_La_1_1245,20,HSL:1040144,Kamppi (M)
46860,46860,0,46920,46920,0,False,SCHEDULED,1631912400,HSL:1030_20210917_La_1_1252,30,HSL:1040144,Kamppi (M)
47340,47340,0,47400,47400,0,False,SCHEDULED,1631912400,HSL:1020_20210917_La_1_1300,20,HSL:1040144,Kamppi (M)
48660,48660,0,48660,48660,0,False,SCHEDULED,1631912400,HSL:9842_20210917_La_2_1326,842,HSL:9208270,Kay Hartwallin tie
52260,52260,0,52260,52260,0,False,SCHEDULED,1631912400,HSL:9842_20210917_La_2_1426,842,HSL:9208270,Kay Hartwallin tie
55860,55860,0,55860,55860,0,False,SCHEDULED,1631912400,HSL:9842_20210917_La_2_1526,842,HSL:9208270,Kay Hartwallin tie
59460,59460,0,59460,59460,0,False,SCHEDULED,1631912400,HSL:9842_20210917_La_2_1626,842,HSL:9208270,Kay Hartwallin tie
63060,63060,0,63060,63060,0,False,SCHEDULED,1631912400,HSL:9842_20210917_La_2_1726,842,HSL:9208270,Kay Hartwallin tie
45780,45832,52,45780,45838,58,True,UPDATED,1631912400,HSL:1069_20210917_La_1_1143,69,HSL:1384149,Malmin lentokenttä
45960,45948,-12,45960,45949,-11,True,UPDATED,1631912400,HSL:1077_20210917_La_1_1220,77,HSL:1384149,Malmin lentokenttä
46980,47024,44,46980,47024,44,True,UPDATED,1631912400,HSL:1069_20210917_La_1_1203,69,HSL:1384149,Malmin lentokenttä
47160,47160,0,47160,47160,0,False,SCHEDULED,1631912400,HSL:1077_20210917_La_1_1240,77,HSL:1384149,Malmin lentokenttä
48180,48314,134,48180,48321,141,True,UPDATED,1631912400,HSL:1069_20210917_La_1_1222,69,HSL:1384149,Malmin lentokenttä
47340,47340,0,47340,47340,0,False,SCHEDULED,1631912400,HSL:9842_20210917_La_1_1240,842,HSL:9208271,Työpaikkatie
50820,50820,0,50820,50820,0,False,SCHEDULED,1631912400,HSL:9842_20210917_La_1_1338,842,HSL:9208271,Työpaikkatie
54540,54540,0,54540,54540,0,False,SCHEDULED,1631912400,HSL:9842_20210917_La_1_1438,842,HSL:9208271,Työpaikkatie
58140,58140,0,58140,58140,0,False,SCHEDULED,1631912400,HSL:9842_20210917_La_1_1538,842,HSL:9208271,Työpaikkatie
61740,61740,0,61740,61740,0,False,SCHEDULED,1631912400,HSL:9842_20210917_La_1_1638,842,HSL:9208271,Työpaikkatie
45900,45900,0,45900,45900,0,False,SCHEDULED,1631912400,HSL:1081_20210917_La_1_1223,81,HSL:1431147,Kettutie
46800,46800,0,46800,46800,0,True,UPDATED,1631912400,HSL:1081_20210917_La_1_1238,81,HSL:1431147,Kettutie
47700,47700,0,47700,47700,0,False,SCHEDULED,1631912400,HSL:1081_20210917_La_1_1253,81,HSL:1431147,Kettutie
48600,48600,0,48600,48600,0,False,SCHEDULED,1631912400,HSL:1081_20210917_La_1_1308,81,HSL:1431147,Kettutie
49500,49500,0,49500,49500,0,False,SCHEDULED,1631912400,HSL:1081_20210917_La_1_1323,81,HSL:1431147,Kettutie
45720,45720,0,45720,45720,0,True,UPDATED,1631912400,HSL:1081_20210917_La_2_1238,81,HSL:1431146,Eränkävijäntori
46620,46620,0,46620,46620,0,False,SCHEDULED,1631912400,HSL:1081_20210917_La_2_1253,81,HSL:1431146,Eränkävijäntori
47520,47520,0,47520,47520,0,False,SCHEDULED,1631912400,HSL:1081_20210917_La_2_1308,81,HSL:1431146,Eränkävijäntori
48420,48420,0,48420,48420,0,False,SCHEDULED,1631912400,HSL:1081_20210917_La_2_1323,81,HSL:1431146,Eränkävijäntori
49320,49320,0,49320,49320,0,False,SCHEDULED,1631912400,HSL:1081_20210917_La_2_1338,81,HSL:1431146,Eränkävijäntori
45840,45840,0,45840,45840,0,False,SCHEDULED,1631912400,HSL:1081_20210917_La_1_1223,81,HSL:1431145,Eränkävijäntori
46740,46740,0,46740,46740,0,True,UPDATED,1631912400,HSL:1081_20210917_La_1_1238,81,HSL:1431145,Eränkävijäntori
47640,47640,0,47640,47640,0,False,SCHEDULED,1631912400,HSL:1081_20210917_La_1_1253,81,HSL:1431145,Eränkävijäntori
48540,48540,0,48540,48540,0,False,SCHEDULED,1631912400,HSL:1081_20210917_La_1_1308,81,HSL:1431145,Eränkävijäntori
49440,49440,0,49440,49440,0,False,SCHEDULED,1631912400,HSL:1081_20210917_La_1_1323,81,HSL:1431145,Eränkävijäntori
45780,45780,0,45780,45780,0,True,UPDATED,1631912400,HSL:1081_20210917_La_2_1238,81,HSL:1431144,Majavatie
46680,46680,0,46680,46680,0,False,SCHEDULED,1631912400,HSL:1081_20210917_La_2_1253,81,HSL:1431144,Majavatie
47580,47580,0,47580,47580,0,False,SCHEDULED,1631912400,HSL:1081_20210917_La_2_1308,81,HSL:1431144,Majavatie
48480,48480,0,48480,48480,0,False,SCHEDULED,1631912400,HSL:1081_20210917_La_2_1323,81,HSL:1431144,Majavatie
49380,49380,0,49380,49380,0,False,SCHEDULED,1631912400,HSL:1081_20210917_La_2_1338,81,HSL:1431144,Majavatie
46140,46153,13,46140,46153,13,True,UPDATED,1631912400,HSL:3002A_20210917_La_1_1233,A,HSL:2111504,Leppävaara
46560,46560,0,46560,46560,0,False,SCHEDULED,1631912400,HSL:3002A_20210917_La_2_1256,A,HSL:2111504,Leppävaara
47940,47940,0,47940,47940,0,False,SCHEDULED,1631912400,HSL:3002A_20210917_La_1_1303,A,HSL:2111504,Leppävaara
48360,48360,0,48360,48360,0,False,SCHEDULED,1631912400,HSL:3002A_20210917_La_2_1326,A,HSL:2111504,Leppävaara
49740,49740,0,49740,49740,0,False,SCHEDULED,1631912400,HSL:3002A_20210917_La_1_1333,A,HSL:2111504,Leppävaara
45540,45543,3,45540,45543,3,True,UPDATED,1631912400,HSL:3002E_20210917_La_1_1227,E,HSL:2111502,Leppävaara
46440,46440,0,46440,46440,0,False,SCHEDULED,1631912400,HSL:3002U_20210917_La_1_1242,U,HSL:2111502,Leppävaara
47340,47340,0,47340,47340,0,False,SCHEDULED,1631912400,HSL:3002E_20210917_La_1_1257,E,HSL:2111502,Leppävaara
48240,48240,0,48240,48240,0,False,SCHEDULED,1631912400,HSL:3002U_20210917_La_1_1312,U,HSL:2111502,Leppävaara
49140,49140,0,49140,49140,0,False,SCHEDULED,1631912400,HSL:3002E_20210917_La_1_1327,E,HSL:2111502,Leppävaara
45720,45720,0,45720,45720,0,True,UPDATED,1631912400,HSL:1081_20210917_La_2_1238,81,HSL:1431148,Kettutie
46620,46620,0,46620,46620,0,False,SCHEDULED,1631912400,HSL:1081_20210917_La_2_1253,81,HSL:1431148,Kettutie
47520,47520,0,47520,47520,0,False,SCHEDULED,1631912400,HSL:1081_20210917_La_2_1308,81,HSL:1431148,Kettutie
48420,48420,0,48420,48420,0,False,SCHEDULED,1631912400,HSL:1081_20210917_La_2_1323,81,HSL:1431148,Kettutie
49320,49320,0,49320,49320,0,False,SCHEDULED,1631912400,HSL:1081_20210917_La_2_1338,81,HSL:1431148,Kettutie
82200,82200,0,82260,82260,0,False,SCHEDULED,1631912400,HSL:3002L_20210917_La_1_2233,L,HSL:2111503,Leppävaara
84000,84000,0,84060,84060,0,False,SCHEDULED,1631912400,HSL:3002L7_20210917_La_1_2303,L,HSL:2111503,Leppävaara
85800,85800,0,85860,85860,0,False,SCHEDULED,1631912400,HSL:3002L_20210917_La_1_2333,L,HSL:2111503,Leppävaara
87600,87600,0,87660,87660,0,False,SCHEDULED,1631912400,HSL:3002L_20210917_La_1_2403,L,HSL:2111503,Leppävaara
91200,91200,0,91260,91260,0,False,SCHEDULED,1631912400,HSL:3002L_20210917_La_1_2503,L,HSL:2111503,Leppävaara
45840,45959,119,45840,45959,119,True,UPDATED,1631912400,HSL:3002P_20210917_La_1_1218,P,HSL:4230551,Kivistö
46440,46521,81,46440,46521,81,True,UPDATED,1631912400,HSL:3002P_20210917_La_1_1228,P,HSL:4230551,Kivistö
47040,47040,0,47040,47040,0,False,SCHEDULED,1631912400,HSL:3002P_20210917_La_1_1238,P,HSL:4230551,Kivistö
47640,47640,0,47640,47640,0,False,SCHEDULED,1631912400,HSL:3002P_20210917_La_1_1248,P,HSL:4230551,Kivistö
48240,48240,0,48240,48240,0,False,SCHEDULED,1631912400,HSL:3002P_20210917_La_1_1258,P,HSL:4230551,Kivistö
46740,46740,0,46740,46740,0,False,SCHEDULED,1631912400,HSL:1097V_20210917_La_2_1240,97V,HSL:1455130,Asiakkaankatu
48540,48540,0,48540,48540,0,False,SCHEDULED,1631912400,HSL:1097V_20210917_La_2_1310,97V,HSL:1455130,Asiakkaankatu
50340,50340,0,50340,50340,0,False,SCHEDULED,1631912400,HSL:1097V_20210917_La_2_1340,97V,HSL:1455130,Asiakkaankatu
52140,52140,0,52140,52140,0,False,SCHEDULED,1631912400,HSL:1097V_20210917_La_2_1410,97V,HSL:1455130,Asiakkaankatu
53940,53940,0,53940,53940,0,False,SCHEDULED,1631912400,HSL:1097V_20210917_La_2_1440,97V,HSL:1455130,Asiakkaankatu
46680,46680,0,46680,46680,0,False,SCHEDULED,1631912400,HSL:1097V_20210917_La_2_1240,97V,HSL:1455132,Voikukantie
48480,48480,0,48480,48480,0,False,SCHEDULED,1631912400,HSL:1097V_20210917_La_2_1310,97V,HSL:1455132,Voikukantie
50280,50280,0,50280,50280,0,False,SCHEDULED,1631912400,HSL:1097V_20210917_La_2_1340,97V,HSL:1455132,Voikukantie
52080,52080,0,52080,52080,0,False,SCHEDULED,1631912400,HSL:1097V_20210917_La_2_1410,97V,HSL:1455132,Voikukantie
53880,53880,0,53880,53880,0,False,SCHEDULED,1631912400,HSL:1097V_20210917_La_2_1440,97V,HSL:1455132,Voikukantie
45780,45780,0,45780,45780,0,False,SCHEDULED,1631912400,HSL:1081_20210917_La_1_1223,81,HSL:1431143,Majavatie
46680,46680,0,46680,46680,0,True,UPDATED,1631912400,HSL:1081_20210917_La_1_1238,81,HSL:1431143,Majavatie
47580,47580,0,47580,47580,0,False,SCHEDULED,1631912400,HSL:1081_20210917_La_1_1253,81,HSL:1431143,Majavatie
48480,48480,0,48480,48480,0,False,SCHEDULED,1631912400,HSL:1081_20210917_La_1_1308,81,HSL:1431143,Majavatie
49380,49380,0,49380,49380,0,False,SCHEDULED,1631912400,HSL:1081_20210917_La_1_1323,81,HSL:1431143,Majavatie
46080,46080,0,46080,46080,0,False,SCHEDULED,1631912400,HSL:1097V_20210917_La_1_1244,97V,HSL:1455131,Voikukantie
47940,47940,0,47940,47940,0,False,SCHEDULED,1631912400,HSL:1097V_20210917_La_1_1314,97V,HSL:1455131,Voikukantie
49740,49740,0,49740,49740,0,False,SCHEDULED,1631912400,HSL:1097V_20210917_La_1_1344,97V,HSL:1455131,Voikukantie
51540,51540,0,51540,51540,0,False,SCHEDULED,1631912400,HSL:1097V_20210917_La_1_1414,97V,HSL:1455131,Voikukantie
53340,53340,0,53340,53340,0,False,SCHEDULED,1631912400,HSL:1097V_20210917_La_1_1444,97V,HSL:1455131,Voikukantie
45840,45840,0,45840,45840,0,True,UPDATED,1631912400,HSL:1081_20210917_La_2_1238,81,HSL:1431142,Herttoniemen kirkko
46740,46740,0,46740,46740,0,False,SCHEDULED,1631912400,HSL:1081_20210917_La_2_1253,81,HSL:1431142,Herttoniemen kirkko
47640,47640,0,47640,47640,0,False,SCHEDULED,1631912400,HSL:1081_20210917_La_2_1308,81,HSL:1431142,Herttoniemen kirkko
48540,48540,0,48540,48540,0,False,SCHEDULED,1631912400,HSL:1081_20210917_La_2_1323,81,HSL:1431142,Herttoniemen kirkko
49440,49440,0,49440,49440,0,False,SCHEDULED,1631912400,HSL:1081_20210917_La_2_1338,81,HSL:1431142,Herttoniemen kirkko
45720,45720,0,45720,45720,0,False,SCHEDULED,1631912400,HSL:1081_20210917_La_1_1223,81,HSL:1431141,Herttoniemen kirkko
46620,46620,0,46620,46620,0,True,UPDATED,1631912400,HSL:1081_20210917_La_1_1238,81,HSL:1431141,Herttoniemen kirkko
47520,47520,0,47520,47520,0,False,SCHEDULED,1631912400,HSL:1081_20210917_La_1_1253,81,HSL:1431141,Herttoniemen kirkko
48420,48420,0,48420,48420,0,False,SCHEDULED,1631912400,HSL:1081_20210917_La_1_1308,81,HSL:1431141,Herttoniemen kirkko
49320,49320,0,49320,49320,0,False,SCHEDULED,1631912400,HSL:1081_20210917_La_1_1323,81,HSL:1431141,Herttoniemen kirkko
85020,85020,0,85020,85020,0,False,SCHEDULED,1631912400,HSL:1090N_20210917_La_2_2311,90N,HSL:1431140,Hiihtäjäntie
86820,86820,0,86820,86820,0,False,SCHEDULED,1631912400,HSL:1090N_20210917_La_2_2341,90N,HSL:1431140,Hiihtäjäntie
89280,89280,0,89280,89280,0,False,SCHEDULED,1631912400,HSL:1090N_20210917_La_2_2424,90N,HSL:1431140,Hiihtäjäntie
91680,91680,0,91680,91680,0,False,SCHEDULED,1631912400,HSL:1090N_20210917_La_2_2505,90N,HSL:1431140,Hiihtäjäntie
94080,94080,0,94080,94080,0,False,SCHEDULED,1631912400,HSL:1090N_20210917_La_2_2545,90N,HSL:1431140,Hiihtäjäntie
46020,46020,0,46020,46020,0,False,SCHEDULED,1631912400,HSL:1097V_20210917_La_1_1244,97V,HSL:1455129,Asiakkaankatu
47820,47820,0,47820,47820,0,False,SCHEDULED,1631912400,HSL:1097V_20210917_La_1_1314,97V,HSL:1455129,Asiakkaankatu
49620,49620,0,49620,49620,0,False,SCHEDULED,1631912400,HSL:1097V_20210917_La_1_1344,97V,HSL:1455129,Asiakkaankatu
51420,51420,0,51420,51420,0,False,SCHEDULED,1631912400,HSL:1097V_20210917_La_1_1414,97V,HSL:1455129,Asiakkaankatu
53220,53220,0,53220,53220,0,False,SCHEDULED,1631912400,HSL:1097V_20210917_La_1_1444,97V,HSL:1455129,Asiakkaankatu
45600,45517,-83,45600,45524,-76,True,UPDATED,1631912400,HSL:1500_20210917_La_1_1155,500,HSL:1304161,Munkkivuoren ostosk.
45420,45568,148,45420,45568,148,True,UPDATED,1631912400,HSL:1020_20210917_La_1_1200,20,HSL:1304161,Munkkivuoren ostosk.
46320,46377,57,46320,46377,57,True,UPDATED,1631912400,HSL:1020_20210917_La_1_1215,20,HSL:1304161,Munkkivuoren ostosk.
46500,46562,62,46500,46569,69,True,UPDATED,1631912400,HSL:1500_20210917_La_1_1210,500,HSL:1304161,Munkkivuoren ostosk.
47220,47220,0,47220,47220,0,True,UPDATED,1631912400,HSL:1020_20210917_La_1_1230,20,HSL:1304161,Munkkivuoren ostosk.
45900,45900,0,45900,45900,0,False,SCHEDULED,1631912400,HSL:1081_20210917_La_1_1223,81,HSL:1431150,Kettulehto
46800,46800,0,46800,46800,0,True,UPDATED,1631912400,HSL:1081_20210917_La_1_1238,81,HSL:1431150,Kettulehto
47700,47700,0,47700,47700,0,False,SCHEDULED,1631912400,HSL:1081_20210917_La_1_1253,81,HSL:1431150,Kettulehto
48600,48600,0,48600,48600,0,False,SCHEDULED,1631912400,HSL:1081_20210917_La_1_1308,81,HSL:1431150,Kettulehto
49500,49500,0,49500,49500,0,False,SCHEDULED,1631912400,HSL:1081_20210917_La_1_1323,81,HSL:1431150,Kettulehto
46020,46020,0,46020,46020,0,False,SCHEDULED,1631912400,HSL:1085_20210917_La_1_1231,85,HSL:1492151,Kellaripellonpolku
47220,47220,0,47220,47220,0,False,SCHEDULED,1631912400,HSL:1085_20210917_La_1_1251,85,HSL:1492151,Kellaripellonpolku
48420,48420,0,48420,48420,0,False,SCHEDULED,1631912400,HSL:1085_20210917_La_1_1311,85,HSL:1492151,Kellaripellonpolku
49680,49680,0,49680,49680,0,False,SCHEDULED,1631912400,HSL:1085_20210917_La_1_1331,85,HSL:1492151,Kellaripellonpolku
50880,50880,0,50880,50880,0,False,SCHEDULED,1631912400,HSL:1085_20210917_La_1_1351,85,HSL:1492151,Kellaripellonpolku
45360,45359,-1,45360,45374,14,True,UPDATED,1631912400,HSL:1085_20210917_La_2_1234,85,HSL:1492152,Kellaripellonpolku
46560,46560,0,46560,46560,0,False,SCHEDULED,1631912400,HSL:1085_20210917_La_2_1254,85,HSL:1492152,Kellaripellonpolku
47760,47760,0,47760,47760,0,False,SCHEDULED,1631912400,HSL:1085_20210917_La_2_1314,85,HSL:1492152,Kellaripellonpolku
48960,48960,0,48960,48960,0,False,SCHEDULED,1631912400,HSL:1085_20210917_La_2_1334,85,HSL:1492152,Kellaripellonpolku
50160,50160,0,50160,50160,0,False,SCHEDULED,1631912400,HSL:1085_20210917_La_2_1354,85,HSL:1492152,Kellaripellonpolku
45600,46095,495,45600,46102,502,True,UPDATED,1631912400,HSL:2510_20210917_La_2_1202,510,HSL:1100160,Tynnyrintekijänkatu
46020,46161,141,46020,46171,151,True,UPDATED,1631912400,HSL:1500_20210917_La_2_1221,500,HSL:1100160,Tynnyrintekijänkatu
46500,46731,231,46500,46740,240,True,UPDATED,1631912400,HSL:2510_20210917_La_2_1217,510,HSL:1100160,Tynnyrintekijänkatu
46920,46920,0,46920,46920,0,False,SCHEDULED,1631912400,HSL:1500_20210917_La_2_1236,500,HSL:1100160,Tynnyrintekijänkatu
47400,47499,99,47400,47507,107,True,UPDATED,1631912400,HSL:2510_20210917_La_2_1232,510,HSL:1100160,Tynnyrintekijänkatu
45240,45388,148,45240,45388,148,True,UPDATED,1631912400,HSL:1020_20210917_La_1_1200,20,HSL:1304157,Ulvilantie 17
46140,46197,57,46140,46197,57,True,UPDATED,1631912400,HSL:1020_20210917_La_1_1215,20,HSL:1304157,Ulvilantie 17
47040,47040,0,47040,47040,0,True,UPDATED,1631912400,HSL:1020_20210917_La_1_1230,20,HSL:1304157,Ulvilantie 17
47940,47940,0,47940,47940,0,False,SCHEDULED,1631912400,HSL:1020_20210917_La_1_1245,20,HSL:1304157,Ulvilantie 17
48900,48900,0,48900,48900,0,False,SCHEDULED,1631912400,HSL:1020_20210917_La_1_1300,20,HSL:1304157,Ulvilantie 17
45180,45460,280,45180,45461,281,True,UPDATED,1631912400,HSL:1055_20210917_La_1_1220,55,HSL:1100168,Agroksenkuja
45840,45840,0,45840,45840,0,False,SCHEDULED,1631912400,HSL:1056_20210917_La_1_1240,56,HSL:1100168,Agroksenkuja
46080,46080,0,46080,46080,0,False,SCHEDULED,1631912400,HSL:1055_20210917_La_1_1235,55,HSL:1100168,Agroksenkuja
46440,46440,0,46440,46440,0,False,SCHEDULED,1631912400,HSL:1056_20210917_La_1_1250,56,HSL:1100168,Agroksenkuja
46980,46980,0,46980,46980,0,False,SCHEDULED,1631912400,HSL:1055_20210917_La_1_1250,55,HSL:1100168,Agroksenkuja
45480,45427,-53,45480,45440,-40,True,UPDATED,1631912400,HSL:1500_20210917_La_1_1155,500,HSL:1304159,Ulvilantie 11
45360,45508,148,45360,45508,148,True,UPDATED,1631912400,HSL:1020_20210917_La_1_1200,20,HSL:1304159,Ulvilantie 11
46260,46317,57,46260,46317,57,True,UPDATED,1631912400,HSL:1020_20210917_La_1_1215,20,HSL:1304159,Ulvilantie 11
46380,46471,91,46380,46486,106,True,UPDATED,1631912400,HSL:1500_20210917_La_1_1210,500,HSL:1304159,Ulvilantie 11
47160,47160,0,47160,47160,0,True,UPDATED,1631912400,HSL:1020_20210917_La_1_1230,20,HSL:1304159,Ulvilantie 11
45780,45699,-81,45780,45732,-48,True,UPDATED,1631912400,HSL:1056_20210917_La_2_1212,56,HSL:1100167,Agroksenkuja
45840,45878,38,45840,45885,45,True,UPDATED,1631912400,HSL:1055_20210917_La_2_1229,55,HSL:1100167,Agroksenkuja
46320,46320,0,46320,46320,0,False,SCHEDULED,1631912400,HSL:1056_20210917_La_2_1221,56,HSL:1100167,Agroksenkuja
46740,46740,0,46740,46740,0,False,SCHEDULED,1631912400,HSL:1055_20210917_La_2_1244,55,HSL:1100167,Agroksenkuja
46920,46939,19,46920,46945,25,True,UPDATED,1631912400,HSL:1056_20210917_La_2_1231,56,HSL:1100167,Agroksenkuja
45960,45960,0,45960,45960,0,False,SCHEDULED,1631912400,HSL:1097V_20210917_La_1_1244,97V,HSL:1455110,Kauppakartanonkuja
47760,47760,0,47760,47760,0,False,SCHEDULED,1631912400,HSL:1097V_20210917_La_1_1314,97V,HSL:1455110,Kauppakartanonkuja
49560,49560,0,49560,49560,0,False,SCHEDULED,1631912400,HSL:1097V_20210917_La_1_1344,97V,HSL:1455110,Kauppakartanonkuja
51360,51360,0,51360,51360,0,False,SCHEDULED,1631912400,HSL:1097V_20210917_La_1_1414,97V,HSL:1455110,Kauppakartanonkuja
53160,53160,0,53160,53160,0,False,SCHEDULED,1631912400,HSL:1097V_20210917_La_1_1444,97V,HSL:1455110,Kauppakartanonkuja
45540,45660,120,45540,45667,127,True,UPDATED,1631912400,HSL:2549_20210917_La_2_1214,549,HSL:2212220,Pohjantie
45960,45936,-24,45960,45937,-23,True,UPDATED,1631912400,HSL:2548_20210917_La_2_1215,548,HSL:2212220,Pohjantie
46440,46471,31,46440,46476,36,True,UPDATED,1631912400,HSL:2549_20210917_La_2_1229,549,HSL:2212220,Pohjantie
46860,46862,2,46860,46862,2,True,UPDATED,1631912400,HSL:2548_20210917_La_2_1230,548,HSL:2212220,Pohjantie
47340,47340,0,47340,47340,0,False,SCHEDULED,1631912400,HSL:2549_20210917_La_2_1244,549,HSL:2212220,Pohjantie
45780,45808,28,45780,45812,32,True,UPDATED,1631912400,HSL:1082_20210917_La_1_1230,82,HSL:1455102,Itäpolku
46080,46080,0,46080,46080,0,False,SCHEDULED,1631912400,HSL:1098_20210917_La_2_1239,98,HSL:1455102,Itäpolku
46680,46680,0,46680,46680,0,False,SCHEDULED,1631912400,HSL:1082_20210917_La_1_1245,82,HSL:1455102,Itäpolku
46860,46860,0,46860,46860,0,False,SCHEDULED,1631912400,HSL:1097V_20210917_La_2_1240,97V,HSL:1455102,Itäpolku
47280,47280,0,47280,47280,0,False,SCHEDULED,1631912400,HSL:1098_20210917_La_2_1259,98,HSL:1455102,Itäpolku
45720,45720,0,45720,45720,0,False,SCHEDULED,1631912400,HSL:2114_20210917_La_1_1238,114,HSL:2212212,Urheilupuisto (M)
46620,46620,0,46620,46620,0,False,SCHEDULED,1631912400,HSL:2114_20210917_La_1_1253,114,HSL:2212212,Urheilupuisto (M)
47040,47040,0,47040,47040,0,False,SCHEDULED,1631912400,HSL:2115_20210917_La_1_1300,115,HSL:2212212,Urheilupuisto (M)
47520,47520,0,47520,47520,0,False,SCHEDULED,1631912400,HSL:2114_20210917_La_1_1308,114,HSL:2212212,Urheilupuisto (M)
48420,48420,0,48420,48420,0,False,SCHEDULED,1631912400,HSL:2114_20210917_La_1_1323,114,HSL:2212212,Urheilupuisto (M)
45300,45524,224,45300,45534,234,True,UPDATED,1631912400,HSL:2113_20210917_La_2_1214,113,HSL:2212217,WeeGee-talo
45480,45611,131,45480,45618,138,True,UPDATED,1631912400,HSL:2549_20210917_La_2_1214,549,HSL:2212217,WeeGee-talo
45720,45715,-5,45720,45718,-2,True,UPDATED,1631912400,HSL:2111_20210917_La_1_1230,111,HSL:2212217,WeeGee-talo
45900,45891,-9,45900,45891,-9,True,UPDATED,1631912400,HSL:2548_20210917_La_2_1215,548,HSL:2212217,WeeGee-talo
46200,46240,40,46200,46245,45,True,UPDATED,1631912400,HSL:2113_20210917_La_2_1229,113,HSL:2212217,WeeGee-talo
45420,45420,0,45420,45420,0,True,UPDATED,1631912400,HSL:2549_20210917_La_1_1235,549,HSL:2212216,WeeGee-talo
45840,45840,0,45840,45840,0,False,SCHEDULED,1631912400,HSL:2113_20210917_La_1_1242,113,HSL:2212216,WeeGee-talo
45900,45900,0,45900,45900,0,False,SCHEDULED,1631912400,HSL:2548_20210917_La_1_1243,548,HSL:2212216,WeeGee-talo
46140,46264,124,46140,46271,131,True,UPDATED,1631912400,HSL:2111_20210917_La_2_1223,111,HSL:2212216,WeeGee-talo
46320,46320,0,46320,46320,0,False,SCHEDULED,1631912400,HSL:2549_20210917_La_1_1250,549,HSL:2212216,WeeGee-talo
46800,46800,0,46800,46800,0,False,SCHEDULED,1631912400,HSL:1097V_20210917_La_2_1240,97V,HSL:1455109,Kauppakartanonkuja
48600,48600,0,48600,48600,0,False,SCHEDULED,1631912400,HSL:1097V_20210917_La_2_1310,97V,HSL:1455109,Kauppakartanonkuja
50400,50400,0,50400,50400,0,False,SCHEDULED,1631912400,HSL:1097V_20210917_La_2_1340,97V,HSL:1455109,Kauppakartanonkuja
52200,52200,0,52200,52200,0,False,SCHEDULED,1631912400,HSL:1097V_20210917_La_2_1410,97V,HSL:1455109,Kauppakartanonkuja
54000,54000,0,54000,54000,0,False,SCHEDULED,1631912400,HSL:1097V_20210917_La_2_1440,97V,HSL:1455109,Kauppakartanonkuja
45360,45576,216,45360,45584,224,True,UPDATED,1631912400,HSL:2113_20210917_La_2_1214,113,HSL:2212215,Pohjantie
45780,45778,-2,45780,45797,17,True,UPDATED,1631912400,HSL:2111_20210917_La_1_1230,111,HSL:2212215,Pohjantie
46260,46327,67,46260,46343,83,True,UPDATED,1631912400,HSL:2113_20210917_La_2_1229,113,HSL:2212215,Pohjantie
46680,46680,0,46680,46680,0,False,SCHEDULED,1631912400,HSL:2111_20210917_La_1_1245,111,HSL:2212215,Pohjantie
47160,47160,0,47160,47160,0,False,SCHEDULED,1631912400,HSL:2113_20210917_La_2_1244,113,HSL:2212215,Pohjantie
45360,45360,0,45360,45360,0,True,UPDATED,1631912400,HSL:2549_20210917_La_1_1235,549,HSL:2212214,Pohjantie
45780,45780,0,45780,45780,0,False,SCHEDULED,1631912400,HSL:2113_20210917_La_1_1242,113,HSL:2212214,Pohjantie
45840,45840,0,45840,45840,0,False,SCHEDULED,1631912400,HSL:2548_20210917_La_1_1243,548,HSL:2212214,Pohjantie
46080,46203,123,46080,46210,130,True,UPDATED,1631912400,HSL:2111_20210917_La_2_1223,111,HSL:2212214,Pohjantie
46260,46260,0,46260,46260,0,False,SCHEDULED,1631912400,HSL:2549_20210917_La_1_1250,549,HSL:2212214,Pohjantie
45780,45886,106,45780,45903,123,True,UPDATED,1631912400,HSL:1023_20210917_La_2_1213,23,HSL:1112155,Wallininkatu
46560,46522,-38,46560,46534,-26,True,UPDATED,1631912400,HSL:2502_20210917_La_2_1228,502,HSL:1112155,Wallininkatu
46980,47016,36,46980,47016,36,True,UPDATED,1631912400,HSL:1023_20210917_La_2_1233,23,HSL:1112155,Wallininkatu
47760,47760,0,47760,47760,0,False,SCHEDULED,1631912400,HSL:2502_20210917_La_2_1248,502,HSL:1112155,Wallininkatu
48180,48180,0,48180,48180,0,False,SCHEDULED,1631912400,HSL:1023_20210917_La_2_1253,23,HSL:1112155,Wallininkatu
45240,45464,224,45240,45471,231,True,UPDATED,1631912400,HSL:2113_20210917_La_2_1214,113,HSL:2212219,Kaskenkaataja
45420,45559,139,45420,45563,143,True,UPDATED,1631912400,HSL:2549_20210917_La_2_1214,549,HSL:2212219,Kaskenkaataja
45660,45654,-6,45660,45658,-2,True,UPDATED,1631912400,HSL:2111_20210917_La_1_1230,111,HSL:2212219,Kaskenkaataja
45840,45837,-3,45840,45840,0,True,UPDATED,1631912400,HSL:2548_20210917_La_2_1215,548,HSL:2212219,Kaskenkaataja
46140,46193,53,46140,46193,53,True,UPDATED,1631912400,HSL:2113_20210917_La_2_1229,113,HSL:2212219,Kaskenkaataja
45480,45480,0,45480,45480,0,True,UPDATED,1631912400,HSL:2549_20210917_La_1_1235,549,HSL:2212218,Kaskenkaataja
45840,45840,0,45840,45840,0,False,SCHEDULED,1631912400,HSL:2113_20210917_La_1_1242,113,HSL:2212218,Kaskenkaataja
45960,45960,0,45960,45960,0,False,SCHEDULED,1631912400,HSL:2548_20210917_La_1_1243,548,HSL:2212218,Kaskenkaataja
46140,46301,161,46140,46306,166,True,UPDATED,1631912400,HSL:2111_20210917_La_2_1223,111,HSL:2212218,Kaskenkaataja
46380,46380,0,46380,46380,0,False,SCHEDULED,1631912400,HSL:2549_20210917_La_1_1250,549,HSL:2212218,Kaskenkaataja
45840,45897,57,45840,45897,57,True,UPDATED,1631912400,HSL:1020_20210917_La_1_1215,20,HSL:1304140,Naantalintie
46740,46740,0,46740,46740,0,True,UPDATED,1631912400,HSL:1020_20210917_La_1_1230,20,HSL:1304140,Naantalintie
47640,47640,0,47640,47640,0,False,SCHEDULED,1631912400,HSL:1020_20210917_La_1_1245,20,HSL:1304140,Naantalintie
48540,48540,0,48540,48540,0,False,SCHEDULED,1631912400,HSL:1020_20210917_La_1_1300,20,HSL:1304140,Naantalintie
49440,49440,0,49440,49440,0,False,SCHEDULED,1631912400,HSL:1020_20210917_La_1_1315,20,HSL:1304140,Naantalintie
45120,45320,200,45120,45338,218,True,UPDATED,1631912400,HSL:1001_20210917_La_1_1210,1,HSL:1113480,Kaarlenkatu
45600,45609,9,45600,45640,40,True,UPDATED,1631912400,HSL:1003_20210917_La_1_1216,3,HSL:1113480,Kaarlenkatu
45840,45940,100,45840,45940,100,True,UPDATED,1631912400,HSL:1001_20210917_La_1_1222,1,HSL:1113480,Kaarlenkatu
45960,45912,-48,45960,45942,-18,True,UPDATED,1631912400,HSL:1009_20210917_La_1_1222,9,HSL:1113480,Kaarlenkatu
46320,46363,43,46320,46397,77,True,UPDATED,1631912400,HSL:1003_20210917_La_1_1228,3,HSL:1113480,Kaarlenkatu
46200,46200,0,46200,46200,0,False,SCHEDULED,1631912400,HSL:2502_20210917_La_1_1246,502,HSL:1112152,Kuntatalo
46260,46260,0,46260,46260,0,False,SCHEDULED,1631912400,HSL:1023_20210917_La_1_1243,23,HSL:1112152,Kuntatalo
47400,47400,0,47400,47400,0,False,SCHEDULED,1631912400,HSL:2502_20210917_La_1_1306,502,HSL:1112152,Kuntatalo
47460,47460,0,47460,47460,0,False,SCHEDULED,1631912400,HSL:1023_20210917_La_1_1303,23,HSL:1112152,Kuntatalo
48540,48540,0,48540,48540,0,False,SCHEDULED,1631912400,HSL:2502_20210917_La_1_1325,502,HSL:1112152,Kuntatalo
45840,45950,110,45840,45965,125,True,UPDATED,1631912400,HSL:1023_20210917_La_2_1213,23,HSL:1112153,Kuntatalo
46620,46571,-49,46620,46582,-38,True,UPDATED,1631912400,HSL:2502_20210917_La_2_1228,502,HSL:1112153,Kuntatalo
47040,47076,36,47040,47076,36,True,UPDATED,1631912400,HSL:1023_20210917_La_2_1233,23,HSL:1112153,Kuntatalo
47820,47820,0,47820,47820,0,False,SCHEDULED,1631912400,HSL:2502_20210917_La_2_1248,502,HSL:1112153,Kuntatalo
48240,48240,0,48240,48240,0,False,SCHEDULED,1631912400,HSL:1023_20210917_La_2_1253,23,HSL:1112153,Kuntatalo
46260,46260,0,46260,46260,0,False,SCHEDULED,1631912400,HSL:2502_20210917_La_1_1246,502,HSL:1112154,Wallininkatu
46320,46320,0,46320,46320,0,False,SCHEDULED,1631912400,HSL:1023_20210917_La_1_1243,23,HSL:1112154,Wallininkatu
47460,47460,0,47460,47460,0,False,SCHEDULED,1631912400,HSL:2502_20210917_La_1_1306,502,HSL:1112154,Wallininkatu
47520,47520,0,47520,47520,0,False,SCHEDULED,1631912400,HSL:1023_20210917_La_1_1303,23,HSL:1112154,Wallininkatu
48600,48600,0,48600,48600,0,False,SCHEDULED,1631912400,HSL:2502_20210917_La_1_1325,502,HSL:1112154,Wallininkatu
45960,46017,57,45960,46017,57,True,UPDATED,1631912400,HSL:1020_20210917_La_1_1215,20,HSL:1304142,Ulvilantie 21
46860,46860,0,46860,46860,0,True,UPDATED,1631912400,HSL:1020_20210917_La_1_1230,20,HSL:1304142,Ulvilantie 21
47760,47760,0,47760,47760,0,False,SCHEDULED,1631912400,HSL:1020_20210917_La_1_1245,20,HSL:1304142,Ulvilantie 21
48660,48660,0,48660,48660,0,False,SCHEDULED,1631912400,HSL:1020_20210917_La_1_1300,20,HSL:1304142,Ulvilantie 21
49560,49560,0,49560,49560,0,False,SCHEDULED,1631912400,HSL:1020_20210917_La_1_1315,20,HSL:1304142,Ulvilantie 21
45900,45957,57,45900,45957,57,True,UPDATED,1631912400,HSL:1020_20210917_La_1_1215,20,HSL:1304141,Ulvilantie 27
46800,46800,0,46800,46800,0,True,UPDATED,1631912400,HSL:1020_20210917_La_1_1230,20,HSL:1304141,Ulvilantie 27
47700,47700,0,47700,47700,0,False,SCHEDULED,1631912400,HSL:1020_20210917_La_1_1245,20,HSL:1304141,Ulvilantie 27
48600,48600,0,48600,48600,0,False,SCHEDULED,1631912400,HSL:1020_20210917_La_1_1300,20,HSL:1304141,Ulvilantie 27
49500,49500,0,49500,49500,0,False,SCHEDULED,1631912400,HSL:1020_20210917_La_1_1315,20,HSL:1304141,Ulvilantie 27
45840,45840,0,45840,45840,0,False,SCHEDULED,1631912400,HSL:1082_20210917_La_2_1243,82,HSL:1455101,Itäpolku
45900,45900,0,45900,45900,0,False,SCHEDULED,1631912400,HSL:1097V_20210917_La_1_1244,97V,HSL:1455101,Itäpolku
46080,46080,0,46080,46080,0,False,SCHEDULED,1631912400,HSL:1098_20210917_La_1_1247,98,HSL:1455101,Itäpolku
46740,46740,0,46740,46740,0,False,SCHEDULED,1631912400,HSL:1082_20210917_La_2_1258,82,HSL:1455101,Itäpolku
47280,47280,0,47280,47280,0,False,SCHEDULED,1631912400,HSL:1098_20210917_La_1_1307,98,HSL:1455101,Itäpolku
45300,45448,148,45300,45448,148,True,UPDATED,1631912400,HSL:1020_20210917_La_1_1200,20,HSL:1304144,Porintie
46200,46257,57,46200,46257,57,True,UPDATED,1631912400,HSL:1020_20210917_La_1_1215,20,HSL:1304144,Porintie
47100,47100,0,47100,47100,0,True,UPDATED,1631912400,HSL:1020_20210917_La_1_1230,20,HSL:1304144,Porintie
48000,48000,0,48000,48000,0,False,SCHEDULED,1631912400,HSL:1020_20210917_La_1_1245,20,HSL:1304144,Porintie
48960,48960,0,48960,48960,0,False,SCHEDULED,1631912400,HSL:1020_20210917_La_1_1300,20,HSL:1304144,Porintie
45480,45480,0,45480,45480,0,False,SCHEDULED,1631912400,HSL:1080_20210917_La_1_1238,80,HSL:1431189,Herttoniemi (M)
45900,45900,0,45900,45900,0,False,SCHEDULED,1631912400,HSL:1082_20210917_La_1_1245,82,HSL:1431189,Herttoniemi (M)
46380,46380,0,46380,46380,0,False,SCHEDULED,1631912400,HSL:1080_20210917_La_1_1253,80,HSL:1431189,Herttoniemi (M)
46800,46800,0,46800,46800,0,False,SCHEDULED,1631912400,HSL:1082_20210917_La_1_1300,82,HSL:1431189,Herttoniemi (M)
47280,47280,0,47280,47280,0,False,SCHEDULED,1631912400,HSL:1080_20210917_La_1_1308,80,HSL:1431189,Herttoniemi (M)
45480,45480,0,45480,45480,0,False,SCHEDULED,1631912400,HSL:1084_20210917_La_1_1238,84,HSL:1431188,Herttoniemi (M)
46080,46080,0,46080,46080,0,False,SCHEDULED,1631912400,HSL:1084_20210917_La_1_1248,84,HSL:1431188,Herttoniemi (M)
46680,46680,0,46680,46680,0,False,SCHEDULED,1631912400,HSL:1084_20210917_La_1_1258,84,HSL:1431188,Herttoniemi (M)
47280,47280,0,47280,47280,0,False,SCHEDULED,1631912400,HSL:1084_20210917_La_1_1308,84,HSL:1431188,Herttoniemi (M)
47880,47880,0,47880,47880,0,False,SCHEDULED,1631912400,HSL:1084_20210917_La_1_1318,84,HSL:1431188,Herttoniemi (M)
45540,45693,153,45540,45754,214,True,UPDATED,1631912400,HSL:1059_20210917_La_2_1154,59,HSL:1100140,Vinsentinkatu
45960,45960,0,45960,45960,0,False,SCHEDULED,1631912400,HSL:1059_20210917_La_1_1246,59,HSL:1100140,Vinsentinkatu
46440,46675,235,46440,46794,354,True,UPDATED,1631912400,HSL:1059_20210917_La_2_1209,59,HSL:1100140,Vinsentinkatu
46860,46860,0,46860,46860,0,False,SCHEDULED,1631912400,HSL:1059_20210917_La_1_1301,59,HSL:1100140,Vinsentinkatu
47400,47335,-65,47400,47378,-22,True,UPDATED,1631912400,HSL:1059_20210917_La_2_1224,59,HSL:1100140,Vinsentinkatu
46020,46020,0,46020,46020,0,False,SCHEDULED,1631912400,HSL:1059_20210917_La_1_1246,59,HSL:1100142,Flöitti Dianan kuja
46920,46920,0,46920,46920,0,False,SCHEDULED,1631912400,HSL:1059_20210917_La_1_1301,59,HSL:1100142,Flöitti Dianan kuja
47820,47820,0,47820,47820,0,False,SCHEDULED,1631912400,HSL:1059_20210917_La_1_1316,59,HSL:1100142,Flöitti Dianan kuja
48720,48720,0,48720,48720,0,False,SCHEDULED,1631912400,HSL:1059_20210917_La_1_1331,59,HSL:1100142,Flöitti Dianan kuja
49620,49620,0,49620,49620,0,False,SCHEDULED,1631912400,HSL:1059_20210917_La_1_1346,59,HSL:1100142,Flöitti Dianan kuja
45480,45641,161,45480,45656,176,True,UPDATED,1631912400,HSL:1059_20210917_La_2_1154,59,HSL:1100141,Flöitti Dianan kuja
46380,46620,240,46380,46634,254,True,UPDATED,1631912400,HSL:1059_20210917_La_2_1209,59,HSL:1100141,Flöitti Dianan kuja
47340,47281,-59,47340,47286,-54,True,UPDATED,1631912400,HSL:1059_20210917_La_2_1224,59,HSL:1100141,Flöitti Dianan kuja
48240,48240,0,48240,48240,0,False,SCHEDULED,1631912400,HSL:1059_20210917_La_2_1239,59,HSL:1100141,Flöitti Dianan kuja
49140,49140,0,49140,49140,0,False,SCHEDULED,1631912400,HSL:1059_20210917_La_2_1254,59,HSL:1100141,Flöitti Dianan kuja
45240,45318,78,45240,45318,78,True,UPDATED,1631912400,HSL:4711_20210917_La_2_1201,711,HSL:1112126,Haapaniemi
45120,45391,271,45120,45423,303,True,UPDATED,1631912400,HSL:1077_20210917_La_2_1201,77,HSL:1112126,Haapaniemi
44880,45497,617,44880,45514,634,True,UPDATED,1631912400,HSL:1061_20210917_La_2_1151,61,HSL:1112126,Haapaniemi
45540,45537,-3,45540,45552,12,True,UPDATED,1631912400,HSL:1065_20210917_La_2_1215,65,HSL:1112126,Haapaniemi
45360,45552,192,45360,45572,212,True,UPDATED,1631912400,HSL:1067_20210917_La_2_1204,67,HSL:1112126,Haapaniemi
46200,46232,32,46200,46232,32,True,UPDATED,1631912400,HSL:1016_20210917_La_2_1230,16,HSL:1010125,Snellmaninkatu
47400,47400,0,47400,47400,0,False,SCHEDULED,1631912400,HSL:1016_20210917_La_2_1250,16,HSL:1010125,Snellmaninkatu
48600,48600,0,48600,48600,0,False,SCHEDULED,1631912400,HSL:1016_20210917_La_2_1310,16,HSL:1010125,Snellmaninkatu
49800,49800,0,49800,49800,0,False,SCHEDULED,1631912400,HSL:1016_20210917_La_2_1330,16,HSL:1010125,Snellmaninkatu
51000,51000,0,51000,51000,0,False,SCHEDULED,1631912400,HSL:1016_20210917_La_2_1350,16,HSL:1010125,Snellmaninkatu
45960,45960,0,45960,45960,0,False,SCHEDULED,1631912400,HSL:1016_20210917_La_1_1242,16,HSL:1010124,Snellmaninkatu
47160,47160,0,47160,47160,0,False,SCHEDULED,1631912400,HSL:1016_20210917_La_1_1302,16,HSL:1010124,Snellmaninkatu
48360,48360,0,48360,48360,0,False,SCHEDULED,1631912400,HSL:1016_20210917_La_1_1322,16,HSL:1010124,Snellmaninkatu
49560,49560,0,49560,49560,0,False,SCHEDULED,1631912400,HSL:1016_20210917_La_1_1342,16,HSL:1010124,Snellmaninkatu
50760,50760,0,50760,50760,0,False,SCHEDULED,1631912400,HSL:1016_20210917_La_1_1402,16,HSL:1010124,Snellmaninkatu
45900,45900,0,45900,45900,0,False,SCHEDULED,1631912400,HSL:1082_20210917_La_2_1243,82,HSL:1455172,Marjaniementie
46800,46800,0,46800,46800,0,False,SCHEDULED,1631912400,HSL:1082_20210917_La_2_1258,82,HSL:1455172,Marjaniementie
47700,47700,0,47700,47700,0,False,SCHEDULED,1631912400,HSL:1082_20210917_La_2_1313,82,HSL:1455172,Marjaniementie
48600,48600,0,48600,48600,0,False,SCHEDULED,1631912400,HSL:1082_20210917_La_2_1328,82,HSL:1455172,Marjaniementie
49500,49500,0,49500,49500,0,False,SCHEDULED,1631912400,HSL:1082_20210917_La_2_1343,82,HSL:1455172,Marjaniementie
45660,45660,0,45660,45660,0,False,SCHEDULED,1631912400,HSL:1086_20210917_La_1_1241,86,HSL:1431183,Herttoniemi (M)
46260,46260,0,46260,46260,0,False,SCHEDULED,1631912400,HSL:1085_20210917_La_1_1251,85,HSL:1431183,Herttoniemi (M)
46860,46860,0,46860,46860,0,False,SCHEDULED,1631912400,HSL:1086_20210917_La_1_1301,86,HSL:1431183,Herttoniemi (M)
47460,47460,0,47460,47460,0,False,SCHEDULED,1631912400,HSL:1085_20210917_La_1_1311,85,HSL:1431183,Herttoniemi (M)
48060,48060,0,48060,48060,0,False,SCHEDULED,1631912400,HSL:1086_20210917_La_1_1321,86,HSL:1431183,Herttoniemi (M)
45360,45575,215,45360,45580,220,True,UPDATED,1631912400,HSL:1059_20210917_La_2_1154,59,HSL:1100143,Parrulaituri
46260,46557,297,46260,46560,300,True,UPDATED,1631912400,HSL:1059_20210917_La_2_1209,59,HSL:1100143,Parrulaituri
47220,47214,-6,47220,47214,-6,True,UPDATED,1631912400,HSL:1059_20210917_La_2_1224,59,HSL:1100143,Parrulaituri
48120,48120,0,48120,48120,0,False,SCHEDULED,1631912400,HSL:1059_20210917_La_2_1239,59,HSL:1100143,Parrulaituri
49020,49020,0,49020,49020,0,False,SCHEDULED,1631912400,HSL:1059_20210917_La_2_1254,59,HSL:1100143,Parrulaituri
84900,84900,0,84900,84900,0,False,SCHEDULED,1631912400,HSL:1092N_20210917_La_2_2310,92N,HSL:1431182,Siilitie (M)
85440,85440,0,85440,85440,0,False,SCHEDULED,1631912400,HSL:1096N_20210917_La_2_2321,96N,HSL:1431182,Siilitie (M)
85620,85620,0,85620,85620,0,False,SCHEDULED,1631912400,HSL:1097N_20210917_La_2_2325,97N,HSL:1431182,Siilitie (M)
86040,86040,0,86040,86040,0,False,SCHEDULED,1631912400,HSL:1090A_20210917_La_2_2338,90A,HSL:1431182,Siilitie (M)
86640,86640,0,86640,86640,0,False,SCHEDULED,1631912400,HSL:1092N_20210917_La_2_2340,92N,HSL:1431182,Siilitie (M)
46140,46140,0,46140,46140,0,False,SCHEDULED,1631912400,HSL:1098_20210917_La_1_1247,98,HSL:1455171,Marjaniementie
47340,47340,0,47340,47340,0,False,SCHEDULED,1631912400,HSL:1098_20210917_La_1_1307,98,HSL:1455171,Marjaniementie
48540,48540,0,48540,48540,0,False,SCHEDULED,1631912400,HSL:1098_20210917_La_1_1327,98,HSL:1455171,Marjaniementie
49740,49740,0,49740,49740,0,False,SCHEDULED,1631912400,HSL:1098_20210917_La_1_1347,98,HSL:1455171,Marjaniementie
50940,50940,0,50940,50940,0,False,SCHEDULED,1631912400,HSL:1098_20210917_La_1_1407,98,HSL:1455171,Marjaniementie
85980,85980,0,85980,85980,0,False,SCHEDULED,1631912400,HSL:1097N_20210917_La_1_2340,97N,HSL:1431181,Konemestarinkatu
86340,86340,0,86340,86340,0,False,SCHEDULED,1631912400,HSL:1092N_20210917_La_1_2345,92N,HSL:1431181,Konemestarinkatu
86580,86580,0,86580,86580,0,False,SCHEDULED,1631912400,HSL:1096N_20210917_La_1_2349,96N,HSL:1431181,Konemestarinkatu
87480,87480,0,87480,87480,0,False,SCHEDULED,1631912400,HSL:1097N_20210917_La_1_2405,97N,HSL:1431181,Konemestarinkatu
87720,87720,0,87720,87720,0,False,SCHEDULED,1631912400,HSL:1096N_20210917_La_1_2409,96N,HSL:1431181,Konemestarinkatu
85020,85020,0,85020,85020,0,False,SCHEDULED,1631912400,HSL:1092N_20210917_La_2_2310,92N,HSL:1431180,Konemestarinkatu
85560,85560,0,85560,85560,0,False,SCHEDULED,1631912400,HSL:1096N_20210917_La_2_2321,96N,HSL:1431180,Konemestarinkatu
85740,85740,0,85740,85740,0,False,SCHEDULED,1631912400,HSL:1097N_20210917_La_2_2325,97N,HSL:1431180,Konemestarinkatu
86100,86100,0,86100,86100,0,False,SCHEDULED,1631912400,HSL:1090A_20210917_La_2_2338,90A,HSL:1431180,Konemestarinkatu
86760,86760,0,86760,86760,0,False,SCHEDULED,1631912400,HSL:1092N_20210917_La_2_2340,92N,HSL:1431180,Konemestarinkatu
45720,45746,26,45720,45758,38,True,UPDATED,1631912400,HSL:1082_20210917_La_1_1230,82,HSL:1455173,Marjaniementie
46020,46020,0,46020,46020,0,False,SCHEDULED,1631912400,HSL:1098_20210917_La_2_1239,98,HSL:1455173,Marjaniementie
46620,46620,0,46620,46620,0,False,SCHEDULED,1631912400,HSL:1082_20210917_La_1_1245,82,HSL:1455173,Marjaniementie
47220,47220,0,47220,47220,0,False,SCHEDULED,1631912400,HSL:1098_20210917_La_2_1259,98,HSL:1455173,Marjaniementie
47520,47520,0,47520,47520,0,False,SCHEDULED,1631912400,HSL:1082_20210917_La_1_1300,82,HSL:1455173,Marjaniementie
45240,45284,44,45360,45438,78,True,UPDATED,1631912400,HSL:1500_20210917_La_1_1225,500,HSL:1431187,Herttoniemi (M)
45780,45780,0,45780,45780,0,False,SCHEDULED,1631912400,HSL:2510_20210917_La_1_1243,510,HSL:1431187,Herttoniemi (M)
46140,46140,0,46260,46260,0,False,SCHEDULED,1631912400,HSL:1500_20210917_La_1_1240,500,HSL:1431187,Herttoniemi (M)
46680,46680,0,46680,46680,0,False,SCHEDULED,1631912400,HSL:2510_20210917_La_1_1258,510,HSL:1431187,Herttoniemi (M)
47040,47040,0,47160,47160,0,False,SCHEDULED,1631912400,HSL:1500_20210917_La_1_1255,500,HSL:1431187,Herttoniemi (M)
46020,46071,51,46020,46075,55,True,UPDATED,1631912400,HSL:1081_20210917_La_2_1223,81,HSL:1431186,Kipparlahti
46920,46920,0,46920,46920,0,True,UPDATED,1631912400,HSL:1081_20210917_La_2_1238,81,HSL:1431186,Kipparlahti
47820,47820,0,47820,47820,0,False,SCHEDULED,1631912400,HSL:1081_20210917_La_2_1253,81,HSL:1431186,Kipparlahti
48720,48720,0,48720,48720,0,False,SCHEDULED,1631912400,HSL:1081_20210917_La_2_1308,81,HSL:1431186,Kipparlahti
49620,49620,0,49620,49620,0,False,SCHEDULED,1631912400,HSL:1081_20210917_La_2_1323,81,HSL:1431186,Kipparlahti
45780,45780,0,45780,45780,0,False,SCHEDULED,1631912400,HSL:1088_20210917_La_1_1243,88,HSL:1431185,Herttoniemi (M)
46380,46380,0,46380,46380,0,False,SCHEDULED,1631912400,HSL:1088_20210917_La_1_1253,88,HSL:1431185,Herttoniemi (M)
46980,46980,0,46980,46980,0,False,SCHEDULED,1631912400,HSL:1088_20210917_La_1_1303,88,HSL:1431185,Herttoniemi (M)
47580,47580,0,47580,47580,0,False,SCHEDULED,1631912400,HSL:1088_20210917_La_1_1313,88,HSL:1431185,Herttoniemi (M)
48180,48180,0,48180,48180,0,False,SCHEDULED,1631912400,HSL:1088_20210917_La_1_1323,88,HSL:1431185,Herttoniemi (M)
45480,45488,8,45480,45508,28,True,UPDATED,1631912400,HSL:31M1_20210917_La_1_1159,M1,HSL:1541601,Rastila
45900,45949,49,45900,45969,69,True,UPDATED,1631912400,HSL:31M1_20210917_La_1_1206,M1,HSL:1541601,Rastila
46380,46393,13,46380,46413,33,True,UPDATED,1631912400,HSL:31M1_20210917_La_1_1214,M1,HSL:1541601,Rastila
46800,46831,31,46800,46851,51,True,UPDATED,1631912400,HSL:31M1_20210917_La_1_1221,M1,HSL:1541601,Rastila
47280,47277,-3,47280,47297,17,True,UPDATED,1631912400,HSL:31M1_20210917_La_1_1229,M1,HSL:1541601,Rastila
45540,45344,-196,45540,45364,-176,True,UPDATED,1631912400,HSL:31M1_20210917_La_2_1237,M1,HSL:1541602,Rastila
45960,45979,19,45960,45999,39,True,UPDATED,1631912400,HSL:31M1_20210917_La_2_1245,M1,HSL:1541602,Rastila
46440,46430,-10,46440,46450,10,True,UPDATED,1631912400,HSL:31M1_20210917_La_2_1252,M1,HSL:1541602,Rastila
46860,46880,20,46860,46900,40,True,UPDATED,1631912400,HSL:31M1_20210917_La_2_1300,M1,HSL:1541602,Rastila
47340,47330,-10,47340,47350,10,True,UPDATED,1631912400,HSL:31M1_20210917_La_2_1307,M1,HSL:1541602,Rastila
46080,46080,0,46080,46080,0,False,SCHEDULED,1631912400,HSL:2502_20210917_La_1_1246,502,HSL:1112137,Kallion virastotalo
46140,46140,0,46140,46140,0,False,SCHEDULED,1631912400,HSL:1023_20210917_La_1_1243,23,HSL:1112137,Kallion virastotalo
47280,47280,0,47280,47280,0,False,SCHEDULED,1631912400,HSL:2502_20210917_La_1_1306,502,HSL:1112137,Kallion virastotalo
47340,47340,0,47340,47340,0,False,SCHEDULED,1631912400,HSL:1023_20210917_La_1_1303,23,HSL:1112137,Kallion virastotalo
48420,48420,0,48420,48420,0,False,SCHEDULED,1631912400,HSL:2502_20210917_La_1_1325,502,HSL:1112137,Kallion virastotalo
45600,45600,0,45600,45600,0,True,UPDATED,1631912400,HSL:31M1_20210917_La_1_1159,M1,HSL:1541603,Vuosaari
46020,46020,0,46020,46020,0,True,UPDATED,1631912400,HSL:31M1_20210917_La_1_1206,M1,HSL:1541603,Vuosaari
46500,46500,0,46500,46500,0,True,UPDATED,1631912400,HSL:31M1_20210917_La_1_1214,M1,HSL:1541603,Vuosaari
46920,46920,0,46920,46920,0,True,UPDATED,1631912400,HSL:31M1_20210917_La_1_1221,M1,HSL:1541603,Vuosaari
47400,47400,0,47400,47400,0,True,UPDATED,1631912400,HSL:31M1_20210917_La_1_1229,M1,HSL:1541603,Vuosaari
45900,45880,-20,45900,45900,0,True,UPDATED,1631912400,HSL:31M1_20210917_La_2_1245,M1,HSL:1541604,Vuosaari
46320,46330,10,46320,46350,30,True,UPDATED,1631912400,HSL:31M1_20210917_La_2_1252,M1,HSL:1541604,Vuosaari
46800,46780,-20,46800,46800,0,True,UPDATED,1631912400,HSL:31M1_20210917_La_2_1300,M1,HSL:1541604,Vuosaari
47220,47230,10,47220,47250,30,True,UPDATED,1631912400,HSL:31M1_20210917_La_2_1307,M1,HSL:1541604,Vuosaari
47700,47679,-21,47700,47699,-1,True,UPDATED,1631912400,HSL:31M1_20210917_La_2_1315,M1,HSL:1541604,Vuosaari
46080,46131,51,46080,46131,51,True,UPDATED,1631912400,HSL:1016_20210917_La_2_1230,16,HSL:1010110,Liisanpuistikko
47280,47280,0,47280,47280,0,False,SCHEDULED,1631912400,HSL:1016_20210917_La_2_1250,16,HSL:1010110,Liisanpuistikko
48480,48480,0,48480,48480,0,False,SCHEDULED,1631912400,HSL:1016_20210917_La_2_1310,16,HSL:1010110,Liisanpuistikko
49680,49680,0,49680,49680,0,False,SCHEDULED,1631912400,HSL:1016_20210917_La_2_1330,16,HSL:1010110,Liisanpuistikko
50880,50880,0,50880,50880,0,False,SCHEDULED,1631912400,HSL:1016_20210917_La_2_1350,16,HSL:1010110,Liisanpuistikko
45960,45960,0,45960,45960,0,False,SCHEDULED,1631912400,HSL:1098_20210917_La_2_1239,98,HSL:1455161,Puolaharju
47160,47160,0,47160,47160,0,False,SCHEDULED,1631912400,HSL:1098_20210917_La_2_1259,98,HSL:1455161,Puolaharju
48420,48420,0,48420,48420,0,False,SCHEDULED,1631912400,HSL:1098_20210917_La_2_1319,98,HSL:1455161,Puolaharju
49620,49620,0,49620,49620,0,False,SCHEDULED,1631912400,HSL:1098_20210917_La_2_1339,98,HSL:1455161,Puolaharju
50820,50820,0,50820,50820,0,False,SCHEDULED,1631912400,HSL:1098_20210917_La_2_1359,98,HSL:1455161,Puolaharju
46200,46200,0,46200,46200,0,False,SCHEDULED,1631912400,HSL:1098_20210917_La_1_1247,98,HSL:1455160,Puolaharju
47400,47400,0,47400,47400,0,False,SCHEDULED,1631912400,HSL:1098_20210917_La_1_1307,98,HSL:1455160,Puolaharju
48600,48600,0,48600,48600,0,False,SCHEDULED,1631912400,HSL:1098_20210917_La_1_1327,98,HSL:1455160,Puolaharju
49800,49800,0,49800,49800,0,False,SCHEDULED,1631912400,HSL:1098_20210917_La_1_1347,98,HSL:1455160,Puolaharju
51000,51000,0,51000,51000,0,False,SCHEDULED,1631912400,HSL:1098_20210917_La_1_1407,98,HSL:1455160,Puolaharju
45900,45900,0,45900,45900,0,False,SCHEDULED,1631912400,HSL:1098_20210917_La_2_1239,98,HSL:1455163,Marjaniemi
47100,47100,0,47100,47100,0,False,SCHEDULED,1631912400,HSL:1098_20210917_La_2_1259,98,HSL:1455163,Marjaniemi
48360,48360,0,48360,48360,0,False,SCHEDULED,1631912400,HSL:1098_20210917_La_2_1319,98,HSL:1455163,Marjaniemi
49560,49560,0,49560,49560,0,False,SCHEDULED,1631912400,HSL:1098_20210917_La_2_1339,98,HSL:1455163,Marjaniemi
50760,50760,0,50760,50760,0,False,SCHEDULED,1631912400,HSL:1098_20210917_La_2_1359,98,HSL:1455163,Marjaniemi
46260,46260,0,46260,46260,0,False,SCHEDULED,1631912400,HSL:1098_20210917_La_1_1247,98,HSL:1455162,Marjaniemi
47460,47460,0,47460,47460,0,False,SCHEDULED,1631912400,HSL:1098_20210917_La_1_1307,98,HSL:1455162,Marjaniemi
48660,48660,0,48660,48660,0,False,SCHEDULED,1631912400,HSL:1098_20210917_La_1_1327,98,HSL:1455162,Marjaniemi
49860,49860,0,49860,49860,0,False,SCHEDULED,1631912400,HSL:1098_20210917_La_1_1347,98,HSL:1455162,Marjaniemi
51060,51060,0,51060,51060,0,False,SCHEDULED,1631912400,HSL:1098_20210917_La_1_1407,98,HSL:1455162,Marjaniemi
45720,45711,-9,45720,45722,2,True,UPDATED,1631912400,HSL:1500_20210917_La_1_1225,500,HSL:1100159,Tynnyrintekijänkatu
46140,46140,0,46140,46140,0,False,SCHEDULED,1631912400,HSL:2510_20210917_La_1_1243,510,HSL:1100159,Tynnyrintekijänkatu
46620,46620,0,46620,46620,0,False,SCHEDULED,1631912400,HSL:1500_20210917_La_1_1240,500,HSL:1100159,Tynnyrintekijänkatu
47040,47040,0,47040,47040,0,False,SCHEDULED,1631912400,HSL:2510_20210917_La_1_1258,510,HSL:1100159,Tynnyrintekijänkatu
47520,47520,0,47520,47520,0,False,SCHEDULED,1631912400,HSL:1500_20210917_La_1_1255,500,HSL:1100159,Tynnyrintekijänkatu
45840,45840,0,45840,45840,0,False,SCHEDULED,1631912400,HSL:1098_20210917_La_2_1239,98,HSL:1455165,Kissankellontie
47040,47040,0,47040,47040,0,False,SCHEDULED,1631912400,HSL:1098_20210917_La_2_1259,98,HSL:1455165,Kissankellontie
48300,48300,0,48300,48300,0,False,SCHEDULED,1631912400,HSL:1098_20210917_La_2_1319,98,HSL:1455165,Kissankellontie
49500,49500,0,49500,49500,0,False,SCHEDULED,1631912400,HSL:1098_20210917_La_2_1339,98,HSL:1455165,Kissankellontie
50700,50700,0,50700,50700,0,False,SCHEDULED,1631912400,HSL:1098_20210917_La_2_1359,98,HSL:1455165,Kissankellontie
46260,46260,0,46260,46260,0,False,SCHEDULED,1631912400,HSL:1098_20210917_La_1_1247,98,HSL:1455164,Kissankellontie
47460,47460,0,47460,47460,0,False,SCHEDULED,1631912400,HSL:1098_20210917_La_1_1307,98,HSL:1455164,Kissankellontie
48720,48720,0,48720,48720,0,False,SCHEDULED,1631912400,HSL:1098_20210917_La_1_1327,98,HSL:1455164,Kissankellontie
49920,49920,0,49920,49920,0,False,SCHEDULED,1631912400,HSL:1098_20210917_La_1_1347,98,HSL:1455164,Kissankellontie
51120,51120,0,51120,51120,0,False,SCHEDULED,1631912400,HSL:1098_20210917_La_1_1407,98,HSL:1455164,Kissankellontie
45840,45840,0,45840,45840,0,False,SCHEDULED,1631912400,HSL:1098_20210917_La_2_1239,98,HSL:1455167,Niittyranta
47040,47040,0,47040,47040,0,False,SCHEDULED,1631912400,HSL:1098_20210917_La_2_1259,98,HSL:1455167,Niittyranta
48240,48240,0,48240,48240,0,False,SCHEDULED,1631912400,HSL:1098_20210917_La_2_1319,98,HSL:1455167,Niittyranta
49440,49440,0,49440,49440,0,False,SCHEDULED,1631912400,HSL:1098_20210917_La_2_1339,98,HSL:1455167,Niittyranta
50640,50640,0,50640,50640,0,False,SCHEDULED,1631912400,HSL:1098_20210917_La_2_1359,98,HSL:1455167,Niittyranta
46320,46320,0,46320,46320,0,False,SCHEDULED,1631912400,HSL:1098_20210917_La_1_1247,98,HSL:1455166,Niittyranta
47520,47520,0,47520,47520,0,False,SCHEDULED,1631912400,HSL:1098_20210917_La_1_1307,98,HSL:1455166,Niittyranta
48780,48780,0,48780,48780,0,False,SCHEDULED,1631912400,HSL:1098_20210917_La_1_1327,98,HSL:1455166,Niittyranta
49980,49980,0,49980,49980,0,False,SCHEDULED,1631912400,HSL:1098_20210917_La_1_1347,98,HSL:1455166,Niittyranta
51180,51180,0,51180,51180,0,False,SCHEDULED,1631912400,HSL:1098_20210917_La_1_1407,98,HSL:1455166,Niittyranta
45660,45703,43,45660,45712,52,True,UPDATED,1631912400,HSL:1082_20210917_La_1_1230,82,HSL:1455158,Tulisuonkuja
46560,46560,0,46560,46560,0,False,SCHEDULED,1631912400,HSL:1082_20210917_La_1_1245,82,HSL:1455158,Tulisuonkuja
47460,47460,0,47460,47460,0,False,SCHEDULED,1631912400,HSL:1082_20210917_La_1_1300,82,HSL:1455158,Tulisuonkuja
48360,48360,0,48360,48360,0,False,SCHEDULED,1631912400,HSL:1082_20210917_La_1_1315,82,HSL:1455158,Tulisuonkuja
49260,49260,0,49260,49260,0,False,SCHEDULED,1631912400,HSL:1082_20210917_La_1_1330,82,HSL:1455158,Tulisuonkuja
45960,45960,0,45960,45960,0,False,SCHEDULED,1631912400,HSL:1082_20210917_La_2_1243,82,HSL:1455159,Tulisuonkuja
46860,46860,0,46860,46860,0,False,SCHEDULED,1631912400,HSL:1082_20210917_La_2_1258,82,HSL:1455159,Tulisuonkuja
47760,47760,0,47760,47760,0,False,SCHEDULED,1631912400,HSL:1082_20210917_La_2_1313,82,HSL:1455159,Tulisuonkuja
48660,48660,0,48660,48660,0,False,SCHEDULED,1631912400,HSL:1082_20210917_La_2_1328,82,HSL:1455159,Tulisuonkuja
49560,49560,0,49560,49560,0,False,SCHEDULED,1631912400,HSL:1082_20210917_La_2_1343,82,HSL:1455159,Tulisuonkuja
45000,45293,293,45000,45311,311,True,UPDATED,1631912400,HSL:1055_20210917_La_1_1220,55,HSL:1100120,Tynnyrintekijänkatu
45120,45308,188,45120,45319,199,True,UPDATED,1631912400,HSL:1059_20210917_La_2_1154,59,HSL:1100120,Tynnyrintekijänkatu
45660,45660,0,45660,45660,0,False,SCHEDULED,1631912400,HSL:1056_20210917_La_1_1240,56,HSL:1100120,Tynnyrintekijänkatu
45900,45900,0,45900,45900,0,False,SCHEDULED,1631912400,HSL:1055_20210917_La_1_1235,55,HSL:1100120,Tynnyrintekijänkatu
46260,46260,0,46260,46260,0,False,SCHEDULED,1631912400,HSL:1056_20210917_La_1_1250,56,HSL:1100120,Tynnyrintekijänkatu
45360,45450,90,45360,45463,103,True,UPDATED,1631912400,HSL:1006_20210917_La_1_1216,6,HSL:1113432,Haapaniemi
45720,45756,36,45720,45770,50,True,UPDATED,1631912400,HSL:1007_20210917_La_1_1218,7,HSL:1113432,Haapaniemi
46080,46165,85,46080,46180,100,True,UPDATED,1631912400,HSL:1006_20210917_La_1_1228,6,HSL:1113432,Haapaniemi
46440,46483,43,46440,46497,57,True,UPDATED,1631912400,HSL:1007_20210917_La_1_1230,7,HSL:1113432,Haapaniemi
46800,46800,0,46800,46800,0,True,UPDATED,1631912400,HSL:1006_20210917_La_1_1240,6,HSL:1113432,Haapaniemi
45420,45518,98,45420,45529,109,True,UPDATED,1631912400,HSL:1006_20210917_La_1_1216,6,HSL:1113434,Lintulahti
45780,45815,35,45780,45828,48,True,UPDATED,1631912400,HSL:1007_20210917_La_1_1218,7,HSL:1113434,Lintulahti
46140,46242,102,46140,46256,116,True,UPDATED,1631912400,HSL:1006_20210917_La_1_1228,6,HSL:1113434,Lintulahti
46500,46559,59,46500,46571,71,True,UPDATED,1631912400,HSL:1007_20210917_La_1_1230,7,HSL:1113434,Lintulahti
46860,46860,0,46860,46860,0,True,UPDATED,1631912400,HSL:1006_20210917_La_1_1240,6,HSL:1113434,Lintulahti
45420,45457,37,45420,45469,49,True,UPDATED,1631912400,HSL:1007_20210917_La_2_1224,7,HSL:1113433,Haapaniemi
45780,45780,0,45780,45780,0,False,SCHEDULED,1631912400,HSL:1006_20210917_La_2_1230,6,HSL:1113433,Haapaniemi
46140,46140,0,46140,46140,0,True,UPDATED,1631912400,HSL:1007_20210917_La_2_1236,7,HSL:1113433,Haapaniemi
46500,46500,0,46500,46500,0,False,SCHEDULED,1631912400,HSL:1006_20210917_La_2_1242,6,HSL:1113433,Haapaniemi
46860,46860,0,46860,46860,0,False,SCHEDULED,1631912400,HSL:1007_20210917_La_2_1248,7,HSL:1113433,Haapaniemi
45960,46032,72,45960,46044,84,True,UPDATED,1631912400,HSL:1023_20210917_La_2_1213,23,HSL:1112103,Kallion virastotalo
46680,46610,-70,46680,46623,-57,True,UPDATED,1631912400,HSL:2502_20210917_La_2_1228,502,HSL:1112103,Kallion virastotalo
47160,47196,36,47160,47196,36,True,UPDATED,1631912400,HSL:1023_20210917_La_2_1233,23,HSL:1112103,Kallion virastotalo
47880,47880,0,47880,47880,0,False,SCHEDULED,1631912400,HSL:2502_20210917_La_2_1248,502,HSL:1112103,Kallion virastotalo
48360,48360,0,48360,48360,0,False,SCHEDULED,1631912400,HSL:1023_20210917_La_2_1253,23,HSL:1112103,Kallion virastotalo
46140,46140,0,46140,46140,0,False,SCHEDULED,1631912400,HSL:2502_20210917_La_1_1246,502,HSL:1112104,Castréninkatu
46200,46200,0,46200,46200,0,False,SCHEDULED,1631912400,HSL:1023_20210917_La_1_1243,23,HSL:1112104,Castréninkatu
47340,47340,0,47340,47340,0,False,SCHEDULED,1631912400,HSL:2502_20210917_La_1_1306,502,HSL:1112104,Castréninkatu
47400,47400,0,47400,47400,0,False,SCHEDULED,1631912400,HSL:1023_20210917_La_1_1303,23,HSL:1112104,Castréninkatu
48480,48480,0,48480,48480,0,False,SCHEDULED,1631912400,HSL:2502_20210917_La_1_1325,502,HSL:1112104,Castréninkatu
45900,46000,100,45900,46007,107,True,UPDATED,1631912400,HSL:1023_20210917_La_2_1213,23,HSL:1112105,Castréninkatu
46620,46582,-38,46620,46582,-38,True,UPDATED,1631912400,HSL:2502_20210917_La_2_1228,502,HSL:1112105,Castréninkatu
47100,47136,36,47100,47136,36,True,UPDATED,1631912400,HSL:1023_20210917_La_2_1233,23,HSL:1112105,Castréninkatu
47820,47820,0,47820,47820,0,False,SCHEDULED,1631912400,HSL:2502_20210917_La_2_1248,502,HSL:1112105,Castréninkatu
48300,48300,0,48300,48300,0,False,SCHEDULED,1631912400,HSL:1023_20210917_La_2_1253,23,HSL:1112105,Castréninkatu
45300,45315,15,45300,45345,45,True,UPDATED,1631912400,HSL:1007_20210917_La_2_1224,7,HSL:1113435,Sörnäinen (M)
45660,45660,0,45660,45660,0,False,SCHEDULED,1631912400,HSL:1006_20210917_La_2_1230,6,HSL:1113435,Sörnäinen (M)
46020,46020,0,46020,46020,0,True,UPDATED,1631912400,HSL:1007_20210917_La_2_1236,7,HSL:1113435,Sörnäinen (M)
46380,46380,0,46380,46380,0,False,SCHEDULED,1631912400,HSL:1006_20210917_La_2_1242,6,HSL:1113435,Sörnäinen (M)
46740,46740,0,46740,46740,0,False,SCHEDULED,1631912400,HSL:1007_20210917_La_2_1248,7,HSL:1113435,Sörnäinen (M)
46080,46080,0,46080,46080,0,False,SCHEDULED,1631912400,HSL:1085_20210917_La_1_1231,85,HSL:1492147,Puuskakuja
47280,47280,0,47280,47280,0,False,SCHEDULED,1631912400,HSL:1085_20210917_La_1_1251,85,HSL:1492147,Puuskakuja
48480,48480,0,48480,48480,0,False,SCHEDULED,1631912400,HSL:1085_20210917_La_1_1311,85,HSL:1492147,Puuskakuja
49740,49740,0,49740,49740,0,False,SCHEDULED,1631912400,HSL:1085_20210917_La_1_1331,85,HSL:1492147,Puuskakuja
50940,50940,0,50940,50940,0,False,SCHEDULED,1631912400,HSL:1085_20210917_La_1_1351,85,HSL:1492147,Puuskakuja
45300,45302,2,45300,45325,25,True,UPDATED,1631912400,HSL:1085_20210917_La_2_1234,85,HSL:1492148,Puuskakuja
46500,46500,0,46500,46500,0,False,SCHEDULED,1631912400,HSL:1085_20210917_La_2_1254,85,HSL:1492148,Puuskakuja
47700,47700,0,47700,47700,0,False,SCHEDULED,1631912400,HSL:1085_20210917_La_2_1314,85,HSL:1492148,Puuskakuja
48900,48900,0,48900,48900,0,False,SCHEDULED,1631912400,HSL:1085_20210917_La_2_1334,85,HSL:1492148,Puuskakuja
50100,50100,0,50100,50100,0,False,SCHEDULED,1631912400,HSL:1085_20210917_La_2_1354,85,HSL:1492148,Puuskakuja
46140,46140,0,46140,46140,0,False,SCHEDULED,1631912400,HSL:1085_20210917_La_1_1231,85,HSL:1492149,Puuskarinne
46440,46440,0,46440,46440,0,False,SCHEDULED,1631912400,HSL:1085_20210917_La_2_1254,85,HSL:1492149,Puuskarinne
47340,47340,0,47340,47340,0,False,SCHEDULED,1631912400,HSL:1085_20210917_La_1_1251,85,HSL:1492149,Puuskarinne
47640,47640,0,47640,47640,0,False,SCHEDULED,1631912400,HSL:1085_20210917_La_2_1314,85,HSL:1492149,Puuskarinne
48540,48540,0,48540,48540,0,False,SCHEDULED,1631912400,HSL:1085_20210917_La_1_1311,85,HSL:1492149,Puuskarinne
45420,45420,0,45420,45420,0,True,UPDATED,1631912400,HSL:1001_20210917_La_1_1235,1,HSL:1060404,Eiran sairaala
45840,45840,0,45840,45840,0,False,SCHEDULED,1631912400,HSL:1003_20210917_La_1_1240,3,HSL:1060404,Eiran sairaala
46140,46140,0,46140,46140,0,False,SCHEDULED,1631912400,HSL:1001_20210917_La_1_1247,1,HSL:1060404,Eiran sairaala
46560,46560,0,46560,46560,0,False,SCHEDULED,1631912400,HSL:1003_20210917_La_1_1252,3,HSL:1060404,Eiran sairaala
46860,46860,0,46860,46860,0,False,SCHEDULED,1631912400,HSL:1001_20210917_La_1_1259,1,HSL:1060404,Eiran sairaala
45840,45902,62,45840,45902,62,True,UPDATED,1631912400,HSL:1016_20210917_La_2_1230,16,HSL:1100122,Käenkuja
46140,46247,107,46140,46263,123,True,UPDATED,1631912400,HSL:1055_20210917_La_2_1229,55,HSL:1100122,Käenkuja
47040,47040,0,47040,47040,0,False,SCHEDULED,1631912400,HSL:1016_20210917_La_2_1250,16,HSL:1100122,Käenkuja
47040,47040,0,47040,47040,0,False,SCHEDULED,1631912400,HSL:1055_20210917_La_2_1244,55,HSL:1100122,Käenkuja
47940,47940,0,47940,47940,0,False,SCHEDULED,1631912400,HSL:1055_20210917_La_2_1259,55,HSL:1100122,Käenkuja
46140,46176,36,46140,46176,36,True,UPDATED,1631912400,HSL:1016_20210917_La_2_1230,16,HSL:1010108,Meritullinkatu
47340,47340,0,47340,47340,0,False,SCHEDULED,1631912400,HSL:1016_20210917_La_2_1250,16,HSL:1010108,Meritullinkatu
48540,48540,0,48540,48540,0,False,SCHEDULED,1631912400,HSL:1016_20210917_La_2_1310,16,HSL:1010108,Meritullinkatu
49740,49740,0,49740,49740,0,False,SCHEDULED,1631912400,HSL:1016_20210917_La_2_1330,16,HSL:1010108,Meritullinkatu
50940,50940,0,50940,50940,0,False,SCHEDULED,1631912400,HSL:1016_20210917_La_2_1350,16,HSL:1010108,Meritullinkatu
46020,46020,0,46020,46020,0,False,SCHEDULED,1631912400,HSL:1016_20210917_La_1_1242,16,HSL:1010107,Meritullinkatu
47220,47220,0,47220,47220,0,False,SCHEDULED,1631912400,HSL:1016_20210917_La_1_1302,16,HSL:1010107,Meritullinkatu
48420,48420,0,48420,48420,0,False,SCHEDULED,1631912400,HSL:1016_20210917_La_1_1322,16,HSL:1010107,Meritullinkatu
49620,49620,0,49620,49620,0,False,SCHEDULED,1631912400,HSL:1016_20210917_La_1_1342,16,HSL:1010107,Meritullinkatu
50820,50820,0,50820,50820,0,False,SCHEDULED,1631912400,HSL:1016_20210917_La_1_1402,16,HSL:1010107,Meritullinkatu
45840,45840,0,45840,45840,0,False,SCHEDULED,1631912400,HSL:1055_20210917_La_1_1235,55,HSL:1100121,Suvilahti
46740,46740,0,46740,46740,0,False,SCHEDULED,1631912400,HSL:1055_20210917_La_1_1250,55,HSL:1100121,Suvilahti
47640,47640,0,47640,47640,0,False,SCHEDULED,1631912400,HSL:1055_20210917_La_1_1305,55,HSL:1100121,Suvilahti
48540,48540,0,48540,48540,0,False,SCHEDULED,1631912400,HSL:1055_20210917_La_1_1320,55,HSL:1100121,Suvilahti
49440,49440,0,49440,49440,0,False,SCHEDULED,1631912400,HSL:1055_20210917_La_1_1335,55,HSL:1100121,Suvilahti
45840,45840,0,45840,45840,0,False,SCHEDULED,1631912400,HSL:1085_20210917_La_1_1231,85,HSL:1492141,Takilatie
47040,47040,0,47040,47040,0,False,SCHEDULED,1631912400,HSL:1085_20210917_La_1_1251,85,HSL:1492141,Takilatie
48240,48240,0,48240,48240,0,False,SCHEDULED,1631912400,HSL:1085_20210917_La_1_1311,85,HSL:1492141,Takilatie
49500,49500,0,49500,49500,0,False,SCHEDULED,1631912400,HSL:1085_20210917_La_1_1331,85,HSL:1492141,Takilatie
50700,50700,0,50700,50700,0,False,SCHEDULED,1631912400,HSL:1085_20210917_La_1_1351,85,HSL:1492141,Takilatie
45540,45538,-2,45540,45555,15,True,UPDATED,1631912400,HSL:1085_20210917_La_2_1234,85,HSL:1492142,Takilatie
46740,46740,0,46740,46740,0,False,SCHEDULED,1631912400,HSL:1085_20210917_La_2_1254,85,HSL:1492142,Takilatie
47940,47940,0,47940,47940,0,False,SCHEDULED,1631912400,HSL:1085_20210917_La_2_1314,85,HSL:1492142,Takilatie
49140,49140,0,49140,49140,0,False,SCHEDULED,1631912400,HSL:1085_20210917_La_2_1334,85,HSL:1492142,Takilatie
50340,50340,0,50340,50340,0,False,SCHEDULED,1631912400,HSL:1085_20210917_La_2_1354,85,HSL:1492142,Takilatie
45900,45900,0,45900,45900,0,False,SCHEDULED,1631912400,HSL:1085_20210917_La_1_1231,85,HSL:1492143,Rannikkolaivurintie
47100,47100,0,47100,47100,0,False,SCHEDULED,1631912400,HSL:1085_20210917_La_1_1251,85,HSL:1492143,Rannikkolaivurintie
48300,48300,0,48300,48300,0,False,SCHEDULED,1631912400,HSL:1085_20210917_La_1_1311,85,HSL:1492143,Rannikkolaivurintie
49560,49560,0,49560,49560,0,False,SCHEDULED,1631912400,HSL:1085_20210917_La_1_1331,85,HSL:1492143,Rannikkolaivurintie
50760,50760,0,50760,50760,0,False,SCHEDULED,1631912400,HSL:1085_20210917_La_1_1351,85,HSL:1492143,Rannikkolaivurintie
45240,45312,72,45240,45329,89,True,UPDATED,1631912400,HSL:1071_20210917_La_1_1228,71,HSL:1100125,Haapaniemi
45300,45432,132,45300,45446,146,True,UPDATED,1631912400,HSL:1073_20210917_La_1_1232,73,HSL:1100125,Haapaniemi
45240,45559,319,45240,45598,358,True,UPDATED,1631912400,HSL:1075_20210917_La_1_1228,75,HSL:1100125,Haapaniemi
45660,45660,0,45660,45660,0,False,SCHEDULED,1631912400,HSL:4717_20210917_La_1_1235,717,HSL:1100125,Haapaniemi
45660,45660,0,45660,45660,0,False,SCHEDULED,1631912400,HSL:4731_20210917_La_1_1239,731,HSL:1100125,Haapaniemi
45420,45467,47,45420,45477,57,True,UPDATED,1631912400,HSL:1085_20210917_La_2_1234,85,HSL:1492144,Rannikkolaivurintie
46620,46620,0,46620,46620,0,False,SCHEDULED,1631912400,HSL:1085_20210917_La_2_1254,85,HSL:1492144,Rannikkolaivurintie
47820,47820,0,47820,47820,0,False,SCHEDULED,1631912400,HSL:1085_20210917_La_2_1314,85,HSL:1492144,Rannikkolaivurintie
49020,49020,0,49020,49020,0,False,SCHEDULED,1631912400,HSL:1085_20210917_La_2_1334,85,HSL:1492144,Rannikkolaivurintie
50220,50220,0,50220,50220,0,False,SCHEDULED,1631912400,HSL:1085_20210917_La_2_1354,85,HSL:1492144,Rannikkolaivurintie
46080,46080,0,46080,46080,0,False,SCHEDULED,1631912400,HSL:1059_20210917_La_1_1246,59,HSL:1100128,Polariksenkatu
46980,46980,0,46980,46980,0,False,SCHEDULED,1631912400,HSL:1059_20210917_La_1_1301,59,HSL:1100128,Polariksenkatu
47880,47880,0,47880,47880,0,False,SCHEDULED,1631912400,HSL:1059_20210917_La_1_1316,59,HSL:1100128,Polariksenkatu
48780,48780,0,48780,48780,0,False,SCHEDULED,1631912400,HSL:1059_20210917_La_1_1331,59,HSL:1100128,Polariksenkatu
49680,49680,0,49680,49680,0,False,SCHEDULED,1631912400,HSL:1059_20210917_La_1_1346,59,HSL:1100128,Polariksenkatu
45960,45960,0,45960,45960,0,False,SCHEDULED,1631912400,HSL:1085_20210917_La_1_1231,85,HSL:1492145,Hämeenapajantie
47160,47160,0,47160,47160,0,False,SCHEDULED,1631912400,HSL:1085_20210917_La_1_1251,85,HSL:1492145,Hämeenapajantie
48360,48360,0,48360,48360,0,False,SCHEDULED,1631912400,HSL:1085_20210917_La_1_1311,85,HSL:1492145,Hämeenapajantie
49620,49620,0,49620,49620,0,False,SCHEDULED,1631912400,HSL:1085_20210917_La_1_1331,85,HSL:1492145,Hämeenapajantie
50820,50820,0,50820,50820,0,False,SCHEDULED,1631912400,HSL:1085_20210917_La_1_1351,85,HSL:1492145,Hämeenapajantie
45360,45399,39,45360,45419,59,True,UPDATED,1631912400,HSL:1085_20210917_La_2_1234,85,HSL:1492146,Hämeenapajantie
46560,46560,0,46560,46560,0,False,SCHEDULED,1631912400,HSL:1085_20210917_La_2_1254,85,HSL:1492146,Hämeenapajantie
47760,47760,0,47760,47760,0,False,SCHEDULED,1631912400,HSL:1085_20210917_La_2_1314,85,HSL:1492146,Hämeenapajantie
48960,48960,0,48960,48960,0,False,SCHEDULED,1631912400,HSL:1085_20210917_La_2_1334,85,HSL:1492146,Hämeenapajantie
50160,50160,0,50160,50160,0,False,SCHEDULED,1631912400,HSL:1085_20210917_La_2_1354,85,HSL:1492146,Hämeenapajantie
46080,46080,0,46080,46080,0,False,SCHEDULED,1631912400,HSL:1016_20210917_La_1_1242,16,HSL:1010109,Liisanpuistikko
47280,47280,0,47280,47280,0,False,SCHEDULED,1631912400,HSL:1016_20210917_La_1_1302,16,HSL:1010109,Liisanpuistikko
48480,48480,0,48480,48480,0,False,SCHEDULED,1631912400,HSL:1016_20210917_La_1_1322,16,HSL:1010109,Liisanpuistikko
49680,49680,0,49680,49680,0,False,SCHEDULED,1631912400,HSL:1016_20210917_La_1_1342,16,HSL:1010109,Liisanpuistikko
50880,50880,0,50880,50880,0,False,SCHEDULED,1631912400,HSL:1016_20210917_La_1_1402,16,HSL:1010109,Liisanpuistikko
45300,45323,23,45300,45385,85,True,UPDATED,1631912400,HSL:1059_20210917_La_1_1231,59,HSL:1100131,Kalasatama (M)
46200,46200,0,46200,46200,0,False,SCHEDULED,1631912400,HSL:1059_20210917_La_1_1246,59,HSL:1100131,Kalasatama (M)
47100,47100,0,47100,47100,0,False,SCHEDULED,1631912400,HSL:1059_20210917_La_1_1301,59,HSL:1100131,Kalasatama (M)
48000,48000,0,48000,48000,0,False,SCHEDULED,1631912400,HSL:1059_20210917_La_1_1316,59,HSL:1100131,Kalasatama (M)
48900,48900,0,48900,48900,0,False,SCHEDULED,1631912400,HSL:1059_20210917_La_1_1331,59,HSL:1100131,Kalasatama (M)
45720,45911,191,45720,45939,219,True,UPDATED,1631912400,HSL:1004_20210917_La_1_1221,4,HSL:1150431,Töölön tulli
46320,46271,-49,46320,46292,-28,True,UPDATED,1631912400,HSL:1004_20210917_La_1_1231,4,HSL:1150431,Töölön tulli
46920,46920,0,46920,46920,0,False,SCHEDULED,1631912400,HSL:1004_20210917_La_1_1241,4,HSL:1150431,Töölön tulli
47580,47580,0,47580,47580,0,False,SCHEDULED,1631912400,HSL:1004_20210917_La_1_1251,4,HSL:1150431,Töölön tulli
48180,48180,0,48180,48180,0,False,SCHEDULED,1631912400,HSL:1004_20210917_La_1_1301,4,HSL:1150431,Töölön tulli
45780,45780,0,45780,45780,0,True,UPDATED,1631912400,HSL:1004_20210917_La_2_1235,4,HSL:1150432,Töölön tulli
46380,46380,0,46380,46380,0,False,SCHEDULED,1631912400,HSL:1004_20210917_La_2_1245,4,HSL:1150432,Töölön tulli
46980,46980,0,46980,46980,0,False,SCHEDULED,1631912400,HSL:1004_20210917_La_2_1255,4,HSL:1150432,Töölön tulli
47580,47580,0,47580,47580,0,False,SCHEDULED,1631912400,HSL:1004_20210917_La_2_1305,4,HSL:1150432,Töölön tulli
48180,48180,0,48180,48180,0,False,SCHEDULED,1631912400,HSL:1004_20210917_La_2_1315,4,HSL:1150432,Töölön tulli
45780,45986,206,45780,46003,223,True,UPDATED,1631912400,HSL:1004_20210917_La_1_1221,4,HSL:1150433,Meilahden sairaala
46380,46336,-44,46380,46351,-29,True,UPDATED,1631912400,HSL:1004_20210917_La_1_1231,4,HSL:1150433,Meilahden sairaala
46980,46980,0,46980,46980,0,False,SCHEDULED,1631912400,HSL:1004_20210917_La_1_1241,4,HSL:1150433,Meilahden sairaala
47640,47640,0,47640,47640,0,False,SCHEDULED,1631912400,HSL:1004_20210917_La_1_1251,4,HSL:1150433,Meilahden sairaala
48240,48240,0,48240,48240,0,False,SCHEDULED,1631912400,HSL:1004_20210917_La_1_1301,4,HSL:1150433,Meilahden sairaala
45720,45720,0,45720,45720,0,True,UPDATED,1631912400,HSL:1004_20210917_La_2_1235,4,HSL:1150434,Meilahden sairaala
46320,46320,0,46320,46320,0,False,SCHEDULED,1631912400,HSL:1004_20210917_La_2_1245,4,HSL:1150434,Meilahden sairaala
46920,46920,0,46920,46920,0,False,SCHEDULED,1631912400,HSL:1004_20210917_La_2_1255,4,HSL:1150434,Meilahden sairaala
47520,47520,0,47520,47520,0,False,SCHEDULED,1631912400,HSL:1004_20210917_La_2_1305,4,HSL:1150434,Meilahden sairaala
48120,48120,0,48120,48120,0,False,SCHEDULED,1631912400,HSL:1004_20210917_La_2_1315,4,HSL:1150434,Meilahden sairaala
45300,45376,76,45300,45396,96,True,UPDATED,1631912400,HSL:1004_20210917_La_1_1211,4,HSL:1150435,Meilahdentie
45900,46085,185,45900,46107,207,True,UPDATED,1631912400,HSL:1004_20210917_La_1_1221,4,HSL:1150435,Meilahdentie
46500,46432,-68,46500,46446,-54,True,UPDATED,1631912400,HSL:1004_20210917_La_1_1231,4,HSL:1150435,Meilahdentie
47100,47100,0,47100,47100,0,False,SCHEDULED,1631912400,HSL:1004_20210917_La_1_1241,4,HSL:1150435,Meilahdentie
47760,47760,0,47760,47760,0,False,SCHEDULED,1631912400,HSL:1004_20210917_La_1_1251,4,HSL:1150435,Meilahdentie
45600,45600,0,45600,45600,0,True,UPDATED,1631912400,HSL:1004_20210917_La_2_1235,4,HSL:1150436,Meilahdentie
46200,46200,0,46200,46200,0,False,SCHEDULED,1631912400,HSL:1004_20210917_La_2_1245,4,HSL:1150436,Meilahdentie
46800,46800,0,46800,46800,0,False,SCHEDULED,1631912400,HSL:1004_20210917_La_2_1255,4,HSL:1150436,Meilahdentie
47400,47400,0,47400,47400,0,False,SCHEDULED,1631912400,HSL:1004_20210917_La_2_1305,4,HSL:1150436,Meilahdentie
48000,48000,0,48000,48000,0,False,SCHEDULED,1631912400,HSL:1004_20210917_La_2_1315,4,HSL:1150436,Meilahdentie
45300,45416,116,45300,45438,138,True,UPDATED,1631912400,HSL:1004_20210917_La_1_1211,4,HSL:1150437,Paciuksenkaari
45900,46123,223,45900,46149,249,True,UPDATED,1631912400,HSL:1004_20210917_La_1_1221,4,HSL:1150437,Paciuksenkaari
46500,46464,-36,46500,46483,-17,True,UPDATED,1631912400,HSL:1004_20210917_La_1_1231,4,HSL:1150437,Paciuksenkaari
47100,47100,0,47100,47100,0,False,SCHEDULED,1631912400,HSL:1004_20210917_La_1_1241,4,HSL:1150437,Paciuksenkaari
47760,47760,0,47760,47760,0,False,SCHEDULED,1631912400,HSL:1004_20210917_La_1_1251,4,HSL:1150437,Paciuksenkaari
45600,45600,0,45600,45600,0,True,UPDATED,1631912400,HSL:1004_20210917_La_2_1235,4,HSL:1150438,Paciuksenkaari
46200,46200,0,46200,46200,0,False,SCHEDULED,1631912400,HSL:1004_20210917_La_2_1245,4,HSL:1150438,Paciuksenkaari
46800,46800,0,46800,46800,0,False,SCHEDULED,1631912400,HSL:1004_20210917_La_2_1255,4,HSL:1150438,Paciuksenkaari
47400,47400,0,47400,47400,0,False,SCHEDULED,1631912400,HSL:1004_20210917_La_2_1305,4,HSL:1150438,Paciuksenkaari
48000,48000,0,48000,48000,0,False,SCHEDULED,1631912400,HSL:1004_20210917_La_2_1315,4,HSL:1150438,Paciuksenkaari
94620,94620,0,94620,94620,0,False,SCHEDULED,1631912400,HSL:1023N_20210917_La_2_2603,23N,HSL:1112117,Kallion virastotalo
95820,95820,0,95820,95820,0,False,SCHEDULED,1631912400,HSL:1023N_20210917_La_2_2623,23N,HSL:1112117,Kallion virastotalo
97020,97020,0,97020,97020,0,False,SCHEDULED,1631912400,HSL:1023N_20210917_La_2_2643,23N,HSL:1112117,Kallion virastotalo
98220,98220,0,98220,98220,0,False,SCHEDULED,1631912400,HSL:1023N_20210917_La_2_2703,23N,HSL:1112117,Kallion virastotalo
99420,99420,0,99420,99420,0,False,SCHEDULED,1631912400,HSL:1023N_20210917_La_2_2723,23N,HSL:1112117,Kallion virastotalo
45720,45720,0,45720,45720,0,False,SCHEDULED,1631912400,HSL:1085_20210917_La_1_1231,85,HSL:1492137,Isosarvastontie
46920,46920,0,46920,46920,0,False,SCHEDULED,1631912400,HSL:1085_20210917_La_1_1251,85,HSL:1492137,Isosarvastontie
48120,48120,0,48120,48120,0,False,SCHEDULED,1631912400,HSL:1085_20210917_La_1_1311,85,HSL:1492137,Isosarvastontie
49380,49380,0,49380,49380,0,False,SCHEDULED,1631912400,HSL:1085_20210917_La_1_1331,85,HSL:1492137,Isosarvastontie
50580,50580,0,50580,50580,0,False,SCHEDULED,1631912400,HSL:1085_20210917_La_1_1351,85,HSL:1492137,Isosarvastontie
45060,45347,287,45060,45381,321,True,UPDATED,1631912400,HSL:1055_20210917_La_1_1220,55,HSL:1100133,Kalasatama (M)
45720,45720,0,45720,45720,0,False,SCHEDULED,1631912400,HSL:1056_20210917_La_1_1240,56,HSL:1100133,Kalasatama (M)
45960,45960,0,45960,45960,0,False,SCHEDULED,1631912400,HSL:1055_20210917_La_1_1235,55,HSL:1100133,Kalasatama (M)
46320,46320,0,46320,46320,0,False,SCHEDULED,1631912400,HSL:1056_20210917_La_1_1250,56,HSL:1100133,Kalasatama (M)
46860,46860,0,46860,46860,0,False,SCHEDULED,1631912400,HSL:1055_20210917_La_1_1250,55,HSL:1100133,Kalasatama (M)
45300,45494,194,45300,45531,231,True,UPDATED,1631912400,HSL:1059_20210917_La_2_1154,59,HSL:1100132,Kalasatama (M)
46200,46441,241,46200,46466,266,True,UPDATED,1631912400,HSL:1059_20210917_La_2_1209,59,HSL:1100132,Kalasatama (M)
47160,47159,-1,47160,47180,20,True,UPDATED,1631912400,HSL:1059_20210917_La_2_1224,59,HSL:1100132,Kalasatama (M)
48060,48060,0,48060,48060,0,False,SCHEDULED,1631912400,HSL:1059_20210917_La_2_1239,59,HSL:1100132,Kalasatama (M)
48960,48960,0,48960,48960,0,False,SCHEDULED,1631912400,HSL:1059_20210917_La_2_1254,59,HSL:1100132,Kalasatama (M)
45840,45803,-37,45840,45838,-2,True,UPDATED,1631912400,HSL:1056_20210917_La_2_1212,56,HSL:1100134,Kalasatama (M)
45960,45981,21,45960,46017,57,True,UPDATED,1631912400,HSL:1055_20210917_La_2_1229,55,HSL:1100134,Kalasatama (M)
46380,46380,0,46380,46380,0,False,SCHEDULED,1631912400,HSL:1056_20210917_La_2_1221,56,HSL:1100134,Kalasatama (M)
46860,46860,0,46860,46860,0,False,SCHEDULED,1631912400,HSL:1055_20210917_La_2_1244,55,HSL:1100134,Kalasatama (M)
46980,47019,39,46980,47059,79,True,UPDATED,1631912400,HSL:1056_20210917_La_2_1231,56,HSL:1100134,Kalasatama (M)
45480,45860,380,45480,45879,399,True,UPDATED,1631912400,HSL:1069_20210917_La_2_1142,69,HSL:1173108,Vaihdemiehenkatu
46020,46018,-2,46020,46025,5,True,UPDATED,1631912400,HSL:1506_20210917_La_1_1210,506,HSL:1173108,Vaihdemiehenkatu
46380,46380,0,46380,46380,0,False,SCHEDULED,1631912400,HSL:7848_20210917_La_2_1205,848,HSL:1173108,Vaihdemiehenkatu
46680,46723,43,46680,46759,79,True,UPDATED,1631912400,HSL:1069_20210917_La_2_1202,69,HSL:1173108,Vaihdemiehenkatu
47220,47203,-17,47220,47212,-8,True,UPDATED,1631912400,HSL:1506_20210917_La_1_1230,506,HSL:1173108,Vaihdemiehenkatu
45600,45927,327,45600,45946,346,True,UPDATED,1631912400,HSL:1069_20210917_La_1_1222,69,HSL:1173107,Vaihdemiehenkatu
46140,46171,31,46140,46171,31,True,UPDATED,1631912400,HSL:1506_20210917_La_2_1234,506,HSL:1173107,Vaihdemiehenkatu
46800,46800,0,46800,46800,0,False,SCHEDULED,1631912400,HSL:1069_20210917_La_1_1242,69,HSL:1173107,Vaihdemiehenkatu
47340,47340,0,47340,47340,0,False,SCHEDULED,1631912400,HSL:1506_20210917_La_2_1253,506,HSL:1173107,Vaihdemiehenkatu
48000,48000,0,48000,48000,0,False,SCHEDULED,1631912400,HSL:1069_20210917_La_1_1302,69,HSL:1173107,Vaihdemiehenkatu
45960,46020,60,45960,46030,70,True,UPDATED,1631912400,HSL:1059_20210917_La_1_1231,59,HSL:1173103,Junailijankuja
46860,46860,0,46860,46860,0,False,SCHEDULED,1631912400,HSL:1059_20210917_La_1_1246,59,HSL:1173103,Junailijankuja
47760,47760,0,47760,47760,0,False,SCHEDULED,1631912400,HSL:1059_20210917_La_1_1301,59,HSL:1173103,Junailijankuja
48660,48660,0,48660,48660,0,False,SCHEDULED,1631912400,HSL:1059_20210917_La_1_1316,59,HSL:1173103,Junailijankuja
49560,49560,0,49560,49560,0,False,SCHEDULED,1631912400,HSL:1059_20210917_La_1_1331,59,HSL:1173103,Junailijankuja
45540,45928,388,45540,45943,403,True,UPDATED,1631912400,HSL:1069_20210917_La_2_1142,69,HSL:1173106,Pasilan asema
46080,46065,-15,46080,46105,25,True,UPDATED,1631912400,HSL:1506_20210917_La_1_1210,506,HSL:1173106,Pasilan asema
46500,46500,0,46500,46500,0,False,SCHEDULED,1631912400,HSL:7848_20210917_La_2_1205,848,HSL:1173106,Pasilan asema
46740,46797,57,46740,46811,71,True,UPDATED,1631912400,HSL:1069_20210917_La_2_1202,69,HSL:1173106,Pasilan asema
47280,47290,10,47280,47355,75,True,UPDATED,1631912400,HSL:1506_20210917_La_1_1230,506,HSL:1173106,Pasilan asema
45540,45847,307,45540,45867,327,True,UPDATED,1631912400,HSL:1069_20210917_La_1_1222,69,HSL:1173105,Pasilan asema
46080,46111,31,46080,46111,31,True,UPDATED,1631912400,HSL:1506_20210917_La_2_1234,506,HSL:1173105,Pasilan asema
46740,46740,0,46740,46740,0,False,SCHEDULED,1631912400,HSL:1069_20210917_La_1_1242,69,HSL:1173105,Pasilan asema
47280,47280,0,47280,47280,0,False,SCHEDULED,1631912400,HSL:1506_20210917_La_2_1253,506,HSL:1173105,Pasilan asema
47940,47940,0,47940,47940,0,False,SCHEDULED,1631912400,HSL:1069_20210917_La_1_1302,69,HSL:1173105,Pasilan asema
45360,45490,130,45360,45503,143,True,UPDATED,1631912400,HSL:1066_20210917_La_2_1222,66,HSL:1173102,Koskelantie
45600,45589,-11,45600,45607,7,True,UPDATED,1631912400,HSL:4623K_20210917_La_2_1203,623K,HSL:1173102,Koskelantie
45480,45654,174,45480,45663,183,True,UPDATED,1631912400,HSL:1061_20210917_La_2_1211,61,HSL:1173102,Koskelantie
45720,45776,56,45720,45787,67,True,UPDATED,1631912400,HSL:4611_20210917_La_2_1208,611,HSL:1173102,Koskelantie
45900,45929,29,45900,45934,34,True,UPDATED,1631912400,HSL:1067_20210917_La_2_1224,67,HSL:1173102,Koskelantie
48240,48240,0,48240,48240,0,False,SCHEDULED,1631912400,HSL:9665K_20210917_La_1_1256,665K,HSL:9509005,Rekikatu
51840,51840,0,51840,51840,0,False,SCHEDULED,1631912400,HSL:9665K_20210917_La_1_1356,665K,HSL:9509005,Rekikatu
55440,55440,0,55440,55440,0,False,SCHEDULED,1631912400,HSL:9665K_20210917_La_1_1456,665K,HSL:9509005,Rekikatu
59040,59040,0,59040,59040,0,False,SCHEDULED,1631912400,HSL:9665K_20210917_La_1_1556,665K,HSL:9509005,Rekikatu
62640,62640,0,62640,62640,0,False,SCHEDULED,1631912400,HSL:9665K_20210917_La_1_1656,665K,HSL:9509005,Rekikatu
45420,45420,0,45420,45420,0,False,SCHEDULED,1631912400,HSL:2531_20210917_La_1_1236,531,HSL:2314221,Kalaonni
45900,45900,0,45900,45900,0,False,SCHEDULED,1631912400,HSL:2531B_20210917_La_1_1244,531B,HSL:2314221,Kalaonni
46320,46320,0,46320,46320,0,False,SCHEDULED,1631912400,HSL:2531_20210917_La_1_1251,531,HSL:2314221,Kalaonni
46800,46800,0,46800,46800,0,False,SCHEDULED,1631912400,HSL:2531B_20210917_La_1_1259,531B,HSL:2314221,Kalaonni
47220,47220,0,47220,47220,0,False,SCHEDULED,1631912400,HSL:2531_20210917_La_1_1306,531,HSL:2314221,Kalaonni
45660,45660,0,45660,45660,0,False,SCHEDULED,1631912400,HSL:2158_20210917_La_1_1238,158,HSL:2314220,Kalaonni
45600,45759,159,45600,45762,162,True,UPDATED,1631912400,HSL:2531_20210917_La_2_1200,531,HSL:2314220,Kalaonni
45660,45782,122,45660,45785,125,True,UPDATED,1631912400,HSL:2133_20210917_La_2_1224,133,HSL:2314220,Kalaonni
45600,45817,217,45600,45817,217,True,UPDATED,1631912400,HSL:2532_20210917_La_2_1205,532,HSL:2314220,Kalaonni
46020,46016,-4,46020,46020,0,True,UPDATED,1631912400,HSL:2531B_20210917_La_2_1231,531B,HSL:2314220,Kalaonni
45720,45680,-40,45720,45684,-36,True,UPDATED,1631912400,HSL:2158_20210917_La_2_1221,158,HSL:2314223,Tiistinniitty
46200,46216,16,46200,46216,16,True,UPDATED,1631912400,HSL:2157_20210917_La_2_1234,157,HSL:2314223,Tiistinniitty
46620,46620,0,46620,46620,0,True,UPDATED,1631912400,HSL:2158_20210917_La_2_1236,158,HSL:2314223,Tiistinniitty
46680,46680,0,46680,46680,0,False,SCHEDULED,1631912400,HSL:2133_20210917_La_1_1254,133,HSL:2314223,Tiistinniitty
47100,47100,0,47100,47100,0,False,SCHEDULED,1631912400,HSL:2157_20210917_La_2_1249,157,HSL:2314223,Tiistinniitty
45720,45720,0,45720,45720,0,False,SCHEDULED,1631912400,HSL:2158_20210917_La_1_1238,158,HSL:2314222,Tiistinniitty
45720,45826,106,45720,45828,108,True,UPDATED,1631912400,HSL:2133_20210917_La_2_1224,133,HSL:2314222,Tiistinniitty
46200,46200,0,46200,46200,0,False,SCHEDULED,1631912400,HSL:2157_20210917_La_1_1246,157,HSL:2314222,Tiistinniitty
46620,46620,0,46620,46620,0,False,SCHEDULED,1631912400,HSL:2158_20210917_La_1_1253,158,HSL:2314222,Tiistinniitty
47100,47100,0,47100,47100,0,False,SCHEDULED,1631912400,HSL:2157_20210917_La_1_1301,157,HSL:2314222,Tiistinniitty
45780,45879,99,45780,45879,99,True,UPDATED,1631912400,HSL:9642_20210917_La_1_1216,642,HSL:9650303,Hyökkälä
47040,47040,0,47040,47040,0,False,SCHEDULED,1631912400,HSL:9963_20210917_La_1_1300,963,HSL:9650303,Hyökkälä
49440,49440,0,49440,49440,0,False,SCHEDULED,1631912400,HSL:9642_20210917_La_1_1316,642,HSL:9650303,Hyökkälä
50760,50760,0,50760,50760,0,False,SCHEDULED,1631912400,HSL:9963_20210917_La_1_1402,963,HSL:9650303,Hyökkälä
53040,53040,0,53040,53040,0,False,SCHEDULED,1631912400,HSL:9642_20210917_La_1_1416,642,HSL:9650303,Hyökkälä
46800,46800,0,46800,46800,0,False,SCHEDULED,1631912400,HSL:9665K_20210917_La_1_1256,665K,HSL:9650301,Gustavelund
46980,47037,57,46980,47047,67,True,UPDATED,1631912400,HSL:9641_20210917_La_1_1220,641,HSL:9650301,Gustavelund
48780,48780,0,48780,48780,0,False,SCHEDULED,1631912400,HSL:9641_20210917_La_1_1250,641,HSL:9650301,Gustavelund
50400,50400,0,50400,50400,0,False,SCHEDULED,1631912400,HSL:9665K_20210917_La_1_1356,665K,HSL:9650301,Gustavelund
50580,50580,0,50580,50580,0,False,SCHEDULED,1631912400,HSL:9641_20210917_La_1_1320,641,HSL:9650301,Gustavelund
45540,45540,0,45540,45540,0,True,UPDATED,1631912400,HSL:9642_20210917_La_2_1238,642,HSL:9650302,Hyökkälä
46320,46320,0,46320,46320,0,True,UPDATED,1631912400,HSL:9963_20210917_La_2_1236,963,HSL:9650302,Hyökkälä
49140,49140,0,49140,49140,0,False,SCHEDULED,1631912400,HSL:9642_20210917_La_2_1338,642,HSL:9650302,Hyökkälä
50040,50040,0,50040,50040,0,False,SCHEDULED,1631912400,HSL:9963_20210917_La_2_1338,963,HSL:9650302,Hyökkälä
52740,52740,0,52740,52740,0,False,SCHEDULED,1631912400,HSL:9642_20210917_La_2_1438,642,HSL:9650302,Hyökkälä
46380,46380,0,46380,46380,0,False,SCHEDULED,1631912400,HSL:4619_20210917_La_1_1241,619,HSL:4650242,Malminiitynpolku
48180,48180,0,48180,48180,0,False,SCHEDULED,1631912400,HSL:4619_20210917_La_1_1311,619,HSL:4650242,Malminiitynpolku
49980,49980,0,49980,49980,0,False,SCHEDULED,1631912400,HSL:4619_20210917_La_1_1341,619,HSL:4650242,Malminiitynpolku
51780,51780,0,51780,51780,0,False,SCHEDULED,1631912400,HSL:4619_20210917_La_1_1411,619,HSL:4650242,Malminiitynpolku
53580,53580,0,53580,53580,0,False,SCHEDULED,1631912400,HSL:4619_20210917_La_1_1441,619,HSL:4650242,Malminiitynpolku
46920,46920,0,46920,46920,0,False,SCHEDULED,1631912400,HSL:9665K_20210917_La_2_1248,665K,HSL:9509000,Asponkatu
50520,50520,0,50520,50520,0,False,SCHEDULED,1631912400,HSL:9665K_20210917_La_2_1348,665K,HSL:9509000,Asponkatu
54120,54120,0,54120,54120,0,False,SCHEDULED,1631912400,HSL:9665K_20210917_La_2_1448,665K,HSL:9509000,Asponkatu
57720,57720,0,57720,57720,0,False,SCHEDULED,1631912400,HSL:9665K_20210917_La_2_1548,665K,HSL:9509000,Asponkatu
61380,61380,0,61380,61380,0,False,SCHEDULED,1631912400,HSL:9665K_20210917_La_2_1649,665K,HSL:9509000,Asponkatu
46860,46860,0,46860,46860,0,False,SCHEDULED,1631912400,HSL:4619_20210917_La_2_1259,619,HSL:4650241,Sananjalantie
48660,48660,0,48660,48660,0,False,SCHEDULED,1631912400,HSL:4619_20210917_La_2_1329,619,HSL:4650241,Sananjalantie
50460,50460,0,50460,50460,0,False,SCHEDULED,1631912400,HSL:4619_20210917_La_2_1359,619,HSL:4650241,Sananjalantie
52260,52260,0,52260,52260,0,False,SCHEDULED,1631912400,HSL:4619_20210917_La_2_1429,619,HSL:4650241,Sananjalantie
54060,54060,0,54060,54060,0,False,SCHEDULED,1631912400,HSL:4619_20210917_La_2_1459,619,HSL:4650241,Sananjalantie
45180,45342,162,45180,45347,167,True,UPDATED,1631912400,HSL:2111_20210917_La_1_1200,111,HSL:2314224,Tynnyritie
45540,45540,0,45540,45540,0,False,SCHEDULED,1631912400,HSL:2158_20210917_La_1_1238,158,HSL:2314224,Tynnyritie
45540,45540,0,45540,45540,0,False,SCHEDULED,1631912400,HSL:2147_20210917_La_1_1238,147,HSL:2314224,Tynnyritie
45600,45739,139,45600,45741,141,True,UPDATED,1631912400,HSL:2133_20210917_La_2_1224,133,HSL:2314224,Tynnyritie
45540,45755,215,45540,45792,252,True,UPDATED,1631912400,HSL:2532_20210917_La_2_1205,532,HSL:2314224,Tynnyritie
46500,46500,0,46500,46500,0,False,SCHEDULED,1631912400,HSL:4619_20210917_La_1_1241,619,HSL:4650240,Sananjalantie
48300,48300,0,48300,48300,0,False,SCHEDULED,1631912400,HSL:4619_20210917_La_1_1311,619,HSL:4650240,Sananjalantie
50100,50100,0,50100,50100,0,False,SCHEDULED,1631912400,HSL:4619_20210917_La_1_1341,619,HSL:4650240,Sananjalantie
51900,51900,0,51900,51900,0,False,SCHEDULED,1631912400,HSL:4619_20210917_La_1_1411,619,HSL:4650240,Sananjalantie
53700,53700,0,53700,53700,0,False,SCHEDULED,1631912400,HSL:4619_20210917_La_1_1441,619,HSL:4650240,Sananjalantie
45300,45313,13,45300,45316,16,True,UPDATED,1631912400,HSL:2147_20210917_La_2_1218,147,HSL:2314226,Kalaonni
45600,45600,0,45600,45600,0,False,SCHEDULED,1631912400,HSL:2532_20210917_La_1_1239,532,HSL:2314226,Kalaonni
45720,45689,-31,45720,45693,-27,True,UPDATED,1631912400,HSL:2143_20210917_La_2_1226,143,HSL:2314226,Kalaonni
45780,45744,-36,45780,45749,-31,True,UPDATED,1631912400,HSL:2158_20210917_La_2_1221,158,HSL:2314226,Kalaonni
45840,45840,0,45840,45840,0,True,UPDATED,1631912400,HSL:2111_20210917_La_2_1238,111,HSL:2314226,Kalaonni
47040,47040,0,47040,47040,0,False,SCHEDULED,1631912400,HSL:9665K_20210917_La_2_1248,665K,HSL:9509004,Rekikatu
50640,50640,0,50640,50640,0,False,SCHEDULED,1631912400,HSL:9665K_20210917_La_2_1348,665K,HSL:9509004,Rekikatu
54240,54240,0,54240,54240,0,False,SCHEDULED,1631912400,HSL:9665K_20210917_La_2_1448,665K,HSL:9509004,Rekikatu
57840,57840,0,57840,57840,0,False,SCHEDULED,1631912400,HSL:9665K_20210917_La_2_1548,665K,HSL:9509004,Rekikatu
61500,61500,0,61500,61500,0,False,SCHEDULED,1631912400,HSL:9665K_20210917_La_2_1649,665K,HSL:9509004,Rekikatu
48300,48300,0,48300,48300,0,False,SCHEDULED,1631912400,HSL:9665K_20210917_La_1_1256,665K,HSL:9509003,Aikuiskoulutuskeskus
51900,51900,0,51900,51900,0,False,SCHEDULED,1631912400,HSL:9665K_20210917_La_1_1356,665K,HSL:9509003,Aikuiskoulutuskeskus
55500,55500,0,55500,55500,0,False,SCHEDULED,1631912400,HSL:9665K_20210917_La_1_1456,665K,HSL:9509003,Aikuiskoulutuskeskus
59100,59100,0,59100,59100,0,False,SCHEDULED,1631912400,HSL:9665K_20210917_La_1_1556,665K,HSL:9509003,Aikuiskoulutuskeskus
62700,62700,0,62700,62700,0,False,SCHEDULED,1631912400,HSL:9665K_20210917_La_1_1656,665K,HSL:9509003,Aikuiskoulutuskeskus
46980,46980,0,46980,46980,0,False,SCHEDULED,1631912400,HSL:9665K_20210917_La_2_1248,665K,HSL:9509002,Aikuiskoulutuskeskus
50580,50580,0,50580,50580,0,False,SCHEDULED,1631912400,HSL:9665K_20210917_La_2_1348,665K,HSL:9509002,Aikuiskoulutuskeskus
54180,54180,0,54180,54180,0,False,SCHEDULED,1631912400,HSL:9665K_20210917_La_2_1448,665K,HSL:9509002,Aikuiskoulutuskeskus
57780,57780,0,57780,57780,0,False,SCHEDULED,1631912400,HSL:9665K_20210917_La_2_1548,665K,HSL:9509002,Aikuiskoulutuskeskus
61440,61440,0,61440,61440,0,False,SCHEDULED,1631912400,HSL:9665K_20210917_La_2_1649,665K,HSL:9509002,Aikuiskoulutuskeskus
47040,47040,0,47040,47040,0,False,SCHEDULED,1631912400,HSL:4619_20210917_La_2_1259,619,HSL:4650243,Malminiitynpolku
48840,48840,0,48840,48840,0,False,SCHEDULED,1631912400,HSL:4619_20210917_La_2_1329,619,HSL:4650243,Malminiitynpolku
50640,50640,0,50640,50640,0,False,SCHEDULED,1631912400,HSL:4619_20210917_La_2_1359,619,HSL:4650243,Malminiitynpolku
52440,52440,0,52440,52440,0,False,SCHEDULED,1631912400,HSL:4619_20210917_La_2_1429,619,HSL:4650243,Malminiitynpolku
54240,54240,0,54240,54240,0,False,SCHEDULED,1631912400,HSL:4619_20210917_La_2_1459,619,HSL:4650243,Malminiitynpolku
48300,48300,0,48300,48300,0,False,SCHEDULED,1631912400,HSL:9665K_20210917_La_1_1256,665K,HSL:9509001,Asponkatu
51900,51900,0,51900,51900,0,False,SCHEDULED,1631912400,HSL:9665K_20210917_La_1_1356,665K,HSL:9509001,Asponkatu
55500,55500,0,55500,55500,0,False,SCHEDULED,1631912400,HSL:9665K_20210917_La_1_1456,665K,HSL:9509001,Asponkatu
59100,59100,0,59100,59100,0,False,SCHEDULED,1631912400,HSL:9665K_20210917_La_1_1556,665K,HSL:9509001,Asponkatu
62700,62700,0,62700,62700,0,False,SCHEDULED,1631912400,HSL:9665K_20210917_La_1_1656,665K,HSL:9509001,Asponkatu
46200,46200,0,46200,46200,0,False,SCHEDULED,1631912400,HSL:2112_20210917_La_2_1250,112,HSL:2314210,Matinkylä (M)
47100,47100,0,47100,47100,0,False,SCHEDULED,1631912400,HSL:2112_20210917_La_2_1305,112,HSL:2314210,Matinkylä (M)
48000,48000,0,48000,48000,0,False,SCHEDULED,1631912400,HSL:2112_20210917_La_2_1320,112,HSL:2314210,Matinkylä (M)
48900,48900,0,48900,48900,0,False,SCHEDULED,1631912400,HSL:2112_20210917_La_2_1335,112,HSL:2314210,Matinkylä (M)
49800,49800,0,49800,49800,0,False,SCHEDULED,1631912400,HSL:2112_20210917_La_2_1350,112,HSL:2314210,Matinkylä (M)
45540,45191,-349,45540,45540,0,True,UPDATED,1631912400,HSL:2136_20210917_La_1_1239,136,HSL:2314212,Matinkylä (M)
47340,47340,0,47340,47340,0,False,SCHEDULED,1631912400,HSL:2136_20210917_La_1_1309,136,HSL:2314212,Matinkylä (M)
49140,49140,0,49140,49140,0,False,SCHEDULED,1631912400,HSL:2136_20210917_La_1_1339,136,HSL:2314212,Matinkylä (M)
50940,50940,0,50940,50940,0,False,SCHEDULED,1631912400,HSL:2136_20210917_La_1_1409,136,HSL:2314212,Matinkylä (M)
52740,52740,0,52740,52740,0,False,SCHEDULED,1631912400,HSL:2136_20210917_La_1_1439,136,HSL:2314212,Matinkylä (M)
46440,46440,0,46440,46440,0,False,SCHEDULED,1631912400,HSL:2134_20210917_La_1_1254,134,HSL:2314211,Matinkylä (M)
48240,48240,0,48240,48240,0,False,SCHEDULED,1631912400,HSL:2134_20210917_La_1_1324,134,HSL:2314211,Matinkylä (M)
50040,50040,0,50040,50040,0,False,SCHEDULED,1631912400,HSL:2134_20210917_La_1_1354,134,HSL:2314211,Matinkylä (M)
51840,51840,0,51840,51840,0,False,SCHEDULED,1631912400,HSL:2134_20210917_La_1_1424,134,HSL:2314211,Matinkylä (M)
53640,53640,0,53640,53640,0,False,SCHEDULED,1631912400,HSL:2134_20210917_La_1_1454,134,HSL:2314211,Matinkylä (M)
46500,46500,0,46500,46500,0,False,SCHEDULED,1631912400,HSL:4619_20210917_La_1_1241,619,HSL:4650215,Loikkokuja
48300,48300,0,48300,48300,0,False,SCHEDULED,1631912400,HSL:4619_20210917_La_1_1311,619,HSL:4650215,Loikkokuja
50100,50100,0,50100,50100,0,False,SCHEDULED,1631912400,HSL:4619_20210917_La_1_1341,619,HSL:4650215,Loikkokuja
51900,51900,0,51900,51900,0,False,SCHEDULED,1631912400,HSL:4619_20210917_La_1_1411,619,HSL:4650215,Loikkokuja
53700,53700,0,53700,53700,0,False,SCHEDULED,1631912400,HSL:4619_20210917_La_1_1441,619,HSL:4650215,Loikkokuja
45780,45817,37,45780,45854,74,True,UPDATED,1631912400,HSL:9641_20210917_La_2_1220,641,HSL:9651601,Amer
47580,47580,0,47580,47580,0,False,SCHEDULED,1631912400,HSL:9641_20210917_La_2_1250,641,HSL:9651601,Amer
49380,49380,0,49380,49380,0,False,SCHEDULED,1631912400,HSL:9641_20210917_La_2_1320,641,HSL:9651601,Amer
51180,51180,0,51180,51180,0,False,SCHEDULED,1631912400,HSL:9641_20210917_La_2_1350,641,HSL:9651601,Amer
52980,52980,0,52980,52980,0,False,SCHEDULED,1631912400,HSL:9641_20210917_La_2_1420,641,HSL:9651601,Amer
46200,46174,-26,46200,46180,-20,True,UPDATED,1631912400,HSL:9641_20210917_La_1_1220,641,HSL:9651602,Amer
48000,48000,0,48000,48000,0,False,SCHEDULED,1631912400,HSL:9641_20210917_La_1_1250,641,HSL:9651602,Amer
49800,49800,0,49800,49800,0,False,SCHEDULED,1631912400,HSL:9641_20210917_La_1_1320,641,HSL:9651602,Amer
51600,51600,0,51600,51600,0,False,SCHEDULED,1631912400,HSL:9641_20210917_La_1_1350,641,HSL:9651602,Amer
53400,53400,0,53400,53400,0,False,SCHEDULED,1631912400,HSL:9641_20210917_La_1_1420,641,HSL:9651602,Amer
46560,46560,0,46560,46560,0,False,SCHEDULED,1631912400,HSL:4619_20210917_La_1_1241,619,HSL:4650219,Kallioimarteentie
48360,48360,0,48360,48360,0,False,SCHEDULED,1631912400,HSL:4619_20210917_La_1_1311,619,HSL:4650219,Kallioimarteentie
50160,50160,0,50160,50160,0,False,SCHEDULED,1631912400,HSL:4619_20210917_La_1_1341,619,HSL:4650219,Kallioimarteentie
51960,51960,0,51960,51960,0,False,SCHEDULED,1631912400,HSL:4619_20210917_La_1_1411,619,HSL:4650219,Kallioimarteentie
53760,53760,0,53760,53760,0,False,SCHEDULED,1631912400,HSL:4619_20210917_La_1_1441,619,HSL:4650219,Kallioimarteentie
45420,45432,12,45420,45432,12,True,UPDATED,1631912400,HSL:1002_20210917_La_1_1159,2,HSL:1174410,Pasilan asema
45660,45660,0,45660,45660,0,False,SCHEDULED,1631912400,HSL:1002_20210917_La_2_1241,2,HSL:1174410,Pasilan asema
46140,46037,-103,46140,46037,-103,True,UPDATED,1631912400,HSL:1002_20210917_La_1_1211,2,HSL:1174410,Pasilan asema
46380,46380,0,46380,46380,0,False,SCHEDULED,1631912400,HSL:1002_20210917_La_2_1253,2,HSL:1174410,Pasilan asema
46860,46810,-50,46860,46855,-5,True,UPDATED,1631912400,HSL:1002_20210917_La_1_1223,2,HSL:1174410,Pasilan asema
45480,45480,0,45480,45480,0,False,SCHEDULED,1631912400,HSL:2147_20210917_La_1_1238,147,HSL:2314214,Matinkylä (M)
46380,46380,0,46380,46380,0,False,SCHEDULED,1631912400,HSL:2147_20210917_La_1_1253,147,HSL:2314214,Matinkylä (M)
47280,47280,0,47280,47280,0,False,SCHEDULED,1631912400,HSL:2147_20210917_La_1_1308,147,HSL:2314214,Matinkylä (M)
48180,48180,0,48180,48180,0,False,SCHEDULED,1631912400,HSL:2147_20210917_La_1_1323,147,HSL:2314214,Matinkylä (M)
49080,49080,0,49080,49080,0,False,SCHEDULED,1631912400,HSL:2147_20210917_La_1_1338,147,HSL:2314214,Matinkylä (M)
45840,45698,-142,45840,45736,-104,True,UPDATED,1631912400,HSL:1002_20210917_La_1_1211,2,HSL:1174411,Pasilan asema
46560,46456,-104,46560,46508,-52,True,UPDATED,1631912400,HSL:1002_20210917_La_1_1223,2,HSL:1174411,Pasilan asema
47280,47280,0,47280,47280,0,True,UPDATED,1631912400,HSL:1002_20210917_La_1_1235,2,HSL:1174411,Pasilan asema
48000,48000,0,48000,48000,0,False,SCHEDULED,1631912400,HSL:1002_20210917_La_1_1247,2,HSL:1174411,Pasilan asema
48720,48720,0,48720,48720,0,False,SCHEDULED,1631912400,HSL:1002_20210917_La_1_1259,2,HSL:1174411,Pasilan asema
45960,45960,0,45960,45960,0,False,SCHEDULED,1631912400,HSL:2143_20210917_La_1_1246,143,HSL:2314213,Matinkylä (M)
46320,46320,0,46320,46320,0,False,SCHEDULED,1631912400,HSL:2145_20210917_La_1_1252,145,HSL:2314213,Matinkylä (M)
46860,46860,0,46860,46860,0,False,SCHEDULED,1631912400,HSL:2143_20210917_La_1_1301,143,HSL:2314213,Matinkylä (M)
47760,47760,0,47760,47760,0,False,SCHEDULED,1631912400,HSL:2143_20210917_La_1_1316,143,HSL:2314213,Matinkylä (M)
48120,48120,0,48120,48120,0,False,SCHEDULED,1631912400,HSL:2145_20210917_La_1_1322,145,HSL:2314213,Matinkylä (M)
45540,45540,0,45540,45540,0,False,SCHEDULED,1631912400,HSL:2159_20210917_La_1_1239,159,HSL:2314216,Matinkylä (M)
46440,46440,0,46440,46440,0,False,SCHEDULED,1631912400,HSL:2159_20210917_La_1_1254,159,HSL:2314216,Matinkylä (M)
47340,47340,0,47340,47340,0,False,SCHEDULED,1631912400,HSL:2159_20210917_La_1_1309,159,HSL:2314216,Matinkylä (M)
48240,48240,0,48240,48240,0,False,SCHEDULED,1631912400,HSL:2159_20210917_La_1_1324,159,HSL:2314216,Matinkylä (M)
49140,49140,0,49140,49140,0,False,SCHEDULED,1631912400,HSL:2159_20210917_La_1_1339,159,HSL:2314216,Matinkylä (M)
45960,45960,0,45960,45960,0,False,SCHEDULED,1631912400,HSL:2146_20210917_La_1_1246,146,HSL:2314215,Matinkylä (M)
46860,46860,0,46860,46860,0,False,SCHEDULED,1631912400,HSL:2146_20210917_La_1_1301,146,HSL:2314215,Matinkylä (M)
47760,47760,0,47760,47760,0,False,SCHEDULED,1631912400,HSL:2146_20210917_La_1_1316,146,HSL:2314215,Matinkylä (M)
48660,48660,0,48660,48660,0,False,SCHEDULED,1631912400,HSL:2146_20210917_La_1_1331,146,HSL:2314215,Matinkylä (M)
49560,49560,0,49560,49560,0,False,SCHEDULED,1631912400,HSL:2146_20210917_La_1_1346,146,HSL:2314215,Matinkylä (M)
45660,45660,0,45660,45660,0,False,SCHEDULED,1631912400,HSL:2165_20210917_La_1_1241,165,HSL:2314218,Matinkylä (M)
46560,46560,0,46560,46560,0,False,SCHEDULED,1631912400,HSL:2165_20210917_La_1_1256,165,HSL:2314218,Matinkylä (M)
47460,47460,0,47460,47460,0,False,SCHEDULED,1631912400,HSL:2165_20210917_La_1_1311,165,HSL:2314218,Matinkylä (M)
48360,48360,0,48360,48360,0,False,SCHEDULED,1631912400,HSL:2165_20210917_La_1_1326,165,HSL:2314218,Matinkylä (M)
49260,49260,0,49260,49260,0,False,SCHEDULED,1631912400,HSL:2165_20210917_La_1_1341,165,HSL:2314218,Matinkylä (M)
45420,45336,-84,45420,45341,-79,True,UPDATED,1631912400,HSL:4624_20210917_La_2_1206,624,HSL:4650212,Simonkallionkuja
45360,45398,38,45360,45405,45,True,UPDATED,1631912400,HSL:4623K_20210917_La_1_1202,623K,HSL:4650212,Simonkallionkuja
47220,47220,0,47220,47220,0,False,SCHEDULED,1631912400,HSL:4624_20210917_La_2_1236,624,HSL:4650212,Simonkallionkuja
48960,48960,0,48960,48960,0,False,SCHEDULED,1631912400,HSL:4623K_20210917_La_1_1300,623K,HSL:4650212,Simonkallionkuja
49020,49020,0,49020,49020,0,False,SCHEDULED,1631912400,HSL:4624_20210917_La_2_1306,624,HSL:4650212,Simonkallionkuja
45480,45480,0,45480,45480,0,False,SCHEDULED,1631912400,HSL:2158_20210917_La_1_1238,158,HSL:2314217,Matinkylä (M)
45960,45960,0,45960,45960,0,False,SCHEDULED,1631912400,HSL:2157_20210917_La_1_1246,157,HSL:2314217,Matinkylä (M)
46380,46380,0,46380,46380,0,False,SCHEDULED,1631912400,HSL:2158_20210917_La_1_1253,158,HSL:2314217,Matinkylä (M)
46860,46860,0,46860,46860,0,False,SCHEDULED,1631912400,HSL:2157_20210917_La_1_1301,157,HSL:2314217,Matinkylä (M)
47280,47280,0,47280,47280,0,False,SCHEDULED,1631912400,HSL:2158_20210917_La_1_1308,158,HSL:2314217,Matinkylä (M)
46680,46680,0,46680,46680,0,False,SCHEDULED,1631912400,HSL:4624_20210917_La_1_1249,624,HSL:4650211,Simonkallionkuja
47820,47820,0,47820,47820,0,False,SCHEDULED,1631912400,HSL:4623K_20210917_La_2_1303,623K,HSL:4650211,Simonkallionkuja
48480,48480,0,48480,48480,0,False,SCHEDULED,1631912400,HSL:4624_20210917_La_1_1319,624,HSL:4650211,Simonkallionkuja
50280,50280,0,50280,50280,0,False,SCHEDULED,1631912400,HSL:4624_20210917_La_1_1349,624,HSL:4650211,Simonkallionkuja
51420,51420,0,51420,51420,0,False,SCHEDULED,1631912400,HSL:4623K_20210917_La_2_1403,623K,HSL:4650211,Simonkallionkuja
46260,46260,0,46260,46260,0,False,SCHEDULED,1631912400,HSL:6173_20210917_La_1_1251,173,HSL:2314219,Matinkylä (M)
47580,47580,0,47580,47580,0,False,SCHEDULED,1631912400,HSL:6171_20210917_La_1_1313,171,HSL:2314219,Matinkylä (M)
49740,49740,0,49740,49740,0,False,SCHEDULED,1631912400,HSL:6173_20210917_La_1_1349,173,HSL:2314219,Matinkylä (M)
51180,51180,0,51180,51180,0,False,SCHEDULED,1631912400,HSL:6171_20210917_La_1_1413,171,HSL:2314219,Matinkylä (M)
53280,53280,0,53280,53280,0,False,SCHEDULED,1631912400,HSL:6173_20210917_La_1_1448,173,HSL:2314219,Matinkylä (M)
45600,45680,80,45600,45701,101,True,UPDATED,1631912400,HSL:4631_20210917_La_2_1215,631,HSL:4650210,Malminiitty
45960,45931,-29,45960,45946,-14,True,UPDATED,1631912400,HSL:4574_20210917_La_1_1233,574,HSL:4650210,Malminiitty
46860,46873,13,46860,46887,27,True,UPDATED,1631912400,HSL:9641_20210917_La_2_1220,641,HSL:4650210,Malminiitty
47400,47400,0,47400,47400,0,False,SCHEDULED,1631912400,HSL:4631_20210917_La_2_1245,631,HSL:4650210,Malminiitty
47640,47640,0,47640,47640,0,False,SCHEDULED,1631912400,HSL:4623K_20210917_La_2_1303,623K,HSL:4650210,Malminiitty
45480,45245,-235,45480,45326,-154,True,UPDATED,1631912400,HSL:2157_20210917_La_2_1219,157,HSL:2314200,Matinkylä (M)
45480,45412,-68,45480,45412,-68,True,UPDATED,1631912400,HSL:2146_20210917_La_2_1223,146,HSL:2314200,Matinkylä (M)
45420,45439,19,45420,45474,54,True,UPDATED,1631912400,HSL:2147_20210917_La_2_1218,147,HSL:2314200,Matinkylä (M)
45660,45673,13,45660,45673,13,True,UPDATED,1631912400,HSL:2112_20210917_La_1_1224,112,HSL:2314200,Matinkylä (M)
45840,45810,-30,45840,45810,-30,True,UPDATED,1631912400,HSL:2143_20210917_La_2_1226,143,HSL:2314200,Matinkylä (M)
46260,46208,-52,46260,46211,-49,True,UPDATED,1631912400,HSL:9641_20210917_La_1_1220,641,HSL:9651612,Sula
48060,48060,0,48060,48060,0,False,SCHEDULED,1631912400,HSL:9641_20210917_La_1_1250,641,HSL:9651612,Sula
49860,49860,0,49860,49860,0,False,SCHEDULED,1631912400,HSL:9641_20210917_La_1_1320,641,HSL:9651612,Sula
51660,51660,0,51660,51660,0,False,SCHEDULED,1631912400,HSL:9641_20210917_La_1_1350,641,HSL:9651612,Sula
53460,53460,0,53460,53460,0,False,SCHEDULED,1631912400,HSL:9641_20210917_La_1_1420,641,HSL:9651612,Sula
45720,45789,69,45720,45805,85,True,UPDATED,1631912400,HSL:9641_20210917_La_2_1220,641,HSL:9651613,Sula
47520,47520,0,47520,47520,0,False,SCHEDULED,1631912400,HSL:9641_20210917_La_2_1250,641,HSL:9651613,Sula
49320,49320,0,49320,49320,0,False,SCHEDULED,1631912400,HSL:9641_20210917_La_2_1320,641,HSL:9651613,Sula
51120,51120,0,51120,51120,0,False,SCHEDULED,1631912400,HSL:9641_20210917_La_2_1350,641,HSL:9651613,Sula
52920,52920,0,52920,52920,0,False,SCHEDULED,1631912400,HSL:9641_20210917_La_2_1420,641,HSL:9651613,Sula
45360,45263,-97,45360,45360,0,True,UPDATED,1631912400,HSL:1007_20210917_La_2_1236,7,HSL:1174402,Pasilan asema
45840,45930,90,45840,45949,109,True,UPDATED,1631912400,HSL:1007_20210917_La_1_1207,7,HSL:1174402,Pasilan asema
46080,46080,0,46080,46080,0,False,SCHEDULED,1631912400,HSL:1007_20210917_La_2_1248,7,HSL:1174402,Pasilan asema
46560,46553,-7,46560,46597,37,True,UPDATED,1631912400,HSL:1007_20210917_La_1_1218,7,HSL:1174402,Pasilan asema
46800,46800,0,46800,46800,0,False,SCHEDULED,1631912400,HSL:1007_20210917_La_2_1300,7,HSL:1174402,Pasilan asema
46800,46800,0,46800,46800,0,False,SCHEDULED,1631912400,HSL:4619_20210917_La_2_1259,619,HSL:4650220,Kallioimarteentie
48600,48600,0,48600,48600,0,False,SCHEDULED,1631912400,HSL:4619_20210917_La_2_1329,619,HSL:4650220,Kallioimarteentie
50400,50400,0,50400,50400,0,False,SCHEDULED,1631912400,HSL:4619_20210917_La_2_1359,619,HSL:4650220,Kallioimarteentie
52200,52200,0,52200,52200,0,False,SCHEDULED,1631912400,HSL:4619_20210917_La_2_1429,619,HSL:4650220,Kallioimarteentie
54000,54000,0,54000,54000,0,False,SCHEDULED,1631912400,HSL:4619_20210917_La_2_1459,619,HSL:4650220,Kallioimarteentie
45420,45469,49,45420,45469,49,True,UPDATED,1631912400,HSL:2112_20210917_La_1_1224,112,HSL:2314203,Iirislahti
45840,45781,-59,45840,45790,-50,True,UPDATED,1631912400,HSL:2111_20210917_La_1_1215,111,HSL:2314203,Iirislahti
46320,46320,0,46320,46320,0,False,SCHEDULED,1631912400,HSL:2112_20210917_La_1_1239,112,HSL:2314203,Iirislahti
46740,46726,-14,46740,46732,-8,True,UPDATED,1631912400,HSL:2111_20210917_La_1_1230,111,HSL:2314203,Iirislahti
47220,47220,0,47220,47220,0,False,SCHEDULED,1631912400,HSL:2112_20210917_La_1_1254,112,HSL:2314203,Iirislahti
45420,45428,8,45420,45443,23,True,UPDATED,1631912400,HSL:2112_20210917_La_1_1224,112,HSL:2314205,Telamäentie
45780,45748,-32,45780,45750,-30,True,UPDATED,1631912400,HSL:2111_20210917_La_1_1215,111,HSL:2314205,Telamäentie
46320,46320,0,46320,46320,0,False,SCHEDULED,1631912400,HSL:2112_20210917_La_1_1239,112,HSL:2314205,Telamäentie
46680,46693,13,46680,46696,16,True,UPDATED,1631912400,HSL:2111_20210917_La_1_1230,111,HSL:2314205,Telamäentie
47220,47220,0,47220,47220,0,False,SCHEDULED,1631912400,HSL:2112_20210917_La_1_1254,112,HSL:2314205,Telamäentie
45240,45368,128,45240,45375,135,True,UPDATED,1631912400,HSL:2111_20210917_La_2_1223,111,HSL:2314204,Iirislahti
45540,45540,0,45540,45540,0,True,UPDATED,1631912400,HSL:2112_20210917_La_2_1235,112,HSL:2314204,Iirislahti
46140,46140,0,46140,46140,0,True,UPDATED,1631912400,HSL:2111_20210917_La_2_1238,111,HSL:2314204,Iirislahti
46440,46440,0,46440,46440,0,False,SCHEDULED,1631912400,HSL:2112_20210917_La_2_1250,112,HSL:2314204,Iirislahti
47040,47040,0,47040,47040,0,False,SCHEDULED,1631912400,HSL:2111_20210917_La_2_1253,111,HSL:2314204,Iirislahti
45420,45334,-86,45420,45352,-68,True,UPDATED,1631912400,HSL:2146_20210917_La_2_1223,146,HSL:2314207,Puntaritie
45840,45737,-103,45840,45756,-84,True,UPDATED,1631912400,HSL:2145_20210917_La_2_1224,145,HSL:2314207,Puntaritie
45840,45751,-89,45840,45770,-70,True,UPDATED,1631912400,HSL:2136_20210917_La_2_1217,136,HSL:2314207,Puntaritie
45900,45756,-144,45900,45772,-128,True,UPDATED,1631912400,HSL:2165_20210917_La_2_1209,165,HSL:2314207,Puntaritie
45900,45900,0,45900,45900,0,False,SCHEDULED,1631912400,HSL:2159_20210917_La_2_1231,159,HSL:2314207,Puntaritie
46320,46320,0,46320,46320,0,False,SCHEDULED,1631912400,HSL:4619_20210917_La_1_1241,619,HSL:4650223,Uusiraja
48120,48120,0,48120,48120,0,False,SCHEDULED,1631912400,HSL:4619_20210917_La_1_1311,619,HSL:4650223,Uusiraja
49920,49920,0,49920,49920,0,False,SCHEDULED,1631912400,HSL:4619_20210917_La_1_1341,619,HSL:4650223,Uusiraja
51720,51720,0,51720,51720,0,False,SCHEDULED,1631912400,HSL:4619_20210917_La_1_1411,619,HSL:4650223,Uusiraja
53520,53520,0,53520,53520,0,False,SCHEDULED,1631912400,HSL:4619_20210917_La_1_1441,619,HSL:4650223,Uusiraja
45600,45600,0,45600,45600,0,True,UPDATED,1631912400,HSL:2112_20210917_La_2_1235,112,HSL:2314206,Telamäentie
46500,46500,0,46500,46500,0,False,SCHEDULED,1631912400,HSL:2112_20210917_La_2_1250,112,HSL:2314206,Telamäentie
47400,47400,0,47400,47400,0,False,SCHEDULED,1631912400,HSL:2112_20210917_La_2_1305,112,HSL:2314206,Telamäentie
48300,48300,0,48300,48300,0,False,SCHEDULED,1631912400,HSL:2112_20210917_La_2_1320,112,HSL:2314206,Telamäentie
49200,49200,0,49200,49200,0,False,SCHEDULED,1631912400,HSL:2112_20210917_La_2_1335,112,HSL:2314206,Telamäentie
46740,46740,0,46740,46740,0,False,SCHEDULED,1631912400,HSL:4619_20210917_La_2_1259,619,HSL:4650222,Simonsilta
48540,48540,0,48540,48540,0,False,SCHEDULED,1631912400,HSL:4619_20210917_La_2_1329,619,HSL:4650222,Simonsilta
50340,50340,0,50340,50340,0,False,SCHEDULED,1631912400,HSL:4619_20210917_La_2_1359,619,HSL:4650222,Simonsilta
52140,52140,0,52140,52140,0,False,SCHEDULED,1631912400,HSL:4619_20210917_La_2_1429,619,HSL:4650222,Simonsilta
53940,53940,0,53940,53940,0,False,SCHEDULED,1631912400,HSL:4619_20210917_La_2_1459,619,HSL:4650222,Simonsilta
45420,45373,-47,45420,45436,16,True,UPDATED,1631912400,HSL:2533_20210917_La_1_1233,533,HSL:2314209,Matinkylä (M)
45780,45780,0,45780,45780,0,False,SCHEDULED,1631912400,HSL:2532_20210917_La_1_1239,532,HSL:2314209,Matinkylä (M)
46320,46320,0,46320,46320,0,False,SCHEDULED,1631912400,HSL:2533_20210917_La_1_1248,533,HSL:2314209,Matinkylä (M)
46680,46680,0,46680,46680,0,False,SCHEDULED,1631912400,HSL:2532_20210917_La_1_1254,532,HSL:2314209,Matinkylä (M)
47220,47220,0,47220,47220,0,False,SCHEDULED,1631912400,HSL:2533_20210917_La_1_1303,533,HSL:2314209,Matinkylä (M)
46620,46620,0,46620,46620,0,False,SCHEDULED,1631912400,HSL:4619_20210917_La_1_1241,619,HSL:4650221,Simonsilta
48420,48420,0,48420,48420,0,False,SCHEDULED,1631912400,HSL:4619_20210917_La_1_1311,619,HSL:4650221,Simonsilta
50220,50220,0,50220,50220,0,False,SCHEDULED,1631912400,HSL:4619_20210917_La_1_1341,619,HSL:4650221,Simonsilta
52020,52020,0,52020,52020,0,False,SCHEDULED,1631912400,HSL:4619_20210917_La_1_1411,619,HSL:4650221,Simonsilta
53820,53820,0,53820,53820,0,False,SCHEDULED,1631912400,HSL:4619_20210917_La_1_1441,619,HSL:4650221,Simonsilta
45480,45598,118,45540,45614,74,True,UPDATED,1631912400,HSL:2531B_20210917_La_1_1229,531B,HSL:2314208,Matinkylä (M)
45900,45900,0,45960,45960,0,False,SCHEDULED,1631912400,HSL:2531_20210917_La_1_1236,531,HSL:2314208,Matinkylä (M)
45960,45960,0,45960,45960,0,True,UPDATED,1631912400,HSL:2111_20210917_La_2_1238,111,HSL:2314208,Matinkylä (M)
46380,46380,0,46440,46440,0,False,SCHEDULED,1631912400,HSL:2531B_20210917_La_1_1244,531B,HSL:2314208,Matinkylä (M)
46860,46860,0,46860,46860,0,False,SCHEDULED,1631912400,HSL:2133_20210917_La_1_1254,133,HSL:2314208,Matinkylä (M)
45120,45248,128,45120,45342,222,True,UPDATED,1631912400,HSL:2510_20210917_La_2_1147,510,HSL:1431103,Herttoniemi (M)
46020,46411,391,46020,46468,448,True,UPDATED,1631912400,HSL:2510_20210917_La_2_1202,510,HSL:1431103,Herttoniemi (M)
46920,47025,105,46920,47032,112,True,UPDATED,1631912400,HSL:2510_20210917_La_2_1217,510,HSL:1431103,Herttoniemi (M)
47820,47816,-4,47820,47830,10,True,UPDATED,1631912400,HSL:2510_20210917_La_2_1232,510,HSL:1431103,Herttoniemi (M)
48720,48720,0,48720,48720,0,False,SCHEDULED,1631912400,HSL:2510_20210917_La_2_1247,510,HSL:1431103,Herttoniemi (M)
45420,45476,56,45420,45486,66,True,UPDATED,1631912400,HSL:1500_20210917_La_1_1225,500,HSL:1431102,Kipparlahti
45840,45840,0,45840,45840,0,False,SCHEDULED,1631912400,HSL:2510_20210917_La_1_1243,510,HSL:1431102,Kipparlahti
46320,46320,0,46320,46320,0,False,SCHEDULED,1631912400,HSL:1500_20210917_La_1_1240,500,HSL:1431102,Kipparlahti
46740,46740,0,46740,46740,0,False,SCHEDULED,1631912400,HSL:2510_20210917_La_1_1258,510,HSL:1431102,Kipparlahti
47220,47220,0,47220,47220,0,False,SCHEDULED,1631912400,HSL:1500_20210917_La_1_1255,500,HSL:1431102,Kipparlahti
45960,45960,0,45960,45960,0,False,SCHEDULED,1631912400,HSL:1083_20210917_La_1_1246,83,HSL:1431107,Herttoniemi (M)
46020,46040,20,46020,46040,20,True,UPDATED,1631912400,HSL:1083_20210917_La_2_1236,83,HSL:1431107,Herttoniemi (M)
46860,46860,0,46860,46860,0,False,SCHEDULED,1631912400,HSL:1083_20210917_La_1_1301,83,HSL:1431107,Herttoniemi (M)
46920,46920,0,46920,46920,0,False,SCHEDULED,1631912400,HSL:1083_20210917_La_2_1251,83,HSL:1431107,Herttoniemi (M)
47760,47760,0,47760,47760,0,False,SCHEDULED,1631912400,HSL:1083_20210917_La_1_1316,83,HSL:1431107,Herttoniemi (M)
45420,45460,40,45420,45460,40,True,UPDATED,1631912400,HSL:1020_20210917_La_2_1232,20,HSL:1304138,Muusantori
46020,46077,57,46020,46077,57,True,UPDATED,1631912400,HSL:1020_20210917_La_1_1215,20,HSL:1304138,Muusantori
46320,46320,0,46320,46320,0,False,SCHEDULED,1631912400,HSL:1020_20210917_La_2_1247,20,HSL:1304138,Muusantori
46920,46920,0,46920,46920,0,True,UPDATED,1631912400,HSL:1020_20210917_La_1_1230,20,HSL:1304138,Muusantori
47220,47220,0,47220,47220,0,False,SCHEDULED,1631912400,HSL:1020_20210917_La_2_1302,20,HSL:1304138,Muusantori
45720,45720,0,45720,45720,0,False,SCHEDULED,1631912400,HSL:1089_20210917_La_1_1242,89,HSL:1431106,Herttoniemi (M)
46620,46620,0,46620,46620,0,False,SCHEDULED,1631912400,HSL:1089_20210917_La_1_1257,89,HSL:1431106,Herttoniemi (M)
47520,47520,0,47520,47520,0,False,SCHEDULED,1631912400,HSL:1089_20210917_La_1_1312,89,HSL:1431106,Herttoniemi (M)
48420,48420,0,48420,48420,0,False,SCHEDULED,1631912400,HSL:1089_20210917_La_1_1327,89,HSL:1431106,Herttoniemi (M)
49320,49320,0,49320,49320,0,False,SCHEDULED,1631912400,HSL:1089_20210917_La_1_1342,89,HSL:1431106,Herttoniemi (M)
85920,85920,0,85920,85920,0,False,SCHEDULED,1631912400,HSL:1097N_20210917_La_1_2340,97N,HSL:1431105,Herttoniemi (M)
86280,86280,0,86280,86280,0,False,SCHEDULED,1631912400,HSL:1092N_20210917_La_1_2345,92N,HSL:1431105,Herttoniemi (M)
86520,86520,0,86520,86520,0,False,SCHEDULED,1631912400,HSL:1096N_20210917_La_1_2349,96N,HSL:1431105,Herttoniemi (M)
87420,87420,0,87420,87420,0,False,SCHEDULED,1631912400,HSL:1097N_20210917_La_1_2405,97N,HSL:1431105,Herttoniemi (M)
87660,87660,0,87660,87660,0,False,SCHEDULED,1631912400,HSL:1096N_20210917_La_1_2409,96N,HSL:1431105,Herttoniemi (M)
45060,45098,38,45420,45488,68,True,UPDATED,1631912400,HSL:1081_20210917_La_2_1223,81,HSL:1431104,Herttoniemi (M)
45960,45960,0,46320,46320,0,True,UPDATED,1631912400,HSL:1081_20210917_La_2_1238,81,HSL:1431104,Herttoniemi (M)
46860,46860,0,47220,47220,0,False,SCHEDULED,1631912400,HSL:1081_20210917_La_2_1253,81,HSL:1431104,Herttoniemi (M)
47760,47760,0,48120,48120,0,False,SCHEDULED,1631912400,HSL:1081_20210917_La_2_1308,81,HSL:1431104,Herttoniemi (M)
48660,48660,0,49020,49020,0,False,SCHEDULED,1631912400,HSL:1081_20210917_La_2_1323,81,HSL:1431104,Herttoniemi (M)
45660,45660,0,45660,45660,0,True,UPDATED,1631912400,HSL:1081_20210917_La_2_1238,81,HSL:1431109,Kettulehto
45600,45697,97,45600,45706,106,True,UPDATED,1631912400,HSL:1079_20210917_La_2_1158,79,HSL:1431109,Kettulehto
46200,46211,11,46200,46218,18,True,UPDATED,1631912400,HSL:1079_20210917_La_2_1208,79,HSL:1431109,Kettulehto
46560,46560,0,46560,46560,0,False,SCHEDULED,1631912400,HSL:1081_20210917_La_2_1253,81,HSL:1431109,Kettulehto
46860,46881,21,46860,46889,29,True,UPDATED,1631912400,HSL:1079_20210917_La_2_1218,79,HSL:1431109,Kettulehto
45660,45660,0,45660,45660,0,False,SCHEDULED,1631912400,HSL:1079_20210917_La_1_1241,79,HSL:1431108,Herttoniemi (M)
46260,46260,0,46260,46260,0,False,SCHEDULED,1631912400,HSL:1079_20210917_La_1_1251,79,HSL:1431108,Herttoniemi (M)
46860,46860,0,46860,46860,0,False,SCHEDULED,1631912400,HSL:1079_20210917_La_1_1301,79,HSL:1431108,Herttoniemi (M)
47460,47460,0,47460,47460,0,False,SCHEDULED,1631912400,HSL:1079_20210917_La_1_1311,79,HSL:1431108,Herttoniemi (M)
48060,48060,0,48060,48060,0,False,SCHEDULED,1631912400,HSL:1079_20210917_La_1_1321,79,HSL:1431108,Herttoniemi (M)
45360,45491,131,45420,45538,118,True,UPDATED,1631912400,HSL:1023_20210917_La_2_1213,23,HSL:1173148,Pasilan asema
45600,45999,399,45600,46014,414,True,UPDATED,1631912400,HSL:1069_20210917_La_2_1142,69,HSL:1173148,Pasilan asema
46560,46560,0,46560,46560,0,False,SCHEDULED,1631912400,HSL:7848_20210917_La_2_1205,848,HSL:1173148,Pasilan asema
46560,46596,36,46620,46656,36,True,UPDATED,1631912400,HSL:1023_20210917_La_2_1233,23,HSL:1173148,Pasilan asema
46800,46884,84,46800,46902,102,True,UPDATED,1631912400,HSL:1069_20210917_La_2_1202,69,HSL:1173148,Pasilan asema
45660,45700,40,45660,45700,40,True,UPDATED,1631912400,HSL:1020_20210917_La_2_1232,20,HSL:1304134,Ulvilantie 27
46560,46560,0,46560,46560,0,False,SCHEDULED,1631912400,HSL:1020_20210917_La_2_1247,20,HSL:1304134,Ulvilantie 27
47460,47460,0,47460,47460,0,False,SCHEDULED,1631912400,HSL:1020_20210917_La_2_1302,20,HSL:1304134,Ulvilantie 27
48420,48420,0,48420,48420,0,False,SCHEDULED,1631912400,HSL:1020_20210917_La_2_1318,20,HSL:1304134,Ulvilantie 27
49320,49320,0,49320,49320,0,False,SCHEDULED,1631912400,HSL:1020_20210917_La_2_1333,20,HSL:1304134,Ulvilantie 27
45360,45472,112,45360,45486,126,True,UPDATED,1631912400,HSL:1057_20210917_La_1_1158,57,HSL:1304137,Munkkivuori
45540,45542,2,45600,45602,2,True,UPDATED,1631912400,HSL:1052_20210917_La_1_1206,52,HSL:1304137,Munkkivuori
45300,45588,288,45360,45648,288,True,UPDATED,1631912400,HSL:1030_20210917_La_2_1206,30,HSL:1304137,Munkkivuori
46140,45675,-465,46200,45675,-525,True,UPDATED,1631912400,HSL:1052_20210917_La_1_1216,52,HSL:1304137,Munkkivuori
45720,45760,40,45780,45820,40,True,UPDATED,1631912400,HSL:1020_20210917_La_2_1232,20,HSL:1304137,Munkkivuori
45300,45379,79,45300,45379,79,True,UPDATED,1631912400,HSL:1052_20210917_La_2_1220,52,HSL:1304136,Munkkivuori
46200,45477,-723,46200,45477,-723,True,UPDATED,1631912400,HSL:1030_20210917_La_1_1222,30,HSL:1304136,Munkkivuori
45300,45461,161,45300,45497,197,True,UPDATED,1631912400,HSL:1030_20210917_La_1_1207,30,HSL:1304136,Munkkivuori
45660,45660,0,45660,45660,0,False,SCHEDULED,1631912400,HSL:1057_20210917_La_2_1237,57,HSL:1304136,Munkkivuori
45900,45940,40,45900,45940,40,True,UPDATED,1631912400,HSL:1052_20210917_La_2_1230,52,HSL:1304136,Munkkivuori
45300,45340,40,45300,45340,40,True,UPDATED,1631912400,HSL:1020_20210917_La_2_1232,20,HSL:1304131,Ulvilantie 17
46200,46200,0,46200,46200,0,False,SCHEDULED,1631912400,HSL:1020_20210917_La_2_1247,20,HSL:1304131,Ulvilantie 17
47100,47100,0,47100,47100,0,False,SCHEDULED,1631912400,HSL:1020_20210917_La_2_1302,20,HSL:1304131,Ulvilantie 17
48060,48060,0,48060,48060,0,False,SCHEDULED,1631912400,HSL:1020_20210917_La_2_1318,20,HSL:1304131,Ulvilantie 17
48960,48960,0,48960,48960,0,False,SCHEDULED,1631912400,HSL:1020_20210917_La_2_1333,20,HSL:1304131,Ulvilantie 17
46140,46140,0,46140,46140,0,False,SCHEDULED,1631912400,HSL:1020_20210917_La_2_1247,20,HSL:1304130,Porintie
47040,47040,0,47040,47040,0,False,SCHEDULED,1631912400,HSL:1020_20210917_La_2_1302,20,HSL:1304130,Porintie
48000,48000,0,48000,48000,0,False,SCHEDULED,1631912400,HSL:1020_20210917_La_2_1318,20,HSL:1304130,Porintie
48900,48900,0,48900,48900,0,False,SCHEDULED,1631912400,HSL:1020_20210917_La_2_1333,20,HSL:1304130,Porintie
49800,49800,0,49800,49800,0,False,SCHEDULED,1631912400,HSL:1020_20210917_La_2_1348,20,HSL:1304130,Porintie
45540,45580,40,45540,45580,40,True,UPDATED,1631912400,HSL:1020_20210917_La_2_1232,20,HSL:1304133,Ulvilantie 21
46440,46440,0,46440,46440,0,False,SCHEDULED,1631912400,HSL:1020_20210917_La_2_1247,20,HSL:1304133,Ulvilantie 21
47340,47340,0,47340,47340,0,False,SCHEDULED,1631912400,HSL:1020_20210917_La_2_1302,20,HSL:1304133,Ulvilantie 21
48300,48300,0,48300,48300,0,False,SCHEDULED,1631912400,HSL:1020_20210917_La_2_1318,20,HSL:1304133,Ulvilantie 21
49200,49200,0,49200,49200,0,False,SCHEDULED,1631912400,HSL:1020_20210917_La_2_1333,20,HSL:1304133,Ulvilantie 21
45240,45325,85,45240,45325,85,True,UPDATED,1631912400,HSL:1080_20210917_La_2_1220,80,HSL:1431111,Herttoniemi (M)
45300,45352,52,45300,45374,74,True,UPDATED,1631912400,HSL:1089_20210917_La_2_1225,89,HSL:1431111,Herttoniemi (M)
45600,45573,-27,45600,45574,-26,True,UPDATED,1631912400,HSL:1079_20210917_La_2_1148,79,HSL:1431111,Herttoniemi (M)
45480,45626,146,45480,45635,155,True,UPDATED,1631912400,HSL:1084_20210917_La_2_1220,84,HSL:1431111,Herttoniemi (M)
45660,45688,28,45660,45688,28,True,UPDATED,1631912400,HSL:1086_20210917_La_2_1224,86,HSL:1431111,Herttoniemi (M)
45240,45319,79,45240,45319,79,True,UPDATED,1631912400,HSL:1052_20210917_La_2_1220,52,HSL:1304127,Niemenmäki
45240,45396,156,45240,45396,156,True,UPDATED,1631912400,HSL:1030_20210917_La_1_1207,30,HSL:1304127,Niemenmäki
46140,45477,-663,46140,45477,-663,True,UPDATED,1631912400,HSL:1030_20210917_La_1_1222,30,HSL:1304127,Niemenmäki
45600,45600,0,45600,45600,0,False,SCHEDULED,1631912400,HSL:1057_20210917_La_2_1237,57,HSL:1304127,Niemenmäki
45720,45777,57,45720,45777,57,True,UPDATED,1631912400,HSL:1020_20210917_La_1_1215,20,HSL:1304127,Niemenmäki
45420,45420,0,45420,45420,0,False,SCHEDULED,1631912400,HSL:1500_20210917_La_2_1236,500,HSL:1304129,Ulvilantie 11
46080,46080,0,46080,46080,0,False,SCHEDULED,1631912400,HSL:1020_20210917_La_2_1247,20,HSL:1304129,Ulvilantie 11
46320,46320,0,46320,46320,0,False,SCHEDULED,1631912400,HSL:1500_20210917_La_2_1251,500,HSL:1304129,Ulvilantie 11
46980,46980,0,46980,46980,0,False,SCHEDULED,1631912400,HSL:1020_20210917_La_2_1302,20,HSL:1304129,Ulvilantie 11
47220,47220,0,47220,47220,0,False,SCHEDULED,1631912400,HSL:1500_20210917_La_2_1306,500,HSL:1304129,Ulvilantie 11
45300,45394,94,45300,45398,98,True,UPDATED,1631912400,HSL:1057_20210917_La_1_1208,57,HSL:1173133,Ilmattarentie
45420,45778,358,45420,45788,368,True,UPDATED,1631912400,HSL:1069_20210917_La_2_1142,69,HSL:1173133,Ilmattarentie
45960,45940,-20,45960,45944,-16,True,UPDATED,1631912400,HSL:1506_20210917_La_1_1210,506,HSL:1173133,Ilmattarentie
45900,46048,148,45900,46053,153,True,UPDATED,1631912400,HSL:1057_20210917_La_1_1218,57,HSL:1173133,Ilmattarentie
46320,46320,0,46320,46320,0,False,SCHEDULED,1631912400,HSL:7848_20210917_La_2_1205,848,HSL:1173133,Ilmattarentie
45000,45322,322,45000,45326,326,True,UPDATED,1631912400,HSL:1506_20210917_La_2_1214,506,HSL:1173132,Ilmattarentie
45000,45323,323,45000,45360,360,True,UPDATED,1631912400,HSL:1057_20210917_La_2_1217,57,HSL:1173132,Ilmattarentie
45660,45670,10,45660,45675,15,True,UPDATED,1631912400,HSL:1057_20210917_La_2_1227,57,HSL:1173132,Ilmattarentie
45720,45946,226,45720,45954,234,True,UPDATED,1631912400,HSL:1069_20210917_La_1_1222,69,HSL:1173132,Ilmattarentie
46200,46231,31,46200,46231,31,True,UPDATED,1631912400,HSL:1506_20210917_La_2_1234,506,HSL:1173132,Ilmattarentie
45480,45505,25,45600,45618,18,True,UPDATED,1631912400,HSL:1079_20210917_La_1_1231,79,HSL:1431129,Siilitie (M)
46080,46080,0,46200,46200,0,False,SCHEDULED,1631912400,HSL:1079_20210917_La_1_1241,79,HSL:1431129,Siilitie (M)
46680,46680,0,46800,46800,0,False,SCHEDULED,1631912400,HSL:1079_20210917_La_1_1251,79,HSL:1431129,Siilitie (M)
47280,47280,0,47400,47400,0,False,SCHEDULED,1631912400,HSL:1079_20210917_La_1_1301,79,HSL:1431129,Siilitie (M)
47880,47880,0,48000,48000,0,False,SCHEDULED,1631912400,HSL:1079_20210917_La_1_1311,79,HSL:1431129,Siilitie (M)
45540,45664,124,45540,45675,135,True,UPDATED,1631912400,HSL:1023_20210917_La_1_1223,23,HSL:1173127,Teollisuuskatu
45420,45756,336,45480,45776,296,True,UPDATED,1631912400,HSL:1069_20210917_La_1_1222,69,HSL:1173127,Teollisuuskatu
46620,46620,0,46680,46680,0,False,SCHEDULED,1631912400,HSL:1069_20210917_La_1_1242,69,HSL:1173127,Teollisuuskatu
46740,46740,0,46740,46740,0,False,SCHEDULED,1631912400,HSL:1023_20210917_La_1_1243,23,HSL:1173127,Teollisuuskatu
47820,47820,0,47880,47880,0,False,SCHEDULED,1631912400,HSL:1069_20210917_La_1_1302,69,HSL:1173127,Teollisuuskatu
45540,45540,0,45540,45540,0,True,UPDATED,1631912400,HSL:1081_20210917_La_2_1238,81,HSL:1431136,Siilitie 11
45480,45587,107,45480,45607,127,True,UPDATED,1631912400,HSL:1079_20210917_La_2_1158,79,HSL:1431136,Siilitie 11
46080,46081,1,46080,46124,44,True,UPDATED,1631912400,HSL:1079_20210917_La_2_1208,79,HSL:1431136,Siilitie 11
46440,46440,0,46440,46440,0,False,SCHEDULED,1631912400,HSL:1081_20210917_La_2_1253,81,HSL:1431136,Siilitie 11
46740,46775,35,46740,46793,53,True,UPDATED,1631912400,HSL:1079_20210917_La_2_1218,79,HSL:1431136,Siilitie 11
45720,45716,-4,45720,45781,61,True,UPDATED,1631912400,HSL:1079_20210917_La_1_1231,79,HSL:1431135,Siilitie 11
46080,46080,0,46080,46080,0,False,SCHEDULED,1631912400,HSL:1081_20210917_La_1_1223,81,HSL:1431135,Siilitie 11
46320,46320,0,46320,46320,0,False,SCHEDULED,1631912400,HSL:1079_20210917_La_1_1241,79,HSL:1431135,Siilitie 11
46920,46920,0,46920,46920,0,False,SCHEDULED,1631912400,HSL:1079_20210917_La_1_1251,79,HSL:1431135,Siilitie 11
46980,46980,0,46980,46980,0,True,UPDATED,1631912400,HSL:1081_20210917_La_1_1238,81,HSL:1431135,Siilitie 11
45600,45600,0,45600,45600,0,True,UPDATED,1631912400,HSL:1081_20210917_La_2_1238,81,HSL:1431134,Siilitie 9
45540,45656,116,45540,45670,130,True,UPDATED,1631912400,HSL:1079_20210917_La_2_1158,79,HSL:1431134,Siilitie 9
46140,46172,32,46140,46184,44,True,UPDATED,1631912400,HSL:1079_20210917_La_2_1208,79,HSL:1431134,Siilitie 9
46500,46500,0,46500,46500,0,False,SCHEDULED,1631912400,HSL:1081_20210917_La_2_1253,81,HSL:1431134,Siilitie 9
46800,46841,41,46800,46853,53,True,UPDATED,1631912400,HSL:1079_20210917_La_2_1218,79,HSL:1431134,Siilitie 9
45660,45658,-2,45660,45716,56,True,UPDATED,1631912400,HSL:1079_20210917_La_1_1231,79,HSL:1431133,Siilitie 9
45960,45960,0,45960,45960,0,False,SCHEDULED,1631912400,HSL:1081_20210917_La_1_1223,81,HSL:1431133,Siilitie 9
46260,46260,0,46260,46260,0,False,SCHEDULED,1631912400,HSL:1079_20210917_La_1_1241,79,HSL:1431133,Siilitie 9
46860,46860,0,46860,46860,0,True,UPDATED,1631912400,HSL:1081_20210917_La_1_1238,81,HSL:1431133,Siilitie 9
46860,46860,0,46860,46860,0,False,SCHEDULED,1631912400,HSL:1079_20210917_La_1_1251,79,HSL:1431133,Siilitie 9
45420,45420,0,45660,45660,0,False,SCHEDULED,1631912400,HSL:1081_20210917_La_1_1223,81,HSL:1431139,Herttoniemi (M)
46320,46320,0,46560,46560,0,True,UPDATED,1631912400,HSL:1081_20210917_La_1_1238,81,HSL:1431139,Herttoniemi (M)
47220,47220,0,47460,47460,0,False,SCHEDULED,1631912400,HSL:1081_20210917_La_1_1253,81,HSL:1431139,Herttoniemi (M)
48120,48120,0,48360,48360,0,False,SCHEDULED,1631912400,HSL:1081_20210917_La_1_1308,81,HSL:1431139,Herttoniemi (M)
49020,49020,0,49260,49260,0,False,SCHEDULED,1631912400,HSL:1081_20210917_La_1_1323,81,HSL:1431139,Herttoniemi (M)
45480,45480,0,45480,45480,0,True,UPDATED,1631912400,HSL:1081_20210917_La_2_1238,81,HSL:1431138,Siilitie 13
46380,46380,0,46380,46380,0,False,SCHEDULED,1631912400,HSL:1081_20210917_La_2_1253,81,HSL:1431138,Siilitie 13
47280,47280,0,47280,47280,0,False,SCHEDULED,1631912400,HSL:1081_20210917_La_2_1308,81,HSL:1431138,Siilitie 13
48180,48180,0,48180,48180,0,False,SCHEDULED,1631912400,HSL:1081_20210917_La_2_1323,81,HSL:1431138,Siilitie 13
49080,49080,0,49080,49080,0,False,SCHEDULED,1631912400,HSL:1081_20210917_La_2_1338,81,HSL:1431138,Siilitie 13
45780,45781,1,45780,45847,67,True,UPDATED,1631912400,HSL:1079_20210917_La_1_1231,79,HSL:1431137,Siilitie 13
46140,46140,0,46140,46140,0,False,SCHEDULED,1631912400,HSL:1081_20210917_La_1_1223,81,HSL:1431137,Siilitie 13
46380,46380,0,46380,46380,0,False,SCHEDULED,1631912400,HSL:1079_20210917_La_1_1241,79,HSL:1431137,Siilitie 13
46980,46980,0,46980,46980,0,False,SCHEDULED,1631912400,HSL:1079_20210917_La_1_1251,79,HSL:1431137,Siilitie 13
47040,47040,0,47040,47040,0,True,UPDATED,1631912400,HSL:1081_20210917_La_1_1238,81,HSL:1431137,Siilitie 13
45480,45570,90,45480,45593,113,True,UPDATED,1631912400,HSL:1066_20210917_La_2_1222,66,HSL:1173111,Pyöräilystadion
45720,45671,-49,45720,45700,-20,True,UPDATED,1631912400,HSL:4623K_20210917_La_2_1203,623K,HSL:1173111,Pyöräilystadion
45600,45744,144,45600,45760,160,True,UPDATED,1631912400,HSL:1061_20210917_La_2_1211,61,HSL:1173111,Pyöräilystadion
45840,45854,14,45840,45869,29,True,UPDATED,1631912400,HSL:4611_20210917_La_2_1208,611,HSL:1173111,Pyöräilystadion
46020,46013,-7,46020,46018,-2,True,UPDATED,1631912400,HSL:1067_20210917_La_2_1224,67,HSL:1173111,Pyöräilystadion
45900,45953,53,45900,45967,67,True,UPDATED,1631912400,HSL:1059_20210917_La_1_1231,59,HSL:1173113,Jämsänkatu
46800,46800,0,46800,46800,0,False,SCHEDULED,1631912400,HSL:1059_20210917_La_1_1246,59,HSL:1173113,Jämsänkatu
47700,47700,0,47700,47700,0,False,SCHEDULED,1631912400,HSL:1059_20210917_La_1_1301,59,HSL:1173113,Jämsänkatu
48600,48600,0,48600,48600,0,False,SCHEDULED,1631912400,HSL:1059_20210917_La_1_1316,59,HSL:1173113,Jämsänkatu
49500,49500,0,49500,49500,0,False,SCHEDULED,1631912400,HSL:1059_20210917_La_1_1331,59,HSL:1173113,Jämsänkatu
45360,45360,0,45360,45360,0,False,SCHEDULED,1631912400,HSL:1500_20210917_La_2_1236,500,HSL:1304104,Munkkivuoren ostosk.
46260,46260,0,46260,46260,0,False,SCHEDULED,1631912400,HSL:1500_20210917_La_2_1251,500,HSL:1304104,Munkkivuoren ostosk.
47160,47160,0,47160,47160,0,False,SCHEDULED,1631912400,HSL:1500_20210917_La_2_1306,500,HSL:1304104,Munkkivuoren ostosk.
48060,48060,0,48060,48060,0,False,SCHEDULED,1631912400,HSL:1500_20210917_La_2_1321,500,HSL:1304104,Munkkivuoren ostosk.
48960,48960,0,48960,48960,0,False,SCHEDULED,1631912400,HSL:1500_20210917_La_2_1336,500,HSL:1304104,Munkkivuoren ostosk.
46020,46020,0,46020,46020,0,False,SCHEDULED,1631912400,HSL:1020_20210917_La_2_1247,20,HSL:1304103,Munkkivuoren ostosk.
46920,46920,0,46920,46920,0,False,SCHEDULED,1631912400,HSL:1020_20210917_La_2_1302,20,HSL:1304103,Munkkivuoren ostosk.
47880,47880,0,47880,47880,0,False,SCHEDULED,1631912400,HSL:1020_20210917_La_2_1318,20,HSL:1304103,Munkkivuoren ostosk.
48780,48780,0,48780,48780,0,False,SCHEDULED,1631912400,HSL:1020_20210917_La_2_1333,20,HSL:1304103,Munkkivuoren ostosk.
49680,49680,0,49680,49680,0,False,SCHEDULED,1631912400,HSL:1020_20210917_La_2_1348,20,HSL:1304103,Munkkivuoren ostosk.
45540,45820,280,45540,45831,291,True,UPDATED,1631912400,HSL:1059_20210917_La_2_1209,59,HSL:1173112,Asemapäällikönkatu
46500,46554,54,46500,46561,61,True,UPDATED,1631912400,HSL:1059_20210917_La_2_1224,59,HSL:1173112,Asemapäällikönkatu
47400,47400,0,47400,47400,0,False,SCHEDULED,1631912400,HSL:1059_20210917_La_2_1239,59,HSL:1173112,Asemapäällikönkatu
48300,48300,0,48300,48300,0,False,SCHEDULED,1631912400,HSL:1059_20210917_La_2_1254,59,HSL:1173112,Asemapäällikönkatu
49200,49200,0,49200,49200,0,False,SCHEDULED,1631912400,HSL:1059_20210917_La_2_1309,59,HSL:1173112,Asemapäällikönkatu
45600,45618,18,45600,45658,58,True,UPDATED,1631912400,HSL:1079_20210917_La_1_1231,79,HSL:1431131,Näätätie
46200,46200,0,46200,46200,0,False,SCHEDULED,1631912400,HSL:1079_20210917_La_1_1241,79,HSL:1431131,Näätätie
46800,46800,0,46800,46800,0,False,SCHEDULED,1631912400,HSL:1079_20210917_La_1_1251,79,HSL:1431131,Näätätie
47400,47400,0,47400,47400,0,False,SCHEDULED,1631912400,HSL:1079_20210917_La_1_1301,79,HSL:1431131,Näätätie
48000,48000,0,48000,48000,0,False,SCHEDULED,1631912400,HSL:1079_20210917_La_1_1311,79,HSL:1431131,Näätätie
45660,45739,79,45720,45783,63,True,UPDATED,1631912400,HSL:1079_20210917_La_2_1158,79,HSL:1431130,Siilitie (M)
46260,46236,-24,46320,46344,24,True,UPDATED,1631912400,HSL:1079_20210917_La_2_1208,79,HSL:1431130,Siilitie (M)
46920,46892,-28,46980,47031,51,True,UPDATED,1631912400,HSL:1079_20210917_La_2_1218,79,HSL:1431130,Siilitie (M)
47520,47511,-9,47580,47619,39,True,UPDATED,1631912400,HSL:1079_20210917_La_2_1228,79,HSL:1431130,Siilitie (M)
48120,48120,0,48180,48180,0,True,UPDATED,1631912400,HSL:1079_20210917_La_2_1238,79,HSL:1431130,Siilitie (M)
45480,45533,53,45480,45534,54,True,UPDATED,1631912400,HSL:2245A_20210917_La_1_1225,245A,HSL:2642201,Hallava
46500,46500,0,46500,46500,0,False,SCHEDULED,1631912400,HSL:2244_20210917_La_1_1243,244,HSL:2642201,Hallava
47340,47340,0,47340,47340,0,False,SCHEDULED,1631912400,HSL:2245A_20210917_La_1_1256,245A,HSL:2642201,Hallava
48120,48120,0,48120,48120,0,False,SCHEDULED,1631912400,HSL:6243_20210917_La_1_1310,243,HSL:2642201,Hallava
49080,49080,0,49080,49080,0,False,SCHEDULED,1631912400,HSL:2245A_20210917_La_1_1325,245A,HSL:2642201,Hallava
45540,45583,43,45540,45585,45,True,UPDATED,1631912400,HSL:2245A_20210917_La_1_1225,245A,HSL:2642203,Veikkaustie
46560,46560,0,46560,46560,0,False,SCHEDULED,1631912400,HSL:2244_20210917_La_1_1243,244,HSL:2642203,Veikkaustie
47400,47400,0,47400,47400,0,False,SCHEDULED,1631912400,HSL:2245A_20210917_La_1_1256,245A,HSL:2642203,Veikkaustie
48180,48180,0,48180,48180,0,False,SCHEDULED,1631912400,HSL:6243_20210917_La_1_1310,243,HSL:2642203,Veikkaustie
49140,49140,0,49140,49140,0,False,SCHEDULED,1631912400,HSL:2245A_20210917_La_1_1325,245A,HSL:2642203,Veikkaustie
46080,46145,65,46080,46145,65,True,UPDATED,1631912400,HSL:4735_20210917_La_2_1219,735,HSL:4740211,Rosenlundintie
47880,47880,0,47880,47880,0,False,SCHEDULED,1631912400,HSL:4735_20210917_La_2_1249,735,HSL:4740211,Rosenlundintie
49680,49680,0,49680,49680,0,False,SCHEDULED,1631912400,HSL:4735_20210917_La_2_1319,735,HSL:4740211,Rosenlundintie
51480,51480,0,51480,51480,0,False,SCHEDULED,1631912400,HSL:4735_20210917_La_2_1349,735,HSL:4740211,Rosenlundintie
53280,53280,0,53280,53280,0,False,SCHEDULED,1631912400,HSL:4735_20210917_La_2_1419,735,HSL:4740211,Rosenlundintie
45840,45858,18,45840,45858,18,True,UPDATED,1631912400,HSL:4735_20210917_La_1_1231,735,HSL:4740210,Rosenlundintie
47640,47640,0,47640,47640,0,False,SCHEDULED,1631912400,HSL:4735_20210917_La_1_1300,735,HSL:4740210,Rosenlundintie
49440,49440,0,49440,49440,0,False,SCHEDULED,1631912400,HSL:4735_20210917_La_1_1330,735,HSL:4740210,Rosenlundintie
51240,51240,0,51240,51240,0,False,SCHEDULED,1631912400,HSL:4735_20210917_La_1_1400,735,HSL:4740210,Rosenlundintie
53040,53040,0,53040,53040,0,False,SCHEDULED,1631912400,HSL:4735_20210917_La_1_1430,735,HSL:4740210,Rosenlundintie
45360,45361,1,45360,45361,1,True,UPDATED,1631912400,HSL:2244_20210917_La_2_1217,244,HSL:2642202,Hallava
46500,46500,0,46500,46500,0,True,UPDATED,1631912400,HSL:2245A_20210917_La_2_1234,245A,HSL:2642202,Hallava
47220,47220,0,47220,47220,0,False,SCHEDULED,1631912400,HSL:6243_20210917_La_2_1246,243,HSL:2642202,Hallava
48360,48360,0,48360,48360,0,False,SCHEDULED,1631912400,HSL:2245A_20210917_La_2_1304,245A,HSL:2642202,Hallava
49020,49020,0,49020,49020,0,False,SCHEDULED,1631912400,HSL:2244_20210917_La_2_1318,244,HSL:2642202,Hallava
45600,45616,16,45600,45616,16,True,UPDATED,1631912400,HSL:2245A_20210917_La_1_1225,245A,HSL:2642205,Nupurinristi
46620,46620,0,46620,46620,0,False,SCHEDULED,1631912400,HSL:2244_20210917_La_1_1243,244,HSL:2642205,Nupurinristi
47460,47460,0,47460,47460,0,False,SCHEDULED,1631912400,HSL:2245A_20210917_La_1_1256,245A,HSL:2642205,Nupurinristi
48240,48240,0,48240,48240,0,False,SCHEDULED,1631912400,HSL:6243_20210917_La_1_1310,243,HSL:2642205,Nupurinristi
49200,49200,0,49200,49200,0,False,SCHEDULED,1631912400,HSL:2245A_20210917_La_1_1325,245A,HSL:2642205,Nupurinristi
46440,46440,0,46440,46440,0,True,UPDATED,1631912400,HSL:2245A_20210917_La_2_1234,245A,HSL:2642204,Veikkaustie
47160,47160,0,47160,47160,0,False,SCHEDULED,1631912400,HSL:6243_20210917_La_2_1246,243,HSL:2642204,Veikkaustie
48300,48300,0,48300,48300,0,False,SCHEDULED,1631912400,HSL:2245A_20210917_La_2_1304,245A,HSL:2642204,Veikkaustie
48960,48960,0,48960,48960,0,False,SCHEDULED,1631912400,HSL:2244_20210917_La_2_1318,244,HSL:2642204,Veikkaustie
50160,50160,0,50160,50160,0,False,SCHEDULED,1631912400,HSL:2245A_20210917_La_2_1335,245A,HSL:2642204,Veikkaustie
45840,45862,22,45840,45862,22,True,UPDATED,1631912400,HSL:4735_20210917_La_1_1231,735,HSL:4740212,Hanatie
47640,47640,0,47640,47640,0,False,SCHEDULED,1631912400,HSL:4735_20210917_La_1_1300,735,HSL:4740212,Hanatie
49440,49440,0,49440,49440,0,False,SCHEDULED,1631912400,HSL:4735_20210917_La_1_1330,735,HSL:4740212,Hanatie
51240,51240,0,51240,51240,0,False,SCHEDULED,1631912400,HSL:4735_20210917_La_1_1400,735,HSL:4740212,Hanatie
53040,53040,0,53040,53040,0,False,SCHEDULED,1631912400,HSL:4735_20210917_La_1_1430,735,HSL:4740212,Hanatie
48300,48300,0,48300,48300,0,False,SCHEDULED,1631912400,HSL:6243_20210917_La_1_1310,243,HSL:2642207,Rauhamäki
51900,51900,0,51900,51900,0,False,SCHEDULED,1631912400,HSL:6243_20210917_La_1_1410,243,HSL:2642207,Rauhamäki
55500,55500,0,55500,55500,0,False,SCHEDULED,1631912400,HSL:6243_20210917_La_1_1510,243,HSL:2642207,Rauhamäki
59100,59100,0,59100,59100,0,False,SCHEDULED,1631912400,HSL:6243_20210917_La_1_1610,243,HSL:2642207,Rauhamäki
62700,62700,0,62700,62700,0,False,SCHEDULED,1631912400,HSL:6243_20210917_La_1_1710,243,HSL:2642207,Rauhamäki
45420,45472,52,45420,45486,66,True,UPDATED,1631912400,HSL:4574_20210917_La_1_1233,574,HSL:4740215,Havukallionkatu
47220,47220,0,47220,47220,0,False,SCHEDULED,1631912400,HSL:4623K_20210917_La_2_1303,623K,HSL:4740215,Havukallionkatu
49020,49020,0,49020,49020,0,False,SCHEDULED,1631912400,HSL:4574_20210917_La_1_1333,574,HSL:4740215,Havukallionkatu
50820,50820,0,50820,50820,0,False,SCHEDULED,1631912400,HSL:4623K_20210917_La_2_1403,623K,HSL:4740215,Havukallionkatu
52620,52620,0,52620,52620,0,False,SCHEDULED,1631912400,HSL:4574_20210917_La_1_1433,574,HSL:4740215,Havukallionkatu
46380,46380,0,46380,46380,0,True,UPDATED,1631912400,HSL:2245A_20210917_La_2_1234,245A,HSL:2642206,Nupurinristi
47100,47100,0,47100,47100,0,False,SCHEDULED,1631912400,HSL:6243_20210917_La_2_1246,243,HSL:2642206,Nupurinristi
48240,48240,0,48240,48240,0,False,SCHEDULED,1631912400,HSL:2245A_20210917_La_2_1304,245A,HSL:2642206,Nupurinristi
48900,48900,0,48900,48900,0,False,SCHEDULED,1631912400,HSL:2244_20210917_La_2_1318,244,HSL:2642206,Nupurinristi
50100,50100,0,50100,50100,0,False,SCHEDULED,1631912400,HSL:2245A_20210917_La_2_1335,245A,HSL:2642206,Nupurinristi
46080,46108,28,46080,46137,57,True,UPDATED,1631912400,HSL:4623K_20210917_La_1_1202,623K,HSL:4740214,Havukallionkatu
47700,47700,0,47700,47700,0,False,SCHEDULED,1631912400,HSL:4574_20210917_La_2_1221,574,HSL:4740214,Havukallionkatu
49680,49680,0,49680,49680,0,False,SCHEDULED,1631912400,HSL:4623K_20210917_La_1_1300,623K,HSL:4740214,Havukallionkatu
51360,51360,0,51360,51360,0,False,SCHEDULED,1631912400,HSL:4574_20210917_La_2_1320,574,HSL:4740214,Havukallionkatu
53280,53280,0,53280,53280,0,False,SCHEDULED,1631912400,HSL:4623K_20210917_La_1_1400,623K,HSL:4740214,Havukallionkatu
48360,48360,0,48360,48360,0,False,SCHEDULED,1631912400,HSL:6243_20210917_La_1_1310,243,HSL:2642209,Histansilta
51960,51960,0,51960,51960,0,False,SCHEDULED,1631912400,HSL:6243_20210917_La_1_1410,243,HSL:2642209,Histansilta
55560,55560,0,55560,55560,0,False,SCHEDULED,1631912400,HSL:6243_20210917_La_1_1510,243,HSL:2642209,Histansilta
59160,59160,0,59160,59160,0,False,SCHEDULED,1631912400,HSL:6243_20210917_La_1_1610,243,HSL:2642209,Histansilta
62760,62760,0,62760,62760,0,False,SCHEDULED,1631912400,HSL:6243_20210917_La_1_1710,243,HSL:2642209,Histansilta
45780,45780,0,45780,45780,0,False,SCHEDULED,1631912400,HSL:4721_20210917_La_1_1158,721,HSL:4740217,Rautkallionkatu
45840,45840,0,45840,45840,0,False,SCHEDULED,1631912400,HSL:4624_20210917_La_2_1236,624,HSL:4740217,Rautkallionkatu
46200,46248,48,46200,46267,67,True,UPDATED,1631912400,HSL:4735_20210917_La_1_1231,735,HSL:4740217,Rautkallionkatu
46920,46920,0,46920,46920,0,False,SCHEDULED,1631912400,HSL:4631_20210917_La_2_1245,631,HSL:4740217,Rautkallionkatu
47160,47160,0,47160,47160,0,False,SCHEDULED,1631912400,HSL:4587_20210917_La_1_1234,587,HSL:4740217,Rautkallionkatu
45660,45722,62,45660,45739,79,True,UPDATED,1631912400,HSL:4735_20210917_La_2_1219,735,HSL:4740216,Rautkallionkatu
46080,46120,40,46080,46120,40,True,UPDATED,1631912400,HSL:4587_20210917_La_2_1234,587,HSL:4740216,Rautkallionkatu
46260,46308,48,46260,46321,61,True,UPDATED,1631912400,HSL:4624_20210917_La_1_1219,624,HSL:4740216,Rautkallionkatu
46440,46509,69,46440,46509,69,True,UPDATED,1631912400,HSL:4631_20210917_La_1_1234,631,HSL:4740216,Rautkallionkatu
46860,46860,0,46860,46860,0,False,SCHEDULED,1631912400,HSL:4721_20210917_La_2_1300,721,HSL:4740216,Rautkallionkatu
47040,47040,0,47040,47040,0,False,SCHEDULED,1631912400,HSL:6243_20210917_La_2_1246,243,HSL:2642208,Rauhamäki
50640,50640,0,50640,50640,0,False,SCHEDULED,1631912400,HSL:6243_20210917_La_2_1346,243,HSL:2642208,Rauhamäki
54240,54240,0,54240,54240,0,False,SCHEDULED,1631912400,HSL:6243_20210917_La_2_1446,243,HSL:2642208,Rauhamäki
57840,57840,0,57840,57840,0,False,SCHEDULED,1631912400,HSL:6243_20210917_La_2_1546,243,HSL:2642208,Rauhamäki
61440,61440,0,61440,61440,0,False,SCHEDULED,1631912400,HSL:6243_20210917_La_2_1646,243,HSL:2642208,Rauhamäki
45720,45720,0,45720,45720,0,False,SCHEDULED,1631912400,HSL:4721_20210917_La_1_1158,721,HSL:4740219,Rasinkatu
45780,45780,0,45780,45780,0,False,SCHEDULED,1631912400,HSL:4624_20210917_La_2_1236,624,HSL:4740219,Rasinkatu
46140,46190,50,46140,46192,52,True,UPDATED,1631912400,HSL:4735_20210917_La_1_1231,735,HSL:4740219,Rasinkatu
46860,46860,0,46860,46860,0,False,SCHEDULED,1631912400,HSL:4631_20210917_La_2_1245,631,HSL:4740219,Rasinkatu
47100,47100,0,47100,47100,0,False,SCHEDULED,1631912400,HSL:4587_20210917_La_1_1234,587,HSL:4740219,Rasinkatu
45720,45784,64,45720,45787,67,True,UPDATED,1631912400,HSL:4735_20210917_La_2_1219,735,HSL:4740218,Rasinkatu
46140,46180,40,46140,46180,40,True,UPDATED,1631912400,HSL:4587_20210917_La_2_1234,587,HSL:4740218,Rasinkatu
46320,46382,62,46320,46384,64,True,UPDATED,1631912400,HSL:4624_20210917_La_1_1219,624,HSL:4740218,Rasinkatu
46500,46569,69,46500,46569,69,True,UPDATED,1631912400,HSL:4631_20210917_La_1_1234,631,HSL:4740218,Rasinkatu
46920,46920,0,46920,46920,0,False,SCHEDULED,1631912400,HSL:4721_20210917_La_2_1300,721,HSL:4740218,Rasinkatu
45720,45720,0,45720,45720,0,False,SCHEDULED,1631912400,HSL:4624_20210917_La_2_1236,624,HSL:4740202,Koivukylän koulu
46080,46117,37,46080,46135,55,True,UPDATED,1631912400,HSL:4735_20210917_La_1_1231,735,HSL:4740202,Koivukylän koulu
47040,47040,0,47040,47040,0,False,SCHEDULED,1631912400,HSL:4587_20210917_La_1_1234,587,HSL:4740202,Koivukylän koulu
47520,47520,0,47520,47520,0,False,SCHEDULED,1631912400,HSL:4624_20210917_La_2_1306,624,HSL:4740202,Koivukylän koulu
47880,47880,0,47880,47880,0,False,SCHEDULED,1631912400,HSL:4735_20210917_La_1_1300,735,HSL:4740202,Koivukylän koulu
46800,46800,0,46800,46800,0,False,SCHEDULED,1631912400,HSL:4721_20210917_La_1_1227,721,HSL:4740201,Koivukylän koulu
48600,48600,0,48600,48600,0,False,SCHEDULED,1631912400,HSL:4721_20210917_La_1_1257,721,HSL:4740201,Koivukylän koulu
50400,50400,0,50400,50400,0,False,SCHEDULED,1631912400,HSL:4721_20210917_La_1_1327,721,HSL:4740201,Koivukylän koulu
52200,52200,0,52200,52200,0,False,SCHEDULED,1631912400,HSL:4721_20210917_La_1_1357,721,HSL:4740201,Koivukylän koulu
54060,54060,0,54060,54060,0,False,SCHEDULED,1631912400,HSL:4721_20210917_La_1_1427,721,HSL:4740201,Koivukylän koulu
45900,45944,44,45900,45967,67,True,UPDATED,1631912400,HSL:4735_20210917_La_2_1219,735,HSL:4740204,Sauvatie
45960,46021,61,45960,46021,61,True,UPDATED,1631912400,HSL:4721_20210917_La_2_1230,721,HSL:4740204,Sauvatie
46260,46300,40,46260,46300,40,True,UPDATED,1631912400,HSL:4587_20210917_La_2_1234,587,HSL:4740204,Sauvatie
46440,46512,72,46440,46523,83,True,UPDATED,1631912400,HSL:4624_20210917_La_1_1219,624,HSL:4740204,Sauvatie
47700,47700,0,47700,47700,0,False,SCHEDULED,1631912400,HSL:4735_20210917_La_2_1249,735,HSL:4740204,Sauvatie
45660,45660,0,45660,45660,0,False,SCHEDULED,1631912400,HSL:4624_20210917_La_2_1236,624,HSL:4740203,Lehmipolku
45960,46041,81,45960,46058,98,True,UPDATED,1631912400,HSL:4735_20210917_La_1_1231,735,HSL:4740203,Lehmipolku
46740,46740,0,46740,46740,0,False,SCHEDULED,1631912400,HSL:4721_20210917_La_1_1227,721,HSL:4740203,Lehmipolku
46980,46980,0,46980,46980,0,False,SCHEDULED,1631912400,HSL:4587_20210917_La_1_1234,587,HSL:4740203,Lehmipolku
47460,47460,0,47460,47460,0,False,SCHEDULED,1631912400,HSL:4624_20210917_La_2_1306,624,HSL:4740203,Lehmipolku
45960,46025,65,45960,46032,72,True,UPDATED,1631912400,HSL:4735_20210917_La_2_1219,735,HSL:4740206,Havukosken koulu
46020,46081,61,46020,46081,61,True,UPDATED,1631912400,HSL:4721_20210917_La_2_1230,721,HSL:4740206,Havukosken koulu
46320,46360,40,46320,46360,40,True,UPDATED,1631912400,HSL:4587_20210917_La_2_1234,587,HSL:4740206,Havukosken koulu
47760,47760,0,47760,47760,0,False,SCHEDULED,1631912400,HSL:4735_20210917_La_2_1249,735,HSL:4740206,Havukosken koulu
47820,47820,0,47820,47820,0,False,SCHEDULED,1631912400,HSL:4721_20210917_La_2_1300,721,HSL:4740206,Havukosken koulu
45660,45660,0,45660,45660,0,False,SCHEDULED,1631912400,HSL:4624_20210917_La_2_1236,624,HSL:4740205,Sauvatie
45960,46002,42,45960,46013,53,True,UPDATED,1631912400,HSL:4735_20210917_La_1_1231,735,HSL:4740205,Sauvatie
46740,46740,0,46740,46740,0,False,SCHEDULED,1631912400,HSL:4721_20210917_La_1_1227,721,HSL:4740205,Sauvatie
46980,46980,0,46980,46980,0,False,SCHEDULED,1631912400,HSL:4587_20210917_La_1_1234,587,HSL:4740205,Sauvatie
47460,47460,0,47460,47460,0,False,SCHEDULED,1631912400,HSL:4624_20210917_La_2_1306,624,HSL:4740205,Sauvatie
46080,46141,61,46080,46141,61,True,UPDATED,1631912400,HSL:4721_20210917_La_2_1230,721,HSL:4740208,Hanabölentie
46380,46420,40,46380,46420,40,True,UPDATED,1631912400,HSL:4587_20210917_La_2_1234,587,HSL:4740208,Hanabölentie
47880,47880,0,47880,47880,0,False,SCHEDULED,1631912400,HSL:4721_20210917_La_2_1300,721,HSL:4740208,Hanabölentie
49680,49680,0,49680,49680,0,False,SCHEDULED,1631912400,HSL:4721_20210917_La_2_1330,721,HSL:4740208,Hanabölentie
50040,50040,0,50040,50040,0,False,SCHEDULED,1631912400,HSL:4587_20210917_La_2_1334,587,HSL:4740208,Hanabölentie
45900,45958,58,45900,45963,63,True,UPDATED,1631912400,HSL:4735_20210917_La_1_1231,735,HSL:4740207,Havukosken koulu
46680,46680,0,46680,46680,0,False,SCHEDULED,1631912400,HSL:4721_20210917_La_1_1227,721,HSL:4740207,Havukosken koulu
46920,46920,0,46920,46920,0,False,SCHEDULED,1631912400,HSL:4587_20210917_La_1_1234,587,HSL:4740207,Havukosken koulu
47700,47700,0,47700,47700,0,False,SCHEDULED,1631912400,HSL:4735_20210917_La_1_1300,735,HSL:4740207,Havukosken koulu
48480,48480,0,48480,48480,0,False,SCHEDULED,1631912400,HSL:4721_20210917_La_1_1257,721,HSL:4740207,Havukosken koulu
45900,45947,47,45900,45948,48,True,UPDATED,1631912400,HSL:4735_20210917_La_1_1231,735,HSL:4740209,Hanabölentie
46620,46620,0,46620,46620,0,False,SCHEDULED,1631912400,HSL:4721_20210917_La_1_1227,721,HSL:4740209,Hanabölentie
46860,46860,0,46860,46860,0,False,SCHEDULED,1631912400,HSL:4587_20210917_La_1_1234,587,HSL:4740209,Hanabölentie
47700,47700,0,47700,47700,0,False,SCHEDULED,1631912400,HSL:4735_20210917_La_1_1300,735,HSL:4740209,Hanabölentie
48420,48420,0,48420,48420,0,False,SCHEDULED,1631912400,HSL:4721_20210917_La_1_1257,721,HSL:4740209,Hanabölentie
46560,46611,51,46560,46613,53,True,UPDATED,1631912400,HSL:4624_20210917_La_1_1219,624,HSL:4740231,Koskenniska
46860,46860,0,46860,46860,0,False,SCHEDULED,1631912400,HSL:4721_20210917_La_1_1227,721,HSL:4740231,Koskenniska
48360,48360,0,48360,48360,0,False,SCHEDULED,1631912400,HSL:4624_20210917_La_1_1249,624,HSL:4740231,Koskenniska
48660,48660,0,48660,48660,0,False,SCHEDULED,1631912400,HSL:4721_20210917_La_1_1257,721,HSL:4740231,Koskenniska
50160,50160,0,50160,50160,0,False,SCHEDULED,1631912400,HSL:4624_20210917_La_1_1319,624,HSL:4740231,Koskenniska
45840,45901,61,45840,45901,61,True,UPDATED,1631912400,HSL:4721_20210917_La_2_1230,721,HSL:4740230,Kiulukuja
47640,47640,0,47640,47640,0,False,SCHEDULED,1631912400,HSL:4721_20210917_La_2_1300,721,HSL:4740230,Kiulukuja
49440,49440,0,49440,49440,0,False,SCHEDULED,1631912400,HSL:4721_20210917_La_2_1330,721,HSL:4740230,Kiulukuja
51240,51240,0,51240,51240,0,False,SCHEDULED,1631912400,HSL:4721_20210917_La_2_1400,721,HSL:4740230,Kiulukuja
53040,53040,0,53040,53040,0,False,SCHEDULED,1631912400,HSL:4721_20210917_La_2_1430,721,HSL:4740230,Kiulukuja
45480,45551,71,45480,45560,80,True,UPDATED,1631912400,HSL:4574_20210917_La_1_1233,574,HSL:4740232,Maapallo
47280,47280,0,47280,47280,0,False,SCHEDULED,1631912400,HSL:4623K_20210917_La_2_1303,623K,HSL:4740232,Maapallo
49080,49080,0,49080,49080,0,False,SCHEDULED,1631912400,HSL:4574_20210917_La_1_1333,574,HSL:4740232,Maapallo
50880,50880,0,50880,50880,0,False,SCHEDULED,1631912400,HSL:4623K_20210917_La_2_1403,623K,HSL:4740232,Maapallo
52680,52680,0,52680,52680,0,False,SCHEDULED,1631912400,HSL:4574_20210917_La_1_1433,574,HSL:4740232,Maapallo
45780,45780,0,45780,45780,0,False,SCHEDULED,1631912400,HSL:4721_20210917_La_1_1158,721,HSL:4740235,Varvikkokuja
45840,45840,0,45840,45840,0,False,SCHEDULED,1631912400,HSL:4624_20210917_La_2_1236,624,HSL:4740235,Varvikkokuja
46200,46215,15,46200,46221,21,True,UPDATED,1631912400,HSL:4735_20210917_La_1_1231,735,HSL:4740235,Varvikkokuja
46920,46920,0,46920,46920,0,False,SCHEDULED,1631912400,HSL:4631_20210917_La_2_1245,631,HSL:4740235,Varvikkokuja
47160,47160,0,47160,47160,0,False,SCHEDULED,1631912400,HSL:4587_20210917_La_1_1234,587,HSL:4740235,Varvikkokuja
45840,45889,49,45840,45897,57,True,UPDATED,1631912400,HSL:4735_20210917_La_2_1219,735,HSL:4740237,Konttitie
45900,45961,61,45900,45961,61,True,UPDATED,1631912400,HSL:4721_20210917_La_2_1230,721,HSL:4740237,Konttitie
46200,46240,40,46200,46240,40,True,UPDATED,1631912400,HSL:4587_20210917_La_2_1234,587,HSL:4740237,Konttitie
46380,46440,60,46380,46450,70,True,UPDATED,1631912400,HSL:4624_20210917_La_1_1219,624,HSL:4740237,Konttitie
47640,47640,0,47640,47640,0,False,SCHEDULED,1631912400,HSL:4735_20210917_La_2_1249,735,HSL:4740237,Konttitie
45720,45720,0,45720,45720,0,False,SCHEDULED,1631912400,HSL:4721_20210917_La_1_1158,721,HSL:4740220,Rasinrinne
46860,46860,0,46860,46860,0,False,SCHEDULED,1631912400,HSL:4631_20210917_La_2_1245,631,HSL:4740220,Rasinrinne
47520,47520,0,47520,47520,0,False,SCHEDULED,1631912400,HSL:4721_20210917_La_1_1227,721,HSL:4740220,Rasinrinne
48660,48660,0,48660,48660,0,False,SCHEDULED,1631912400,HSL:4631_20210917_La_2_1315,631,HSL:4740220,Rasinrinne
49320,49320,0,49320,49320,0,False,SCHEDULED,1631912400,HSL:4721_20210917_La_1_1257,721,HSL:4740220,Rasinrinne
46560,46609,49,46560,46609,49,True,UPDATED,1631912400,HSL:4631_20210917_La_1_1234,631,HSL:4740221,Rasinrinne
46920,46920,0,46920,46920,0,False,SCHEDULED,1631912400,HSL:4721_20210917_La_2_1300,721,HSL:4740221,Rasinrinne
48360,48360,0,48360,48360,0,False,SCHEDULED,1631912400,HSL:4631_20210917_La_1_1304,631,HSL:4740221,Rasinrinne
48720,48720,0,48720,48720,0,False,SCHEDULED,1631912400,HSL:4721_20210917_La_2_1330,721,HSL:4740221,Rasinrinne
50160,50160,0,50160,50160,0,False,SCHEDULED,1631912400,HSL:4631_20210917_La_1_1334,631,HSL:4740221,Rasinrinne
46020,46100,80,46020,46108,88,True,UPDATED,1631912400,HSL:4623K_20210917_La_1_1202,623K,HSL:4740224,Kytökuja
47700,47700,0,47700,47700,0,False,SCHEDULED,1631912400,HSL:4574_20210917_La_2_1221,574,HSL:4740224,Kytökuja
49620,49620,0,49620,49620,0,False,SCHEDULED,1631912400,HSL:4623K_20210917_La_1_1300,623K,HSL:4740224,Kytökuja
51360,51360,0,51360,51360,0,False,SCHEDULED,1631912400,HSL:4574_20210917_La_2_1320,574,HSL:4740224,Kytökuja
53220,53220,0,53220,53220,0,False,SCHEDULED,1631912400,HSL:4623K_20210917_La_1_1400,623K,HSL:4740224,Kytökuja
46140,46201,61,46140,46201,61,True,UPDATED,1631912400,HSL:4721_20210917_La_2_1230,721,HSL:4740226,Vanha Myllypolku
46380,46420,40,46380,46420,40,True,UPDATED,1631912400,HSL:4587_20210917_La_2_1234,587,HSL:4740226,Vanha Myllypolku
47940,47940,0,47940,47940,0,False,SCHEDULED,1631912400,HSL:4721_20210917_La_2_1300,721,HSL:4740226,Vanha Myllypolku
49740,49740,0,49740,49740,0,False,SCHEDULED,1631912400,HSL:4721_20210917_La_2_1330,721,HSL:4740226,Vanha Myllypolku
50040,50040,0,50040,50040,0,False,SCHEDULED,1631912400,HSL:4587_20210917_La_2_1334,587,HSL:4740226,Vanha Myllypolku
46620,46620,0,46620,46620,0,False,SCHEDULED,1631912400,HSL:4721_20210917_La_1_1227,721,HSL:4740225,Vanha Myllypolku
46860,46860,0,46860,46860,0,False,SCHEDULED,1631912400,HSL:4587_20210917_La_1_1234,587,HSL:4740225,Vanha Myllypolku
48420,48420,0,48420,48420,0,False,SCHEDULED,1631912400,HSL:4721_20210917_La_1_1257,721,HSL:4740225,Vanha Myllypolku
50220,50220,0,50220,50220,0,False,SCHEDULED,1631912400,HSL:4721_20210917_La_1_1327,721,HSL:4740225,Vanha Myllypolku
50520,50520,0,50520,50520,0,False,SCHEDULED,1631912400,HSL:4587_20210917_La_1_1334,587,HSL:4740225,Vanha Myllypolku
46020,46107,87,46020,46108,88,True,UPDATED,1631912400,HSL:4735_20210917_La_2_1219,735,HSL:4740229,Hanabölentie
47820,47820,0,47820,47820,0,False,SCHEDULED,1631912400,HSL:4735_20210917_La_2_1249,735,HSL:4740229,Hanabölentie
49620,49620,0,49620,49620,0,False,SCHEDULED,1631912400,HSL:4735_20210917_La_2_1319,735,HSL:4740229,Hanabölentie
51420,51420,0,51420,51420,0,False,SCHEDULED,1631912400,HSL:4735_20210917_La_2_1349,735,HSL:4740229,Hanabölentie
53220,53220,0,53220,53220,0,False,SCHEDULED,1631912400,HSL:4735_20210917_La_2_1419,735,HSL:4740229,Hanabölentie
48000,48000,0,48000,48000,0,False,SCHEDULED,1631912400,HSL:9665K_20210917_La_2_1248,665K,HSL:9522004,Ahola
51600,51600,0,51600,51600,0,False,SCHEDULED,1631912400,HSL:9665K_20210917_La_2_1348,665K,HSL:9522004,Ahola
55200,55200,0,55200,55200,0,False,SCHEDULED,1631912400,HSL:9665K_20210917_La_2_1448,665K,HSL:9522004,Ahola
58800,58800,0,58800,58800,0,False,SCHEDULED,1631912400,HSL:9665K_20210917_La_2_1548,665K,HSL:9522004,Ahola
62400,62400,0,62400,62400,0,False,SCHEDULED,1631912400,HSL:9665K_20210917_La_2_1649,665K,HSL:9522004,Ahola
47340,47340,0,47340,47340,0,False,SCHEDULED,1631912400,HSL:9665K_20210917_La_1_1256,665K,HSL:9522005,Ahola
50940,50940,0,50940,50940,0,False,SCHEDULED,1631912400,HSL:9665K_20210917_La_1_1356,665K,HSL:9522005,Ahola
54540,54540,0,54540,54540,0,False,SCHEDULED,1631912400,HSL:9665K_20210917_La_1_1456,665K,HSL:9522005,Ahola
58140,58140,0,58140,58140,0,False,SCHEDULED,1631912400,HSL:9665K_20210917_La_1_1556,665K,HSL:9522005,Ahola
61740,61740,0,61740,61740,0,False,SCHEDULED,1631912400,HSL:9665K_20210917_La_1_1656,665K,HSL:9522005,Ahola
47340,47340,0,47340,47340,0,False,SCHEDULED,1631912400,HSL:9665K_20210917_La_1_1256,665K,HSL:9522006,Maaseutuopisto
50940,50940,0,50940,50940,0,False,SCHEDULED,1631912400,HSL:9665K_20210917_La_1_1356,665K,HSL:9522006,Maaseutuopisto
54540,54540,0,54540,54540,0,False,SCHEDULED,1631912400,HSL:9665K_20210917_La_1_1456,665K,HSL:9522006,Maaseutuopisto
58140,58140,0,58140,58140,0,False,SCHEDULED,1631912400,HSL:9665K_20210917_La_1_1556,665K,HSL:9522006,Maaseutuopisto
61740,61740,0,61740,61740,0,False,SCHEDULED,1631912400,HSL:9665K_20210917_La_1_1656,665K,HSL:9522006,Maaseutuopisto
47280,47280,0,47280,47280,0,False,SCHEDULED,1631912400,HSL:9665K_20210917_La_1_1256,665K,HSL:9522000,Ainola
50880,50880,0,50880,50880,0,False,SCHEDULED,1631912400,HSL:9665K_20210917_La_1_1356,665K,HSL:9522000,Ainola
54480,54480,0,54480,54480,0,False,SCHEDULED,1631912400,HSL:9665K_20210917_La_1_1456,665K,HSL:9522000,Ainola
58080,58080,0,58080,58080,0,False,SCHEDULED,1631912400,HSL:9665K_20210917_La_1_1556,665K,HSL:9522000,Ainola
61680,61680,0,61680,61680,0,False,SCHEDULED,1631912400,HSL:9665K_20210917_La_1_1656,665K,HSL:9522000,Ainola
48000,48000,0,48000,48000,0,False,SCHEDULED,1631912400,HSL:9665K_20210917_La_2_1248,665K,HSL:9522003,Kotitalousopettajaop
51600,51600,0,51600,51600,0,False,SCHEDULED,1631912400,HSL:9665K_20210917_La_2_1348,665K,HSL:9522003,Kotitalousopettajaop
55200,55200,0,55200,55200,0,False,SCHEDULED,1631912400,HSL:9665K_20210917_La_2_1448,665K,HSL:9522003,Kotitalousopettajaop
58800,58800,0,58800,58800,0,False,SCHEDULED,1631912400,HSL:9665K_20210917_La_2_1548,665K,HSL:9522003,Kotitalousopettajaop
62400,62400,0,62400,62400,0,False,SCHEDULED,1631912400,HSL:9665K_20210917_La_2_1649,665K,HSL:9522003,Kotitalousopettajaop
46980,46980,0,46980,46980,0,False,SCHEDULED,1631912400,HSL:6243_20210917_La_2_1246,243,HSL:2642210,Histansilta
50580,50580,0,50580,50580,0,False,SCHEDULED,1631912400,HSL:6243_20210917_La_2_1346,243,HSL:2642210,Histansilta
54180,54180,0,54180,54180,0,False,SCHEDULED,1631912400,HSL:6243_20210917_La_2_1446,243,HSL:2642210,Histansilta
57780,57780,0,57780,57780,0,False,SCHEDULED,1631912400,HSL:6243_20210917_La_2_1546,243,HSL:2642210,Histansilta
61380,61380,0,61380,61380,0,False,SCHEDULED,1631912400,HSL:6243_20210917_La_2_1646,243,HSL:2642210,Histansilta
45900,46191,291,45900,46191,291,True,UPDATED,1631912400,HSL:6173_20210917_La_2_1202,173,HSL:6050252,Kirkkotallintie
48120,48120,0,48120,48120,0,False,SCHEDULED,1631912400,HSL:6171_20210917_La_2_1306,171,HSL:6050252,Kirkkotallintie
49560,49560,0,49560,49560,0,False,SCHEDULED,1631912400,HSL:6173_20210917_La_2_1301,173,HSL:6050252,Kirkkotallintie
51780,51780,0,51780,51780,0,False,SCHEDULED,1631912400,HSL:6171_20210917_La_2_1406,171,HSL:6050252,Kirkkotallintie
53160,53160,0,53160,53160,0,False,SCHEDULED,1631912400,HSL:6173_20210917_La_2_1401,173,HSL:6050252,Kirkkotallintie
46740,46831,91,46740,46831,91,True,UPDATED,1631912400,HSL:6171_20210917_La_1_1216,171,HSL:6050253,Kotiniitynrinne
48480,48480,0,48480,48480,0,False,SCHEDULED,1631912400,HSL:6173_20210917_La_1_1251,173,HSL:6050253,Kotiniitynrinne
50280,50280,0,50280,50280,0,False,SCHEDULED,1631912400,HSL:6171_20210917_La_1_1313,171,HSL:6050253,Kotiniitynrinne
52080,52080,0,52080,52080,0,False,SCHEDULED,1631912400,HSL:6173_20210917_La_1_1349,173,HSL:6050253,Kotiniitynrinne
53880,53880,0,53880,53880,0,False,SCHEDULED,1631912400,HSL:6171_20210917_La_1_1413,171,HSL:6050253,Kotiniitynrinne
46020,46025,5,46020,46037,17,True,UPDATED,1631912400,HSL:6171_20210917_La_1_1216,171,HSL:6050250,Kirkkotallintie
47820,47820,0,47820,47820,0,False,SCHEDULED,1631912400,HSL:6173_20210917_La_1_1251,173,HSL:6050250,Kirkkotallintie
49560,49560,0,49560,49560,0,False,SCHEDULED,1631912400,HSL:6171_20210917_La_1_1313,171,HSL:6050250,Kirkkotallintie
51360,51360,0,51360,51360,0,False,SCHEDULED,1631912400,HSL:6173_20210917_La_1_1349,173,HSL:6050250,Kirkkotallintie
53160,53160,0,53160,53160,0,False,SCHEDULED,1631912400,HSL:6171_20210917_La_1_1413,171,HSL:6050250,Kirkkotallintie
45120,45557,437,45120,45560,440,True,UPDATED,1631912400,HSL:6173_20210917_La_2_1202,173,HSL:6050254,Kotiniitynrinne
47280,47280,0,47280,47280,0,False,SCHEDULED,1631912400,HSL:6171_20210917_La_2_1306,171,HSL:6050254,Kotiniitynrinne
48720,48720,0,48720,48720,0,False,SCHEDULED,1631912400,HSL:6173_20210917_La_2_1301,173,HSL:6050254,Kotiniitynrinne
50880,50880,0,50880,50880,0,False,SCHEDULED,1631912400,HSL:6171_20210917_La_2_1406,171,HSL:6050254,Kotiniitynrinne
52320,52320,0,52320,52320,0,False,SCHEDULED,1631912400,HSL:6173_20210917_La_2_1401,173,HSL:6050254,Kotiniitynrinne
45540,45540,0,45540,45540,0,False,SCHEDULED,1631912400,HSL:4624_20210917_La_2_1236,624,HSL:4740244,Karjopolku
47340,47340,0,47340,47340,0,False,SCHEDULED,1631912400,HSL:4624_20210917_La_2_1306,624,HSL:4740244,Karjopolku
49140,49140,0,49140,49140,0,False,SCHEDULED,1631912400,HSL:4624_20210917_La_2_1336,624,HSL:4740244,Karjopolku
50940,50940,0,50940,50940,0,False,SCHEDULED,1631912400,HSL:4624_20210917_La_2_1406,624,HSL:4740244,Karjopolku
52740,52740,0,52740,52740,0,False,SCHEDULED,1631912400,HSL:4624_20210917_La_2_1436,624,HSL:4740244,Karjopolku
46800,46831,31,46800,46831,31,True,UPDATED,1631912400,HSL:6171_20210917_La_1_1216,171,HSL:6050241,Veturitallintie
48540,48540,0,48540,48540,0,False,SCHEDULED,1631912400,HSL:6173_20210917_La_1_1251,173,HSL:6050241,Veturitallintie
50340,50340,0,50340,50340,0,False,SCHEDULED,1631912400,HSL:6171_20210917_La_1_1313,171,HSL:6050241,Veturitallintie
52140,52140,0,52140,52140,0,False,SCHEDULED,1631912400,HSL:6173_20210917_La_1_1349,173,HSL:6050241,Veturitallintie
53940,53940,0,53940,53940,0,False,SCHEDULED,1631912400,HSL:6171_20210917_La_1_1413,171,HSL:6050241,Veturitallintie
45060,45466,406,45060,45467,407,True,UPDATED,1631912400,HSL:6173_20210917_La_2_1202,173,HSL:6050242,Veturitallintie
47220,47220,0,47220,47220,0,False,SCHEDULED,1631912400,HSL:6171_20210917_La_2_1306,171,HSL:6050242,Veturitallintie
48660,48660,0,48660,48660,0,False,SCHEDULED,1631912400,HSL:6173_20210917_La_2_1301,173,HSL:6050242,Veturitallintie
50820,50820,0,50820,50820,0,False,SCHEDULED,1631912400,HSL:6171_20210917_La_2_1406,171,HSL:6050242,Veturitallintie
52260,52260,0,52260,52260,0,False,SCHEDULED,1631912400,HSL:6173_20210917_La_2_1401,173,HSL:6050242,Veturitallintie
45900,45900,0,45900,45900,0,True,UPDATED,1631912400,HSL:9963_20210917_La_2_1236,963,HSL:9650204,Myrtinoja
49620,49620,0,49620,49620,0,False,SCHEDULED,1631912400,HSL:9963_20210917_La_2_1338,963,HSL:9650204,Myrtinoja
53220,53220,0,53220,53220,0,False,SCHEDULED,1631912400,HSL:9963_20210917_La_2_1438,963,HSL:9650204,Myrtinoja
56820,56820,0,56820,56820,0,False,SCHEDULED,1631912400,HSL:9963_20210917_La_2_1538,963,HSL:9650204,Myrtinoja
60420,60420,0,60420,60420,0,False,SCHEDULED,1631912400,HSL:9963_20210917_La_2_1638,963,HSL:9650204,Myrtinoja
46140,46018,-122,46140,46018,-122,True,UPDATED,1631912400,HSL:4615_20210917_La_1_1225,615,HSL:1353105,Yhdyskunnantie
47100,47100,0,47100,47100,0,False,SCHEDULED,1631912400,HSL:4614_20210917_La_1_1240,614,HSL:1353105,Yhdyskunnantie
47940,47940,0,47940,47940,0,False,SCHEDULED,1631912400,HSL:4615_20210917_La_1_1255,615,HSL:1353105,Yhdyskunnantie
48120,48120,0,48120,48120,0,False,SCHEDULED,1631912400,HSL:4623K_20210917_La_1_1300,623K,HSL:1353105,Yhdyskunnantie
48900,48900,0,48900,48900,0,False,SCHEDULED,1631912400,HSL:4614_20210917_La_1_1310,614,HSL:1353105,Yhdyskunnantie
45480,45480,0,45480,45480,0,False,SCHEDULED,1631912400,HSL:4615_20210917_La_2_1219,615,HSL:1353104,Yhdyskunnantie
46380,46421,41,46380,46421,41,True,UPDATED,1631912400,HSL:4614_20210917_La_2_1234,614,HSL:1353104,Yhdyskunnantie
47280,47280,0,47280,47280,0,False,SCHEDULED,1631912400,HSL:4615_20210917_La_2_1249,615,HSL:1353104,Yhdyskunnantie
48180,48180,0,48180,48180,0,False,SCHEDULED,1631912400,HSL:4614_20210917_La_2_1304,614,HSL:1353104,Yhdyskunnantie
48780,48780,0,48780,48780,0,False,SCHEDULED,1631912400,HSL:4623K_20210917_La_2_1303,623K,HSL:1353104,Yhdyskunnantie
45780,45856,76,45780,45856,76,True,UPDATED,1631912400,HSL:1016_20210917_La_2_1230,16,HSL:1100107,Suvilahti
46080,46191,111,46080,46195,115,True,UPDATED,1631912400,HSL:1055_20210917_La_2_1229,55,HSL:1100107,Suvilahti
46980,46980,0,46980,46980,0,False,SCHEDULED,1631912400,HSL:1016_20210917_La_2_1250,16,HSL:1100107,Suvilahti
46980,46980,0,46980,46980,0,False,SCHEDULED,1631912400,HSL:1055_20210917_La_2_1244,55,HSL:1100107,Suvilahti
47880,47880,0,47880,47880,0,False,SCHEDULED,1631912400,HSL:1055_20210917_La_2_1259,55,HSL:1100107,Suvilahti
45360,45597,237,45360,45614,254,True,UPDATED,1631912400,HSL:2224_20210917_La_2_1223,224,HSL:2612219,Joupinkallio
46140,46308,168,46140,46308,168,True,UPDATED,1631912400,HSL:2134_20210917_La_1_1224,134,HSL:2612219,Joupinkallio
47160,47160,0,47160,47160,0,False,SCHEDULED,1631912400,HSL:2224_20210917_La_2_1252,224,HSL:2612219,Joupinkallio
48000,48000,0,48000,48000,0,False,SCHEDULED,1631912400,HSL:2134_20210917_La_1_1254,134,HSL:2612219,Joupinkallio
48960,48960,0,48960,48960,0,False,SCHEDULED,1631912400,HSL:2224_20210917_La_2_1322,224,HSL:2612219,Joupinkallio
45660,46168,508,45660,46180,520,True,UPDATED,1631912400,HSL:2510_20210917_La_2_1202,510,HSL:1100109,Kalasatama (M)
46080,46224,144,46080,46244,164,True,UPDATED,1631912400,HSL:1500_20210917_La_2_1221,500,HSL:1100109,Kalasatama (M)
46440,46440,0,46440,46440,0,False,SCHEDULED,1631912400,HSL:1016_20210917_La_1_1242,16,HSL:1100109,Kalasatama (M)
46560,46797,237,46560,46815,255,True,UPDATED,1631912400,HSL:2510_20210917_La_2_1217,510,HSL:1100109,Kalasatama (M)
46980,46980,0,46980,46980,0,False,SCHEDULED,1631912400,HSL:1500_20210917_La_2_1236,500,HSL:1100109,Kalasatama (M)
45780,45805,25,45780,45816,36,True,UPDATED,1631912400,HSL:1067_20210917_La_1_1216,67,HSL:1341128,Jakokunnantie
46980,46980,0,46980,46980,0,False,SCHEDULED,1631912400,HSL:1067_20210917_La_1_1236,67,HSL:1341128,Jakokunnantie
48180,48180,0,48180,48180,0,False,SCHEDULED,1631912400,HSL:1067_20210917_La_1_1256,67,HSL:1341128,Jakokunnantie
49380,49380,0,49380,49380,0,False,SCHEDULED,1631912400,HSL:1067_20210917_La_1_1316,67,HSL:1341128,Jakokunnantie
50640,50640,0,50640,50640,0,False,SCHEDULED,1631912400,HSL:1067_20210917_La_1_1336,67,HSL:1341128,Jakokunnantie
45240,45296,56,45240,45318,78,True,UPDATED,1631912400,HSL:1067_20210917_La_2_1224,67,HSL:1341129,Jakokunnantie
46440,46440,0,46440,46440,0,False,SCHEDULED,1631912400,HSL:1067_20210917_La_2_1244,67,HSL:1341129,Jakokunnantie
47640,47640,0,47640,47640,0,False,SCHEDULED,1631912400,HSL:1067_20210917_La_2_1304,67,HSL:1341129,Jakokunnantie
48840,48840,0,48840,48840,0,False,SCHEDULED,1631912400,HSL:1067_20210917_La_2_1324,67,HSL:1341129,Jakokunnantie
50040,50040,0,50040,50040,0,False,SCHEDULED,1631912400,HSL:1067_20210917_La_2_1344,67,HSL:1341129,Jakokunnantie
48240,48240,0,48240,48240,0,False,SCHEDULED,1631912400,HSL:7192V_20210917_La_2_1315,192V,HSL:6050205,Järvitie
59520,59520,0,59520,59520,0,False,SCHEDULED,1631912400,HSL:7192V_20210917_La_2_1623,192V,HSL:6050205,Järvitie
60840,60840,0,60840,60840,0,False,SCHEDULED,1631912400,HSL:6182A_20210917_La_2_1630,182A,HSL:6050205,Järvitie
62640,62640,0,62640,62640,0,False,SCHEDULED,1631912400,HSL:7192V_20210917_La_2_1715,192V,HSL:6050205,Järvitie
77220,77220,0,77220,77220,0,False,SCHEDULED,1631912400,HSL:7191_20210917_La_2_2113,191,HSL:6050205,Järvitie
45480,45531,51,45480,45540,60,True,UPDATED,1631912400,HSL:1063_20210917_La_1_1206,63,HSL:1341124,Elontie
46440,46588,148,46440,46598,158,True,UPDATED,1631912400,HSL:1066_20210917_La_1_1226,66,HSL:1341124,Elontie
46680,46703,23,46680,46708,28,True,UPDATED,1631912400,HSL:1063_20210917_La_1_1226,63,HSL:1341124,Elontie
47640,47640,0,47640,47640,0,False,SCHEDULED,1631912400,HSL:1066_20210917_La_1_1246,66,HSL:1341124,Elontie
47880,47880,0,47880,47880,0,False,SCHEDULED,1631912400,HSL:1063_20210917_La_1_1246,63,HSL:1341124,Elontie
47880,47880,0,47880,47880,0,False,SCHEDULED,1631912400,HSL:7192V_20210917_La_1_1240,192V,HSL:6050206,Järvitie
56340,56340,0,56340,56340,0,False,SCHEDULED,1631912400,HSL:7192T_20210917_La_1_1500,192T,HSL:6050206,Järvitie
57960,57960,0,57960,57960,0,False,SCHEDULED,1631912400,HSL:6182A_20210917_La_1_1600,182A,HSL:6050206,Järvitie
58080,58080,0,58080,58080,0,False,SCHEDULED,1631912400,HSL:7191_20210917_La_1_1605,191,HSL:6050206,Järvitie
65460,65460,0,65460,65460,0,False,SCHEDULED,1631912400,HSL:7192V_20210917_La_1_1740,192V,HSL:6050206,Järvitie
45480,45486,6,45480,45496,16,True,UPDATED,1631912400,HSL:1063_20210917_La_2_1233,63,HSL:1341125,Elontie
45900,45900,0,45900,45900,0,True,UPDATED,1631912400,HSL:1066_20210917_La_2_1242,66,HSL:1341125,Elontie
46680,46680,0,46680,46680,0,False,SCHEDULED,1631912400,HSL:1063_20210917_La_2_1253,63,HSL:1341125,Elontie
47100,47100,0,47100,47100,0,False,SCHEDULED,1631912400,HSL:1066_20210917_La_2_1302,66,HSL:1341125,Elontie
47880,47880,0,47880,47880,0,False,SCHEDULED,1631912400,HSL:1063_20210917_La_2_1313,63,HSL:1341125,Elontie
46740,46740,0,46740,46740,0,False,SCHEDULED,1631912400,HSL:2244_20210917_La_1_1243,244,HSL:2642280,Brobackanpiha
50400,50400,0,50400,50400,0,False,SCHEDULED,1631912400,HSL:2244_20210917_La_1_1344,244,HSL:2642280,Brobackanpiha
54060,54060,0,54060,54060,0,False,SCHEDULED,1631912400,HSL:2244_20210917_La_1_1444,244,HSL:2642280,Brobackanpiha
57660,57660,0,57660,57660,0,False,SCHEDULED,1631912400,HSL:2244_20210917_La_1_1545,244,HSL:2642280,Brobackanpiha
61200,61200,0,61200,61200,0,False,SCHEDULED,1631912400,HSL:2244_20210917_La_1_1644,244,HSL:2642280,Brobackanpiha
45720,45720,0,45720,45720,0,False,SCHEDULED,1631912400,HSL:1055_20210917_La_1_1235,55,HSL:1100102,Hanasaari
46260,46260,0,46260,46260,0,False,SCHEDULED,1631912400,HSL:1016_20210917_La_1_1242,16,HSL:1100102,Hanasaari
46620,46620,0,46620,46620,0,False,SCHEDULED,1631912400,HSL:1055_20210917_La_1_1250,55,HSL:1100102,Hanasaari
47460,47460,0,47460,47460,0,False,SCHEDULED,1631912400,HSL:1016_20210917_La_1_1302,16,HSL:1100102,Hanasaari
47520,47520,0,47520,47520,0,False,SCHEDULED,1631912400,HSL:1055_20210917_La_1_1305,55,HSL:1100102,Hanasaari
47940,47940,0,47940,47940,0,False,SCHEDULED,1631912400,HSL:7192V_20210917_La_1_1240,192V,HSL:6050203,Isonsuontie
56400,56400,0,56400,56400,0,False,SCHEDULED,1631912400,HSL:7192T_20210917_La_1_1500,192T,HSL:6050203,Isonsuontie
58020,58020,0,58020,58020,0,False,SCHEDULED,1631912400,HSL:6182A_20210917_La_1_1600,182A,HSL:6050203,Isonsuontie
58140,58140,0,58140,58140,0,False,SCHEDULED,1631912400,HSL:7191_20210917_La_1_1605,191,HSL:6050203,Isonsuontie
65460,65460,0,65460,65460,0,False,SCHEDULED,1631912400,HSL:7192V_20210917_La_1_1740,192V,HSL:6050203,Isonsuontie
45720,45751,31,45720,45756,36,True,UPDATED,1631912400,HSL:1067_20210917_La_1_1216,67,HSL:1341126,Päivänsalontie
46920,46920,0,46920,46920,0,False,SCHEDULED,1631912400,HSL:1067_20210917_La_1_1236,67,HSL:1341126,Päivänsalontie
48120,48120,0,48120,48120,0,False,SCHEDULED,1631912400,HSL:1067_20210917_La_1_1256,67,HSL:1341126,Päivänsalontie
49320,49320,0,49320,49320,0,False,SCHEDULED,1631912400,HSL:1067_20210917_La_1_1316,67,HSL:1341126,Päivänsalontie
50580,50580,0,50580,50580,0,False,SCHEDULED,1631912400,HSL:1067_20210917_La_1_1336,67,HSL:1341126,Päivänsalontie
48180,48180,0,48180,48180,0,False,SCHEDULED,1631912400,HSL:7192V_20210917_La_2_1315,192V,HSL:6050204,Isonsuontie
59460,59460,0,59460,59460,0,False,SCHEDULED,1631912400,HSL:7192V_20210917_La_2_1623,192V,HSL:6050204,Isonsuontie
60780,60780,0,60780,60780,0,False,SCHEDULED,1631912400,HSL:6182A_20210917_La_2_1630,182A,HSL:6050204,Isonsuontie
62580,62580,0,62580,62580,0,False,SCHEDULED,1631912400,HSL:7192V_20210917_La_2_1715,192V,HSL:6050204,Isonsuontie
77220,77220,0,77220,77220,0,False,SCHEDULED,1631912400,HSL:7191_20210917_La_2_2113,191,HSL:6050204,Isonsuontie
45240,45318,78,45240,45361,121,True,UPDATED,1631912400,HSL:1067_20210917_La_2_1224,67,HSL:1341127,Päivänsalontie
46440,46440,0,46440,46440,0,False,SCHEDULED,1631912400,HSL:1067_20210917_La_2_1244,67,HSL:1341127,Päivänsalontie
47640,47640,0,47640,47640,0,False,SCHEDULED,1631912400,HSL:1067_20210917_La_2_1304,67,HSL:1341127,Päivänsalontie
48840,48840,0,48840,48840,0,False,SCHEDULED,1631912400,HSL:1067_20210917_La_2_1324,67,HSL:1341127,Päivänsalontie
50040,50040,0,50040,50040,0,False,SCHEDULED,1631912400,HSL:1067_20210917_La_2_1344,67,HSL:1341127,Päivänsalontie
45420,45492,72,45420,45492,72,True,UPDATED,1631912400,HSL:1063_20210917_La_1_1206,63,HSL:1341120,Lepolantie
46140,46390,250,46140,46390,250,True,UPDATED,1631912400,HSL:2553K_20210917_La_1_1209,553K,HSL:1341120,Lepolantie
46320,46455,135,46320,46461,141,True,UPDATED,1631912400,HSL:1066_20210917_La_1_1226,66,HSL:1341120,Lepolantie
46620,46682,62,46620,46687,67,True,UPDATED,1631912400,HSL:1063_20210917_La_1_1226,63,HSL:1341120,Lepolantie
47340,47397,57,47340,47418,78,True,UPDATED,1631912400,HSL:2553K_20210917_La_1_1229,553K,HSL:1341120,Lepolantie
46380,46380,0,46380,46380,0,True,UPDATED,1631912400,HSL:2245A_20210917_La_2_1234,245A,HSL:2642285,Nupurin kappeli
48240,48240,0,48240,48240,0,False,SCHEDULED,1631912400,HSL:2245A_20210917_La_2_1304,245A,HSL:2642285,Nupurin kappeli
48900,48900,0,48900,48900,0,False,SCHEDULED,1631912400,HSL:2244_20210917_La_2_1318,244,HSL:2642285,Nupurin kappeli
50100,50100,0,50100,50100,0,False,SCHEDULED,1631912400,HSL:2245A_20210917_La_2_1335,245A,HSL:2642285,Nupurin kappeli
51840,51840,0,51840,51840,0,False,SCHEDULED,1631912400,HSL:2245A_20210917_La_2_1404,245A,HSL:2642285,Nupurin kappeli
45540,45582,42,45540,45592,52,True,UPDATED,1631912400,HSL:1063_20210917_La_2_1233,63,HSL:1341121,Lepolantie
45840,45856,16,45840,45856,16,True,UPDATED,1631912400,HSL:2553K_20210917_La_2_1223,553K,HSL:1341121,Lepolantie
45960,45960,0,45960,45960,0,True,UPDATED,1631912400,HSL:1066_20210917_La_2_1242,66,HSL:1341121,Lepolantie
46740,46740,0,46740,46740,0,False,SCHEDULED,1631912400,HSL:1063_20210917_La_2_1253,63,HSL:1341121,Lepolantie
47040,47040,0,47040,47040,0,False,SCHEDULED,1631912400,HSL:2553K_20210917_La_2_1242,553K,HSL:1341121,Lepolantie
45600,45632,32,45600,45632,32,True,UPDATED,1631912400,HSL:2245A_20210917_La_1_1225,245A,HSL:2642284,Nupurin kappeli
46620,46620,0,46620,46620,0,False,SCHEDULED,1631912400,HSL:2244_20210917_La_1_1243,244,HSL:2642284,Nupurin kappeli
47460,47460,0,47460,47460,0,False,SCHEDULED,1631912400,HSL:2245A_20210917_La_1_1256,245A,HSL:2642284,Nupurin kappeli
49200,49200,0,49200,49200,0,False,SCHEDULED,1631912400,HSL:2245A_20210917_La_1_1325,245A,HSL:2642284,Nupurin kappeli
50280,50280,0,50280,50280,0,False,SCHEDULED,1631912400,HSL:2244_20210917_La_1_1344,244,HSL:2642284,Nupurin kappeli
45900,45966,66,45900,45966,66,True,UPDATED,1631912400,HSL:1016_20210917_La_2_1230,16,HSL:1100103,Hanasaari
46200,46272,72,46200,46277,77,True,UPDATED,1631912400,HSL:1055_20210917_La_2_1229,55,HSL:1100103,Hanasaari
47100,47100,0,47100,47100,0,False,SCHEDULED,1631912400,HSL:1016_20210917_La_2_1250,16,HSL:1100103,Hanasaari
47100,47100,0,47100,47100,0,False,SCHEDULED,1631912400,HSL:1055_20210917_La_2_1244,55,HSL:1100103,Hanasaari
48000,48000,0,48000,48000,0,False,SCHEDULED,1631912400,HSL:1055_20210917_La_2_1259,55,HSL:1100103,Hanasaari
45600,45600,0,45600,45600,0,False,SCHEDULED,1631912400,HSL:1056_20210917_La_1_1240,56,HSL:1100106,Panimokatu
45900,45893,-7,45900,45921,21,True,UPDATED,1631912400,HSL:1056_20210917_La_2_1212,56,HSL:1100106,Panimokatu
46200,46200,0,46200,46200,0,False,SCHEDULED,1631912400,HSL:1056_20210917_La_1_1250,56,HSL:1100106,Panimokatu
46440,46440,0,46440,46440,0,False,SCHEDULED,1631912400,HSL:1056_20210917_La_2_1221,56,HSL:1100106,Panimokatu
46800,46800,0,46800,46800,0,False,SCHEDULED,1631912400,HSL:1056_20210917_La_1_1300,56,HSL:1100106,Panimokatu
45420,45492,72,45420,45492,72,True,UPDATED,1631912400,HSL:1063_20210917_La_1_1206,63,HSL:1341122,Pakilan yläaste
46380,46501,121,46380,46509,129,True,UPDATED,1631912400,HSL:1066_20210917_La_1_1226,66,HSL:1341122,Pakilan yläaste
46620,46687,67,46620,46687,67,True,UPDATED,1631912400,HSL:1063_20210917_La_1_1226,63,HSL:1341122,Pakilan yläaste
47580,47580,0,47580,47580,0,False,SCHEDULED,1631912400,HSL:1066_20210917_La_1_1246,66,HSL:1341122,Pakilan yläaste
47820,47820,0,47820,47820,0,False,SCHEDULED,1631912400,HSL:1063_20210917_La_1_1246,63,HSL:1341122,Pakilan yläaste
46320,46320,0,46320,46320,0,False,SCHEDULED,1631912400,HSL:1016_20210917_La_1_1242,16,HSL:1100105,Suvilahti
47520,47520,0,47520,47520,0,False,SCHEDULED,1631912400,HSL:1016_20210917_La_1_1302,16,HSL:1100105,Suvilahti
48720,48720,0,48720,48720,0,False,SCHEDULED,1631912400,HSL:1016_20210917_La_1_1322,16,HSL:1100105,Suvilahti
49920,49920,0,49920,49920,0,False,SCHEDULED,1631912400,HSL:1016_20210917_La_1_1342,16,HSL:1100105,Suvilahti
51120,51120,0,51120,51120,0,False,SCHEDULED,1631912400,HSL:1016_20210917_La_1_1402,16,HSL:1100105,Suvilahti
45480,45524,44,45480,45530,50,True,UPDATED,1631912400,HSL:1063_20210917_La_2_1233,63,HSL:1341123,Pakilan yläaste
45960,45960,0,45960,45960,0,True,UPDATED,1631912400,HSL:1066_20210917_La_2_1242,66,HSL:1341123,Pakilan yläaste
46680,46680,0,46680,46680,0,False,SCHEDULED,1631912400,HSL:1063_20210917_La_2_1253,63,HSL:1341123,Pakilan yläaste
47160,47160,0,47160,47160,0,False,SCHEDULED,1631912400,HSL:1066_20210917_La_2_1302,66,HSL:1341123,Pakilan yläaste
47880,47880,0,47880,47880,0,False,SCHEDULED,1631912400,HSL:1063_20210917_La_2_1313,63,HSL:1341123,Pakilan yläaste
46800,46800,0,46800,46800,0,False,SCHEDULED,1631912400,HSL:2244_20210917_La_1_1243,244,HSL:2642278,Heikkilä
50460,50460,0,50460,50460,0,False,SCHEDULED,1631912400,HSL:2244_20210917_La_1_1344,244,HSL:2642278,Heikkilä
54120,54120,0,54120,54120,0,False,SCHEDULED,1631912400,HSL:2244_20210917_La_1_1444,244,HSL:2642278,Heikkilä
57720,57720,0,57720,57720,0,False,SCHEDULED,1631912400,HSL:2244_20210917_La_1_1545,244,HSL:2642278,Heikkilä
61260,61260,0,61260,61260,0,False,SCHEDULED,1631912400,HSL:2244_20210917_La_1_1644,244,HSL:2642278,Heikkilä
48720,48720,0,48720,48720,0,False,SCHEDULED,1631912400,HSL:2244_20210917_La_2_1318,244,HSL:2642277,Stormbacka
52380,52380,0,52380,52380,0,False,SCHEDULED,1631912400,HSL:2244_20210917_La_2_1419,244,HSL:2642277,Stormbacka
56040,56040,0,56040,56040,0,False,SCHEDULED,1631912400,HSL:2244_20210917_La_2_1520,244,HSL:2642277,Stormbacka
59640,59640,0,59640,59640,0,False,SCHEDULED,1631912400,HSL:2244_20210917_La_2_1620,244,HSL:2642277,Stormbacka
63180,63180,0,63180,63180,0,False,SCHEDULED,1631912400,HSL:2244_20210917_La_2_1719,244,HSL:2642277,Stormbacka
45660,45666,6,45720,45726,6,True,UPDATED,1631912400,HSL:3002P_20210917_La_1_1208,P,HSL:4530501,Lentoasema
46260,46335,75,46320,46395,75,True,UPDATED,1631912400,HSL:3002P_20210917_La_1_1218,P,HSL:4530501,Lentoasema
46860,46897,37,46920,46957,37,True,UPDATED,1631912400,HSL:3002P_20210917_La_1_1228,P,HSL:4530501,Lentoasema
47460,47460,0,47520,47520,0,False,SCHEDULED,1631912400,HSL:3002P_20210917_La_1_1238,P,HSL:4530501,Lentoasema
48060,48060,0,48120,48120,0,False,SCHEDULED,1631912400,HSL:3002P_20210917_La_1_1248,P,HSL:4530501,Lentoasema
48660,48660,0,48660,48660,0,False,SCHEDULED,1631912400,HSL:2244_20210917_La_2_1318,244,HSL:2642279,Heikkilä
52320,52320,0,52320,52320,0,False,SCHEDULED,1631912400,HSL:2244_20210917_La_2_1419,244,HSL:2642279,Heikkilä
55980,55980,0,55980,55980,0,False,SCHEDULED,1631912400,HSL:2244_20210917_La_2_1520,244,HSL:2642279,Heikkilä
59580,59580,0,59580,59580,0,False,SCHEDULED,1631912400,HSL:2244_20210917_La_2_1620,244,HSL:2642279,Heikkilä
63120,63120,0,63120,63120,0,False,SCHEDULED,1631912400,HSL:2244_20210917_La_2_1719,244,HSL:2642279,Heikkilä
45600,45764,164,45600,45787,187,True,UPDATED,1631912400,HSL:2224_20210917_La_2_1223,224,HSL:2612224,Tahkokuja
47400,47400,0,47400,47400,0,False,SCHEDULED,1631912400,HSL:2224_20210917_La_2_1252,224,HSL:2612224,Tahkokuja
49200,49200,0,49200,49200,0,False,SCHEDULED,1631912400,HSL:2224_20210917_La_2_1322,224,HSL:2612224,Tahkokuja
51000,51000,0,51000,51000,0,False,SCHEDULED,1631912400,HSL:2224_20210917_La_2_1352,224,HSL:2612224,Tahkokuja
52800,52800,0,52800,52800,0,False,SCHEDULED,1631912400,HSL:2224_20210917_La_2_1422,224,HSL:2612224,Tahkokuja
45420,45416,-4,45420,45447,27,True,UPDATED,1631912400,HSL:2136_20210917_La_1_1209,136,HSL:2612223,Tahkokuja
46320,46488,168,46320,46488,168,True,UPDATED,1631912400,HSL:2134_20210917_La_1_1224,134,HSL:2612223,Tahkokuja
47280,47280,0,47280,47280,0,True,UPDATED,1631912400,HSL:2136_20210917_La_1_1239,136,HSL:2612223,Tahkokuja
48180,48180,0,48180,48180,0,False,SCHEDULED,1631912400,HSL:2134_20210917_La_1_1254,134,HSL:2612223,Tahkokuja
49080,49080,0,49080,49080,0,False,SCHEDULED,1631912400,HSL:2136_20210917_La_1_1309,136,HSL:2612223,Tahkokuja
46080,46080,0,46080,46080,0,False,SCHEDULED,1631912400,HSL:2136_20210917_La_2_1247,136,HSL:2612222,Pitkänotko
46140,46154,14,46140,46162,22,True,UPDATED,1631912400,HSL:2224_20210917_La_1_1220,224,HSL:2612222,Pitkänotko
46980,46980,0,46980,46980,0,False,SCHEDULED,1631912400,HSL:2134_20210917_La_2_1302,134,HSL:2612222,Pitkänotko
47880,47880,0,47880,47880,0,False,SCHEDULED,1631912400,HSL:2136_20210917_La_2_1317,136,HSL:2612222,Pitkänotko
48000,48000,0,48000,48000,0,False,SCHEDULED,1631912400,HSL:2224_20210917_La_1_1250,224,HSL:2612222,Pitkänotko
45360,45364,4,45360,45368,8,True,UPDATED,1631912400,HSL:2136_20210917_La_1_1209,136,HSL:2612221,Pitkänotko
45480,45705,225,45480,45705,225,True,UPDATED,1631912400,HSL:2224_20210917_La_2_1223,224,HSL:2612221,Pitkänotko
46260,46428,168,46260,46428,168,True,UPDATED,1631912400,HSL:2134_20210917_La_1_1224,134,HSL:2612221,Pitkänotko
47220,47220,0,47220,47220,0,True,UPDATED,1631912400,HSL:2136_20210917_La_1_1239,136,HSL:2612221,Pitkänotko
47280,47280,0,47280,47280,0,False,SCHEDULED,1631912400,HSL:2224_20210917_La_2_1252,224,HSL:2612221,Pitkänotko
45300,45330,30,45300,45345,45,True,UPDATED,1631912400,HSL:2134_20210917_La_2_1232,134,HSL:2612220,Joupinkallio
46260,46260,0,46260,46269,9,True,UPDATED,1631912400,HSL:2224_20210917_La_1_1220,224,HSL:2612220,Joupinkallio
47100,47100,0,47100,47100,0,False,SCHEDULED,1631912400,HSL:2134_20210917_La_2_1302,134,HSL:2612220,Joupinkallio
48120,48120,0,48120,48120,0,False,SCHEDULED,1631912400,HSL:2224_20210917_La_1_1250,224,HSL:2612220,Joupinkallio
48900,48900,0,48900,48900,0,False,SCHEDULED,1631912400,HSL:2134_20210917_La_2_1332,134,HSL:2612220,Joupinkallio
45420,45603,183,45420,45615,195,True,UPDATED,1631912400,HSL:2542_20210917_La_2_1207,542,HSL:2413257,Puosunrinne
45660,45660,0,45660,45660,0,False,SCHEDULED,1631912400,HSL:2146_20210917_La_2_1238,146,HSL:2413257,Puosunrinne
45900,45900,0,45900,45900,0,False,SCHEDULED,1631912400,HSL:2124_20210917_La_2_1233,124,HSL:2413257,Puosunrinne
46320,46390,70,46320,46428,108,True,UPDATED,1631912400,HSL:2542_20210917_La_2_1222,542,HSL:2413257,Puosunrinne
46500,46500,0,46500,46500,0,False,SCHEDULED,1631912400,HSL:2543_20210917_La_2_1252,543,HSL:2413257,Puosunrinne
45420,45528,108,45420,45556,136,True,UPDATED,1631912400,HSL:1059_20210917_La_1_1231,59,HSL:1100119,Tynnyrintekijänkatu
46020,46084,64,46020,46113,93,True,UPDATED,1631912400,HSL:1055_20210917_La_2_1229,55,HSL:1100119,Tynnyrintekijänkatu
46320,46320,0,46320,46320,0,False,SCHEDULED,1631912400,HSL:1059_20210917_La_1_1246,59,HSL:1100119,Tynnyrintekijänkatu
46920,46920,0,46920,46920,0,False,SCHEDULED,1631912400,HSL:1055_20210917_La_2_1244,55,HSL:1100119,Tynnyrintekijänkatu
47220,47220,0,47220,47220,0,False,SCHEDULED,1631912400,HSL:1059_20210917_La_1_1301,59,HSL:1100119,Tynnyrintekijänkatu
45480,45573,93,45480,45586,106,True,UPDATED,1631912400,HSL:2542_20210917_La_1_1229,542,HSL:2413256,Puosunrinne
45540,45655,115,45540,45660,120,True,UPDATED,1631912400,HSL:2124_20210917_La_1_1217,124,HSL:2413256,Puosunrinne
45900,45870,-30,45900,45879,-21,True,UPDATED,1631912400,HSL:2146_20210917_La_1_1231,146,HSL:2413256,Puosunrinne
45660,45919,259,45660,45923,263,True,UPDATED,1631912400,HSL:2543_20210917_La_1_1155,543,HSL:2413256,Puosunrinne
46380,46380,0,46380,46380,0,False,SCHEDULED,1631912400,HSL:2542_20210917_La_1_1244,542,HSL:2413256,Puosunrinne
45360,45432,72,45360,45432,72,True,UPDATED,1631912400,HSL:1063_20210917_La_1_1206,63,HSL:1341118,Alkutie
45660,45680,20,45660,45698,38,True,UPDATED,1631912400,HSL:1067_20210917_La_1_1216,67,HSL:1341118,Alkutie
46080,46358,278,46080,46374,294,True,UPDATED,1631912400,HSL:2553K_20210917_La_1_1209,553K,HSL:1341118,Alkutie
46260,46404,144,46260,46415,155,True,UPDATED,1631912400,HSL:1066_20210917_La_1_1226,66,HSL:1341118,Alkutie
46560,46599,39,46560,46610,50,True,UPDATED,1631912400,HSL:1063_20210917_La_1_1226,63,HSL:1341118,Alkutie
45360,45448,88,45360,45464,104,True,UPDATED,1631912400,HSL:1067_20210917_La_2_1224,67,HSL:1341119,Alkutie
45600,45646,46,45600,45665,65,True,UPDATED,1631912400,HSL:1063_20210917_La_2_1233,63,HSL:1341119,Alkutie
45840,45892,52,45840,45892,52,True,UPDATED,1631912400,HSL:2553K_20210917_La_2_1223,553K,HSL:1341119,Alkutie
46020,46020,0,46020,46020,0,True,UPDATED,1631912400,HSL:1066_20210917_La_2_1242,66,HSL:1341119,Alkutie
46560,46560,0,46560,46560,0,False,SCHEDULED,1631912400,HSL:1067_20210917_La_2_1244,67,HSL:1341119,Alkutie
45480,45680,200,45480,45687,207,True,UPDATED,1631912400,HSL:2224_20210917_La_2_1223,224,HSL:2612226,Ylämäentie
46200,46368,168,46200,46368,168,True,UPDATED,1631912400,HSL:2134_20210917_La_1_1224,134,HSL:2612226,Ylämäentie
47280,47280,0,47280,47280,0,False,SCHEDULED,1631912400,HSL:2224_20210917_La_2_1252,224,HSL:2612226,Ylämäentie
48060,48060,0,48060,48060,0,False,SCHEDULED,1631912400,HSL:2134_20210917_La_1_1254,134,HSL:2612226,Ylämäentie
49080,49080,0,49080,49080,0,False,SCHEDULED,1631912400,HSL:2224_20210917_La_2_1322,224,HSL:2612226,Ylämäentie
46020,46020,0,46020,46020,0,False,SCHEDULED,1631912400,HSL:2136_20210917_La_2_1247,136,HSL:2612225,Tahkokuja
46080,46141,61,46080,46146,66,True,UPDATED,1631912400,HSL:2224_20210917_La_1_1220,224,HSL:2612225,Tahkokuja
46920,46920,0,46920,46920,0,False,SCHEDULED,1631912400,HSL:2134_20210917_La_2_1302,134,HSL:2612225,Tahkokuja
47820,47820,0,47820,47820,0,False,SCHEDULED,1631912400,HSL:2136_20210917_La_2_1317,136,HSL:2612225,Tahkokuja
47940,47940,0,47940,47940,0,False,SCHEDULED,1631912400,HSL:2224_20210917_La_1_1250,224,HSL:2612225,Tahkokuja
45660,45631,-29,45660,45685,25,True,UPDATED,1631912400,HSL:1500_20210917_La_1_1225,500,HSL:1100110,Kalasatama (M)
45720,45776,56,45720,45776,56,True,UPDATED,1631912400,HSL:1016_20210917_La_2_1230,16,HSL:1100110,Kalasatama (M)
46080,46080,0,46080,46080,0,False,SCHEDULED,1631912400,HSL:2510_20210917_La_1_1243,510,HSL:1100110,Kalasatama (M)
46560,46560,0,46560,46560,0,False,SCHEDULED,1631912400,HSL:1500_20210917_La_1_1240,500,HSL:1100110,Kalasatama (M)
46920,46920,0,46920,46920,0,False,SCHEDULED,1631912400,HSL:1016_20210917_La_2_1250,16,HSL:1100110,Kalasatama (M)
46800,46800,0,46800,46800,0,False,SCHEDULED,1631912400,HSL:2244_20210917_La_1_1243,244,HSL:2642276,Stormbacka
50460,50460,0,50460,50460,0,False,SCHEDULED,1631912400,HSL:2244_20210917_La_1_1344,244,HSL:2642276,Stormbacka
54060,54060,0,54060,54060,0,False,SCHEDULED,1631912400,HSL:2244_20210917_La_1_1444,244,HSL:2642276,Stormbacka
57720,57720,0,57720,57720,0,False,SCHEDULED,1631912400,HSL:2244_20210917_La_1_1545,244,HSL:2642276,Stormbacka
61260,61260,0,61260,61260,0,False,SCHEDULED,1631912400,HSL:2244_20210917_La_1_1644,244,HSL:2642276,Stormbacka
48720,48720,0,48720,48720,0,False,SCHEDULED,1631912400,HSL:2244_20210917_La_2_1318,244,HSL:2642275,Brobackanpiha
52380,52380,0,52380,52380,0,False,SCHEDULED,1631912400,HSL:2244_20210917_La_2_1419,244,HSL:2642275,Brobackanpiha
56040,56040,0,56040,56040,0,False,SCHEDULED,1631912400,HSL:2244_20210917_La_2_1520,244,HSL:2642275,Brobackanpiha
59640,59640,0,59640,59640,0,False,SCHEDULED,1631912400,HSL:2244_20210917_La_2_1620,244,HSL:2642275,Brobackanpiha
63180,63180,0,63180,63180,0,False,SCHEDULED,1631912400,HSL:2244_20210917_La_2_1719,244,HSL:2642275,Brobackanpiha
45240,45311,71,45240,45315,75,True,UPDATED,1631912400,HSL:4611_20210917_La_2_1208,611,HSL:1353123,Tuomarinkyläntie
46440,46405,-35,46440,46411,-29,True,UPDATED,1631912400,HSL:4611_20210917_La_2_1228,611,HSL:1353123,Tuomarinkyläntie
47640,47640,0,47640,47640,0,False,SCHEDULED,1631912400,HSL:4611_20210917_La_2_1248,611,HSL:1353123,Tuomarinkyläntie
48840,48840,0,48840,48840,0,False,SCHEDULED,1631912400,HSL:4611_20210917_La_2_1308,611,HSL:1353123,Tuomarinkyläntie
50040,50040,0,50040,50040,0,False,SCHEDULED,1631912400,HSL:4611_20210917_La_2_1328,611,HSL:1353123,Tuomarinkyläntie
45840,45881,41,45840,45881,41,True,UPDATED,1631912400,HSL:2165_20210917_La_1_1226,165,HSL:2413228,Kummelirannanportti
45840,45975,135,45840,45975,135,True,UPDATED,1631912400,HSL:2124_20210917_La_1_1217,124,HSL:2413228,Kummelirannanportti
46740,46740,0,46740,46740,0,False,SCHEDULED,1631912400,HSL:2165_20210917_La_1_1241,165,HSL:2413228,Kummelirannanportti
46800,46902,102,46800,46902,102,True,UPDATED,1631912400,HSL:2124K_20210917_La_1_1232,124K,HSL:2413228,Kummelirannanportti
47640,47640,0,47640,47640,0,False,SCHEDULED,1631912400,HSL:2165_20210917_La_1_1256,165,HSL:2413228,Kummelirannanportti
46380,46314,-66,46380,46316,-64,True,UPDATED,1631912400,HSL:4611_20210917_La_1_1229,611,HSL:1353122,Tuomarinkyläntie
47580,47580,0,47580,47580,0,False,SCHEDULED,1631912400,HSL:4611_20210917_La_1_1249,611,HSL:1353122,Tuomarinkyläntie
48780,48780,0,48780,48780,0,False,SCHEDULED,1631912400,HSL:4611_20210917_La_1_1309,611,HSL:1353122,Tuomarinkyläntie
49980,49980,0,49980,49980,0,False,SCHEDULED,1631912400,HSL:4611_20210917_La_1_1329,611,HSL:1353122,Tuomarinkyläntie
51180,51180,0,51180,51180,0,False,SCHEDULED,1631912400,HSL:4611_20210917_La_1_1349,611,HSL:1353122,Tuomarinkyläntie
45240,45358,118,45240,45365,125,True,UPDATED,1631912400,HSL:4611_20210917_La_2_1208,611,HSL:1353121,Yhdyskunnantie
45720,45763,43,45720,45772,52,True,UPDATED,1631912400,HSL:4560_20210917_La_1_1156,560,HSL:1353121,Yhdyskunnantie
46320,46340,20,46320,46340,20,True,UPDATED,1631912400,HSL:4560_20210917_La_1_1206,560,HSL:1353121,Yhdyskunnantie
46440,46429,-11,46440,46434,-6,True,UPDATED,1631912400,HSL:4611_20210917_La_2_1228,611,HSL:1353121,Yhdyskunnantie
46920,46920,0,46920,46920,0,False,SCHEDULED,1631912400,HSL:4560_20210917_La_1_1216,560,HSL:1353121,Yhdyskunnantie
45600,45600,0,45600,45600,0,False,SCHEDULED,1631912400,HSL:2124_20210917_La_2_1233,124,HSL:2413229,Kummelirannanportti
45720,45740,20,45720,45751,31,True,UPDATED,1631912400,HSL:6171_20210917_La_2_1206,171,HSL:2413229,Kummelirannanportti
45960,46009,49,45960,46016,56,True,UPDATED,1631912400,HSL:2165_20210917_La_2_1224,165,HSL:2413229,Kummelirannanportti
46500,46500,0,46500,46500,0,False,SCHEDULED,1631912400,HSL:2124K_20210917_La_2_1248,124K,HSL:2413229,Kummelirannanportti
46860,46860,0,46860,46860,0,False,SCHEDULED,1631912400,HSL:2165_20210917_La_2_1239,165,HSL:2413229,Kummelirannanportti
45720,45792,72,45720,45792,72,True,UPDATED,1631912400,HSL:4560_20210917_La_2_1225,560,HSL:1353120,Yhdyskunnantie
46320,46277,-43,46320,46287,-33,True,UPDATED,1631912400,HSL:4611_20210917_La_1_1229,611,HSL:1353120,Yhdyskunnantie
46320,46320,0,46320,46320,0,False,SCHEDULED,1631912400,HSL:4560_20210917_La_2_1235,560,HSL:1353120,Yhdyskunnantie
46920,46920,0,46920,46920,0,False,SCHEDULED,1631912400,HSL:4560_20210917_La_2_1245,560,HSL:1353120,Yhdyskunnantie
47520,47520,0,47520,47520,0,False,SCHEDULED,1631912400,HSL:4611_20210917_La_1_1249,611,HSL:1353120,Yhdyskunnantie
45840,45856,16,45840,45856,16,True,UPDATED,1631912400,HSL:1067_20210917_La_1_1216,67,HSL:1341130,Halkosuontie
47040,47040,0,47040,47040,0,False,SCHEDULED,1631912400,HSL:1067_20210917_La_1_1236,67,HSL:1341130,Halkosuontie
48240,48240,0,48240,48240,0,False,SCHEDULED,1631912400,HSL:1067_20210917_La_1_1256,67,HSL:1341130,Halkosuontie
49440,49440,0,49440,49440,0,False,SCHEDULED,1631912400,HSL:1067_20210917_La_1_1316,67,HSL:1341130,Halkosuontie
50700,50700,0,50700,50700,0,False,SCHEDULED,1631912400,HSL:1067_20210917_La_1_1336,67,HSL:1341130,Halkosuontie
48120,48120,0,48120,48120,0,False,SCHEDULED,1631912400,HSL:7192V_20210917_La_2_1315,192V,HSL:6050201,Båtvikintie
59460,59460,0,59460,59460,0,False,SCHEDULED,1631912400,HSL:7192V_20210917_La_2_1623,192V,HSL:6050201,Båtvikintie
60720,60720,0,60720,60720,0,False,SCHEDULED,1631912400,HSL:6182A_20210917_La_2_1630,182A,HSL:6050201,Båtvikintie
62520,62520,0,62520,62520,0,False,SCHEDULED,1631912400,HSL:7192V_20210917_La_2_1715,192V,HSL:6050201,Båtvikintie
77160,77160,0,77160,77160,0,False,SCHEDULED,1631912400,HSL:7191_20210917_La_2_2113,191,HSL:6050201,Båtvikintie
47940,47940,0,47940,47940,0,False,SCHEDULED,1631912400,HSL:7192V_20210917_La_1_1240,192V,HSL:6050202,Båtvikintie
56400,56400,0,56400,56400,0,False,SCHEDULED,1631912400,HSL:7192T_20210917_La_1_1500,192T,HSL:6050202,Båtvikintie
58020,58020,0,58020,58020,0,False,SCHEDULED,1631912400,HSL:6182A_20210917_La_1_1600,182A,HSL:6050202,Båtvikintie
58140,58140,0,58140,58140,0,False,SCHEDULED,1631912400,HSL:7191_20210917_La_1_1605,191,HSL:6050202,Båtvikintie
65520,65520,0,65520,65520,0,False,SCHEDULED,1631912400,HSL:7192V_20210917_La_1_1740,192V,HSL:6050202,Båtvikintie
45300,45305,5,45300,45312,12,True,UPDATED,1631912400,HSL:2136_20210917_La_1_1209,136,HSL:2612201,Luhtaniitty
47160,47160,0,47160,47160,0,True,UPDATED,1631912400,HSL:2136_20210917_La_1_1239,136,HSL:2612201,Luhtaniitty
48960,48960,0,48960,48960,0,False,SCHEDULED,1631912400,HSL:2136_20210917_La_1_1309,136,HSL:2612201,Luhtaniitty
50760,50760,0,50760,50760,0,False,SCHEDULED,1631912400,HSL:2136_20210917_La_1_1339,136,HSL:2612201,Luhtaniitty
52620,52620,0,52620,52620,0,False,SCHEDULED,1631912400,HSL:2136_20210917_La_1_1409,136,HSL:2612201,Luhtaniitty
45660,45660,0,45660,45660,0,False,SCHEDULED,1631912400,HSL:2124_20210917_La_2_1233,124,HSL:2413239,Marinsatama
45780,45832,52,45780,45842,62,True,UPDATED,1631912400,HSL:6171_20210917_La_2_1206,171,HSL:2413239,Marinsatama
45960,46027,67,45960,46034,74,True,UPDATED,1631912400,HSL:2165_20210917_La_2_1224,165,HSL:2413239,Marinsatama
46560,46560,0,46560,46560,0,False,SCHEDULED,1631912400,HSL:2124K_20210917_La_2_1248,124K,HSL:2413239,Marinsatama
46860,46860,0,46860,46860,0,False,SCHEDULED,1631912400,HSL:2165_20210917_La_2_1239,165,HSL:2413239,Marinsatama
45360,45283,-77,45360,45360,0,True,UPDATED,1631912400,HSL:1064_20210917_La_2_1236,64,HSL:1353117,Lukupolku
45840,45868,28,45840,45908,68,True,UPDATED,1631912400,HSL:1064_20210917_La_1_1212,64,HSL:1353117,Lukupolku
46560,46560,0,46560,46560,0,False,SCHEDULED,1631912400,HSL:1064_20210917_La_2_1256,64,HSL:1353117,Lukupolku
47100,47046,-54,47100,47052,-48,True,UPDATED,1631912400,HSL:1064_20210917_La_1_1232,64,HSL:1353117,Lukupolku
47760,47760,0,47760,47760,0,False,SCHEDULED,1631912400,HSL:1064_20210917_La_2_1316,64,HSL:1353117,Lukupolku
45840,45874,34,45840,45881,41,True,UPDATED,1631912400,HSL:2165_20210917_La_1_1226,165,HSL:2413238,Marinsatama
45840,45975,135,45840,45975,135,True,UPDATED,1631912400,HSL:2124_20210917_La_1_1217,124,HSL:2413238,Marinsatama
46740,46740,0,46740,46740,0,False,SCHEDULED,1631912400,HSL:2165_20210917_La_1_1241,165,HSL:2413238,Marinsatama
46800,46900,100,46800,46902,102,True,UPDATED,1631912400,HSL:2124K_20210917_La_1_1232,124K,HSL:2413238,Marinsatama
47640,47640,0,47640,47640,0,False,SCHEDULED,1631912400,HSL:2165_20210917_La_1_1256,165,HSL:2413238,Marinsatama
45840,45854,14,45840,45856,16,True,UPDATED,1631912400,HSL:1067_20210917_La_1_1216,67,HSL:1341137,Jakokunnantie 23
47040,47040,0,47040,47040,0,False,SCHEDULED,1631912400,HSL:1067_20210917_La_1_1236,67,HSL:1341137,Jakokunnantie 23
48240,48240,0,48240,48240,0,False,SCHEDULED,1631912400,HSL:1067_20210917_La_1_1256,67,HSL:1341137,Jakokunnantie 23
49440,49440,0,49440,49440,0,False,SCHEDULED,1631912400,HSL:1067_20210917_La_1_1316,67,HSL:1341137,Jakokunnantie 23
50700,50700,0,50700,50700,0,False,SCHEDULED,1631912400,HSL:1067_20210917_La_1_1336,67,HSL:1341137,Jakokunnantie 23
46380,46380,0,46380,46380,0,False,SCHEDULED,1631912400,HSL:1067_20210917_La_2_1244,67,HSL:1341138,Jakokunnantie 23
47580,47580,0,47580,47580,0,False,SCHEDULED,1631912400,HSL:1067_20210917_La_2_1304,67,HSL:1341138,Jakokunnantie 23
48780,48780,0,48780,48780,0,False,SCHEDULED,1631912400,HSL:1067_20210917_La_2_1324,67,HSL:1341138,Jakokunnantie 23
49980,49980,0,49980,49980,0,False,SCHEDULED,1631912400,HSL:1067_20210917_La_2_1344,67,HSL:1341138,Jakokunnantie 23
51180,51180,0,51180,51180,0,False,SCHEDULED,1631912400,HSL:1067_20210917_La_2_1404,67,HSL:1341138,Jakokunnantie 23
46320,46320,0,46320,46320,0,False,SCHEDULED,1631912400,HSL:1067_20210917_La_2_1244,67,HSL:1341131,Halkosuontie
47520,47520,0,47520,47520,0,False,SCHEDULED,1631912400,HSL:1067_20210917_La_2_1304,67,HSL:1341131,Halkosuontie
48720,48720,0,48720,48720,0,False,SCHEDULED,1631912400,HSL:1067_20210917_La_2_1324,67,HSL:1341131,Halkosuontie
49920,49920,0,49920,49920,0,False,SCHEDULED,1631912400,HSL:1067_20210917_La_2_1344,67,HSL:1341131,Halkosuontie
51120,51120,0,51120,51120,0,False,SCHEDULED,1631912400,HSL:1067_20210917_La_2_1404,67,HSL:1341131,Halkosuontie
45900,45913,13,45900,45918,18,True,UPDATED,1631912400,HSL:1067_20210917_La_1_1216,67,HSL:1341132,Ripusuontie
47100,47100,0,47100,47100,0,False,SCHEDULED,1631912400,HSL:1067_20210917_La_1_1236,67,HSL:1341132,Ripusuontie
48300,48300,0,48300,48300,0,False,SCHEDULED,1631912400,HSL:1067_20210917_La_1_1256,67,HSL:1341132,Ripusuontie
49500,49500,0,49500,49500,0,False,SCHEDULED,1631912400,HSL:1067_20210917_La_1_1316,67,HSL:1341132,Ripusuontie
50760,50760,0,50760,50760,0,False,SCHEDULED,1631912400,HSL:1067_20210917_La_1_1336,67,HSL:1341132,Ripusuontie
46320,46320,0,46320,46320,0,False,SCHEDULED,1631912400,HSL:1067_20210917_La_2_1244,67,HSL:1341133,Ripusuontie
47520,47520,0,47520,47520,0,False,SCHEDULED,1631912400,HSL:1067_20210917_La_2_1304,67,HSL:1341133,Ripusuontie
48720,48720,0,48720,48720,0,False,SCHEDULED,1631912400,HSL:1067_20210917_La_2_1324,67,HSL:1341133,Ripusuontie
49920,49920,0,49920,49920,0,False,SCHEDULED,1631912400,HSL:1067_20210917_La_2_1344,67,HSL:1341133,Ripusuontie
51120,51120,0,51120,51120,0,False,SCHEDULED,1631912400,HSL:1067_20210917_La_2_1404,67,HSL:1341133,Ripusuontie
46140,46140,0,46140,46140,0,True,UPDATED,1631912400,HSL:2245A_20210917_La_2_1234,245A,HSL:2642245,Kaitakorpi
48000,48000,0,48000,48000,0,False,SCHEDULED,1631912400,HSL:2245A_20210917_La_2_1304,245A,HSL:2642245,Kaitakorpi
49860,49860,0,49860,49860,0,False,SCHEDULED,1631912400,HSL:2245A_20210917_La_2_1335,245A,HSL:2642245,Kaitakorpi
51600,51600,0,51600,51600,0,False,SCHEDULED,1631912400,HSL:2245A_20210917_La_2_1404,245A,HSL:2642245,Kaitakorpi
53460,53460,0,53460,53460,0,False,SCHEDULED,1631912400,HSL:2245A_20210917_La_2_1435,245A,HSL:2642245,Kaitakorpi
45240,45312,72,45240,45315,75,True,UPDATED,1631912400,HSL:2124K_20210917_La_1_1232,124K,HSL:2212245,Jousenkaari
45660,45660,0,45660,45660,0,False,SCHEDULED,1631912400,HSL:2114_20210917_La_1_1238,114,HSL:2212245,Jousenkaari
45720,45720,0,45720,45720,0,False,SCHEDULED,1631912400,HSL:2125_20210917_La_1_1240,125,HSL:2212245,Jousenkaari
45720,45720,0,45720,45720,0,False,SCHEDULED,1631912400,HSL:2112_20210917_La_1_1239,112,HSL:2212245,Jousenkaari
46140,46140,0,46140,46140,0,False,SCHEDULED,1631912400,HSL:2124_20210917_La_1_1247,124,HSL:2212245,Jousenkaari
45300,45329,29,45300,45330,30,True,UPDATED,1631912400,HSL:2114_20210917_La_2_1210,114,HSL:2212244,Jousenkaari
45240,45329,89,45240,45331,91,True,UPDATED,1631912400,HSL:2112_20210917_La_2_1220,112,HSL:2212244,Jousenkaari
45300,45579,279,45300,45581,281,True,UPDATED,1631912400,HSL:2124_20210917_La_2_1203,124,HSL:2212244,Jousenkaari
45780,45797,17,45780,45797,17,True,UPDATED,1631912400,HSL:2125_20210917_La_2_1215,125,HSL:2212244,Jousenkaari
45840,45881,41,45840,45882,42,True,UPDATED,1631912400,HSL:2115_20210917_La_2_1234,115,HSL:2212244,Jousenkaari
45840,45887,47,45840,45888,48,True,UPDATED,1631912400,HSL:2245A_20210917_La_1_1225,245A,HSL:2642246,Kaitakorpi
47700,47700,0,47700,47700,0,False,SCHEDULED,1631912400,HSL:2245A_20210917_La_1_1256,245A,HSL:2642246,Kaitakorpi
49440,49440,0,49440,49440,0,False,SCHEDULED,1631912400,HSL:2245A_20210917_La_1_1325,245A,HSL:2642246,Kaitakorpi
51300,51300,0,51300,51300,0,False,SCHEDULED,1631912400,HSL:2245A_20210917_La_1_1356,245A,HSL:2642246,Kaitakorpi
53040,53040,0,53040,53040,0,False,SCHEDULED,1631912400,HSL:2245A_20210917_La_1_1425,245A,HSL:2642246,Kaitakorpi
45480,45480,0,45480,45480,0,False,SCHEDULED,1631912400,HSL:2146_20210917_La_2_1238,146,HSL:2413209,Alakaupunki
45720,45720,0,45720,45720,0,False,SCHEDULED,1631912400,HSL:2124_20210917_La_2_1233,124,HSL:2413209,Alakaupunki
46080,46080,0,46080,46080,0,False,SCHEDULED,1631912400,HSL:2147_20210917_La_2_1248,147,HSL:2413209,Alakaupunki
46080,46150,70,46080,46150,70,True,UPDATED,1631912400,HSL:2165_20210917_La_2_1224,165,HSL:2413209,Alakaupunki
46320,46320,0,46320,46320,0,False,SCHEDULED,1631912400,HSL:2543_20210917_La_2_1252,543,HSL:2413209,Alakaupunki
45360,45305,-55,45360,45327,-33,True,UPDATED,1631912400,HSL:2165_20210917_La_2_1209,165,HSL:2413206,Maininki
46260,46284,24,46260,46349,89,True,UPDATED,1631912400,HSL:2165_20210917_La_2_1224,165,HSL:2413206,Maininki
47160,47160,0,47160,47160,0,False,SCHEDULED,1631912400,HSL:2165_20210917_La_2_1239,165,HSL:2413206,Maininki
48060,48060,0,48060,48060,0,False,SCHEDULED,1631912400,HSL:2165_20210917_La_2_1254,165,HSL:2413206,Maininki
48960,48960,0,48960,48960,0,False,SCHEDULED,1631912400,HSL:2165_20210917_La_2_1309,165,HSL:2413206,Maininki
45540,45541,1,45540,45547,7,True,UPDATED,1631912400,HSL:2165_20210917_La_1_1226,165,HSL:2413205,Maininki
46440,46440,0,46440,46440,0,False,SCHEDULED,1631912400,HSL:2165_20210917_La_1_1241,165,HSL:2413205,Maininki
47340,47340,0,47340,47340,0,False,SCHEDULED,1631912400,HSL:2165_20210917_La_1_1256,165,HSL:2413205,Maininki
48240,48240,0,48240,48240,0,False,SCHEDULED,1631912400,HSL:2165_20210917_La_1_1311,165,HSL:2413205,Maininki
49140,49140,0,49140,49140,0,False,SCHEDULED,1631912400,HSL:2165_20210917_La_1_1326,165,HSL:2413205,Maininki
46860,46860,0,46860,46860,0,False,SCHEDULED,1631912400,HSL:2244_20210917_La_1_1243,244,HSL:2642240,Nikulanmäki
50520,50520,0,50520,50520,0,False,SCHEDULED,1631912400,HSL:2244_20210917_La_1_1344,244,HSL:2642240,Nikulanmäki
54180,54180,0,54180,54180,0,False,SCHEDULED,1631912400,HSL:2244_20210917_La_1_1444,244,HSL:2642240,Nikulanmäki
57780,57780,0,57780,57780,0,False,SCHEDULED,1631912400,HSL:2244_20210917_La_1_1545,244,HSL:2642240,Nikulanmäki
61320,61320,0,61320,61320,0,False,SCHEDULED,1631912400,HSL:2244_20210917_La_1_1644,244,HSL:2642240,Nikulanmäki
45300,45368,68,45300,45370,70,True,UPDATED,1631912400,HSL:2114_20210917_La_2_1210,114,HSL:2212240,Hakalehto
45300,45373,73,45300,45377,77,True,UPDATED,1631912400,HSL:2112_20210917_La_2_1220,112,HSL:2212240,Hakalehto
45360,45620,260,45360,45648,288,True,UPDATED,1631912400,HSL:2124_20210917_La_2_1203,124,HSL:2212240,Hakalehto
45840,45839,-1,45840,45843,3,True,UPDATED,1631912400,HSL:2125_20210917_La_2_1215,125,HSL:2212240,Hakalehto
45840,45883,43,45840,45916,76,True,UPDATED,1631912400,HSL:2118_20210917_La_2_1156,118,HSL:2212240,Hakalehto
45600,45600,0,45600,45600,0,False,SCHEDULED,1631912400,HSL:2114_20210917_La_1_1238,114,HSL:2212239,Hakalehto
45660,45660,0,45660,45660,0,False,SCHEDULED,1631912400,HSL:2112_20210917_La_1_1239,112,HSL:2212239,Hakalehto
45720,45720,0,45720,45720,0,False,SCHEDULED,1631912400,HSL:2125_20210917_La_1_1240,125,HSL:2212239,Hakalehto
46140,46140,0,46140,46140,0,False,SCHEDULED,1631912400,HSL:2124_20210917_La_1_1247,124,HSL:2212239,Hakalehto
46140,46140,0,46140,46140,0,False,SCHEDULED,1631912400,HSL:2118B_20210917_La_1_1247,118B,HSL:2212239,Hakalehto
45660,45685,25,45660,45685,25,True,UPDATED,1631912400,HSL:2245A_20210917_La_1_1225,245A,HSL:2642238,Kuusikoti
46680,46680,0,46680,46680,0,False,SCHEDULED,1631912400,HSL:2244_20210917_La_1_1243,244,HSL:2642238,Kuusikoti
47520,47520,0,47520,47520,0,False,SCHEDULED,1631912400,HSL:2245A_20210917_La_1_1256,245A,HSL:2642238,Kuusikoti
49260,49260,0,49260,49260,0,False,SCHEDULED,1631912400,HSL:2245A_20210917_La_1_1325,245A,HSL:2642238,Kuusikoti
50340,50340,0,50340,50340,0,False,SCHEDULED,1631912400,HSL:2244_20210917_La_1_1344,244,HSL:2642238,Kuusikoti
45300,45408,108,45300,45412,112,True,UPDATED,1631912400,HSL:2112_20210917_La_2_1220,112,HSL:2212238,Hakarinne
45360,45414,54,45360,45417,57,True,UPDATED,1631912400,HSL:2114_20210917_La_2_1210,114,HSL:2212238,Hakarinne
45360,45650,290,45360,45653,293,True,UPDATED,1631912400,HSL:2124_20210917_La_2_1203,124,HSL:2212238,Hakarinne
45840,45843,3,45840,45876,36,True,UPDATED,1631912400,HSL:2125_20210917_La_2_1215,125,HSL:2212238,Hakarinne
45840,45916,76,45840,45916,76,True,UPDATED,1631912400,HSL:2118_20210917_La_2_1156,118,HSL:2212238,Hakarinne
46320,46320,0,46320,46320,0,True,UPDATED,1631912400,HSL:2245A_20210917_La_2_1234,245A,HSL:2642237,Kuusikoti
48180,48180,0,48180,48180,0,False,SCHEDULED,1631912400,HSL:2245A_20210917_La_2_1304,245A,HSL:2642237,Kuusikoti
48840,48840,0,48840,48840,0,False,SCHEDULED,1631912400,HSL:2244_20210917_La_2_1318,244,HSL:2642237,Kuusikoti
50040,50040,0,50040,50040,0,False,SCHEDULED,1631912400,HSL:2245A_20210917_La_2_1335,245A,HSL:2642237,Kuusikoti
51780,51780,0,51780,51780,0,False,SCHEDULED,1631912400,HSL:2245A_20210917_La_2_1404,245A,HSL:2642237,Kuusikoti
45540,45540,0,45540,45540,0,False,SCHEDULED,1631912400,HSL:2114_20210917_La_1_1238,114,HSL:2212237,Hakarinne
45600,45600,0,45600,45600,0,False,SCHEDULED,1631912400,HSL:2112_20210917_La_1_1239,112,HSL:2212237,Hakarinne
45660,45660,0,45660,45660,0,False,SCHEDULED,1631912400,HSL:2125_20210917_La_1_1240,125,HSL:2212237,Hakarinne
46080,46080,0,46080,46080,0,False,SCHEDULED,1631912400,HSL:2124_20210917_La_1_1247,124,HSL:2212237,Hakarinne
46080,46080,0,46080,46080,0,False,SCHEDULED,1631912400,HSL:2118B_20210917_La_1_1247,118B,HSL:2212237,Hakarinne
48600,48600,0,48600,48600,0,False,SCHEDULED,1631912400,HSL:2244_20210917_La_2_1318,244,HSL:2642239,Nikulanmäki
52260,52260,0,52260,52260,0,False,SCHEDULED,1631912400,HSL:2244_20210917_La_2_1419,244,HSL:2642239,Nikulanmäki
55920,55920,0,55920,55920,0,False,SCHEDULED,1631912400,HSL:2244_20210917_La_2_1520,244,HSL:2642239,Nikulanmäki
59520,59520,0,59520,59520,0,False,SCHEDULED,1631912400,HSL:2244_20210917_La_2_1620,244,HSL:2642239,Nikulanmäki
63060,63060,0,63060,63060,0,False,SCHEDULED,1631912400,HSL:2244_20210917_La_2_1719,244,HSL:2642239,Nikulanmäki
45600,45694,94,45600,45706,106,True,UPDATED,1631912400,HSL:2542_20210917_La_1_1229,542,HSL:2413217,Merivirta
46140,46224,84,46140,46224,84,True,UPDATED,1631912400,HSL:2165_20210917_La_2_1224,165,HSL:2413217,Merivirta
46500,46500,0,46500,46500,0,False,SCHEDULED,1631912400,HSL:2542_20210917_La_1_1244,542,HSL:2413217,Merivirta
47040,47040,0,47040,47040,0,False,SCHEDULED,1631912400,HSL:2165_20210917_La_2_1239,165,HSL:2413217,Merivirta
47400,47400,0,47400,47400,0,False,SCHEDULED,1631912400,HSL:2542_20210917_La_1_1259,542,HSL:2413217,Merivirta
46440,46440,0,46440,46440,0,False,SCHEDULED,1631912400,HSL:2118_20210917_La_1_1232,118,HSL:2612266,Tuomarilanrinne
48240,48240,0,48240,48240,0,False,SCHEDULED,1631912400,HSL:2118_20210917_La_1_1302,118,HSL:2612266,Tuomarilanrinne
50040,50040,0,50040,50040,0,False,SCHEDULED,1631912400,HSL:2118_20210917_La_1_1332,118,HSL:2612266,Tuomarilanrinne
51840,51840,0,51840,51840,0,False,SCHEDULED,1631912400,HSL:2118_20210917_La_1_1402,118,HSL:2612266,Tuomarilanrinne
53640,53640,0,53640,53640,0,False,SCHEDULED,1631912400,HSL:2118_20210917_La_1_1432,118,HSL:2612266,Tuomarilanrinne
45300,45440,140,45300,45462,162,True,UPDATED,1631912400,HSL:2542_20210917_La_2_1207,542,HSL:2413218,Merivirta
45600,45629,29,45600,45650,50,True,UPDATED,1631912400,HSL:2165_20210917_La_1_1226,165,HSL:2413218,Merivirta
46200,46254,54,46200,46273,73,True,UPDATED,1631912400,HSL:2542_20210917_La_2_1222,542,HSL:2413218,Merivirta
46500,46500,0,46500,46500,0,False,SCHEDULED,1631912400,HSL:2165_20210917_La_1_1241,165,HSL:2413218,Merivirta
47100,47100,0,47100,47100,0,False,SCHEDULED,1631912400,HSL:2542_20210917_La_2_1237,542,HSL:2413218,Merivirta
45780,45780,0,45780,45780,0,False,SCHEDULED,1631912400,HSL:2124_20210917_La_2_1233,124,HSL:2413215,Hyökyvuori
46380,46380,0,46380,46380,0,False,SCHEDULED,1631912400,HSL:2543_20210917_La_2_1252,543,HSL:2413215,Hyökyvuori
46680,46680,0,46680,46680,0,False,SCHEDULED,1631912400,HSL:2124K_20210917_La_2_1248,124K,HSL:2413215,Hyökyvuori
47580,47580,0,47580,47580,0,False,SCHEDULED,1631912400,HSL:2124_20210917_La_2_1303,124,HSL:2413215,Hyökyvuori
48180,48180,0,48180,48180,0,False,SCHEDULED,1631912400,HSL:2543_20210917_La_2_1322,543,HSL:2413215,Hyökyvuori
45360,45537,177,45360,45550,190,True,UPDATED,1631912400,HSL:2542_20210917_La_2_1207,542,HSL:2413213,Aalto
45600,45600,0,45600,45600,0,False,SCHEDULED,1631912400,HSL:2146_20210917_La_2_1238,146,HSL:2413213,Aalto
45840,45840,0,45840,45840,0,False,SCHEDULED,1631912400,HSL:2124_20210917_La_2_1233,124,HSL:2413213,Aalto
46200,46200,0,46200,46200,0,False,SCHEDULED,1631912400,HSL:2147_20210917_La_2_1248,147,HSL:2413213,Aalto
46260,46326,66,46260,46337,77,True,UPDATED,1631912400,HSL:2542_20210917_La_2_1222,542,HSL:2413213,Aalto
45540,45632,92,45540,45647,107,True,UPDATED,1631912400,HSL:2542_20210917_La_1_1229,542,HSL:2413214,Aalto
45720,45697,-23,45720,45706,-14,True,UPDATED,1631912400,HSL:2147_20210917_La_1_1223,147,HSL:2413214,Aalto
45600,45702,102,45600,45710,110,True,UPDATED,1631912400,HSL:2124_20210917_La_1_1217,124,HSL:2413214,Aalto
45960,45922,-38,45960,45934,-26,True,UPDATED,1631912400,HSL:2146_20210917_La_1_1231,146,HSL:2413214,Aalto
45720,45965,245,45720,45973,253,True,UPDATED,1631912400,HSL:2543_20210917_La_1_1155,543,HSL:2413214,Aalto
45540,45540,0,45540,45540,0,False,SCHEDULED,1631912400,HSL:2146_20210917_La_2_1238,146,HSL:2413211,Hyökyvuori
46140,46140,0,46140,46140,0,False,SCHEDULED,1631912400,HSL:2147_20210917_La_2_1248,147,HSL:2413211,Hyökyvuori
46140,46193,53,46140,46193,53,True,UPDATED,1631912400,HSL:2165_20210917_La_2_1224,165,HSL:2413211,Hyökyvuori
46440,46440,0,46440,46440,0,False,SCHEDULED,1631912400,HSL:2146_20210917_La_2_1253,146,HSL:2413211,Hyökyvuori
47040,47040,0,47040,47040,0,False,SCHEDULED,1631912400,HSL:2147_20210917_La_2_1303,147,HSL:2413211,Hyökyvuori
45660,45690,30,45660,45708,48,True,UPDATED,1631912400,HSL:2165_20210917_La_1_1226,165,HSL:2413212,Hyökyvuori
45780,45756,-24,45780,45766,-14,True,UPDATED,1631912400,HSL:2147_20210917_La_1_1223,147,HSL:2413212,Hyökyvuori
45660,45787,127,45660,45789,129,True,UPDATED,1631912400,HSL:2124_20210917_La_1_1217,124,HSL:2413212,Hyökyvuori
46020,45982,-38,46020,45993,-27,True,UPDATED,1631912400,HSL:2146_20210917_La_1_1231,146,HSL:2413212,Hyökyvuori
45780,46023,243,45780,46052,272,True,UPDATED,1631912400,HSL:2543_20210917_La_1_1155,543,HSL:2413212,Hyökyvuori
45720,45742,22,45720,45783,63,True,UPDATED,1631912400,HSL:2165_20210917_La_1_1226,165,HSL:2413210,Alakaupunki
45840,45798,-42,45840,45810,-30,True,UPDATED,1631912400,HSL:2147_20210917_La_1_1223,147,HSL:2413210,Alakaupunki
45720,45829,109,45720,45829,109,True,UPDATED,1631912400,HSL:2124_20210917_La_1_1217,124,HSL:2413210,Alakaupunki
46080,46027,-53,46080,46037,-43,True,UPDATED,1631912400,HSL:2146_20210917_La_1_1231,146,HSL:2413210,Alakaupunki
45840,46058,218,45840,46058,218,True,UPDATED,1631912400,HSL:2543_20210917_La_1_1155,543,HSL:2413210,Alakaupunki
46440,46481,41,46440,46486,46,True,UPDATED,1631912400,HSL:2118_20210917_La_2_1226,118,HSL:2612269,Tuomarilanrinne
48240,48240,0,48240,48240,0,False,SCHEDULED,1631912400,HSL:2118_20210917_La_2_1256,118,HSL:2612269,Tuomarilanrinne
50040,50040,0,50040,50040,0,False,SCHEDULED,1631912400,HSL:2118_20210917_La_2_1326,118,HSL:2612269,Tuomarilanrinne
51840,51840,0,51840,51840,0,False,SCHEDULED,1631912400,HSL:2118_20210917_La_2_1356,118,HSL:2612269,Tuomarilanrinne
53640,53640,0,53640,53640,0,False,SCHEDULED,1631912400,HSL:2118_20210917_La_2_1426,118,HSL:2612269,Tuomarilanrinne
46260,46260,0,46260,46260,0,True,UPDATED,1631912400,HSL:2245A_20210917_La_2_1234,245A,HSL:2642267,Hakjärventie
48120,48120,0,48120,48120,0,False,SCHEDULED,1631912400,HSL:2245A_20210917_La_2_1304,245A,HSL:2642267,Hakjärventie
49980,49980,0,49980,49980,0,False,SCHEDULED,1631912400,HSL:2245A_20210917_La_2_1335,245A,HSL:2642267,Hakjärventie
51720,51720,0,51720,51720,0,False,SCHEDULED,1631912400,HSL:2245A_20210917_La_2_1404,245A,HSL:2642267,Hakjärventie
53580,53580,0,53580,53580,0,False,SCHEDULED,1631912400,HSL:2245A_20210917_La_2_1435,245A,HSL:2642267,Hakjärventie
45720,45756,36,45720,45758,38,True,UPDATED,1631912400,HSL:2245A_20210917_La_1_1225,245A,HSL:2642268,Hakjärventie
47580,47580,0,47580,47580,0,False,SCHEDULED,1631912400,HSL:2245A_20210917_La_1_1256,245A,HSL:2642268,Hakjärventie
49320,49320,0,49320,49320,0,False,SCHEDULED,1631912400,HSL:2245A_20210917_La_1_1325,245A,HSL:2642268,Hakjärventie
51180,51180,0,51180,51180,0,False,SCHEDULED,1631912400,HSL:2245A_20210917_La_1_1356,245A,HSL:2642268,Hakjärventie
52920,52920,0,52920,52920,0,False,SCHEDULED,1631912400,HSL:2245A_20210917_La_1_1425,245A,HSL:2642268,Hakjärventie
45000,45268,268,45000,45318,318,True,UPDATED,1631912400,HSL:4411_20210917_La_1_1222,411,HSL:1180214,Töölön tulli
45300,45356,56,45300,45359,59,True,UPDATED,1631912400,HSL:1063_20210917_La_1_1226,63,HSL:1180214,Töölön tulli
45360,45360,0,45360,45360,0,False,SCHEDULED,1631912400,HSL:7456A_20210917_La_1_1230,456A,HSL:1180214,Töölön tulli
45360,45538,178,45360,45538,178,True,UPDATED,1631912400,HSL:1506_20210917_La_1_1150,506,HSL:1180214,Töölön tulli
45600,45618,18,45600,45631,31,True,UPDATED,1631912400,HSL:2436_20210917_La_1_1232,436,HSL:1180214,Töölön tulli
45060,45325,265,45060,45325,265,True,UPDATED,1631912400,HSL:4411_20210917_La_2_1205,411,HSL:1180206,Kuusitie
45480,45511,31,45480,45511,31,True,UPDATED,1631912400,HSL:1506_20210917_La_2_1234,506,HSL:1180206,Kuusitie
46200,45585,-615,46200,45585,-615,True,UPDATED,1631912400,HSL:1040_20210917_La_2_1226,40,HSL:1180206,Kuusitie
45600,45697,97,45600,45711,111,True,UPDATED,1631912400,HSL:1037_20210917_La_2_1213,37,HSL:1180206,Kuusitie
45660,45753,93,45660,45753,93,True,UPDATED,1631912400,HSL:1063_20210917_La_2_1213,63,HSL:1180206,Kuusitie
46200,46200,0,46200,46200,0,True,UPDATED,1631912400,HSL:2245A_20210917_La_2_1234,245A,HSL:2642261,Siltaniitynlaita
48060,48060,0,48060,48060,0,False,SCHEDULED,1631912400,HSL:2245A_20210917_La_2_1304,245A,HSL:2642261,Siltaniitynlaita
49920,49920,0,49920,49920,0,False,SCHEDULED,1631912400,HSL:2245A_20210917_La_2_1335,245A,HSL:2642261,Siltaniitynlaita
51660,51660,0,51660,51660,0,False,SCHEDULED,1631912400,HSL:2245A_20210917_La_2_1404,245A,HSL:2642261,Siltaniitynlaita
53520,53520,0,53520,53520,0,False,SCHEDULED,1631912400,HSL:2245A_20210917_La_2_1435,245A,HSL:2642261,Siltaniitynlaita
45780,45808,28,45780,45812,32,True,UPDATED,1631912400,HSL:2245A_20210917_La_1_1225,245A,HSL:2642262,Siltaniitynlaita
47640,47640,0,47640,47640,0,False,SCHEDULED,1631912400,HSL:2245A_20210917_La_1_1256,245A,HSL:2642262,Siltaniitynlaita
49380,49380,0,49380,49380,0,False,SCHEDULED,1631912400,HSL:2245A_20210917_La_1_1325,245A,HSL:2642262,Siltaniitynlaita
51240,51240,0,51240,51240,0,False,SCHEDULED,1631912400,HSL:2245A_20210917_La_1_1356,245A,HSL:2642262,Siltaniitynlaita
52980,52980,0,52980,52980,0,False,SCHEDULED,1631912400,HSL:2245A_20210917_La_1_1425,245A,HSL:2642262,Siltaniitynlaita
45660,45751,91,45660,45751,91,True,UPDATED,1631912400,HSL:3001I_20210917_La_1_1206,I,HSL:4230501,Kivistö
46260,46266,6,46260,46266,6,True,UPDATED,1631912400,HSL:3001I_20210917_La_1_1216,I,HSL:4230501,Kivistö
46860,46903,43,46860,46903,43,True,UPDATED,1631912400,HSL:3001I_20210917_La_1_1226,I,HSL:4230501,Kivistö
47460,47460,0,47460,47460,0,False,SCHEDULED,1631912400,HSL:3001I_20210917_La_1_1236,I,HSL:4230501,Kivistö
48060,48060,0,48060,48060,0,False,SCHEDULED,1631912400,HSL:3001I_20210917_La_1_1246,I,HSL:4230501,Kivistö
45060,45364,304,45060,45382,322,True,UPDATED,1631912400,HSL:4411_20210917_La_1_1222,411,HSL:1180203,Kuusitie
45300,45381,81,45300,45394,94,True,UPDATED,1631912400,HSL:1040_20210917_La_1_1225,40,HSL:1180203,Kuusitie
45420,45468,48,45420,45472,52,True,UPDATED,1631912400,HSL:1063_20210917_La_1_1226,63,HSL:1180203,Kuusitie
45480,45480,0,45480,45480,0,False,SCHEDULED,1631912400,HSL:7456A_20210917_La_1_1230,456A,HSL:1180203,Kuusitie
45480,45658,178,45480,45658,178,True,UPDATED,1631912400,HSL:1506_20210917_La_1_1150,506,HSL:1180203,Kuusitie
48000,48000,0,48000,48000,0,False,SCHEDULED,1631912400,HSL:7848_20210917_La_1_1218,848,HSL:9300260,Porvoo linja-autoas.
51900,51900,0,51900,51900,0,False,SCHEDULED,1631912400,HSL:7848_20210917_La_1_1318,848,HSL:9300260,Porvoo linja-autoas.
55500,55500,0,55500,55500,0,False,SCHEDULED,1631912400,HSL:7848_20210917_La_1_1418,848,HSL:9300260,Porvoo linja-autoas.
58980,58980,0,58980,58980,0,False,SCHEDULED,1631912400,HSL:9788B_20210917_La_1_1550,788B,HSL:9300260,Porvoo linja-autoas.
59400,59400,0,59400,59400,0,False,SCHEDULED,1631912400,HSL:7848_20210917_La_1_1518,848,HSL:9300260,Porvoo linja-autoas.
45420,45497,77,45420,45510,90,True,UPDATED,1631912400,HSL:9975_20210917_La_2_1224,975,HSL:9040200,Keravan asema
45780,45715,-65,45780,45732,-48,True,UPDATED,1631912400,HSL:9641_20210917_La_1_1150,641,HSL:9040200,Keravan asema
45900,45900,0,45900,45900,0,False,SCHEDULED,1631912400,HSL:9973_20210917_La_1_1221,973,HSL:9040200,Keravan asema
46020,45986,-34,46020,46040,20,True,UPDATED,1631912400,HSL:9978_20210917_La_1_1233,978,HSL:9040200,Keravan asema
46560,46588,28,46560,46635,75,True,UPDATED,1631912400,HSL:9985_20210917_La_1_1228,985,HSL:9040200,Keravan asema
45540,45616,76,45540,45626,86,True,UPDATED,1631912400,HSL:2531_20210917_La_1_1221,531,HSL:2321262,Holmankorpi
45540,45831,291,45540,45840,300,True,UPDATED,1631912400,HSL:2125_20210917_La_1_1225,125,HSL:2321262,Holmankorpi
46440,46440,0,46440,46440,0,False,SCHEDULED,1631912400,HSL:2531_20210917_La_1_1236,531,HSL:2321262,Holmankorpi
46440,46440,0,46440,46440,0,False,SCHEDULED,1631912400,HSL:2125_20210917_La_1_1240,125,HSL:2321262,Holmankorpi
47340,47340,0,47340,47340,0,False,SCHEDULED,1631912400,HSL:2531_20210917_La_1_1251,531,HSL:2321262,Holmankorpi
46500,46500,0,46500,46500,0,False,SCHEDULED,1631912400,HSL:2133_20210917_La_1_1254,133,HSL:2321260,Kivitie
48300,48300,0,48300,48300,0,False,SCHEDULED,1631912400,HSL:2133_20210917_La_1_1324,133,HSL:2321260,Kivitie
50100,50100,0,50100,50100,0,False,SCHEDULED,1631912400,HSL:2133_20210917_La_1_1354,133,HSL:2321260,Kivitie
51900,51900,0,51900,51900,0,False,SCHEDULED,1631912400,HSL:2133_20210917_La_1_1424,133,HSL:2321260,Kivitie
53700,53700,0,53700,53700,0,False,SCHEDULED,1631912400,HSL:2133_20210917_La_1_1454,133,HSL:2321260,Kivitie
45360,45442,82,45360,45452,92,True,UPDATED,1631912400,HSL:2531_20210917_La_2_1215,531,HSL:2321261,Holmankorpi
45840,45914,74,45840,45922,82,True,UPDATED,1631912400,HSL:2125_20210917_La_2_1230,125,HSL:2321261,Holmankorpi
46260,46376,116,46260,46386,126,True,UPDATED,1631912400,HSL:2531_20210917_La_2_1230,531,HSL:2321261,Holmankorpi
46740,46740,0,46740,46740,0,False,SCHEDULED,1631912400,HSL:2125_20210917_La_2_1245,125,HSL:2321261,Holmankorpi
47160,47160,0,47160,47160,0,False,SCHEDULED,1631912400,HSL:2531_20210917_La_2_1245,531,HSL:2321261,Holmankorpi
45840,45971,131,45840,45974,134,True,UPDATED,1631912400,HSL:2133_20210917_La_2_1224,133,HSL:2321259,Tähtikalliontie
47640,47640,0,47640,47640,0,False,SCHEDULED,1631912400,HSL:2133_20210917_La_2_1254,133,HSL:2321259,Tähtikalliontie
49440,49440,0,49440,49440,0,False,SCHEDULED,1631912400,HSL:2133_20210917_La_2_1324,133,HSL:2321259,Tähtikalliontie
51240,51240,0,51240,51240,0,False,SCHEDULED,1631912400,HSL:2133_20210917_La_2_1354,133,HSL:2321259,Tähtikalliontie
53040,53040,0,53040,53040,0,False,SCHEDULED,1631912400,HSL:2133_20210917_La_2_1424,133,HSL:2321259,Tähtikalliontie
45120,45311,191,45120,45326,206,True,UPDATED,1631912400,HSL:2510_20210917_La_1_1213,510,HSL:1180121,Auroran sairaala
45600,45690,90,45600,45715,115,True,UPDATED,1631912400,HSL:1500_20210917_La_1_1210,500,HSL:1180121,Auroran sairaala
46020,46042,22,46020,46057,37,True,UPDATED,1631912400,HSL:2510_20210917_La_1_1228,510,HSL:1180121,Auroran sairaala
45840,46210,370,45840,46215,375,True,UPDATED,1631912400,HSL:1069_20210917_La_2_1142,69,HSL:1180121,Auroran sairaala
46380,46342,-38,46380,46347,-33,True,UPDATED,1631912400,HSL:1506_20210917_La_1_1210,506,HSL:1180121,Auroran sairaala
46440,46440,0,46440,46440,0,False,SCHEDULED,1631912400,HSL:2133_20210917_La_1_1254,133,HSL:2321257,Friisilänraitti
48240,48240,0,48240,48240,0,False,SCHEDULED,1631912400,HSL:2133_20210917_La_1_1324,133,HSL:2321257,Friisilänraitti
50040,50040,0,50040,50040,0,False,SCHEDULED,1631912400,HSL:2133_20210917_La_1_1354,133,HSL:2321257,Friisilänraitti
51840,51840,0,51840,51840,0,False,SCHEDULED,1631912400,HSL:2133_20210917_La_1_1424,133,HSL:2321257,Friisilänraitti
53640,53640,0,53640,53640,0,False,SCHEDULED,1631912400,HSL:2133_20210917_La_1_1454,133,HSL:2321257,Friisilänraitti
45840,45941,101,45840,45944,104,True,UPDATED,1631912400,HSL:2133_20210917_La_2_1224,133,HSL:2321258,Friisinniityntie
47640,47640,0,47640,47640,0,False,SCHEDULED,1631912400,HSL:2133_20210917_La_2_1254,133,HSL:2321258,Friisinniityntie
49440,49440,0,49440,49440,0,False,SCHEDULED,1631912400,HSL:2133_20210917_La_2_1324,133,HSL:2321258,Friisinniityntie
51240,51240,0,51240,51240,0,False,SCHEDULED,1631912400,HSL:2133_20210917_La_2_1354,133,HSL:2321258,Friisinniityntie
53040,53040,0,53040,53040,0,False,SCHEDULED,1631912400,HSL:2133_20210917_La_2_1424,133,HSL:2321258,Friisinniityntie
45360,45289,-71,45360,45319,-41,True,UPDATED,1631912400,HSL:2157_20210917_La_1_1231,157,HSL:2321256,Piispantilankuja
45780,45780,0,45780,45780,0,False,SCHEDULED,1631912400,HSL:2158_20210917_La_1_1238,158,HSL:2321256,Piispantilankuja
45780,45850,70,45780,45867,87,True,UPDATED,1631912400,HSL:2133_20210917_La_2_1224,133,HSL:2321256,Piispantilankuja
46260,46260,0,46260,46260,0,False,SCHEDULED,1631912400,HSL:2157_20210917_La_1_1246,157,HSL:2321256,Piispantilankuja
46680,46680,0,46680,46680,0,False,SCHEDULED,1631912400,HSL:2158_20210917_La_1_1253,158,HSL:2321256,Piispantilankuja
47520,47520,0,47520,47520,0,False,SCHEDULED,1631912400,HSL:9841_20210917_La_2_1305,841,HSL:9220209,Norrkulla
51120,51120,0,51120,51120,0,False,SCHEDULED,1631912400,HSL:9841_20210917_La_2_1405,841,HSL:9220209,Norrkulla
54720,54720,0,54720,54720,0,False,SCHEDULED,1631912400,HSL:9841_20210917_La_2_1505,841,HSL:9220209,Norrkulla
58320,58320,0,58320,58320,0,False,SCHEDULED,1631912400,HSL:9841_20210917_La_2_1605,841,HSL:9220209,Norrkulla
61920,61920,0,61920,61920,0,False,SCHEDULED,1631912400,HSL:9841_20210917_La_2_1705,841,HSL:9220209,Norrkulla
46380,46414,34,46380,46415,35,True,UPDATED,1631912400,HSL:2236_20210917_La_1_1226,236,HSL:2714218,Minttupelto
46440,46461,21,46440,46462,22,True,UPDATED,1631912400,HSL:2582_20210917_La_1_1230,582,HSL:2714218,Minttupelto
48240,48240,0,48240,48240,0,False,SCHEDULED,1631912400,HSL:2582_20210917_La_1_1300,582,HSL:2714218,Minttupelto
50040,50040,0,50040,50040,0,False,SCHEDULED,1631912400,HSL:2236_20210917_La_1_1326,236,HSL:2714218,Minttupelto
50040,50040,0,50040,50040,0,False,SCHEDULED,1631912400,HSL:2582_20210917_La_1_1330,582,HSL:2714218,Minttupelto
45300,45393,93,45300,45393,93,True,UPDATED,1631912400,HSL:9841_20210917_La_1_1200,841,HSL:9220205,Manniksentie
49800,49800,0,49800,49800,0,False,SCHEDULED,1631912400,HSL:9841_20210917_La_1_1315,841,HSL:9220205,Manniksentie
52500,52500,0,52500,52500,0,False,SCHEDULED,1631912400,HSL:9841_20210917_La_1_1400,841,HSL:9220205,Manniksentie
56220,56220,0,56220,56220,0,False,SCHEDULED,1631912400,HSL:9841_20210917_La_1_1500,841,HSL:9220205,Manniksentie
60720,60720,0,60720,60720,0,False,SCHEDULED,1631912400,HSL:9841_20210917_La_1_1615,841,HSL:9220205,Manniksentie
45360,45446,86,45360,45446,86,True,UPDATED,1631912400,HSL:9841_20210917_La_1_1200,841,HSL:9220206,Brudbrinken
49860,49860,0,49860,49860,0,False,SCHEDULED,1631912400,HSL:9841_20210917_La_1_1315,841,HSL:9220206,Brudbrinken
52560,52560,0,52560,52560,0,False,SCHEDULED,1631912400,HSL:9841_20210917_La_1_1400,841,HSL:9220206,Brudbrinken
56280,56280,0,56280,56280,0,False,SCHEDULED,1631912400,HSL:9841_20210917_La_1_1500,841,HSL:9220206,Brudbrinken
60780,60780,0,60780,60780,0,False,SCHEDULED,1631912400,HSL:9841_20210917_La_1_1615,841,HSL:9220206,Brudbrinken
47520,47520,0,47520,47520,0,False,SCHEDULED,1631912400,HSL:2239_20210917_La_1_1246,239,HSL:2714217,Minttupelto
51180,51180,0,51180,51180,0,False,SCHEDULED,1631912400,HSL:2239_20210917_La_1_1346,239,HSL:2714217,Minttupelto
54780,54780,0,54780,54780,0,False,SCHEDULED,1631912400,HSL:2239_20210917_La_1_1446,239,HSL:2714217,Minttupelto
58440,58440,0,58440,58440,0,False,SCHEDULED,1631912400,HSL:2239_20210917_La_1_1546,239,HSL:2714217,Minttupelto
62040,62040,0,62040,62040,0,False,SCHEDULED,1631912400,HSL:2239_20210917_La_1_1646,239,HSL:2714217,Minttupelto
47580,47580,0,47580,47580,0,False,SCHEDULED,1631912400,HSL:2239_20210917_La_1_1246,239,HSL:2714219,Anfallinkuja
51240,51240,0,51240,51240,0,False,SCHEDULED,1631912400,HSL:2239_20210917_La_1_1346,239,HSL:2714219,Anfallinkuja
54840,54840,0,54840,54840,0,False,SCHEDULED,1631912400,HSL:2239_20210917_La_1_1446,239,HSL:2714219,Anfallinkuja
58500,58500,0,58500,58500,0,False,SCHEDULED,1631912400,HSL:2239_20210917_La_1_1546,239,HSL:2714219,Anfallinkuja
62100,62100,0,62100,62100,0,False,SCHEDULED,1631912400,HSL:2239_20210917_La_1_1646,239,HSL:2714219,Anfallinkuja
47280,47280,0,47280,47280,0,False,SCHEDULED,1631912400,HSL:9841_20210917_La_2_1305,841,HSL:9220212,Brobölen mäki
50880,50880,0,50880,50880,0,False,SCHEDULED,1631912400,HSL:9841_20210917_La_2_1405,841,HSL:9220212,Brobölen mäki
54480,54480,0,54480,54480,0,False,SCHEDULED,1631912400,HSL:9841_20210917_La_2_1505,841,HSL:9220212,Brobölen mäki
58080,58080,0,58080,58080,0,False,SCHEDULED,1631912400,HSL:9841_20210917_La_2_1605,841,HSL:9220212,Brobölen mäki
61680,61680,0,61680,61680,0,False,SCHEDULED,1631912400,HSL:9841_20210917_La_2_1705,841,HSL:9220212,Brobölen mäki
58740,58740,0,58740,58740,0,False,SCHEDULED,1631912400,HSL:9788B_20210917_La_1_1550,788B,HSL:9300230,Kuninkaanportti
47580,47580,0,47580,47580,0,False,SCHEDULED,1631912400,HSL:9841_20210917_La_2_1305,841,HSL:9220213,Eskos
51180,51180,0,51180,51180,0,False,SCHEDULED,1631912400,HSL:9841_20210917_La_2_1405,841,HSL:9220213,Eskos
54780,54780,0,54780,54780,0,False,SCHEDULED,1631912400,HSL:9841_20210917_La_2_1505,841,HSL:9220213,Eskos
58380,58380,0,58380,58380,0,False,SCHEDULED,1631912400,HSL:9841_20210917_La_2_1605,841,HSL:9220213,Eskos
61980,61980,0,61980,61980,0,False,SCHEDULED,1631912400,HSL:9841_20210917_La_2_1705,841,HSL:9220213,Eskos
45420,45460,40,45420,45460,40,True,UPDATED,1631912400,HSL:9841_20210917_La_1_1200,841,HSL:9220214,Brobölen mäki
49920,49920,0,49920,49920,0,False,SCHEDULED,1631912400,HSL:9841_20210917_La_1_1315,841,HSL:9220214,Brobölen mäki
52620,52620,0,52620,52620,0,False,SCHEDULED,1631912400,HSL:9841_20210917_La_1_1400,841,HSL:9220214,Brobölen mäki
56340,56340,0,56340,56340,0,False,SCHEDULED,1631912400,HSL:9841_20210917_La_1_1500,841,HSL:9220214,Brobölen mäki
60840,60840,0,60840,60840,0,False,SCHEDULED,1631912400,HSL:9841_20210917_La_1_1615,841,HSL:9220214,Brobölen mäki
58800,58800,0,58800,58800,0,False,SCHEDULED,1631912400,HSL:9788B_20210917_La_1_1550,788B,HSL:9300232,Hornhattulantie
47340,47340,0,47340,47340,0,False,SCHEDULED,1631912400,HSL:9841_20210917_La_2_1305,841,HSL:9220215,Smedjeberget
50940,50940,0,50940,50940,0,False,SCHEDULED,1631912400,HSL:9841_20210917_La_2_1405,841,HSL:9220215,Smedjeberget
54540,54540,0,54540,54540,0,False,SCHEDULED,1631912400,HSL:9841_20210917_La_2_1505,841,HSL:9220215,Smedjeberget
58140,58140,0,58140,58140,0,False,SCHEDULED,1631912400,HSL:9841_20210917_La_2_1605,841,HSL:9220215,Smedjeberget
61740,61740,0,61740,61740,0,False,SCHEDULED,1631912400,HSL:9841_20210917_La_2_1705,841,HSL:9220215,Smedjeberget
59580,59580,0,59580,59580,0,False,SCHEDULED,1631912400,HSL:9788K_20210917_La_2_1630,788K,HSL:9300231,Hornhattulantie
45900,45900,0,45900,45900,0,True,UPDATED,1631912400,HSL:2239_20210917_La_2_1237,239,HSL:2714210,Kuokankaari
49500,49500,0,49500,49500,0,False,SCHEDULED,1631912400,HSL:2239_20210917_La_2_1337,239,HSL:2714210,Kuokankaari
53100,53100,0,53100,53100,0,False,SCHEDULED,1631912400,HSL:2239_20210917_La_2_1437,239,HSL:2714210,Kuokankaari
56700,56700,0,56700,56700,0,False,SCHEDULED,1631912400,HSL:2239_20210917_La_2_1537,239,HSL:2714210,Kuokankaari
60300,60300,0,60300,60300,0,False,SCHEDULED,1631912400,HSL:2239_20210917_La_2_1637,239,HSL:2714210,Kuokankaari
49620,49620,0,49620,49620,0,False,SCHEDULED,1631912400,HSL:9841_20210917_La_1_1315,841,HSL:9220210,Eskos
52320,52320,0,52320,52320,0,False,SCHEDULED,1631912400,HSL:9841_20210917_La_1_1400,841,HSL:9220210,Eskos
56100,56100,0,56100,56100,0,False,SCHEDULED,1631912400,HSL:9841_20210917_La_1_1500,841,HSL:9220210,Eskos
60600,60600,0,60600,60600,0,False,SCHEDULED,1631912400,HSL:9841_20210917_La_1_1615,841,HSL:9220210,Eskos
63240,63240,0,63240,63240,0,False,SCHEDULED,1631912400,HSL:9841_20210917_La_1_1700,841,HSL:9220210,Eskos
48000,48000,0,48000,48000,0,False,SCHEDULED,1631912400,HSL:2239_20210917_La_1_1246,239,HSL:2714211,Kuokankaari
51660,51660,0,51660,51660,0,False,SCHEDULED,1631912400,HSL:2239_20210917_La_1_1346,239,HSL:2714211,Kuokankaari
55260,55260,0,55260,55260,0,False,SCHEDULED,1631912400,HSL:2239_20210917_La_1_1446,239,HSL:2714211,Kuokankaari
58920,58920,0,58920,58920,0,False,SCHEDULED,1631912400,HSL:2239_20210917_La_1_1546,239,HSL:2714211,Kuokankaari
62520,62520,0,62520,62520,0,False,SCHEDULED,1631912400,HSL:2239_20210917_La_1_1646,239,HSL:2714211,Kuokankaari
45240,45340,100,45240,45340,100,True,UPDATED,1631912400,HSL:9841_20210917_La_1_1200,841,HSL:9220211,Norrkulla
49740,49740,0,49740,49740,0,False,SCHEDULED,1631912400,HSL:9841_20210917_La_1_1315,841,HSL:9220211,Norrkulla
52440,52440,0,52440,52440,0,False,SCHEDULED,1631912400,HSL:9841_20210917_La_1_1400,841,HSL:9220211,Norrkulla
56160,56160,0,56160,56160,0,False,SCHEDULED,1631912400,HSL:9841_20210917_La_1_1500,841,HSL:9220211,Norrkulla
60660,60660,0,60660,60660,0,False,SCHEDULED,1631912400,HSL:9841_20210917_La_1_1615,841,HSL:9220211,Norrkulla
47940,47940,0,47940,47940,0,False,SCHEDULED,1631912400,HSL:7848_20210917_La_1_1218,848,HSL:9300238,Näsinmäentie
51540,51540,0,51540,51540,0,False,SCHEDULED,1631912400,HSL:7848_20210917_La_1_1318,848,HSL:9300238,Näsinmäentie
55140,55140,0,55140,55140,0,False,SCHEDULED,1631912400,HSL:7848_20210917_La_1_1418,848,HSL:9300238,Näsinmäentie
58920,58920,0,58920,58920,0,False,SCHEDULED,1631912400,HSL:9788B_20210917_La_1_1550,788B,HSL:9300238,Näsinmäentie
58980,58980,0,58980,58980,0,False,SCHEDULED,1631912400,HSL:7848_20210917_La_1_1518,848,HSL:9300238,Näsinmäentie
47160,47160,0,47160,47160,0,False,SCHEDULED,1631912400,HSL:7848_20210917_La_2_1305,848,HSL:9300237,Näsinmäentie
50760,50760,0,50760,50760,0,False,SCHEDULED,1631912400,HSL:7848_20210917_La_2_1405,848,HSL:9300237,Näsinmäentie
54360,54360,0,54360,54360,0,False,SCHEDULED,1631912400,HSL:7848_20210917_La_2_1505,848,HSL:9300237,Näsinmäentie
57960,57960,0,57960,57960,0,False,SCHEDULED,1631912400,HSL:7848_20210917_La_2_1605,848,HSL:9300237,Näsinmäentie
59460,59460,0,59460,59460,0,False,SCHEDULED,1631912400,HSL:9788K_20210917_La_2_1630,788K,HSL:9300237,Näsinmäentie
45960,45922,-38,45960,45922,-38,True,UPDATED,1631912400,HSL:9788K_20210917_La_2_1225,788K,HSL:9300239,Olofs
60660,60660,0,60660,60660,0,False,SCHEDULED,1631912400,HSL:9788K_20210917_La_2_1630,788K,HSL:9300239,Olofs
47700,47700,0,47700,47700,0,False,SCHEDULED,1631912400,HSL:7848_20210917_La_1_1218,848,HSL:9300234,Näsi
51300,51300,0,51300,51300,0,False,SCHEDULED,1631912400,HSL:7848_20210917_La_1_1318,848,HSL:9300234,Näsi
54900,54900,0,54900,54900,0,False,SCHEDULED,1631912400,HSL:7848_20210917_La_1_1418,848,HSL:9300234,Näsi
58740,58740,0,58740,58740,0,False,SCHEDULED,1631912400,HSL:7848_20210917_La_1_1518,848,HSL:9300234,Näsi
58860,58860,0,58860,58860,0,False,SCHEDULED,1631912400,HSL:9788B_20210917_La_1_1550,788B,HSL:9300234,Näsi
47280,47280,0,47280,47280,0,False,SCHEDULED,1631912400,HSL:7848_20210917_La_2_1305,848,HSL:9300233,Näsi
50880,50880,0,50880,50880,0,False,SCHEDULED,1631912400,HSL:7848_20210917_La_2_1405,848,HSL:9300233,Näsi
54480,54480,0,54480,54480,0,False,SCHEDULED,1631912400,HSL:7848_20210917_La_2_1505,848,HSL:9300233,Näsi
58080,58080,0,58080,58080,0,False,SCHEDULED,1631912400,HSL:7848_20210917_La_2_1605,848,HSL:9300233,Näsi
59520,59520,0,59520,59520,0,False,SCHEDULED,1631912400,HSL:9788K_20210917_La_2_1630,788K,HSL:9300233,Näsi
47820,47820,0,47820,47820,0,False,SCHEDULED,1631912400,HSL:7848_20210917_La_1_1218,848,HSL:9300236,Hautausmaa
51420,51420,0,51420,51420,0,False,SCHEDULED,1631912400,HSL:7848_20210917_La_1_1318,848,HSL:9300236,Hautausmaa
55020,55020,0,55020,55020,0,False,SCHEDULED,1631912400,HSL:7848_20210917_La_1_1418,848,HSL:9300236,Hautausmaa
58860,58860,0,58860,58860,0,False,SCHEDULED,1631912400,HSL:7848_20210917_La_1_1518,848,HSL:9300236,Hautausmaa
58860,58860,0,58860,58860,0,False,SCHEDULED,1631912400,HSL:9788B_20210917_La_1_1550,788B,HSL:9300236,Hautausmaa
47220,47220,0,47220,47220,0,False,SCHEDULED,1631912400,HSL:7848_20210917_La_2_1305,848,HSL:9300235,Hautausmaa
50820,50820,0,50820,50820,0,False,SCHEDULED,1631912400,HSL:7848_20210917_La_2_1405,848,HSL:9300235,Hautausmaa
54420,54420,0,54420,54420,0,False,SCHEDULED,1631912400,HSL:7848_20210917_La_2_1505,848,HSL:9300235,Hautausmaa
58020,58020,0,58020,58020,0,False,SCHEDULED,1631912400,HSL:7848_20210917_La_2_1605,848,HSL:9300235,Hautausmaa
59460,59460,0,59460,59460,0,False,SCHEDULED,1631912400,HSL:9788K_20210917_La_2_1630,788K,HSL:9300235,Hautausmaa
59940,59940,0,59940,59940,0,False,SCHEDULED,1631912400,HSL:9788K_20210917_La_2_1630,788K,HSL:9300219,Papinniitty
46740,46762,22,46740,46763,23,True,UPDATED,1631912400,HSL:2236_20210917_La_1_1226,236,HSL:2714207,Niipperinvarsi
46800,46792,-8,46800,46793,-7,True,UPDATED,1631912400,HSL:2582_20210917_La_1_1230,582,HSL:2714207,Niipperinvarsi
48000,48057,57,48000,48059,59,True,UPDATED,1631912400,HSL:2436_20210917_La_1_1232,436,HSL:2714207,Niipperinvarsi
48240,48240,0,48240,48240,0,False,SCHEDULED,1631912400,HSL:2239_20210917_La_1_1246,239,HSL:2714207,Niipperinvarsi
48600,48600,0,48600,48600,0,False,SCHEDULED,1631912400,HSL:2582_20210917_La_1_1300,582,HSL:2714207,Niipperinvarsi
45660,45660,0,45660,45660,0,True,UPDATED,1631912400,HSL:2239_20210917_La_2_1237,239,HSL:2714206,Niipperinvarsi
45960,45960,0,45960,45960,0,False,SCHEDULED,1631912400,HSL:2582_20210917_La_2_1242,582,HSL:2714206,Niipperinvarsi
47160,47160,0,47160,47160,0,False,SCHEDULED,1631912400,HSL:2236_20210917_La_2_1254,236,HSL:2714206,Niipperinvarsi
47760,47760,0,47760,47760,0,False,SCHEDULED,1631912400,HSL:2582_20210917_La_2_1312,582,HSL:2714206,Niipperinvarsi
48780,48780,0,48780,48780,0,False,SCHEDULED,1631912400,HSL:2436_20210917_La_2_1329,436,HSL:2714206,Niipperinvarsi
49620,49620,0,49620,49620,0,False,SCHEDULED,1631912400,HSL:9841_20210917_La_1_1315,841,HSL:9220217,Lill-Bengts
52320,52320,0,52320,52320,0,False,SCHEDULED,1631912400,HSL:9841_20210917_La_1_1400,841,HSL:9220217,Lill-Bengts
56040,56040,0,56040,56040,0,False,SCHEDULED,1631912400,HSL:9841_20210917_La_1_1500,841,HSL:9220217,Lill-Bengts
60540,60540,0,60540,60540,0,False,SCHEDULED,1631912400,HSL:9841_20210917_La_1_1615,841,HSL:9220217,Lill-Bengts
63180,63180,0,63180,63180,0,False,SCHEDULED,1631912400,HSL:9841_20210917_La_1_1700,841,HSL:9220217,Lill-Bengts
46200,46200,0,46200,46200,0,True,UPDATED,1631912400,HSL:2239_20210917_La_2_1237,239,HSL:2714209,Apilarinne
49800,49800,0,49800,49800,0,False,SCHEDULED,1631912400,HSL:2239_20210917_La_2_1337,239,HSL:2714209,Apilarinne
53400,53400,0,53400,53400,0,False,SCHEDULED,1631912400,HSL:2239_20210917_La_2_1437,239,HSL:2714209,Apilarinne
57000,57000,0,57000,57000,0,False,SCHEDULED,1631912400,HSL:2239_20210917_La_2_1537,239,HSL:2714209,Apilarinne
60600,60600,0,60600,60600,0,False,SCHEDULED,1631912400,HSL:2239_20210917_La_2_1637,239,HSL:2714209,Apilarinne
47640,47640,0,47640,47640,0,False,SCHEDULED,1631912400,HSL:9841_20210917_La_2_1305,841,HSL:9220218,Lill-Bengts
51240,51240,0,51240,51240,0,False,SCHEDULED,1631912400,HSL:9841_20210917_La_2_1405,841,HSL:9220218,Lill-Bengts
54840,54840,0,54840,54840,0,False,SCHEDULED,1631912400,HSL:9841_20210917_La_2_1505,841,HSL:9220218,Lill-Bengts
58440,58440,0,58440,58440,0,False,SCHEDULED,1631912400,HSL:9841_20210917_La_2_1605,841,HSL:9220218,Lill-Bengts
62040,62040,0,62040,62040,0,False,SCHEDULED,1631912400,HSL:9841_20210917_La_2_1705,841,HSL:9220218,Lill-Bengts
47640,47640,0,47640,47640,0,False,SCHEDULED,1631912400,HSL:2239_20210917_La_1_1246,239,HSL:2714208,Apilarinne
51300,51300,0,51300,51300,0,False,SCHEDULED,1631912400,HSL:2239_20210917_La_1_1346,239,HSL:2714208,Apilarinne
54900,54900,0,54900,54900,0,False,SCHEDULED,1631912400,HSL:2239_20210917_La_1_1446,239,HSL:2714208,Apilarinne
58560,58560,0,58560,58560,0,False,SCHEDULED,1631912400,HSL:2239_20210917_La_1_1546,239,HSL:2714208,Apilarinne
62160,62160,0,62160,62160,0,False,SCHEDULED,1631912400,HSL:2239_20210917_La_1_1646,239,HSL:2714208,Apilarinne
47940,47940,0,47940,47940,0,False,SCHEDULED,1631912400,HSL:2239_20210917_La_1_1246,239,HSL:2714203,Punametsän talli
51600,51600,0,51600,51600,0,False,SCHEDULED,1631912400,HSL:2239_20210917_La_1_1346,239,HSL:2714203,Punametsän talli
55200,55200,0,55200,55200,0,False,SCHEDULED,1631912400,HSL:2239_20210917_La_1_1446,239,HSL:2714203,Punametsän talli
58860,58860,0,58860,58860,0,False,SCHEDULED,1631912400,HSL:2239_20210917_La_1_1546,239,HSL:2714203,Punametsän talli
62460,62460,0,62460,62460,0,False,SCHEDULED,1631912400,HSL:2239_20210917_La_1_1646,239,HSL:2714203,Punametsän talli
45780,45813,33,45780,45814,34,True,UPDATED,1631912400,HSL:4443_20210917_La_1_1231,443,HSL:4300203,Vestranrinne
49380,49380,0,49380,49380,0,False,SCHEDULED,1631912400,HSL:4443_20210917_La_1_1331,443,HSL:4300203,Vestranrinne
52980,52980,0,52980,52980,0,False,SCHEDULED,1631912400,HSL:4443_20210917_La_1_1431,443,HSL:4300203,Vestranrinne
56580,56580,0,56580,56580,0,False,SCHEDULED,1631912400,HSL:4443_20210917_La_1_1531,443,HSL:4300203,Vestranrinne
60180,60180,0,60180,60180,0,False,SCHEDULED,1631912400,HSL:4443_20210917_La_1_1631,443,HSL:4300203,Vestranrinne
45960,45960,0,45960,45960,0,True,UPDATED,1631912400,HSL:2239_20210917_La_2_1237,239,HSL:2714202,Punametsän talli
49560,49560,0,49560,49560,0,False,SCHEDULED,1631912400,HSL:2239_20210917_La_2_1337,239,HSL:2714202,Punametsän talli
53160,53160,0,53160,53160,0,False,SCHEDULED,1631912400,HSL:2239_20210917_La_2_1437,239,HSL:2714202,Punametsän talli
56760,56760,0,56760,56760,0,False,SCHEDULED,1631912400,HSL:2239_20210917_La_2_1537,239,HSL:2714202,Punametsän talli
60360,60360,0,60360,60360,0,False,SCHEDULED,1631912400,HSL:2239_20210917_La_2_1637,239,HSL:2714202,Punametsän talli
46260,46260,0,46260,46260,0,False,SCHEDULED,1631912400,HSL:4443_20210917_La_2_1251,443,HSL:4300204,Vestranrinne
49860,49860,0,49860,49860,0,False,SCHEDULED,1631912400,HSL:4443_20210917_La_2_1351,443,HSL:4300204,Vestranrinne
53460,53460,0,53460,53460,0,False,SCHEDULED,1631912400,HSL:4443_20210917_La_2_1451,443,HSL:4300204,Vestranrinne
57060,57060,0,57060,57060,0,False,SCHEDULED,1631912400,HSL:4443_20210917_La_2_1551,443,HSL:4300204,Vestranrinne
60660,60660,0,60660,60660,0,False,SCHEDULED,1631912400,HSL:4443_20210917_La_2_1651,443,HSL:4300204,Vestranrinne
47940,47940,0,47940,47940,0,False,SCHEDULED,1631912400,HSL:2239_20210917_La_1_1246,239,HSL:2714205,Punametsäntie
51600,51600,0,51600,51600,0,False,SCHEDULED,1631912400,HSL:2239_20210917_La_1_1346,239,HSL:2714205,Punametsäntie
55200,55200,0,55200,55200,0,False,SCHEDULED,1631912400,HSL:2239_20210917_La_1_1446,239,HSL:2714205,Punametsäntie
58860,58860,0,58860,58860,0,False,SCHEDULED,1631912400,HSL:2239_20210917_La_1_1546,239,HSL:2714205,Punametsäntie
62460,62460,0,62460,62460,0,False,SCHEDULED,1631912400,HSL:2239_20210917_La_1_1646,239,HSL:2714205,Punametsäntie
45780,45763,-17,45780,45767,-13,True,UPDATED,1631912400,HSL:4443_20210917_La_1_1231,443,HSL:4300201,Vestranmäki
49380,49380,0,49380,49380,0,False,SCHEDULED,1631912400,HSL:4443_20210917_La_1_1331,443,HSL:4300201,Vestranmäki
52980,52980,0,52980,52980,0,False,SCHEDULED,1631912400,HSL:4443_20210917_La_1_1431,443,HSL:4300201,Vestranmäki
56580,56580,0,56580,56580,0,False,SCHEDULED,1631912400,HSL:4443_20210917_La_1_1531,443,HSL:4300201,Vestranmäki
60180,60180,0,60180,60180,0,False,SCHEDULED,1631912400,HSL:4443_20210917_La_1_1631,443,HSL:4300201,Vestranmäki
59820,59820,0,59820,59820,0,False,SCHEDULED,1631912400,HSL:9788K_20210917_La_2_1630,788K,HSL:9300221,Bäckkärr
45960,45960,0,45960,45960,0,True,UPDATED,1631912400,HSL:2239_20210917_La_2_1237,239,HSL:2714204,Punametsäntie
49560,49560,0,49560,49560,0,False,SCHEDULED,1631912400,HSL:2239_20210917_La_2_1337,239,HSL:2714204,Punametsäntie
53160,53160,0,53160,53160,0,False,SCHEDULED,1631912400,HSL:2239_20210917_La_2_1437,239,HSL:2714204,Punametsäntie
56760,56760,0,56760,56760,0,False,SCHEDULED,1631912400,HSL:2239_20210917_La_2_1537,239,HSL:2714204,Punametsäntie
60360,60360,0,60360,60360,0,False,SCHEDULED,1631912400,HSL:2239_20210917_La_2_1637,239,HSL:2714204,Punametsäntie
46320,46320,0,46320,46320,0,False,SCHEDULED,1631912400,HSL:4443_20210917_La_2_1251,443,HSL:4300202,Vestranmäki
49920,49920,0,49920,49920,0,False,SCHEDULED,1631912400,HSL:4443_20210917_La_2_1351,443,HSL:4300202,Vestranmäki
53520,53520,0,53520,53520,0,False,SCHEDULED,1631912400,HSL:4443_20210917_La_2_1451,443,HSL:4300202,Vestranmäki
57120,57120,0,57120,57120,0,False,SCHEDULED,1631912400,HSL:4443_20210917_La_2_1551,443,HSL:4300202,Vestranmäki
60720,60720,0,60720,60720,0,False,SCHEDULED,1631912400,HSL:4443_20210917_La_2_1651,443,HSL:4300202,Vestranmäki
58500,58500,0,58500,58500,0,False,SCHEDULED,1631912400,HSL:9788B_20210917_La_1_1550,788B,HSL:9300220,Bäckkärr
47880,47880,0,47880,47880,0,False,SCHEDULED,1631912400,HSL:2246K_20210917_La_2_1314,246K,HSL:2714201,Maarinpuro
51480,51480,0,51480,51480,0,False,SCHEDULED,1631912400,HSL:2246K_20210917_La_2_1414,246K,HSL:2714201,Maarinpuro
55080,55080,0,55080,55080,0,False,SCHEDULED,1631912400,HSL:2246K_20210917_La_2_1514,246K,HSL:2714201,Maarinpuro
58680,58680,0,58680,58680,0,False,SCHEDULED,1631912400,HSL:2246K_20210917_La_2_1614,246K,HSL:2714201,Maarinpuro
62280,62280,0,62280,62280,0,False,SCHEDULED,1631912400,HSL:2246K_20210917_La_2_1714,246K,HSL:2714201,Maarinpuro
59700,59700,0,59700,59700,0,False,SCHEDULED,1631912400,HSL:9788K_20210917_La_2_1630,788K,HSL:9300227,Kuninkaantie 1
58680,58680,0,58680,58680,0,False,SCHEDULED,1631912400,HSL:9788B_20210917_La_1_1550,788B,HSL:9300226,Ratsumestarinkatu
59640,59640,0,59640,59640,0,False,SCHEDULED,1631912400,HSL:9788K_20210917_La_2_1630,788K,HSL:9300229,Harabackankatu
58680,58680,0,58680,58680,0,False,SCHEDULED,1631912400,HSL:9788B_20210917_La_1_1550,788B,HSL:9300228,Harabackankatu
59820,59820,0,59820,59820,0,False,SCHEDULED,1631912400,HSL:9788K_20210917_La_2_1630,788K,HSL:9300223,Ernestantie
45720,45735,15,45720,45736,16,True,UPDATED,1631912400,HSL:4443_20210917_La_1_1231,443,HSL:4300207,Vestra
49320,49320,0,49320,49320,0,False,SCHEDULED,1631912400,HSL:4443_20210917_La_1_1331,443,HSL:4300207,Vestra
52920,52920,0,52920,52920,0,False,SCHEDULED,1631912400,HSL:4443_20210917_La_1_1431,443,HSL:4300207,Vestra
56520,56520,0,56520,56520,0,False,SCHEDULED,1631912400,HSL:4443_20210917_La_1_1531,443,HSL:4300207,Vestra
60120,60120,0,60120,60120,0,False,SCHEDULED,1631912400,HSL:4443_20210917_La_1_1631,443,HSL:4300207,Vestra
58560,58560,0,58560,58560,0,False,SCHEDULED,1631912400,HSL:9788B_20210917_La_1_1550,788B,HSL:9300222,Ernestantie
45840,45839,-1,45840,45869,29,True,UPDATED,1631912400,HSL:4443_20210917_La_1_1231,443,HSL:4300205,Pengerpolku
46260,46260,0,46260,46260,0,False,SCHEDULED,1631912400,HSL:4443_20210917_La_2_1251,443,HSL:4300205,Pengerpolku
49440,49440,0,49440,49440,0,False,SCHEDULED,1631912400,HSL:4443_20210917_La_1_1331,443,HSL:4300205,Pengerpolku
49860,49860,0,49860,49860,0,False,SCHEDULED,1631912400,HSL:4443_20210917_La_2_1351,443,HSL:4300205,Pengerpolku
53040,53040,0,53040,53040,0,False,SCHEDULED,1631912400,HSL:4443_20210917_La_1_1431,443,HSL:4300205,Pengerpolku
59760,59760,0,59760,59760,0,False,SCHEDULED,1631912400,HSL:9788K_20210917_La_2_1630,788K,HSL:9300225,Mossakrog
58620,58620,0,58620,58620,0,False,SCHEDULED,1631912400,HSL:9788B_20210917_La_1_1550,788B,HSL:9300224,Mossakrog
46380,46380,0,46380,46380,0,False,SCHEDULED,1631912400,HSL:4443_20210917_La_2_1251,443,HSL:4300206,Vestra
49980,49980,0,49980,49980,0,False,SCHEDULED,1631912400,HSL:4443_20210917_La_2_1351,443,HSL:4300206,Vestra
53580,53580,0,53580,53580,0,False,SCHEDULED,1631912400,HSL:4443_20210917_La_2_1451,443,HSL:4300206,Vestra
57180,57180,0,57180,57180,0,False,SCHEDULED,1631912400,HSL:4443_20210917_La_2_1551,443,HSL:4300206,Vestra
60780,60780,0,60780,60780,0,False,SCHEDULED,1631912400,HSL:4443_20210917_La_2_1651,443,HSL:4300206,Vestra
57840,57840,0,57840,57840,0,False,SCHEDULED,1631912400,HSL:9788B_20210917_La_1_1550,788B,HSL:9300252,Kotiniityntie
45720,45829,109,45720,45829,109,True,UPDATED,1631912400,HSL:9985_20210917_La_1_1228,985,HSL:9219202,Mårsbackantie
49740,49740,0,49740,49740,0,False,SCHEDULED,1631912400,HSL:9985_20210917_La_1_1335,985,HSL:9219202,Mårsbackantie
53340,53340,0,53340,53340,0,False,SCHEDULED,1631912400,HSL:9985_20210917_La_1_1435,985,HSL:9219202,Mårsbackantie
56940,56940,0,56940,56940,0,False,SCHEDULED,1631912400,HSL:9985_20210917_La_1_1535,985,HSL:9219202,Mårsbackantie
60540,60540,0,60540,60540,0,False,SCHEDULED,1631912400,HSL:9985_20210917_La_1_1635,985,HSL:9219202,Mårsbackantie
45780,45701,-79,45780,45701,-79,True,UPDATED,1631912400,HSL:9788K_20210917_La_2_1225,788K,HSL:9300251,Kotiniityntie
60480,60480,0,60480,60480,0,False,SCHEDULED,1631912400,HSL:9788K_20210917_La_2_1630,788K,HSL:9300251,Kotiniityntie
57900,57900,0,57900,57900,0,False,SCHEDULED,1631912400,HSL:9788B_20210917_La_1_1550,788B,HSL:9300254,Jonnas
45720,45660,-60,45720,45660,-60,True,UPDATED,1631912400,HSL:9788K_20210917_La_2_1225,788K,HSL:9300253,Jonnas
60420,60420,0,60420,60420,0,False,SCHEDULED,1631912400,HSL:9788K_20210917_La_2_1630,788K,HSL:9300253,Jonnas
47700,47700,0,47700,47700,0,False,SCHEDULED,1631912400,HSL:2239_20210917_La_1_1246,239,HSL:2714232,Lambert
51360,51360,0,51360,51360,0,False,SCHEDULED,1631912400,HSL:2239_20210917_La_1_1346,239,HSL:2714232,Lambert
54960,54960,0,54960,54960,0,False,SCHEDULED,1631912400,HSL:2239_20210917_La_1_1446,239,HSL:2714232,Lambert
58620,58620,0,58620,58620,0,False,SCHEDULED,1631912400,HSL:2239_20210917_La_1_1546,239,HSL:2714232,Lambert
62220,62220,0,62220,62220,0,False,SCHEDULED,1631912400,HSL:2239_20210917_La_1_1646,239,HSL:2714232,Lambert
45660,45770,110,45660,45820,160,True,UPDATED,1631912400,HSL:9985_20210917_La_1_1228,985,HSL:9219206,Isoniitty
49680,49680,0,49680,49680,0,False,SCHEDULED,1631912400,HSL:9985_20210917_La_1_1335,985,HSL:9219206,Isoniitty
53280,53280,0,53280,53280,0,False,SCHEDULED,1631912400,HSL:9985_20210917_La_1_1435,985,HSL:9219206,Isoniitty
56880,56880,0,56880,56880,0,False,SCHEDULED,1631912400,HSL:9985_20210917_La_1_1535,985,HSL:9219206,Isoniitty
60480,60480,0,60480,60480,0,False,SCHEDULED,1631912400,HSL:9985_20210917_La_1_1635,985,HSL:9219206,Isoniitty
57840,57840,0,57840,57840,0,False,SCHEDULED,1631912400,HSL:9788B_20210917_La_1_1550,788B,HSL:9300250,Ali-Vekkoski th
47820,47820,0,47820,47820,0,False,SCHEDULED,1631912400,HSL:9985_20210917_La_2_1303,985,HSL:9219203,Mårsbackantie
51420,51420,0,51420,51420,0,False,SCHEDULED,1631912400,HSL:9985_20210917_La_2_1402,985,HSL:9219203,Mårsbackantie
54960,54960,0,54960,54960,0,False,SCHEDULED,1631912400,HSL:9985_20210917_La_2_1501,985,HSL:9219203,Mårsbackantie
58560,58560,0,58560,58560,0,False,SCHEDULED,1631912400,HSL:9985_20210917_La_2_1601,985,HSL:9219203,Mårsbackantie
62280,62280,0,62280,62280,0,False,SCHEDULED,1631912400,HSL:9985_20210917_La_2_1703,985,HSL:9219203,Mårsbackantie
46320,46320,0,46320,46320,0,False,SCHEDULED,1631912400,HSL:2582_20210917_La_2_1242,582,HSL:2714230,Minttupelto
46320,46320,0,46320,46320,0,True,UPDATED,1631912400,HSL:2239_20210917_La_2_1237,239,HSL:2714230,Minttupelto
47520,47520,0,47520,47520,0,False,SCHEDULED,1631912400,HSL:2236_20210917_La_2_1254,236,HSL:2714230,Minttupelto
48120,48120,0,48120,48120,0,False,SCHEDULED,1631912400,HSL:2582_20210917_La_2_1312,582,HSL:2714230,Minttupelto
49920,49920,0,49920,49920,0,False,SCHEDULED,1631912400,HSL:2582_20210917_La_2_1342,582,HSL:2714230,Minttupelto
47880,47880,0,47880,47880,0,False,SCHEDULED,1631912400,HSL:9985_20210917_La_2_1303,985,HSL:9219207,Isoniitty
51480,51480,0,51480,51480,0,False,SCHEDULED,1631912400,HSL:9985_20210917_La_2_1402,985,HSL:9219207,Isoniitty
55020,55020,0,55020,55020,0,False,SCHEDULED,1631912400,HSL:9985_20210917_La_2_1501,985,HSL:9219207,Isoniitty
58620,58620,0,58620,58620,0,False,SCHEDULED,1631912400,HSL:9985_20210917_La_2_1601,985,HSL:9219207,Isoniitty
62340,62340,0,62340,62340,0,False,SCHEDULED,1631912400,HSL:9985_20210917_La_2_1703,985,HSL:9219207,Isoniitty
57960,57960,0,57960,57960,0,False,SCHEDULED,1631912400,HSL:9788B_20210917_La_1_1550,788B,HSL:9300256,Kinnarintie
45660,45624,-36,45660,45624,-36,True,UPDATED,1631912400,HSL:9788K_20210917_La_2_1225,788K,HSL:9300255,Kinnarintie
60360,60360,0,60360,60360,0,False,SCHEDULED,1631912400,HSL:9788K_20210917_La_2_1630,788K,HSL:9300255,Kinnarintie
57960,57960,0,57960,57960,0,False,SCHEDULED,1631912400,HSL:9788B_20210917_La_1_1550,788B,HSL:9300258,Töyrytie
45600,45572,-28,45600,45574,-26,True,UPDATED,1631912400,HSL:9788K_20210917_La_2_1225,788K,HSL:9300257,Töyrytie
60300,60300,0,60300,60300,0,False,SCHEDULED,1631912400,HSL:9788K_20210917_La_2_1630,788K,HSL:9300257,Töyrytie
46380,46369,-11,46380,46370,-10,True,UPDATED,1631912400,HSL:2236_20210917_La_1_1226,236,HSL:2714229,Kiilaniitty
46440,46438,-2,46440,46439,-1,True,UPDATED,1631912400,HSL:2582_20210917_La_1_1230,582,HSL:2714229,Kiilaniitty
47520,47520,0,47520,47520,0,False,SCHEDULED,1631912400,HSL:2239_20210917_La_1_1246,239,HSL:2714229,Kiilaniitty
48240,48240,0,48240,48240,0,False,SCHEDULED,1631912400,HSL:2582_20210917_La_1_1300,582,HSL:2714229,Kiilaniitty
50040,50040,0,50040,50040,0,False,SCHEDULED,1631912400,HSL:2236_20210917_La_1_1326,236,HSL:2714229,Kiilaniitty
45900,45880,-20,45900,45881,-19,True,UPDATED,1631912400,HSL:9788K_20210917_La_2_1225,788K,HSL:9300241,Anttila
60600,60600,0,60600,60600,0,False,SCHEDULED,1631912400,HSL:9788K_20210917_La_2_1630,788K,HSL:9300241,Anttila
47700,47700,0,47700,47700,0,False,SCHEDULED,1631912400,HSL:2239_20210917_La_1_1246,239,HSL:2714225,Gobbackanportti
51360,51360,0,51360,51360,0,False,SCHEDULED,1631912400,HSL:2239_20210917_La_1_1346,239,HSL:2714225,Gobbackanportti
54960,54960,0,54960,54960,0,False,SCHEDULED,1631912400,HSL:2239_20210917_La_1_1446,239,HSL:2714225,Gobbackanportti
58620,58620,0,58620,58620,0,False,SCHEDULED,1631912400,HSL:2239_20210917_La_1_1546,239,HSL:2714225,Gobbackanportti
62220,62220,0,62220,62220,0,False,SCHEDULED,1631912400,HSL:2239_20210917_La_1_1646,239,HSL:2714225,Gobbackanportti
48000,48000,0,48000,48000,0,False,SCHEDULED,1631912400,HSL:9985_20210917_La_2_1303,985,HSL:9219212,Ahlgrenin mutka
51600,51600,0,51600,51600,0,False,SCHEDULED,1631912400,HSL:9985_20210917_La_2_1402,985,HSL:9219212,Ahlgrenin mutka
55200,55200,0,55200,55200,0,False,SCHEDULED,1631912400,HSL:9985_20210917_La_2_1501,985,HSL:9219212,Ahlgrenin mutka
58800,58800,0,58800,58800,0,False,SCHEDULED,1631912400,HSL:9985_20210917_La_2_1601,985,HSL:9219212,Ahlgrenin mutka
62520,62520,0,62520,62520,0,False,SCHEDULED,1631912400,HSL:9985_20210917_La_2_1703,985,HSL:9219212,Ahlgrenin mutka
46200,46200,0,46200,46200,0,True,UPDATED,1631912400,HSL:2239_20210917_La_2_1237,239,HSL:2714224,Lambert
49800,49800,0,49800,49800,0,False,SCHEDULED,1631912400,HSL:2239_20210917_La_2_1337,239,HSL:2714224,Lambert
53400,53400,0,53400,53400,0,False,SCHEDULED,1631912400,HSL:2239_20210917_La_2_1437,239,HSL:2714224,Lambert
57000,57000,0,57000,57000,0,False,SCHEDULED,1631912400,HSL:2239_20210917_La_2_1537,239,HSL:2714224,Lambert
60600,60600,0,60600,60600,0,False,SCHEDULED,1631912400,HSL:2239_20210917_La_2_1637,239,HSL:2714224,Lambert
57600,57600,0,57600,57600,0,False,SCHEDULED,1631912400,HSL:9788B_20210917_La_1_1550,788B,HSL:9300240,Olofs
46140,46140,0,46140,46140,0,True,UPDATED,1631912400,HSL:2239_20210917_La_2_1237,239,HSL:2714227,Gobbackanportti
49740,49740,0,49740,49740,0,False,SCHEDULED,1631912400,HSL:2239_20210917_La_2_1337,239,HSL:2714227,Gobbackanportti
53340,53340,0,53340,53340,0,False,SCHEDULED,1631912400,HSL:2239_20210917_La_2_1437,239,HSL:2714227,Gobbackanportti
56940,56940,0,56940,56940,0,False,SCHEDULED,1631912400,HSL:2239_20210917_La_2_1537,239,HSL:2714227,Gobbackanportti
60540,60540,0,60540,60540,0,False,SCHEDULED,1631912400,HSL:2239_20210917_La_2_1637,239,HSL:2714227,Gobbackanportti
47460,47460,0,47460,47460,0,False,SCHEDULED,1631912400,HSL:9841_20210917_La_2_1305,841,HSL:9220203,Manniksentie
51060,51060,0,51060,51060,0,False,SCHEDULED,1631912400,HSL:9841_20210917_La_2_1405,841,HSL:9220203,Manniksentie
54660,54660,0,54660,54660,0,False,SCHEDULED,1631912400,HSL:9841_20210917_La_2_1505,841,HSL:9220203,Manniksentie
58260,58260,0,58260,58260,0,False,SCHEDULED,1631912400,HSL:9841_20210917_La_2_1605,841,HSL:9220203,Manniksentie
61860,61860,0,61860,61860,0,False,SCHEDULED,1631912400,HSL:9841_20210917_La_2_1705,841,HSL:9220203,Manniksentie
45540,45705,165,45540,45708,168,True,UPDATED,1631912400,HSL:9985_20210917_La_1_1228,985,HSL:9219210,Antmäki
49560,49560,0,49560,49560,0,False,SCHEDULED,1631912400,HSL:9985_20210917_La_1_1335,985,HSL:9219210,Antmäki
53160,53160,0,53160,53160,0,False,SCHEDULED,1631912400,HSL:9985_20210917_La_1_1435,985,HSL:9219210,Antmäki
56760,56760,0,56760,56760,0,False,SCHEDULED,1631912400,HSL:9985_20210917_La_1_1535,985,HSL:9219210,Antmäki
60360,60360,0,60360,60360,0,False,SCHEDULED,1631912400,HSL:9985_20210917_La_1_1635,985,HSL:9219210,Antmäki
45900,45850,-50,45900,45852,-48,True,UPDATED,1631912400,HSL:9788K_20210917_La_2_1225,788K,HSL:9300243,Kurkisuontie
60600,60600,0,60600,60600,0,False,SCHEDULED,1631912400,HSL:9788K_20210917_La_2_1630,788K,HSL:9300243,Kurkisuontie
47940,47940,0,47940,47940,0,False,SCHEDULED,1631912400,HSL:9985_20210917_La_2_1303,985,HSL:9219211,Antmäki
51540,51540,0,51540,51540,0,False,SCHEDULED,1631912400,HSL:9985_20210917_La_2_1402,985,HSL:9219211,Antmäki
55140,55140,0,55140,55140,0,False,SCHEDULED,1631912400,HSL:9985_20210917_La_2_1501,985,HSL:9219211,Antmäki
58740,58740,0,58740,58740,0,False,SCHEDULED,1631912400,HSL:9985_20210917_La_2_1601,985,HSL:9219211,Antmäki
62460,62460,0,62460,62460,0,False,SCHEDULED,1631912400,HSL:9985_20210917_La_2_1703,985,HSL:9219211,Antmäki
57660,57660,0,57660,57660,0,False,SCHEDULED,1631912400,HSL:9788B_20210917_La_1_1550,788B,HSL:9300242,Anttila
46140,46140,0,46140,46140,0,True,UPDATED,1631912400,HSL:2239_20210917_La_2_1237,239,HSL:2714226,Gobbackanportti
49740,49740,0,49740,49740,0,False,SCHEDULED,1631912400,HSL:2239_20210917_La_2_1337,239,HSL:2714226,Gobbackanportti
53340,53340,0,53340,53340,0,False,SCHEDULED,1631912400,HSL:2239_20210917_La_2_1437,239,HSL:2714226,Gobbackanportti
56940,56940,0,56940,56940,0,False,SCHEDULED,1631912400,HSL:2239_20210917_La_2_1537,239,HSL:2714226,Gobbackanportti
60540,60540,0,60540,60540,0,False,SCHEDULED,1631912400,HSL:2239_20210917_La_2_1637,239,HSL:2714226,Gobbackanportti
47400,47400,0,47400,47400,0,False,SCHEDULED,1631912400,HSL:9841_20210917_La_2_1305,841,HSL:9220204,Brudbrinken
51000,51000,0,51000,51000,0,False,SCHEDULED,1631912400,HSL:9841_20210917_La_2_1405,841,HSL:9220204,Brudbrinken
54600,54600,0,54600,54600,0,False,SCHEDULED,1631912400,HSL:9841_20210917_La_2_1505,841,HSL:9220204,Brudbrinken
58200,58200,0,58200,58200,0,False,SCHEDULED,1631912400,HSL:9841_20210917_La_2_1605,841,HSL:9220204,Brudbrinken
61800,61800,0,61800,61800,0,False,SCHEDULED,1631912400,HSL:9841_20210917_La_2_1705,841,HSL:9220204,Brudbrinken
47580,47580,0,47580,47580,0,False,SCHEDULED,1631912400,HSL:2239_20210917_La_1_1246,239,HSL:2714221,Viiskorpi
51240,51240,0,51240,51240,0,False,SCHEDULED,1631912400,HSL:2239_20210917_La_1_1346,239,HSL:2714221,Viiskorpi
54840,54840,0,54840,54840,0,False,SCHEDULED,1631912400,HSL:2239_20210917_La_1_1446,239,HSL:2714221,Viiskorpi
58500,58500,0,58500,58500,0,False,SCHEDULED,1631912400,HSL:2239_20210917_La_1_1546,239,HSL:2714221,Viiskorpi
62100,62100,0,62100,62100,0,False,SCHEDULED,1631912400,HSL:2239_20210917_La_1_1646,239,HSL:2714221,Viiskorpi
46260,46260,0,46260,46260,0,True,UPDATED,1631912400,HSL:2239_20210917_La_2_1237,239,HSL:2714220,Anfallinkuja
49860,49860,0,49860,49860,0,False,SCHEDULED,1631912400,HSL:2239_20210917_La_2_1337,239,HSL:2714220,Anfallinkuja
53460,53460,0,53460,53460,0,False,SCHEDULED,1631912400,HSL:2239_20210917_La_2_1437,239,HSL:2714220,Anfallinkuja
57060,57060,0,57060,57060,0,False,SCHEDULED,1631912400,HSL:2239_20210917_La_2_1537,239,HSL:2714220,Anfallinkuja
60660,60660,0,60660,60660,0,False,SCHEDULED,1631912400,HSL:2239_20210917_La_2_1637,239,HSL:2714220,Anfallinkuja
46260,46260,0,46260,46260,0,True,UPDATED,1631912400,HSL:2239_20210917_La_2_1237,239,HSL:2714222,Viiskorpi
49860,49860,0,49860,49860,0,False,SCHEDULED,1631912400,HSL:2239_20210917_La_2_1337,239,HSL:2714222,Viiskorpi
53460,53460,0,53460,53460,0,False,SCHEDULED,1631912400,HSL:2239_20210917_La_2_1437,239,HSL:2714222,Viiskorpi
57060,57060,0,57060,57060,0,False,SCHEDULED,1631912400,HSL:2239_20210917_La_2_1537,239,HSL:2714222,Viiskorpi
60660,60660,0,60660,60660,0,False,SCHEDULED,1631912400,HSL:2239_20210917_La_2_1637,239,HSL:2714222,Viiskorpi
45480,45679,199,45480,45679,199,True,UPDATED,1631912400,HSL:9985_20210917_La_1_1228,985,HSL:9219215,Ahlgrenin mutka
49500,49500,0,49500,49500,0,False,SCHEDULED,1631912400,HSL:9985_20210917_La_1_1335,985,HSL:9219215,Ahlgrenin mutka
53100,53100,0,53100,53100,0,False,SCHEDULED,1631912400,HSL:9985_20210917_La_1_1435,985,HSL:9219215,Ahlgrenin mutka
56700,56700,0,56700,56700,0,False,SCHEDULED,1631912400,HSL:9985_20210917_La_1_1535,985,HSL:9219215,Ahlgrenin mutka
60300,60300,0,60300,60300,0,False,SCHEDULED,1631912400,HSL:9985_20210917_La_1_1635,985,HSL:9219215,Ahlgrenin mutka
45780,45738,-42,45780,45743,-37,True,UPDATED,1631912400,HSL:9788K_20210917_La_2_1225,788K,HSL:9300249,Ali-Vekkoski th
60480,60480,0,60480,60480,0,False,SCHEDULED,1631912400,HSL:9788K_20210917_La_2_1630,788K,HSL:9300249,Ali-Vekkoski th
57780,57780,0,57780,57780,0,False,SCHEDULED,1631912400,HSL:9788B_20210917_La_1_1550,788B,HSL:9300248,Högbacka
45840,45813,-27,45840,45815,-25,True,UPDATED,1631912400,HSL:9788K_20210917_La_2_1225,788K,HSL:9300245,Kotikalliontie
60540,60540,0,60540,60540,0,False,SCHEDULED,1631912400,HSL:9788K_20210917_La_2_1630,788K,HSL:9300245,Kotikalliontie
57660,57660,0,57660,57660,0,False,SCHEDULED,1631912400,HSL:9788B_20210917_La_1_1550,788B,HSL:9300244,Kurkisuontie
45840,45773,-67,45840,45774,-66,True,UPDATED,1631912400,HSL:9788K_20210917_La_2_1225,788K,HSL:9300247,Högbacka
60540,60540,0,60540,60540,0,False,SCHEDULED,1631912400,HSL:9788K_20210917_La_2_1630,788K,HSL:9300247,Högbacka
57720,57720,0,57720,57720,0,False,SCHEDULED,1631912400,HSL:9788B_20210917_La_1_1550,788B,HSL:9300246,Kotikalliontie
45540,45627,87,45600,45647,47,True,UPDATED,1631912400,HSL:1059_20210917_La_1_1231,59,HSL:1220119,Junatie
46440,46440,0,46500,46500,0,False,SCHEDULED,1631912400,HSL:1059_20210917_La_1_1246,59,HSL:1220119,Junatie
47340,47340,0,47400,47400,0,False,SCHEDULED,1631912400,HSL:1059_20210917_La_1_1301,59,HSL:1220119,Junatie
48240,48240,0,48300,48300,0,False,SCHEDULED,1631912400,HSL:1059_20210917_La_1_1316,59,HSL:1220119,Junatie
49140,49140,0,49200,49200,0,False,SCHEDULED,1631912400,HSL:1059_20210917_La_1_1331,59,HSL:1220119,Junatie
45660,45938,278,45660,45950,290,True,UPDATED,1631912400,HSL:1059_20210917_La_2_1209,59,HSL:1220117,Pasilan konepaja
46620,46691,71,46620,46694,74,True,UPDATED,1631912400,HSL:1059_20210917_La_2_1224,59,HSL:1220117,Pasilan konepaja
47520,47520,0,47520,47520,0,False,SCHEDULED,1631912400,HSL:1059_20210917_La_2_1239,59,HSL:1220117,Pasilan konepaja
48420,48420,0,48420,48420,0,False,SCHEDULED,1631912400,HSL:1059_20210917_La_2_1254,59,HSL:1220117,Pasilan konepaja
49320,49320,0,49320,49320,0,False,SCHEDULED,1631912400,HSL:1059_20210917_La_2_1309,59,HSL:1220117,Pasilan konepaja
45780,45791,11,45780,45842,62,True,UPDATED,1631912400,HSL:1500_20210917_La_1_1225,500,HSL:1220118,Junatie
46200,46200,0,46200,46200,0,False,SCHEDULED,1631912400,HSL:2510_20210917_La_1_1243,510,HSL:1220118,Junatie
46680,46680,0,46680,46680,0,False,SCHEDULED,1631912400,HSL:1500_20210917_La_1_1240,500,HSL:1220118,Junatie
47100,47100,0,47100,47100,0,False,SCHEDULED,1631912400,HSL:2510_20210917_La_1_1258,510,HSL:1220118,Junatie
47580,47580,0,47580,47580,0,False,SCHEDULED,1631912400,HSL:1500_20210917_La_1_1255,500,HSL:1220118,Junatie
46800,46800,0,46800,46800,0,False,SCHEDULED,1631912400,HSL:4433K_20210917_La_1_1257,433K,HSL:4170287,Sanomatie
50400,50400,0,50400,50400,0,False,SCHEDULED,1631912400,HSL:4433K_20210917_La_1_1357,433K,HSL:4170287,Sanomatie
54000,54000,0,54000,54000,0,False,SCHEDULED,1631912400,HSL:4433K_20210917_La_1_1457,433K,HSL:4170287,Sanomatie
57600,57600,0,57600,57600,0,False,SCHEDULED,1631912400,HSL:4433K_20210917_La_1_1557,433K,HSL:4170287,Sanomatie
61200,61200,0,61200,61200,0,False,SCHEDULED,1631912400,HSL:4433K_20210917_La_1_1657,433K,HSL:4170287,Sanomatie
47040,47040,0,47040,47040,0,False,SCHEDULED,1631912400,HSL:6173_20210917_La_1_1251,173,HSL:6020260,Sundsbergintie
48720,48720,0,48720,48720,0,False,SCHEDULED,1631912400,HSL:6171_20210917_La_1_1313,171,HSL:6020260,Sundsbergintie
50520,50520,0,50520,50520,0,False,SCHEDULED,1631912400,HSL:6173_20210917_La_1_1349,173,HSL:6020260,Sundsbergintie
52320,52320,0,52320,52320,0,False,SCHEDULED,1631912400,HSL:6171_20210917_La_1_1413,171,HSL:6020260,Sundsbergintie
54060,54060,0,54060,54060,0,False,SCHEDULED,1631912400,HSL:6173_20210917_La_1_1448,173,HSL:6020260,Sundsbergintie
45840,45852,12,45840,45852,12,True,UPDATED,1631912400,HSL:4433K_20210917_La_2_1220,433K,HSL:4170286,Sanomatie
49440,49440,0,49440,49440,0,False,SCHEDULED,1631912400,HSL:4433K_20210917_La_2_1320,433K,HSL:4170286,Sanomatie
52980,52980,0,52980,52980,0,False,SCHEDULED,1631912400,HSL:4433K_20210917_La_2_1420,433K,HSL:4170286,Sanomatie
56580,56580,0,56580,56580,0,False,SCHEDULED,1631912400,HSL:4433K_20210917_La_2_1520,433K,HSL:4170286,Sanomatie
60180,60180,0,60180,60180,0,False,SCHEDULED,1631912400,HSL:4433K_20210917_La_2_1620,433K,HSL:4170286,Sanomatie
45240,45288,48,45240,45321,81,True,UPDATED,1631912400,HSL:1065_20210917_La_2_1215,65,HSL:1220111,Vallilan kirjasto
44880,45313,433,44880,45325,445,True,UPDATED,1631912400,HSL:4611_20210917_La_2_1148,611,HSL:1220111,Vallilan kirjasto
45420,45399,-21,45420,45408,-12,True,UPDATED,1631912400,HSL:4614_20210917_La_2_1204,614,HSL:1220111,Vallilan kirjasto
45480,45480,0,45480,45480,0,False,SCHEDULED,1631912400,HSL:1064_20210917_La_2_1216,64,HSL:1220111,Vallilan kirjasto
45720,45820,100,45720,45830,110,True,UPDATED,1631912400,HSL:1066_20210917_La_2_1222,66,HSL:1220111,Vallilan kirjasto
45660,45699,39,45660,45741,81,True,UPDATED,1631912400,HSL:1059_20210917_La_1_1231,59,HSL:1220112,Päijänteentie
46560,46560,0,46560,46560,0,False,SCHEDULED,1631912400,HSL:1059_20210917_La_1_1246,59,HSL:1220112,Päijänteentie
47460,47460,0,47460,47460,0,False,SCHEDULED,1631912400,HSL:1059_20210917_La_1_1301,59,HSL:1220112,Päijänteentie
48360,48360,0,48360,48360,0,False,SCHEDULED,1631912400,HSL:1059_20210917_La_1_1316,59,HSL:1220112,Päijänteentie
49260,49260,0,49260,49260,0,False,SCHEDULED,1631912400,HSL:1059_20210917_La_1_1331,59,HSL:1220112,Päijänteentie
45360,45507,147,45360,45517,157,True,UPDATED,1631912400,HSL:1066_20210917_La_1_1226,66,HSL:1220110,Vallilan kirjasto
45960,45960,0,45960,45960,0,False,SCHEDULED,1631912400,HSL:1067_20210917_La_1_1236,67,HSL:1220110,Vallilan kirjasto
46560,46560,0,46560,46560,0,False,SCHEDULED,1631912400,HSL:1066_20210917_La_1_1246,66,HSL:1220110,Vallilan kirjasto
47160,47160,0,47160,47160,0,False,SCHEDULED,1631912400,HSL:1067_20210917_La_1_1256,67,HSL:1220110,Vallilan kirjasto
47760,47760,0,47760,47760,0,False,SCHEDULED,1631912400,HSL:1066_20210917_La_1_1306,66,HSL:1220110,Vallilan kirjasto
45720,46003,283,45720,46014,294,True,UPDATED,1631912400,HSL:1059_20210917_La_2_1209,59,HSL:1220115,Telekatu
46680,46749,69,46680,46751,71,True,UPDATED,1631912400,HSL:1059_20210917_La_2_1224,59,HSL:1220115,Telekatu
47580,47580,0,47580,47580,0,False,SCHEDULED,1631912400,HSL:1059_20210917_La_2_1239,59,HSL:1220115,Telekatu
48480,48480,0,48480,48480,0,False,SCHEDULED,1631912400,HSL:1059_20210917_La_2_1254,59,HSL:1220115,Telekatu
49380,49380,0,49380,49380,0,False,SCHEDULED,1631912400,HSL:1059_20210917_La_2_1309,59,HSL:1220115,Telekatu
45780,45780,0,45780,45780,0,False,SCHEDULED,1631912400,HSL:3001K_20210917_La_2_1241,K,HSL:9090502,Savio
46380,46380,0,46380,46380,0,False,SCHEDULED,1631912400,HSL:3001K_20210917_La_2_1251,K,HSL:9090502,Savio
46980,46980,0,46980,46980,0,False,SCHEDULED,1631912400,HSL:3001K_20210917_La_2_1301,K,HSL:9090502,Savio
47580,47580,0,47580,47580,0,False,SCHEDULED,1631912400,HSL:3001K_20210917_La_2_1311,K,HSL:9090502,Savio
48180,48180,0,48180,48180,0,False,SCHEDULED,1631912400,HSL:3001K_20210917_La_2_1321,K,HSL:9090502,Savio
45720,45799,79,45720,45799,79,True,UPDATED,1631912400,HSL:3001K_20210917_La_1_1211,K,HSL:9090501,Savio
46320,46424,104,46320,46424,104,True,UPDATED,1631912400,HSL:3001K_20210917_La_1_1221,K,HSL:9090501,Savio
46920,47015,95,46920,47015,95,True,UPDATED,1631912400,HSL:3001K_20210917_La_1_1231,K,HSL:9090501,Savio
47520,47520,0,47520,47520,0,False,SCHEDULED,1631912400,HSL:3001K_20210917_La_1_1241,K,HSL:9090501,Savio
48120,48120,0,48120,48120,0,False,SCHEDULED,1631912400,HSL:3001K_20210917_La_1_1251,K,HSL:9090501,Savio
45780,46056,276,45780,46067,287,True,UPDATED,1631912400,HSL:1059_20210917_La_2_1209,59,HSL:1220113,Päijänteentie
46740,46787,47,46740,46793,53,True,UPDATED,1631912400,HSL:1059_20210917_La_2_1224,59,HSL:1220113,Päijänteentie
47640,47640,0,47640,47640,0,False,SCHEDULED,1631912400,HSL:1059_20210917_La_2_1239,59,HSL:1220113,Päijänteentie
48540,48540,0,48540,48540,0,False,SCHEDULED,1631912400,HSL:1059_20210917_La_2_1254,59,HSL:1220113,Päijänteentie
49440,49440,0,49440,49440,0,False,SCHEDULED,1631912400,HSL:1059_20210917_La_2_1309,59,HSL:1220113,Päijänteentie
45840,45860,20,45840,45877,37,True,UPDATED,1631912400,HSL:1059_20210917_La_1_1231,59,HSL:1220114,Pasilan konepaja
46740,46740,0,46740,46740,0,False,SCHEDULED,1631912400,HSL:1059_20210917_La_1_1246,59,HSL:1220114,Pasilan konepaja
47640,47640,0,47640,47640,0,False,SCHEDULED,1631912400,HSL:1059_20210917_La_1_1301,59,HSL:1220114,Pasilan konepaja
48540,48540,0,48540,48540,0,False,SCHEDULED,1631912400,HSL:1059_20210917_La_1_1316,59,HSL:1220114,Pasilan konepaja
49440,49440,0,49440,49440,0,False,SCHEDULED,1631912400,HSL:1059_20210917_La_1_1331,59,HSL:1220114,Pasilan konepaja
46380,46328,-52,46380,46333,-47,True,UPDATED,1631912400,HSL:9641_20210917_La_1_1220,641,HSL:9651502,Koulukeskus
48180,48180,0,48180,48180,0,False,SCHEDULED,1631912400,HSL:9641_20210917_La_1_1250,641,HSL:9651502,Koulukeskus
49980,49980,0,49980,49980,0,False,SCHEDULED,1631912400,HSL:9641_20210917_La_1_1320,641,HSL:9651502,Koulukeskus
51780,51780,0,51780,51780,0,False,SCHEDULED,1631912400,HSL:9641_20210917_La_1_1350,641,HSL:9651502,Koulukeskus
53580,53580,0,53580,53580,0,False,SCHEDULED,1631912400,HSL:9641_20210917_La_1_1420,641,HSL:9651502,Koulukeskus
46440,46357,-83,46440,46361,-79,True,UPDATED,1631912400,HSL:9641_20210917_La_1_1220,641,HSL:9651503,Mikkola
48240,48240,0,48240,48240,0,False,SCHEDULED,1631912400,HSL:9641_20210917_La_1_1250,641,HSL:9651503,Mikkola
50040,50040,0,50040,50040,0,False,SCHEDULED,1631912400,HSL:9641_20210917_La_1_1320,641,HSL:9651503,Mikkola
51840,51840,0,51840,51840,0,False,SCHEDULED,1631912400,HSL:9641_20210917_La_1_1350,641,HSL:9651503,Mikkola
53640,53640,0,53640,53640,0,False,SCHEDULED,1631912400,HSL:9641_20210917_La_1_1420,641,HSL:9651503,Mikkola
45600,45701,101,45600,45706,106,True,UPDATED,1631912400,HSL:9641_20210917_La_2_1220,641,HSL:9651501,Koulukeskus
47400,47400,0,47400,47400,0,False,SCHEDULED,1631912400,HSL:9641_20210917_La_2_1250,641,HSL:9651501,Koulukeskus
49200,49200,0,49200,49200,0,False,SCHEDULED,1631912400,HSL:9641_20210917_La_2_1320,641,HSL:9651501,Koulukeskus
51000,51000,0,51000,51000,0,False,SCHEDULED,1631912400,HSL:9641_20210917_La_2_1350,641,HSL:9651501,Koulukeskus
52800,52800,0,52800,52800,0,False,SCHEDULED,1631912400,HSL:9641_20210917_La_2_1420,641,HSL:9651501,Koulukeskus
46020,46020,0,46020,46020,0,False,SCHEDULED,1631912400,HSL:2510_20210917_La_2_1247,510,HSL:2231225,Westendinasema
46920,46920,0,46920,46920,0,False,SCHEDULED,1631912400,HSL:2510_20210917_La_2_1302,510,HSL:2231225,Westendinasema
47820,47820,0,47820,47820,0,False,SCHEDULED,1631912400,HSL:2510_20210917_La_2_1317,510,HSL:2231225,Westendinasema
48720,48720,0,48720,48720,0,False,SCHEDULED,1631912400,HSL:2510_20210917_La_2_1332,510,HSL:2231225,Westendinasema
49620,49620,0,49620,49620,0,False,SCHEDULED,1631912400,HSL:2510_20210917_La_2_1347,510,HSL:2231225,Westendinasema
45540,45540,0,45540,45540,0,False,SCHEDULED,1631912400,HSL:2550_20210917_La_2_1239,550,HSL:2231221,Westendinasema
46140,46140,0,46140,46140,0,False,SCHEDULED,1631912400,HSL:2550_20210917_La_2_1249,550,HSL:2231221,Westendinasema
46740,46740,0,46740,46740,0,False,SCHEDULED,1631912400,HSL:2550_20210917_La_2_1259,550,HSL:2231221,Westendinasema
47340,47340,0,47340,47340,0,False,SCHEDULED,1631912400,HSL:2550_20210917_La_2_1309,550,HSL:2231221,Westendinasema
47940,47940,0,47940,47940,0,False,SCHEDULED,1631912400,HSL:2550_20210917_La_2_1319,550,HSL:2231221,Westendinasema
46380,46455,75,46380,46455,75,True,UPDATED,1631912400,HSL:2436_20210917_La_2_1229,436,HSL:4170299,Vihertie
49980,49980,0,49980,49980,0,False,SCHEDULED,1631912400,HSL:2436_20210917_La_2_1329,436,HSL:4170299,Vihertie
53580,53580,0,53580,53580,0,False,SCHEDULED,1631912400,HSL:2436_20210917_La_2_1429,436,HSL:4170299,Vihertie
57180,57180,0,57180,57180,0,False,SCHEDULED,1631912400,HSL:2436_20210917_La_2_1529,436,HSL:4170299,Vihertie
60780,60780,0,60780,60780,0,False,SCHEDULED,1631912400,HSL:2436_20210917_La_2_1629,436,HSL:4170299,Vihertie
45540,45766,226,45540,45766,226,True,UPDATED,1631912400,HSL:4421_20210917_La_1_1212,421,HSL:4170298,Laajavuorentie
46020,46020,0,46020,46020,0,False,SCHEDULED,1631912400,HSL:4335B_20210917_La_1_1238,335B,HSL:4170298,Laajavuorentie
46680,46680,0,46680,46680,0,False,SCHEDULED,1631912400,HSL:4433K_20210917_La_1_1257,433K,HSL:4170298,Laajavuorentie
46500,46855,355,46500,46857,357,True,UPDATED,1631912400,HSL:5565_20210917_La_2_1212,565,HSL:4170298,Laajavuorentie
46920,46950,30,46920,46953,33,True,UPDATED,1631912400,HSL:2436_20210917_La_1_1232,436,HSL:4170298,Laajavuorentie
48660,48660,0,48660,48660,0,False,SCHEDULED,1631912400,HSL:6171_20210917_La_1_1313,171,HSL:6020250,Heinäketo
52260,52260,0,52260,52260,0,False,SCHEDULED,1631912400,HSL:6171_20210917_La_1_1413,171,HSL:6020250,Heinäketo
55920,55920,0,55920,55920,0,False,SCHEDULED,1631912400,HSL:6171_20210917_La_1_1514,171,HSL:6020250,Heinäketo
59460,59460,0,59460,59460,0,False,SCHEDULED,1631912400,HSL:6171_20210917_La_1_1613,171,HSL:6020250,Heinäketo
63060,63060,0,63060,63060,0,False,SCHEDULED,1631912400,HSL:6171_20210917_La_1_1714,171,HSL:6020250,Heinäketo
45480,45528,48,45480,45538,58,True,UPDATED,1631912400,HSL:6171_20210917_La_2_1206,171,HSL:6020251,Metsäniitty
49080,49080,0,49080,49080,0,False,SCHEDULED,1631912400,HSL:6171_20210917_La_2_1306,171,HSL:6020251,Metsäniitty
52680,52680,0,52680,52680,0,False,SCHEDULED,1631912400,HSL:6171_20210917_La_2_1406,171,HSL:6020251,Metsäniitty
56280,56280,0,56280,56280,0,False,SCHEDULED,1631912400,HSL:6171_20210917_La_2_1506,171,HSL:6020251,Metsäniitty
59880,59880,0,59880,59880,0,False,SCHEDULED,1631912400,HSL:6171_20210917_La_2_1606,171,HSL:6020251,Metsäniitty
48600,48600,0,48600,48600,0,False,SCHEDULED,1631912400,HSL:6171_20210917_La_1_1313,171,HSL:6020252,Metsäniitty
52200,52200,0,52200,52200,0,False,SCHEDULED,1631912400,HSL:6171_20210917_La_1_1413,171,HSL:6020252,Metsäniitty
55860,55860,0,55860,55860,0,False,SCHEDULED,1631912400,HSL:6171_20210917_La_1_1514,171,HSL:6020252,Metsäniitty
59400,59400,0,59400,59400,0,False,SCHEDULED,1631912400,HSL:6171_20210917_La_1_1613,171,HSL:6020252,Metsäniitty
63000,63000,0,63000,63000,0,False,SCHEDULED,1631912400,HSL:6171_20210917_La_1_1714,171,HSL:6020252,Metsäniitty
45540,45592,52,45540,45607,67,True,UPDATED,1631912400,HSL:6171_20210917_La_2_1206,171,HSL:6020253,Kelloniitty
49140,49140,0,49140,49140,0,False,SCHEDULED,1631912400,HSL:6171_20210917_La_2_1306,171,HSL:6020253,Kelloniitty
52740,52740,0,52740,52740,0,False,SCHEDULED,1631912400,HSL:6171_20210917_La_2_1406,171,HSL:6020253,Kelloniitty
56340,56340,0,56340,56340,0,False,SCHEDULED,1631912400,HSL:6171_20210917_La_2_1506,171,HSL:6020253,Kelloniitty
59940,59940,0,59940,59940,0,False,SCHEDULED,1631912400,HSL:6171_20210917_La_2_1606,171,HSL:6020253,Kelloniitty
46740,46790,50,46740,46793,53,True,UPDATED,1631912400,HSL:2436_20210917_La_1_1232,436,HSL:4170293,Vihertie
50340,50340,0,50340,50340,0,False,SCHEDULED,1631912400,HSL:2436_20210917_La_1_1332,436,HSL:4170293,Vihertie
54060,54060,0,54060,54060,0,False,SCHEDULED,1631912400,HSL:2436_20210917_La_1_1432,436,HSL:4170293,Vihertie
57660,57660,0,57660,57660,0,False,SCHEDULED,1631912400,HSL:2436_20210917_La_1_1532,436,HSL:4170293,Vihertie
61200,61200,0,61200,61200,0,False,SCHEDULED,1631912400,HSL:2436_20210917_La_1_1632,436,HSL:4170293,Vihertie
45480,45985,505,45480,46005,525,True,UPDATED,1631912400,HSL:2510_20210917_La_2_1202,510,HSL:1220123,Fleminginkatu
45900,46016,116,45900,46038,138,True,UPDATED,1631912400,HSL:1500_20210917_La_2_1221,500,HSL:1220123,Fleminginkatu
46380,46582,202,46380,46602,222,True,UPDATED,1631912400,HSL:2510_20210917_La_2_1217,510,HSL:1220123,Fleminginkatu
46800,46800,0,46800,46800,0,False,SCHEDULED,1631912400,HSL:1500_20210917_La_2_1236,500,HSL:1220123,Fleminginkatu
47280,47368,88,47280,47385,105,True,UPDATED,1631912400,HSL:2510_20210917_La_2_1232,510,HSL:1220123,Fleminginkatu
48540,48540,0,48540,48540,0,False,SCHEDULED,1631912400,HSL:6171_20210917_La_1_1313,171,HSL:6020254,Kelloniitty
52140,52140,0,52140,52140,0,False,SCHEDULED,1631912400,HSL:6171_20210917_La_1_1413,171,HSL:6020254,Kelloniitty
55800,55800,0,55800,55800,0,False,SCHEDULED,1631912400,HSL:6171_20210917_La_1_1514,171,HSL:6020254,Kelloniitty
59340,59340,0,59340,59340,0,False,SCHEDULED,1631912400,HSL:6171_20210917_La_1_1613,171,HSL:6020254,Kelloniitty
63000,63000,0,63000,63000,0,False,SCHEDULED,1631912400,HSL:6171_20210917_La_1_1714,171,HSL:6020254,Kelloniitty
45540,46039,499,45540,46056,516,True,UPDATED,1631912400,HSL:2510_20210917_La_2_1202,510,HSL:1220120,Junatie
45960,46098,138,45960,46124,164,True,UPDATED,1631912400,HSL:1500_20210917_La_2_1221,500,HSL:1220120,Junatie
45900,46171,271,45900,46187,287,True,UPDATED,1631912400,HSL:1059_20210917_La_2_1209,59,HSL:1220120,Junatie
46440,46669,229,46440,46692,252,True,UPDATED,1631912400,HSL:2510_20210917_La_2_1217,510,HSL:1220120,Junatie
46860,46860,0,46860,46860,0,False,SCHEDULED,1631912400,HSL:1500_20210917_La_2_1236,500,HSL:1220120,Junatie
45600,45662,62,45600,45669,69,True,UPDATED,1631912400,HSL:6171_20210917_La_2_1206,171,HSL:6020255,Sarvvikintie
49200,49200,0,49200,49200,0,False,SCHEDULED,1631912400,HSL:6171_20210917_La_2_1306,171,HSL:6020255,Sarvvikintie
52800,52800,0,52800,52800,0,False,SCHEDULED,1631912400,HSL:6171_20210917_La_2_1406,171,HSL:6020255,Sarvvikintie
56400,56400,0,56400,56400,0,False,SCHEDULED,1631912400,HSL:6171_20210917_La_2_1506,171,HSL:6020255,Sarvvikintie
60000,60000,0,60000,60000,0,False,SCHEDULED,1631912400,HSL:6171_20210917_La_2_1606,171,HSL:6020255,Sarvvikintie
45600,45683,83,45600,45688,88,True,UPDATED,1631912400,HSL:9641_20210917_La_2_1220,641,HSL:9651504,Mikkola
47400,47400,0,47400,47400,0,False,SCHEDULED,1631912400,HSL:9641_20210917_La_2_1250,641,HSL:9651504,Mikkola
49200,49200,0,49200,49200,0,False,SCHEDULED,1631912400,HSL:9641_20210917_La_2_1320,641,HSL:9651504,Mikkola
51000,51000,0,51000,51000,0,False,SCHEDULED,1631912400,HSL:9641_20210917_La_2_1350,641,HSL:9651504,Mikkola
52800,52800,0,52800,52800,0,False,SCHEDULED,1631912400,HSL:9641_20210917_La_2_1420,641,HSL:9651504,Mikkola
48480,48480,0,48480,48480,0,False,SCHEDULED,1631912400,HSL:6171_20210917_La_1_1313,171,HSL:6020256,Sarvvikintie
52080,52080,0,52080,52080,0,False,SCHEDULED,1631912400,HSL:6171_20210917_La_1_1413,171,HSL:6020256,Sarvvikintie
55740,55740,0,55740,55740,0,False,SCHEDULED,1631912400,HSL:6171_20210917_La_1_1514,171,HSL:6020256,Sarvvikintie
59280,59280,0,59280,59280,0,False,SCHEDULED,1631912400,HSL:6171_20210917_La_1_1613,171,HSL:6020256,Sarvvikintie
62940,62940,0,62940,62940,0,False,SCHEDULED,1631912400,HSL:6171_20210917_La_1_1714,171,HSL:6020256,Sarvvikintie
45660,45680,20,45660,45683,23,True,UPDATED,1631912400,HSL:6171_20210917_La_2_1206,171,HSL:6020257,Rantaniitty
49260,49260,0,49260,49260,0,False,SCHEDULED,1631912400,HSL:6171_20210917_La_2_1306,171,HSL:6020257,Rantaniitty
52860,52860,0,52860,52860,0,False,SCHEDULED,1631912400,HSL:6171_20210917_La_2_1406,171,HSL:6020257,Rantaniitty
56460,56460,0,56460,56460,0,False,SCHEDULED,1631912400,HSL:6171_20210917_La_2_1506,171,HSL:6020257,Rantaniitty
60060,60060,0,60060,60060,0,False,SCHEDULED,1631912400,HSL:6171_20210917_La_2_1606,171,HSL:6020257,Rantaniitty
45540,45474,-66,45540,45474,-66,True,UPDATED,1631912400,HSL:1071_20210917_La_2_1212,71,HSL:1220127,Paavalinkirkko
45480,45574,94,45480,45623,143,True,UPDATED,1631912400,HSL:1073_20210917_La_2_1201,73,HSL:1220127,Paavalinkirkko
45540,45684,144,45540,45707,167,True,UPDATED,1631912400,HSL:1075_20210917_La_2_1212,75,HSL:1220127,Paavalinkirkko
45720,45720,0,45720,45720,0,True,UPDATED,1631912400,HSL:1008X_20210917_La_2_1236,8X,HSL:1220127,Paavalinkirkko
45720,45720,0,45720,45720,0,False,SCHEDULED,1631912400,HSL:1078_20210917_La_2_1220,78,HSL:1220127,Paavalinkirkko
48420,48420,0,48420,48420,0,False,SCHEDULED,1631912400,HSL:6171_20210917_La_1_1313,171,HSL:6020258,Rantaniitty
52020,52020,0,52020,52020,0,False,SCHEDULED,1631912400,HSL:6171_20210917_La_1_1413,171,HSL:6020258,Rantaniitty
55680,55680,0,55680,55680,0,False,SCHEDULED,1631912400,HSL:6171_20210917_La_1_1514,171,HSL:6020258,Rantaniitty
59220,59220,0,59220,59220,0,False,SCHEDULED,1631912400,HSL:6171_20210917_La_1_1613,171,HSL:6020258,Rantaniitty
62880,62880,0,62880,62880,0,False,SCHEDULED,1631912400,HSL:6171_20210917_La_1_1714,171,HSL:6020258,Rantaniitty
45360,45417,57,45360,45417,57,True,UPDATED,1631912400,HSL:6171_20210917_La_2_1206,171,HSL:6020259,Sundsbergintie
46740,47163,423,46740,47163,423,True,UPDATED,1631912400,HSL:6173_20210917_La_2_1202,173,HSL:6020259,Sundsbergintie
48960,48960,0,48960,48960,0,False,SCHEDULED,1631912400,HSL:6171_20210917_La_2_1306,171,HSL:6020259,Sundsbergintie
50400,50400,0,50400,50400,0,False,SCHEDULED,1631912400,HSL:6173_20210917_La_2_1301,173,HSL:6020259,Sundsbergintie
52560,52560,0,52560,52560,0,False,SCHEDULED,1631912400,HSL:6171_20210917_La_2_1406,171,HSL:6020259,Sundsbergintie
45600,45531,-69,45600,45550,-50,True,UPDATED,1631912400,HSL:2510_20210917_La_1_1228,510,HSL:1220125,Sipoonkatu
46080,46063,-17,46080,46081,1,True,UPDATED,1631912400,HSL:1500_20210917_La_1_1225,500,HSL:1220125,Sipoonkatu
46500,46500,0,46500,46500,0,False,SCHEDULED,1631912400,HSL:2510_20210917_La_1_1243,510,HSL:1220125,Sipoonkatu
46980,46980,0,46980,46980,0,False,SCHEDULED,1631912400,HSL:1500_20210917_La_1_1240,500,HSL:1220125,Sipoonkatu
47400,47400,0,47400,47400,0,False,SCHEDULED,1631912400,HSL:2510_20210917_La_1_1258,510,HSL:1220125,Sipoonkatu
45360,45368,8,45360,45378,18,True,UPDATED,1631912400,HSL:2111_20210917_La_1_1215,111,HSL:2231237,Alalinnake
46260,46298,38,46260,46309,49,True,UPDATED,1631912400,HSL:2111_20210917_La_1_1230,111,HSL:2231237,Alalinnake
47160,47160,0,47160,47160,0,False,SCHEDULED,1631912400,HSL:2111_20210917_La_1_1245,111,HSL:2231237,Alalinnake
48060,48060,0,48060,48060,0,False,SCHEDULED,1631912400,HSL:2111_20210917_La_1_1300,111,HSL:2231237,Alalinnake
48960,48960,0,48960,48960,0,False,SCHEDULED,1631912400,HSL:2111_20210917_La_1_1315,111,HSL:2231237,Alalinnake
46140,46169,29,46140,46174,34,True,UPDATED,1631912400,HSL:2111_20210917_La_1_1230,111,HSL:2231235,Hiiralankaari
47040,47040,0,47040,47040,0,False,SCHEDULED,1631912400,HSL:2111_20210917_La_1_1245,111,HSL:2231235,Hiiralankaari
47940,47940,0,47940,47940,0,False,SCHEDULED,1631912400,HSL:2111_20210917_La_1_1300,111,HSL:2231235,Hiiralankaari
48840,48840,0,48840,48840,0,False,SCHEDULED,1631912400,HSL:2111_20210917_La_1_1315,111,HSL:2231235,Hiiralankaari
49740,49740,0,49740,49740,0,False,SCHEDULED,1631912400,HSL:2111_20210917_La_1_1330,111,HSL:2231235,Hiiralankaari
45720,45753,33,45720,45759,39,True,UPDATED,1631912400,HSL:2111_20210917_La_2_1223,111,HSL:2231234,Mäenrinne
46620,46620,0,46620,46620,0,True,UPDATED,1631912400,HSL:2111_20210917_La_2_1238,111,HSL:2231234,Mäenrinne
47520,47520,0,47520,47520,0,False,SCHEDULED,1631912400,HSL:2111_20210917_La_2_1253,111,HSL:2231234,Mäenrinne
48480,48480,0,48480,48480,0,False,SCHEDULED,1631912400,HSL:2111_20210917_La_2_1308,111,HSL:2231234,Mäenrinne
49380,49380,0,49380,49380,0,False,SCHEDULED,1631912400,HSL:2111_20210917_La_2_1323,111,HSL:2231234,Mäenrinne
45300,45333,33,45300,45339,39,True,UPDATED,1631912400,HSL:2111_20210917_La_1_1215,111,HSL:2231233,Mäenrinne
46200,46228,28,46200,46232,32,True,UPDATED,1631912400,HSL:2111_20210917_La_1_1230,111,HSL:2231233,Mäenrinne
47100,47100,0,47100,47100,0,False,SCHEDULED,1631912400,HSL:2111_20210917_La_1_1245,111,HSL:2231233,Mäenrinne
48000,48000,0,48000,48000,0,False,SCHEDULED,1631912400,HSL:2111_20210917_La_1_1300,111,HSL:2231233,Mäenrinne
48900,48900,0,48900,48900,0,False,SCHEDULED,1631912400,HSL:2111_20210917_La_1_1315,111,HSL:2231233,Mäenrinne
45600,45652,52,45600,45689,89,True,UPDATED,1631912400,HSL:2111_20210917_La_2_1223,111,HSL:2231232,Linnake
46500,46500,0,46500,46500,0,True,UPDATED,1631912400,HSL:2111_20210917_La_2_1238,111,HSL:2231232,Linnake
47400,47400,0,47400,47400,0,False,SCHEDULED,1631912400,HSL:2111_20210917_La_2_1253,111,HSL:2231232,Linnake
48360,48360,0,48360,48360,0,False,SCHEDULED,1631912400,HSL:2111_20210917_La_2_1308,111,HSL:2231232,Linnake
49260,49260,0,49260,49260,0,False,SCHEDULED,1631912400,HSL:2111_20210917_La_2_1323,111,HSL:2231232,Linnake
45360,45408,48,45360,45415,55,True,UPDATED,1631912400,HSL:2111_20210917_La_1_1215,111,HSL:2231231,Linnake
46260,46309,49,46260,46312,52,True,UPDATED,1631912400,HSL:2111_20210917_La_1_1230,111,HSL:2231231,Linnake
47160,47160,0,47160,47160,0,False,SCHEDULED,1631912400,HSL:2111_20210917_La_1_1245,111,HSL:2231231,Linnake
48060,48060,0,48060,48060,0,False,SCHEDULED,1631912400,HSL:2111_20210917_La_1_1300,111,HSL:2231231,Linnake
48960,48960,0,48960,48960,0,False,SCHEDULED,1631912400,HSL:2111_20210917_La_1_1315,111,HSL:2231231,Linnake
45660,45701,41,45660,45706,46,True,UPDATED,1631912400,HSL:2111_20210917_La_2_1223,111,HSL:2231230,Alalinnake
46560,46560,0,46560,46560,0,True,UPDATED,1631912400,HSL:2111_20210917_La_2_1238,111,HSL:2231230,Alalinnake
47460,47460,0,47460,47460,0,False,SCHEDULED,1631912400,HSL:2111_20210917_La_2_1253,111,HSL:2231230,Alalinnake
48420,48420,0,48420,48420,0,False,SCHEDULED,1631912400,HSL:2111_20210917_La_2_1308,111,HSL:2231230,Alalinnake
49320,49320,0,49320,49320,0,False,SCHEDULED,1631912400,HSL:2111_20210917_La_2_1323,111,HSL:2231230,Alalinnake
45480,45417,-63,45480,45417,-63,True,UPDATED,1631912400,HSL:9788K_20210917_La_2_1225,788K,HSL:9300209,Böle
60180,60180,0,60180,60180,0,False,SCHEDULED,1631912400,HSL:9788K_20210917_La_2_1630,788K,HSL:9300209,Böle
58140,58140,0,58140,58140,0,False,SCHEDULED,1631912400,HSL:9788B_20210917_La_1_1550,788B,HSL:9300208,Böle
45780,45803,23,45780,45816,36,True,UPDATED,1631912400,HSL:1059_20210917_La_1_1231,59,HSL:1220134,Telekatu
46680,46680,0,46680,46680,0,False,SCHEDULED,1631912400,HSL:1059_20210917_La_1_1246,59,HSL:1220134,Telekatu
47580,47580,0,47580,47580,0,False,SCHEDULED,1631912400,HSL:1059_20210917_La_1_1301,59,HSL:1220134,Telekatu
48480,48480,0,48480,48480,0,False,SCHEDULED,1631912400,HSL:1059_20210917_La_1_1316,59,HSL:1220134,Telekatu
49380,49380,0,49380,49380,0,False,SCHEDULED,1631912400,HSL:1059_20210917_La_1_1331,59,HSL:1220134,Telekatu
45600,45865,265,45600,45875,275,True,UPDATED,1631912400,HSL:1059_20210917_La_2_1209,59,HSL:1220131,Jämsänkatu
46560,46602,42,46560,46606,46,True,UPDATED,1631912400,HSL:1059_20210917_La_2_1224,59,HSL:1220131,Jämsänkatu
47460,47460,0,47460,47460,0,False,SCHEDULED,1631912400,HSL:1059_20210917_La_2_1239,59,HSL:1220131,Jämsänkatu
48360,48360,0,48360,48360,0,False,SCHEDULED,1631912400,HSL:1059_20210917_La_2_1254,59,HSL:1220131,Jämsänkatu
49260,49260,0,49260,49260,0,False,SCHEDULED,1631912400,HSL:1059_20210917_La_2_1309,59,HSL:1220131,Jämsänkatu
45420,45476,56,45420,45478,58,True,UPDATED,1631912400,HSL:6171_20210917_La_2_1206,171,HSL:6020249,Heinäketo
49020,49020,0,49020,49020,0,False,SCHEDULED,1631912400,HSL:6171_20210917_La_2_1306,171,HSL:6020249,Heinäketo
52620,52620,0,52620,52620,0,False,SCHEDULED,1631912400,HSL:6171_20210917_La_2_1406,171,HSL:6020249,Heinäketo
56220,56220,0,56220,56220,0,False,SCHEDULED,1631912400,HSL:6171_20210917_La_2_1506,171,HSL:6020249,Heinäketo
59820,59820,0,59820,59820,0,False,SCHEDULED,1631912400,HSL:6171_20210917_La_2_1606,171,HSL:6020249,Heinäketo
58200,58200,0,58200,58200,0,False,SCHEDULED,1631912400,HSL:9788B_20210917_La_1_1550,788B,HSL:9300210,Lammiskärrintie
58380,58380,0,58380,58380,0,False,SCHEDULED,1631912400,HSL:9788B_20210917_La_1_1550,788B,HSL:9300216,Karleby th
45300,45332,32,45300,45332,32,True,UPDATED,1631912400,HSL:9788K_20210917_La_2_1225,788K,HSL:9300215,Forsbacka
60000,60000,0,60000,60000,0,False,SCHEDULED,1631912400,HSL:9788K_20210917_La_2_1630,788K,HSL:9300215,Forsbacka
45360,45098,-262,45360,45360,0,True,UPDATED,1631912400,HSL:1008X_20210917_La_2_1236,8X,HSL:1232102,Arabianranta
45900,45900,0,45900,45900,0,False,SCHEDULED,1631912400,HSL:1008X_20210917_La_1_1227,8X,HSL:1232102,Arabianranta
46080,46080,0,46080,46080,0,False,SCHEDULED,1631912400,HSL:1008X_20210917_La_2_1248,8X,HSL:1232102,Arabianranta
46620,46620,0,46620,46620,0,False,SCHEDULED,1631912400,HSL:1008X_20210917_La_1_1239,8X,HSL:1232102,Arabianranta
46800,46800,0,46800,46800,0,False,SCHEDULED,1631912400,HSL:1008X_20210917_La_2_1300,8X,HSL:1232102,Arabianranta
58440,58440,0,58440,58440,0,False,SCHEDULED,1631912400,HSL:9788B_20210917_La_1_1550,788B,HSL:9300218,Papinniitty
59940,59940,0,59940,59940,0,False,SCHEDULED,1631912400,HSL:9788K_20210917_La_2_1630,788K,HSL:9300217,Karleby th
45420,45420,0,45420,45420,0,True,UPDATED,1631912400,HSL:1008X_20210917_La_2_1236,8X,HSL:1232104,Arabiankatu
46140,46140,0,46140,46140,0,False,SCHEDULED,1631912400,HSL:1008X_20210917_La_2_1248,8X,HSL:1232104,Arabiankatu
46860,46860,0,46860,46860,0,False,SCHEDULED,1631912400,HSL:1008X_20210917_La_2_1300,8X,HSL:1232104,Arabiankatu
47580,47580,0,47580,47580,0,False,SCHEDULED,1631912400,HSL:1008X_20210917_La_2_1312,8X,HSL:1232104,Arabiankatu
48300,48300,0,48300,48300,0,False,SCHEDULED,1631912400,HSL:1008X_20210917_La_2_1324,8X,HSL:1232104,Arabiankatu
58260,58260,0,58260,58260,0,False,SCHEDULED,1631912400,HSL:9788B_20210917_La_1_1550,788B,HSL:9300212,Neskalk
45420,45396,-24,45420,45397,-23,True,UPDATED,1631912400,HSL:9788K_20210917_La_2_1225,788K,HSL:9300211,Lammiskärrintie
60120,60120,0,60120,60120,0,False,SCHEDULED,1631912400,HSL:9788K_20210917_La_2_1630,788K,HSL:9300211,Lammiskärrintie
58320,58320,0,58320,58320,0,False,SCHEDULED,1631912400,HSL:9788B_20210917_La_1_1550,788B,HSL:9300214,Forsbacka
45360,45338,-22,45360,45339,-21,True,UPDATED,1631912400,HSL:9788K_20210917_La_2_1225,788K,HSL:9300213,Neskalk
60060,60060,0,60060,60060,0,False,SCHEDULED,1631912400,HSL:9788K_20210917_La_2_1630,788K,HSL:9300213,Neskalk
47880,47911,31,47880,47912,32,True,UPDATED,1631912400,HSL:4574_20210917_La_1_1233,574,HSL:4170278,Kivimäenpuisto
51420,51420,0,51420,51420,0,False,SCHEDULED,1631912400,HSL:4574_20210917_La_1_1333,574,HSL:4170278,Kivimäenpuisto
55020,55020,0,55020,55020,0,False,SCHEDULED,1631912400,HSL:4574_20210917_La_1_1433,574,HSL:4170278,Kivimäenpuisto
58620,58620,0,58620,58620,0,False,SCHEDULED,1631912400,HSL:4574_20210917_La_1_1533,574,HSL:4170278,Kivimäenpuisto
62220,62220,0,62220,62220,0,False,SCHEDULED,1631912400,HSL:4574_20210917_La_1_1633,574,HSL:4170278,Kivimäenpuisto
45480,45293,-187,45480,45480,0,True,UPDATED,1631912400,HSL:5565_20210917_La_1_1238,565,HSL:4170277,Vantaankosken asema
45720,45720,0,45720,45720,0,False,SCHEDULED,1631912400,HSL:4322_20210917_La_2_1242,322,HSL:4170277,Vantaankosken asema
47280,47280,0,47280,47280,0,False,SCHEDULED,1631912400,HSL:5565_20210917_La_1_1308,565,HSL:4170277,Vantaankosken asema
49080,49080,0,49080,49080,0,False,SCHEDULED,1631912400,HSL:5565_20210917_La_1_1338,565,HSL:4170277,Vantaankosken asema
49320,49320,0,49320,49320,0,False,SCHEDULED,1631912400,HSL:4322_20210917_La_2_1342,322,HSL:4170277,Vantaankosken asema
47100,47100,0,47100,47100,0,False,SCHEDULED,1631912400,HSL:7848_20210917_La_2_1305,848,HSL:9300204,Porvoo linja-autoas.
50700,50700,0,50700,50700,0,False,SCHEDULED,1631912400,HSL:7848_20210917_La_2_1405,848,HSL:9300204,Porvoo linja-autoas.
54300,54300,0,54300,54300,0,False,SCHEDULED,1631912400,HSL:7848_20210917_La_2_1505,848,HSL:9300204,Porvoo linja-autoas.
57900,57900,0,57900,57900,0,False,SCHEDULED,1631912400,HSL:7848_20210917_La_2_1605,848,HSL:9300204,Porvoo linja-autoas.
61500,61500,0,61500,61500,0,False,SCHEDULED,1631912400,HSL:7848_20210917_La_2_1705,848,HSL:9300204,Porvoo linja-autoas.
45540,45491,-49,45540,45492,-48,True,UPDATED,1631912400,HSL:9788K_20210917_La_2_1225,788K,HSL:9300207,Högvalla th
60240,60240,0,60240,60240,0,False,SCHEDULED,1631912400,HSL:9788K_20210917_La_2_1630,788K,HSL:9300207,Högvalla th
58080,58080,0,58080,58080,0,False,SCHEDULED,1631912400,HSL:9788B_20210917_La_1_1550,788B,HSL:9300206,Högvalla th
59400,59400,0,59400,59400,0,False,SCHEDULED,1631912400,HSL:9788K_20210917_La_2_1630,788K,HSL:9300201,Porvoo linja-autoas.
45600,45538,-62,45600,45539,-61,True,UPDATED,1631912400,HSL:9788K_20210917_La_2_1225,788K,HSL:9300203,Hinthaara
60300,60300,0,60300,60300,0,False,SCHEDULED,1631912400,HSL:9788K_20210917_La_2_1630,788K,HSL:9300203,Hinthaara
58020,58020,0,58020,58020,0,False,SCHEDULED,1631912400,HSL:9788B_20210917_La_1_1550,788B,HSL:9300202,Hinthaara
45960,45960,0,45960,45960,0,False,SCHEDULED,1631912400,HSL:4335B_20210917_La_1_1238,335B,HSL:4170247,Martinlaakson asema
46800,46806,6,46860,46902,42,True,UPDATED,1631912400,HSL:2436_20210917_La_1_1232,436,HSL:4170247,Martinlaakson asema
49560,49560,0,49560,49560,0,False,SCHEDULED,1631912400,HSL:4335B_20210917_La_1_1338,335B,HSL:4170247,Martinlaakson asema
50400,50400,0,50460,50460,0,False,SCHEDULED,1631912400,HSL:2436_20210917_La_1_1332,436,HSL:4170247,Martinlaakson asema
53160,53160,0,53160,53160,0,False,SCHEDULED,1631912400,HSL:4335B_20210917_La_1_1438,335B,HSL:4170247,Martinlaakson asema
47040,47040,0,47040,47040,0,False,SCHEDULED,1631912400,HSL:4571_20210917_La_2_1241,571,HSL:4170246,Martinlaakson asema
48840,48840,0,48840,48840,0,False,SCHEDULED,1631912400,HSL:4571_20210917_La_2_1311,571,HSL:4170246,Martinlaakson asema
50640,50640,0,50640,50640,0,False,SCHEDULED,1631912400,HSL:4571_20210917_La_2_1341,571,HSL:4170246,Martinlaakson asema
52440,52440,0,52440,52440,0,False,SCHEDULED,1631912400,HSL:4571_20210917_La_2_1411,571,HSL:4170246,Martinlaakson asema
54240,54240,0,54240,54240,0,False,SCHEDULED,1631912400,HSL:4571_20210917_La_2_1441,571,HSL:4170246,Martinlaakson asema
45900,45900,0,45900,45900,0,True,UPDATED,1631912400,HSL:4570_20210917_La_2_1145,570,HSL:4910216,Kuulakuja
46500,46531,31,46500,46531,31,True,UPDATED,1631912400,HSL:4570_20210917_La_2_1154,570,HSL:4910216,Kuulakuja
47100,47280,180,47100,47280,180,True,UPDATED,1631912400,HSL:4570_20210917_La_2_1204,570,HSL:4910216,Kuulakuja
47700,47759,59,47700,47759,59,True,UPDATED,1631912400,HSL:4570_20210917_La_2_1214,570,HSL:4910216,Kuulakuja
48060,48100,40,48060,48100,40,True,UPDATED,1631912400,HSL:4587_20210917_La_2_1234,587,HSL:4910216,Kuulakuja
46440,46766,326,46440,46793,353,True,UPDATED,1631912400,HSL:5565_20210917_La_2_1212,565,HSL:4170245,Martinlaakson asema
48300,48300,0,48300,48300,0,False,SCHEDULED,1631912400,HSL:5565_20210917_La_2_1242,565,HSL:4170245,Martinlaakson asema
48540,48540,0,48540,48540,0,False,SCHEDULED,1631912400,HSL:4574_20210917_La_2_1320,574,HSL:4170245,Martinlaakson asema
50100,50100,0,50100,50100,0,False,SCHEDULED,1631912400,HSL:5565_20210917_La_2_1312,565,HSL:4170245,Martinlaakson asema
51900,51900,0,51900,51900,0,False,SCHEDULED,1631912400,HSL:5565_20210917_La_2_1342,565,HSL:4170245,Martinlaakson asema
45360,45082,-278,45360,45360,0,True,UPDATED,1631912400,HSL:9963_20210917_La_2_1236,963,HSL:9040220,Keravan asema
45480,45480,0,45480,45480,0,False,SCHEDULED,1631912400,HSL:9975_20210917_La_1_1238,975,HSL:9040220,Keravan asema
46200,46200,0,46200,46200,0,False,SCHEDULED,1631912400,HSL:9641_20210917_La_2_1250,641,HSL:9040220,Keravan asema
46200,46200,0,46200,46200,0,False,SCHEDULED,1631912400,HSL:9973_20210917_La_2_1250,973,HSL:9040220,Keravan asema
47280,47280,0,47280,47280,0,False,SCHEDULED,1631912400,HSL:9975_20210917_La_1_1308,975,HSL:9040220,Keravan asema
45600,45539,-61,45600,45611,11,True,UPDATED,1631912400,HSL:4571_20210917_La_1_1159,571,HSL:4170244,Martinlaakson asema
45780,45780,0,45780,45780,0,True,UPDATED,1631912400,HSL:5565_20210917_La_1_1238,565,HSL:4170244,Martinlaakson asema
47400,47407,7,47400,47451,51,True,UPDATED,1631912400,HSL:4571_20210917_La_1_1228,571,HSL:4170244,Martinlaakson asema
47580,47580,0,47580,47580,0,False,SCHEDULED,1631912400,HSL:5565_20210917_La_1_1308,565,HSL:4170244,Martinlaakson asema
48180,48225,45,48180,48243,63,True,UPDATED,1631912400,HSL:4574_20210917_La_1_1233,574,HSL:4170244,Martinlaakson asema
45360,45360,0,45360,45360,0,False,SCHEDULED,1631912400,HSL:4587_20210917_La_1_1234,587,HSL:4910215,Kuulakuja
45420,45420,0,45420,45420,0,True,UPDATED,1631912400,HSL:4570_20210917_La_1_1235,570,HSL:4910215,Kuulakuja
46020,46020,0,46020,46020,0,False,SCHEDULED,1631912400,HSL:4570_20210917_La_1_1245,570,HSL:4910215,Kuulakuja
46620,46620,0,46620,46620,0,False,SCHEDULED,1631912400,HSL:4570_20210917_La_1_1255,570,HSL:4910215,Kuulakuja
47220,47220,0,47220,47220,0,False,SCHEDULED,1631912400,HSL:4570_20210917_La_1_1305,570,HSL:4910215,Kuulakuja
46440,46440,0,46440,46440,0,False,SCHEDULED,1631912400,HSL:4421_20210917_La_2_1254,421,HSL:4170243,Martinlaakson asema
48240,48240,0,48240,48240,0,False,SCHEDULED,1631912400,HSL:4421_20210917_La_2_1324,421,HSL:4170243,Martinlaakson asema
50040,50040,0,50040,50040,0,False,SCHEDULED,1631912400,HSL:4421_20210917_La_2_1354,421,HSL:4170243,Martinlaakson asema
51840,51840,0,51840,51840,0,False,SCHEDULED,1631912400,HSL:4421_20210917_La_2_1424,421,HSL:4170243,Martinlaakson asema
53640,53640,0,53640,53640,0,False,SCHEDULED,1631912400,HSL:4421_20210917_La_2_1454,421,HSL:4170243,Martinlaakson asema
48060,48100,40,48060,48100,40,True,UPDATED,1631912400,HSL:4587_20210917_La_2_1234,587,HSL:4910218,Keihästie
51720,51720,0,51720,51720,0,False,SCHEDULED,1631912400,HSL:4587_20210917_La_2_1334,587,HSL:4910218,Keihästie
55380,55380,0,55380,55380,0,False,SCHEDULED,1631912400,HSL:4587_20210917_La_2_1434,587,HSL:4910218,Keihästie
58920,58920,0,58920,58920,0,False,SCHEDULED,1631912400,HSL:4587_20210917_La_2_1534,587,HSL:4910218,Keihästie
62460,62460,0,62460,62460,0,False,SCHEDULED,1631912400,HSL:4587_20210917_La_2_1634,587,HSL:4910218,Keihästie
45480,45480,0,45480,45480,0,True,UPDATED,1631912400,HSL:5565_20210917_La_1_1238,565,HSL:4170242,Kivivuorentie
45720,45720,0,45720,45720,0,False,SCHEDULED,1631912400,HSL:4322_20210917_La_2_1242,322,HSL:4170242,Kivivuorentie
46980,47036,56,46980,47044,64,True,UPDATED,1631912400,HSL:2436_20210917_La_1_1232,436,HSL:4170242,Kivivuorentie
47280,47280,0,47280,47280,0,False,SCHEDULED,1631912400,HSL:5565_20210917_La_1_1308,565,HSL:4170242,Kivivuorentie
47940,47988,48,47940,47996,56,True,UPDATED,1631912400,HSL:4574_20210917_La_1_1233,574,HSL:4170242,Kivivuorentie
48900,48900,0,48900,48900,0,False,SCHEDULED,1631912400,HSL:4587_20210917_La_1_1334,587,HSL:4910217,Keihästie
52500,52500,0,52500,52500,0,False,SCHEDULED,1631912400,HSL:4587_20210917_La_1_1434,587,HSL:4910217,Keihästie
56100,56100,0,56100,56100,0,False,SCHEDULED,1631912400,HSL:4587_20210917_La_1_1534,587,HSL:4910217,Keihästie
59700,59700,0,59700,59700,0,False,SCHEDULED,1631912400,HSL:4587_20210917_La_1_1634,587,HSL:4910217,Keihästie
63300,63300,0,63300,63300,0,False,SCHEDULED,1631912400,HSL:4587_20210917_La_1_1734,587,HSL:4910217,Keihästie
44880,45520,640,44880,45526,646,True,UPDATED,1631912400,HSL:5565_20210917_La_2_1142,565,HSL:4170240,Kivivuorentie
46740,47084,344,46740,47098,358,True,UPDATED,1631912400,HSL:5565_20210917_La_2_1212,565,HSL:4170240,Kivivuorentie
48480,48480,0,48480,48480,0,False,SCHEDULED,1631912400,HSL:4322_20210917_La_1_1241,322,HSL:4170240,Kivivuorentie
48600,48600,0,48600,48600,0,False,SCHEDULED,1631912400,HSL:5565_20210917_La_2_1242,565,HSL:4170240,Kivivuorentie
50400,50400,0,50400,50400,0,False,SCHEDULED,1631912400,HSL:5565_20210917_La_2_1312,565,HSL:4170240,Kivivuorentie
45780,45780,0,45780,45780,0,False,SCHEDULED,1631912400,HSL:9978_20210917_La_2_1241,978,HSL:9040219,Kotopellonkatu
47100,47100,0,47100,47100,0,False,SCHEDULED,1631912400,HSL:9985_20210917_La_2_1303,985,HSL:9040219,Kotopellonkatu
47580,47580,0,47580,47580,0,False,SCHEDULED,1631912400,HSL:9978K_20210917_La_2_1311,978K,HSL:9040219,Kotopellonkatu
49440,49440,0,49440,49440,0,False,SCHEDULED,1631912400,HSL:9978_20210917_La_2_1341,978,HSL:9040219,Kotopellonkatu
50640,50640,0,50640,50640,0,False,SCHEDULED,1631912400,HSL:9985_20210917_La_2_1402,985,HSL:9040219,Kotopellonkatu
45900,45853,-47,45900,45855,-45,True,UPDATED,1631912400,HSL:9978_20210917_La_1_1233,978,HSL:9040218,Kotopellonkatu
46440,46456,16,46440,46494,54,True,UPDATED,1631912400,HSL:9985_20210917_La_1_1228,985,HSL:9040218,Kotopellonkatu
47700,47700,0,47700,47700,0,False,SCHEDULED,1631912400,HSL:9978_20210917_La_1_1303,978,HSL:9040218,Kotopellonkatu
49680,49680,0,49680,49680,0,False,SCHEDULED,1631912400,HSL:9978K_20210917_La_1_1333,978K,HSL:9040218,Kotopellonkatu
50460,50460,0,50460,50460,0,False,SCHEDULED,1631912400,HSL:9985_20210917_La_1_1335,985,HSL:9040218,Kotopellonkatu
45780,45780,0,45780,45780,0,False,SCHEDULED,1631912400,HSL:9978_20210917_La_2_1241,978,HSL:9040217,Porvoonkatu
47100,47100,0,47100,47100,0,False,SCHEDULED,1631912400,HSL:9985_20210917_La_2_1303,985,HSL:9040217,Porvoonkatu
47580,47580,0,47580,47580,0,False,SCHEDULED,1631912400,HSL:9978K_20210917_La_2_1311,978K,HSL:9040217,Porvoonkatu
49380,49380,0,49380,49380,0,False,SCHEDULED,1631912400,HSL:9978_20210917_La_2_1341,978,HSL:9040217,Porvoonkatu
50640,50640,0,50640,50640,0,False,SCHEDULED,1631912400,HSL:9985_20210917_La_2_1402,985,HSL:9040217,Porvoonkatu
45960,45898,-62,45960,45900,-60,True,UPDATED,1631912400,HSL:9978_20210917_La_1_1233,978,HSL:9040215,Porvoonkatu
46500,46497,-3,46500,46538,38,True,UPDATED,1631912400,HSL:9985_20210917_La_1_1228,985,HSL:9040215,Porvoonkatu
47760,47760,0,47760,47760,0,False,SCHEDULED,1631912400,HSL:9978_20210917_La_1_1303,978,HSL:9040215,Porvoonkatu
49740,49740,0,49740,49740,0,False,SCHEDULED,1631912400,HSL:9978K_20210917_La_1_1333,978K,HSL:9040215,Porvoonkatu
50520,50520,0,50520,50520,0,False,SCHEDULED,1631912400,HSL:9985_20210917_La_1_1335,985,HSL:9040215,Porvoonkatu
46740,46740,0,46740,46740,0,False,SCHEDULED,1631912400,HSL:4433K_20210917_La_1_1257,433K,HSL:4170239,Kivivuorentie
48900,48900,0,48900,48900,0,False,SCHEDULED,1631912400,HSL:4574_20210917_La_2_1320,574,HSL:4170239,Kivivuorentie
50340,50340,0,50340,50340,0,False,SCHEDULED,1631912400,HSL:4433K_20210917_La_1_1357,433K,HSL:4170239,Kivivuorentie
52500,52500,0,52500,52500,0,False,SCHEDULED,1631912400,HSL:4574_20210917_La_2_1420,574,HSL:4170239,Kivivuorentie
53940,53940,0,53940,53940,0,False,SCHEDULED,1631912400,HSL:4433K_20210917_La_1_1457,433K,HSL:4170239,Kivivuorentie
47880,47880,0,47880,47880,0,False,SCHEDULED,1631912400,HSL:9963_20210917_La_1_1300,963,HSL:9040214,Sibeliuksentie
51600,51600,0,51600,51600,0,False,SCHEDULED,1631912400,HSL:9963_20210917_La_1_1402,963,HSL:9040214,Sibeliuksentie
55200,55200,0,55200,55200,0,False,SCHEDULED,1631912400,HSL:9963_20210917_La_1_1502,963,HSL:9040214,Sibeliuksentie
58800,58800,0,58800,58800,0,False,SCHEDULED,1631912400,HSL:9963_20210917_La_1_1602,963,HSL:9040214,Sibeliuksentie
62340,62340,0,62340,62340,0,False,SCHEDULED,1631912400,HSL:9963_20210917_La_1_1702,963,HSL:9040214,Sibeliuksentie
45900,45909,9,45900,45910,10,True,UPDATED,1631912400,HSL:4433K_20210917_La_2_1220,433K,HSL:4170238,Kivivuorentie
46200,46205,5,46200,46205,5,True,UPDATED,1631912400,HSL:2436_20210917_La_2_1229,436,HSL:4170238,Kivivuorentie
49500,49500,0,49500,49500,0,False,SCHEDULED,1631912400,HSL:4433K_20210917_La_2_1320,433K,HSL:4170238,Kivivuorentie
49800,49800,0,49800,49800,0,False,SCHEDULED,1631912400,HSL:2436_20210917_La_2_1329,436,HSL:4170238,Kivivuorentie
53040,53040,0,53040,53040,0,False,SCHEDULED,1631912400,HSL:4433K_20210917_La_2_1420,433K,HSL:4170238,Kivivuorentie
45540,45540,0,45540,45540,0,False,SCHEDULED,1631912400,HSL:9976_20210917_La_1_1238,976,HSL:9040213,Paasikivenkatu
47340,47340,0,47340,47340,0,False,SCHEDULED,1631912400,HSL:9976_20210917_La_1_1308,976,HSL:9040213,Paasikivenkatu
49140,49140,0,49140,49140,0,False,SCHEDULED,1631912400,HSL:9976_20210917_La_1_1338,976,HSL:9040213,Paasikivenkatu
50940,50940,0,50940,50940,0,False,SCHEDULED,1631912400,HSL:9976_20210917_La_1_1408,976,HSL:9040213,Paasikivenkatu
52740,52740,0,52740,52740,0,False,SCHEDULED,1631912400,HSL:9976_20210917_La_1_1438,976,HSL:9040213,Paasikivenkatu
44820,45438,618,44820,45441,621,True,UPDATED,1631912400,HSL:5565_20210917_La_2_1142,565,HSL:4170237,Myllynkivenkuja
46140,46139,-1,46140,46139,-1,True,UPDATED,1631912400,HSL:2436_20210917_La_2_1229,436,HSL:4170237,Myllynkivenkuja
46680,46998,318,46680,46998,318,True,UPDATED,1631912400,HSL:5565_20210917_La_2_1212,565,HSL:4170237,Myllynkivenkuja
48420,48420,0,48420,48420,0,False,SCHEDULED,1631912400,HSL:4322_20210917_La_1_1241,322,HSL:4170237,Myllynkivenkuja
48540,48540,0,48540,48540,0,False,SCHEDULED,1631912400,HSL:5565_20210917_La_2_1242,565,HSL:4170237,Myllynkivenkuja
45540,45494,-46,45540,45497,-43,True,UPDATED,1631912400,HSL:4571_20210917_La_1_1159,571,HSL:4170258,Louhelantie
47340,47330,-10,47340,47333,-7,True,UPDATED,1631912400,HSL:4571_20210917_La_1_1228,571,HSL:4170258,Louhelantie
49140,49140,0,49140,49140,0,False,SCHEDULED,1631912400,HSL:4571_20210917_La_1_1258,571,HSL:4170258,Louhelantie
50940,50940,0,50940,50940,0,False,SCHEDULED,1631912400,HSL:4571_20210917_La_1_1328,571,HSL:4170258,Louhelantie
52740,52740,0,52740,52740,0,False,SCHEDULED,1631912400,HSL:4571_20210917_La_1_1358,571,HSL:4170258,Louhelantie
45360,45360,0,45360,45360,0,False,SCHEDULED,1631912400,HSL:4587_20210917_La_1_1234,587,HSL:4910203,Pallastunturintie
48960,48960,0,48960,48960,0,False,SCHEDULED,1631912400,HSL:4587_20210917_La_1_1334,587,HSL:4910203,Pallastunturintie
52560,52560,0,52560,52560,0,False,SCHEDULED,1631912400,HSL:4587_20210917_La_1_1434,587,HSL:4910203,Pallastunturintie
56160,56160,0,56160,56160,0,False,SCHEDULED,1631912400,HSL:4587_20210917_La_1_1534,587,HSL:4910203,Pallastunturintie
59760,59760,0,59760,59760,0,False,SCHEDULED,1631912400,HSL:4587_20210917_La_1_1634,587,HSL:4910203,Pallastunturintie
45720,45720,0,45720,45720,0,False,SCHEDULED,1631912400,HSL:9978_20210917_La_2_1241,978,HSL:9040210,Asemansilta
47040,47040,0,47040,47040,0,False,SCHEDULED,1631912400,HSL:9985_20210917_La_2_1303,985,HSL:9040210,Asemansilta
47520,47520,0,47520,47520,0,False,SCHEDULED,1631912400,HSL:9978K_20210917_La_2_1311,978K,HSL:9040210,Asemansilta
49320,49320,0,49320,49320,0,False,SCHEDULED,1631912400,HSL:9978_20210917_La_2_1341,978,HSL:9040210,Asemansilta
50580,50580,0,50580,50580,0,False,SCHEDULED,1631912400,HSL:9985_20210917_La_2_1402,985,HSL:9040210,Asemansilta
45420,45420,0,45420,45420,0,False,SCHEDULED,1631912400,HSL:4587_20210917_La_1_1234,587,HSL:4910205,Vartiotie
49020,49020,0,49020,49020,0,False,SCHEDULED,1631912400,HSL:4587_20210917_La_1_1334,587,HSL:4910205,Vartiotie
52620,52620,0,52620,52620,0,False,SCHEDULED,1631912400,HSL:4587_20210917_La_1_1434,587,HSL:4910205,Vartiotie
56220,56220,0,56220,56220,0,False,SCHEDULED,1631912400,HSL:4587_20210917_La_1_1534,587,HSL:4910205,Vartiotie
59820,59820,0,59820,59820,0,False,SCHEDULED,1631912400,HSL:4587_20210917_La_1_1634,587,HSL:4910205,Vartiotie
48000,48040,40,48000,48040,40,True,UPDATED,1631912400,HSL:4587_20210917_La_2_1234,587,HSL:4910204,Pallastunturintie
51660,51660,0,51660,51660,0,False,SCHEDULED,1631912400,HSL:4587_20210917_La_2_1334,587,HSL:4910204,Pallastunturintie
55320,55320,0,55320,55320,0,False,SCHEDULED,1631912400,HSL:4587_20210917_La_2_1434,587,HSL:4910204,Pallastunturintie
58860,58860,0,58860,58860,0,False,SCHEDULED,1631912400,HSL:4587_20210917_La_2_1534,587,HSL:4910204,Pallastunturintie
62400,62400,0,62400,62400,0,False,SCHEDULED,1631912400,HSL:4587_20210917_La_2_1634,587,HSL:4910204,Pallastunturintie
46440,46839,399,46440,46845,405,True,UPDATED,1631912400,HSL:6173_20210917_La_2_1202,173,HSL:6020210,Hulluksentie
48660,48660,0,48660,48660,0,False,SCHEDULED,1631912400,HSL:6171_20210917_La_2_1306,171,HSL:6020210,Hulluksentie
50100,50100,0,50100,50100,0,False,SCHEDULED,1631912400,HSL:6173_20210917_La_2_1301,173,HSL:6020210,Hulluksentie
52320,52320,0,52320,52320,0,False,SCHEDULED,1631912400,HSL:6171_20210917_La_2_1406,171,HSL:6020210,Hulluksentie
53700,53700,0,53700,53700,0,False,SCHEDULED,1631912400,HSL:6173_20210917_La_2_1401,173,HSL:6020210,Hulluksentie
46560,46994,434,46560,47004,444,True,UPDATED,1631912400,HSL:6173_20210917_La_2_1202,173,HSL:6020213,Sundetin puistotie
48780,48780,0,48780,48780,0,False,SCHEDULED,1631912400,HSL:6171_20210917_La_2_1306,171,HSL:6020213,Sundetin puistotie
50220,50220,0,50220,50220,0,False,SCHEDULED,1631912400,HSL:6173_20210917_La_2_1301,173,HSL:6020213,Sundetin puistotie
52440,52440,0,52440,52440,0,False,SCHEDULED,1631912400,HSL:6171_20210917_La_2_1406,171,HSL:6020213,Sundetin puistotie
53820,53820,0,53820,53820,0,False,SCHEDULED,1631912400,HSL:6173_20210917_La_2_1401,173,HSL:6020213,Sundetin puistotie
45360,45362,2,45360,45367,7,True,UPDATED,1631912400,HSL:6171_20210917_La_1_1216,171,HSL:6020214,Sundetin puistotie
47160,47160,0,47160,47160,0,False,SCHEDULED,1631912400,HSL:6173_20210917_La_1_1251,173,HSL:6020214,Sundetin puistotie
48840,48840,0,48840,48840,0,False,SCHEDULED,1631912400,HSL:6171_20210917_La_1_1313,171,HSL:6020214,Sundetin puistotie
50640,50640,0,50640,50640,0,False,SCHEDULED,1631912400,HSL:6173_20210917_La_1_1349,173,HSL:6020214,Sundetin puistotie
52440,52440,0,52440,52440,0,False,SCHEDULED,1631912400,HSL:6171_20210917_La_1_1413,171,HSL:6020214,Sundetin puistotie
46500,46901,401,46500,46917,417,True,UPDATED,1631912400,HSL:6173_20210917_La_2_1202,173,HSL:6020215,Masalan kirjasto
48720,48720,0,48720,48720,0,False,SCHEDULED,1631912400,HSL:6171_20210917_La_2_1306,171,HSL:6020215,Masalan kirjasto
50160,50160,0,50160,50160,0,False,SCHEDULED,1631912400,HSL:6173_20210917_La_2_1301,173,HSL:6020215,Masalan kirjasto
52380,52380,0,52380,52380,0,False,SCHEDULED,1631912400,HSL:6171_20210917_La_2_1406,171,HSL:6020215,Masalan kirjasto
53760,53760,0,53760,53760,0,False,SCHEDULED,1631912400,HSL:6173_20210917_La_2_1401,173,HSL:6020215,Masalan kirjasto
45420,45431,11,45420,45446,26,True,UPDATED,1631912400,HSL:6171_20210917_La_1_1216,171,HSL:6020216,Masalan kirjasto
47220,47220,0,47220,47220,0,False,SCHEDULED,1631912400,HSL:6173_20210917_La_1_1251,173,HSL:6020216,Masalan kirjasto
48900,48900,0,48900,48900,0,False,SCHEDULED,1631912400,HSL:6171_20210917_La_1_1313,171,HSL:6020216,Masalan kirjasto
50700,50700,0,50700,50700,0,False,SCHEDULED,1631912400,HSL:6173_20210917_La_1_1349,173,HSL:6020216,Masalan kirjasto
52500,52500,0,52500,52500,0,False,SCHEDULED,1631912400,HSL:6171_20210917_La_1_1413,171,HSL:6020216,Masalan kirjasto
45300,45391,91,45300,45391,91,True,UPDATED,1631912400,HSL:6171_20210917_La_2_1206,171,HSL:6020207,Sundsberginraitti
46680,47090,410,46680,47090,410,True,UPDATED,1631912400,HSL:6173_20210917_La_2_1202,173,HSL:6020207,Sundsberginraitti
48900,48900,0,48900,48900,0,False,SCHEDULED,1631912400,HSL:6171_20210917_La_2_1306,171,HSL:6020207,Sundsberginraitti
50340,50340,0,50340,50340,0,False,SCHEDULED,1631912400,HSL:6173_20210917_La_2_1301,173,HSL:6020207,Sundsberginraitti
52560,52560,0,52560,52560,0,False,SCHEDULED,1631912400,HSL:6171_20210917_La_2_1406,171,HSL:6020207,Sundsberginraitti
47100,47100,0,47100,47100,0,False,SCHEDULED,1631912400,HSL:6173_20210917_La_1_1251,173,HSL:6020208,Sundsberginraitti
48780,48780,0,48780,48780,0,False,SCHEDULED,1631912400,HSL:6171_20210917_La_1_1313,171,HSL:6020208,Sundsberginraitti
50580,50580,0,50580,50580,0,False,SCHEDULED,1631912400,HSL:6173_20210917_La_1_1349,173,HSL:6020208,Sundsberginraitti
52380,52380,0,52380,52380,0,False,SCHEDULED,1631912400,HSL:6171_20210917_La_1_1413,171,HSL:6020208,Sundsberginraitti
54120,54120,0,54120,54120,0,False,SCHEDULED,1631912400,HSL:6173_20210917_La_1_1448,173,HSL:6020208,Sundsberginraitti
45480,45516,36,45480,45521,41,True,UPDATED,1631912400,HSL:6171_20210917_La_1_1216,171,HSL:6020209,Hulluksentie
47280,47280,0,47280,47280,0,False,SCHEDULED,1631912400,HSL:6173_20210917_La_1_1251,173,HSL:6020209,Hulluksentie
48960,48960,0,48960,48960,0,False,SCHEDULED,1631912400,HSL:6171_20210917_La_1_1313,171,HSL:6020209,Hulluksentie
50760,50760,0,50760,50760,0,False,SCHEDULED,1631912400,HSL:6173_20210917_La_1_1349,173,HSL:6020209,Hulluksentie
52560,52560,0,52560,52560,0,False,SCHEDULED,1631912400,HSL:6171_20210917_La_1_1413,171,HSL:6020209,Hulluksentie
45960,45930,-30,45960,45944,-16,True,UPDATED,1631912400,HSL:9978_20210917_La_1_1233,978,HSL:9040209,Asemansilta
46500,46538,38,46500,46587,87,True,UPDATED,1631912400,HSL:9985_20210917_La_1_1228,985,HSL:9040209,Asemansilta
47760,47760,0,47760,47760,0,False,SCHEDULED,1631912400,HSL:9978_20210917_La_1_1303,978,HSL:9040209,Asemansilta
49740,49740,0,49740,49740,0,False,SCHEDULED,1631912400,HSL:9978K_20210917_La_1_1333,978K,HSL:9040209,Asemansilta
50520,50520,0,50520,50520,0,False,SCHEDULED,1631912400,HSL:9985_20210917_La_1_1335,985,HSL:9040209,Asemansilta
45480,45480,0,45480,45480,0,False,SCHEDULED,1631912400,HSL:9976_20210917_La_1_1238,976,HSL:9040208,Keravan asema
45660,45660,0,45660,45660,0,False,SCHEDULED,1631912400,HSL:9978_20210917_La_2_1241,978,HSL:9040208,Keravan asema
46980,46980,0,46980,46980,0,False,SCHEDULED,1631912400,HSL:9985_20210917_La_2_1303,985,HSL:9040208,Keravan asema
47280,47280,0,47280,47280,0,False,SCHEDULED,1631912400,HSL:9976_20210917_La_1_1308,976,HSL:9040208,Keravan asema
47460,47460,0,47460,47460,0,False,SCHEDULED,1631912400,HSL:9978K_20210917_La_2_1311,978K,HSL:9040208,Keravan asema
46680,46680,0,46680,46680,0,False,SCHEDULED,1631912400,HSL:9976_20210917_La_2_1251,976,HSL:9040207,Paasikivenkatu
48480,48480,0,48480,48480,0,False,SCHEDULED,1631912400,HSL:9976_20210917_La_2_1321,976,HSL:9040207,Paasikivenkatu
50280,50280,0,50280,50280,0,False,SCHEDULED,1631912400,HSL:9976_20210917_La_2_1351,976,HSL:9040207,Paasikivenkatu
52080,52080,0,52080,52080,0,False,SCHEDULED,1631912400,HSL:9976_20210917_La_2_1421,976,HSL:9040207,Paasikivenkatu
53880,53880,0,53880,53880,0,False,SCHEDULED,1631912400,HSL:9976_20210917_La_2_1451,976,HSL:9040207,Paasikivenkatu
45360,45415,55,45360,45431,71,True,UPDATED,1631912400,HSL:9975_20210917_La_2_1224,975,HSL:9040206,Keravanaukio
45720,45633,-87,45720,45644,-76,True,UPDATED,1631912400,HSL:9641_20210917_La_1_1150,641,HSL:9040206,Keravanaukio
45840,45840,0,45840,45840,0,False,SCHEDULED,1631912400,HSL:9973_20210917_La_1_1221,973,HSL:9040206,Keravanaukio
47160,47160,0,47160,47160,0,False,SCHEDULED,1631912400,HSL:9975_20210917_La_2_1254,975,HSL:9040206,Keravanaukio
47520,47519,-1,47520,47522,2,True,UPDATED,1631912400,HSL:9641_20210917_La_1_1220,641,HSL:9040206,Keravanaukio
45420,45420,0,45420,45420,0,True,UPDATED,1631912400,HSL:9963_20210917_La_2_1236,963,HSL:9040205,Keravanaukio
45540,45540,0,45540,45540,0,False,SCHEDULED,1631912400,HSL:9975_20210917_La_1_1238,975,HSL:9040205,Keravanaukio
46260,46260,0,46260,46260,0,False,SCHEDULED,1631912400,HSL:9641_20210917_La_2_1250,641,HSL:9040205,Keravanaukio
46260,46260,0,46260,46260,0,False,SCHEDULED,1631912400,HSL:9973_20210917_La_2_1250,973,HSL:9040205,Keravanaukio
47340,47340,0,47340,47340,0,False,SCHEDULED,1631912400,HSL:9975_20210917_La_1_1308,975,HSL:9040205,Keravanaukio
45360,45379,19,45360,45389,29,True,UPDATED,1631912400,HSL:9975_20210917_La_2_1224,975,HSL:9040204,Keravan tori
45720,45604,-116,45720,45610,-110,True,UPDATED,1631912400,HSL:9641_20210917_La_1_1150,641,HSL:9040204,Keravan tori
45840,45840,0,45840,45840,0,False,SCHEDULED,1631912400,HSL:9973_20210917_La_1_1221,973,HSL:9040204,Keravan tori
47160,47160,0,47160,47160,0,False,SCHEDULED,1631912400,HSL:9975_20210917_La_2_1254,975,HSL:9040204,Keravan tori
47520,47512,-8,47520,47519,-1,True,UPDATED,1631912400,HSL:9641_20210917_La_1_1220,641,HSL:9040204,Keravan tori
45480,45480,0,45480,45480,0,True,UPDATED,1631912400,HSL:9963_20210917_La_2_1236,963,HSL:9040203,Keravan tori
45600,45600,0,45600,45600,0,False,SCHEDULED,1631912400,HSL:9975_20210917_La_1_1238,975,HSL:9040203,Keravan tori
46320,46320,0,46320,46320,0,False,SCHEDULED,1631912400,HSL:9641_20210917_La_2_1250,641,HSL:9040203,Keravan tori
46320,46320,0,46320,46320,0,False,SCHEDULED,1631912400,HSL:9973_20210917_La_2_1250,973,HSL:9040203,Keravan tori
47400,47400,0,47400,47400,0,False,SCHEDULED,1631912400,HSL:9975_20210917_La_1_1308,975,HSL:9040203,Keravan tori
88680,88680,0,88680,88680,0,False,SCHEDULED,1631912400,HSL:1095N_20210917_La_1_2350,95N,HSL:4910201,Maalinauhantie
90420,90420,0,90420,90420,0,False,SCHEDULED,1631912400,HSL:1095N_20210917_La_1_2420,95N,HSL:4910201,Maalinauhantie
92220,92220,0,92220,92220,0,False,SCHEDULED,1631912400,HSL:1095N_20210917_La_1_2450,95N,HSL:4910201,Maalinauhantie
94020,94020,0,94020,94020,0,False,SCHEDULED,1631912400,HSL:1095N_20210917_La_1_2520,95N,HSL:4910201,Maalinauhantie
95820,95820,0,95820,95820,0,False,SCHEDULED,1631912400,HSL:1095N_20210917_La_1_2550,95N,HSL:4910201,Maalinauhantie
45600,45600,0,45600,45600,0,False,SCHEDULED,1631912400,HSL:9975_20210917_La_1_1238,975,HSL:9040201,Sirkushevoset
46380,46380,0,46380,46380,0,False,SCHEDULED,1631912400,HSL:9641_20210917_La_2_1250,641,HSL:9040201,Sirkushevoset
47400,47400,0,47400,47400,0,False,SCHEDULED,1631912400,HSL:9975_20210917_La_1_1308,975,HSL:9040201,Sirkushevoset
48180,48180,0,48180,48180,0,False,SCHEDULED,1631912400,HSL:9641_20210917_La_2_1320,641,HSL:9040201,Sirkushevoset
49200,49200,0,49200,49200,0,False,SCHEDULED,1631912400,HSL:9975_20210917_La_1_1338,975,HSL:9040201,Sirkushevoset
45960,46195,235,45960,46230,270,True,UPDATED,1631912400,HSL:4421_20210917_La_1_1212,421,HSL:4170248,Martinlaakson asema
46620,46620,0,46620,46620,0,False,SCHEDULED,1631912400,HSL:4433K_20210917_La_1_1257,433K,HSL:4170248,Martinlaakson asema
47820,47820,0,47820,47820,0,False,SCHEDULED,1631912400,HSL:4421_20210917_La_1_1242,421,HSL:4170248,Martinlaakson asema
49680,49680,0,49680,49680,0,False,SCHEDULED,1631912400,HSL:4421_20210917_La_1_1312,421,HSL:4170248,Martinlaakson asema
50220,50220,0,50220,50220,0,False,SCHEDULED,1631912400,HSL:4433K_20210917_La_1_1357,433K,HSL:4170248,Martinlaakson asema
45480,45700,220,45480,45707,227,True,UPDATED,1631912400,HSL:4421_20210917_La_1_1212,421,HSL:4170225,Lintukallionkuja
47340,47340,0,47340,47340,0,False,SCHEDULED,1631912400,HSL:4421_20210917_La_1_1242,421,HSL:4170225,Lintukallionkuja
49200,49200,0,49200,49200,0,False,SCHEDULED,1631912400,HSL:4421_20210917_La_1_1312,421,HSL:4170225,Lintukallionkuja
51000,51000,0,51000,51000,0,False,SCHEDULED,1631912400,HSL:4421_20210917_La_1_1342,421,HSL:4170225,Lintukallionkuja
52800,52800,0,52800,52800,0,False,SCHEDULED,1631912400,HSL:4421_20210917_La_1_1412,421,HSL:4170225,Lintukallionkuja
45300,45403,103,45300,45422,122,True,UPDATED,1631912400,HSL:4421_20210917_La_2_1225,421,HSL:4170224,Kukinkuja
47040,47040,0,47040,47040,0,False,SCHEDULED,1631912400,HSL:4421_20210917_La_2_1254,421,HSL:4170224,Kukinkuja
48840,48840,0,48840,48840,0,False,SCHEDULED,1631912400,HSL:4421_20210917_La_2_1324,421,HSL:4170224,Kukinkuja
50640,50640,0,50640,50640,0,False,SCHEDULED,1631912400,HSL:4421_20210917_La_2_1354,421,HSL:4170224,Kukinkuja
52440,52440,0,52440,52440,0,False,SCHEDULED,1631912400,HSL:4421_20210917_La_2_1424,421,HSL:4170224,Kukinkuja
45420,45655,235,45420,45664,244,True,UPDATED,1631912400,HSL:4421_20210917_La_1_1212,421,HSL:4170223,Kukinkuja
47280,47280,0,47280,47280,0,False,SCHEDULED,1631912400,HSL:4421_20210917_La_1_1242,421,HSL:4170223,Kukinkuja
49140,49140,0,49140,49140,0,False,SCHEDULED,1631912400,HSL:4421_20210917_La_1_1312,421,HSL:4170223,Kukinkuja
50940,50940,0,50940,50940,0,False,SCHEDULED,1631912400,HSL:4421_20210917_La_1_1342,421,HSL:4170223,Kukinkuja
52740,52740,0,52740,52740,0,False,SCHEDULED,1631912400,HSL:4421_20210917_La_1_1412,421,HSL:4170223,Kukinkuja
45720,45720,0,45720,45720,0,True,UPDATED,1631912400,HSL:5565_20210917_La_1_1238,565,HSL:4170222,Kivivuorenkuja
46020,45989,-31,46020,45990,-30,True,UPDATED,1631912400,HSL:4433K_20210917_La_2_1220,433K,HSL:4170222,Kivivuorenkuja
46260,46285,25,46260,46285,25,True,UPDATED,1631912400,HSL:2436_20210917_La_2_1229,436,HSL:4170222,Kivivuorenkuja
47520,47520,0,47520,47520,0,False,SCHEDULED,1631912400,HSL:5565_20210917_La_1_1308,565,HSL:4170222,Kivivuorenkuja
48180,48201,21,48180,48205,25,True,UPDATED,1631912400,HSL:4574_20210917_La_1_1233,574,HSL:4170222,Kivivuorenkuja
45720,45720,0,45720,45720,0,True,UPDATED,1631912400,HSL:5565_20210917_La_1_1238,565,HSL:4170220,Laajavuorentie
45960,45947,-13,45960,45948,-12,True,UPDATED,1631912400,HSL:4433K_20210917_La_2_1220,433K,HSL:4170220,Laajavuorentie
46260,46265,5,46260,46265,5,True,UPDATED,1631912400,HSL:2436_20210917_La_2_1229,436,HSL:4170220,Laajavuorentie
46860,46860,0,46860,46860,0,False,SCHEDULED,1631912400,HSL:4421_20210917_La_2_1254,421,HSL:4170220,Laajavuorentie
47520,47520,0,47520,47520,0,False,SCHEDULED,1631912400,HSL:5565_20210917_La_1_1308,565,HSL:4170220,Laajavuorentie
46740,47207,467,46740,47210,470,True,UPDATED,1631912400,HSL:6173_20210917_La_2_1202,173,HSL:6020201,Sarvvikinportti
48900,48900,0,48900,48900,0,False,SCHEDULED,1631912400,HSL:7192V_20210917_La_2_1315,192V,HSL:6020201,Sarvvikinportti
50400,50400,0,50400,50400,0,False,SCHEDULED,1631912400,HSL:6173_20210917_La_2_1301,173,HSL:6020201,Sarvvikinportti
53940,53940,0,53940,53940,0,False,SCHEDULED,1631912400,HSL:6173_20210917_La_2_1401,173,HSL:6020201,Sarvvikinportti
57480,57480,0,57480,57480,0,False,SCHEDULED,1631912400,HSL:6173_20210917_La_2_1502,173,HSL:6020201,Sarvvikinportti
47280,47280,0,47280,47280,0,False,SCHEDULED,1631912400,HSL:7192V_20210917_La_1_1240,192V,HSL:6020202,Sarvvikinportti
55740,55740,0,55740,55740,0,False,SCHEDULED,1631912400,HSL:7192T_20210917_La_1_1500,192T,HSL:6020202,Sarvvikinportti
64800,64800,0,64800,64800,0,False,SCHEDULED,1631912400,HSL:7192V_20210917_La_1_1740,192V,HSL:6020202,Sarvvikinportti
68760,68760,0,68760,68760,0,False,SCHEDULED,1631912400,HSL:7192T_20210917_La_1_1835,192T,HSL:6020202,Sarvvikinportti
84540,84540,0,84540,84540,0,False,SCHEDULED,1631912400,HSL:7192V_20210917_La_1_2305,192V,HSL:6020202,Sarvvikinportti
45780,45829,49,45780,45834,54,True,UPDATED,1631912400,HSL:2111_20210917_La_2_1223,111,HSL:2231207,Liinasaarentie
46680,46680,0,46680,46680,0,True,UPDATED,1631912400,HSL:2111_20210917_La_2_1238,111,HSL:2231207,Liinasaarentie
47580,47580,0,47580,47580,0,False,SCHEDULED,1631912400,HSL:2111_20210917_La_2_1253,111,HSL:2231207,Liinasaarentie
48540,48540,0,48540,48540,0,False,SCHEDULED,1631912400,HSL:2111_20210917_La_2_1308,111,HSL:2231207,Liinasaarentie
49440,49440,0,49440,49440,0,False,SCHEDULED,1631912400,HSL:2111_20210917_La_2_1323,111,HSL:2231207,Liinasaarentie
46080,46162,82,46080,46164,84,True,UPDATED,1631912400,HSL:2111_20210917_La_1_1230,111,HSL:2231206,Liinasaarentie
46980,46980,0,46980,46980,0,False,SCHEDULED,1631912400,HSL:2111_20210917_La_1_1245,111,HSL:2231206,Liinasaarentie
47880,47880,0,47880,47880,0,False,SCHEDULED,1631912400,HSL:2111_20210917_La_1_1300,111,HSL:2231206,Liinasaarentie
48780,48780,0,48780,48780,0,False,SCHEDULED,1631912400,HSL:2111_20210917_La_1_1315,111,HSL:2231206,Liinasaarentie
49680,49680,0,49680,49680,0,False,SCHEDULED,1631912400,HSL:2111_20210917_La_1_1330,111,HSL:2231206,Liinasaarentie
45840,45883,43,45840,45886,46,True,UPDATED,1631912400,HSL:2111_20210917_La_2_1223,111,HSL:2231205,Kuninkaanlahti
46740,46740,0,46740,46740,0,True,UPDATED,1631912400,HSL:2111_20210917_La_2_1238,111,HSL:2231205,Kuninkaanlahti
47640,47640,0,47640,47640,0,False,SCHEDULED,1631912400,HSL:2111_20210917_La_2_1253,111,HSL:2231205,Kuninkaanlahti
48600,48600,0,48600,48600,0,False,SCHEDULED,1631912400,HSL:2111_20210917_La_2_1308,111,HSL:2231205,Kuninkaanlahti
49500,49500,0,49500,49500,0,False,SCHEDULED,1631912400,HSL:2111_20210917_La_2_1323,111,HSL:2231205,Kuninkaanlahti
46080,46142,62,46080,46143,63,True,UPDATED,1631912400,HSL:2111_20210917_La_1_1230,111,HSL:2231204,Kuninkaanlahti
46980,46980,0,46980,46980,0,False,SCHEDULED,1631912400,HSL:2111_20210917_La_1_1245,111,HSL:2231204,Kuninkaanlahti
47880,47880,0,47880,47880,0,False,SCHEDULED,1631912400,HSL:2111_20210917_La_1_1300,111,HSL:2231204,Kuninkaanlahti
48780,48780,0,48780,48780,0,False,SCHEDULED,1631912400,HSL:2111_20210917_La_1_1315,111,HSL:2231204,Kuninkaanlahti
49680,49680,0,49680,49680,0,False,SCHEDULED,1631912400,HSL:2111_20210917_La_1_1330,111,HSL:2231204,Kuninkaanlahti
46020,46047,27,46020,46051,31,True,UPDATED,1631912400,HSL:2111_20210917_La_1_1230,111,HSL:2231203,Kuninkaansatama
46920,46920,0,46920,46920,0,False,SCHEDULED,1631912400,HSL:2111_20210917_La_1_1245,111,HSL:2231203,Kuninkaansatama
47820,47820,0,47820,47820,0,False,SCHEDULED,1631912400,HSL:2111_20210917_La_1_1300,111,HSL:2231203,Kuninkaansatama
48720,48720,0,48720,48720,0,False,SCHEDULED,1631912400,HSL:2111_20210917_La_1_1315,111,HSL:2231203,Kuninkaansatama
49620,49620,0,49620,49620,0,False,SCHEDULED,1631912400,HSL:2111_20210917_La_1_1330,111,HSL:2231203,Kuninkaansatama
49680,49680,0,49680,49680,0,False,SCHEDULED,1631912400,HSL:7192V_20210917_La_2_1315,192V,HSL:2231202,Westendinasema
61020,61020,0,61020,61020,0,False,SCHEDULED,1631912400,HSL:7192V_20210917_La_2_1623,192V,HSL:2231202,Westendinasema
64080,64080,0,64080,64080,0,False,SCHEDULED,1631912400,HSL:7192V_20210917_La_2_1715,192V,HSL:2231202,Westendinasema
82080,82080,0,82080,82080,0,False,SCHEDULED,1631912400,HSL:7192V_20210917_La_2_2215,192V,HSL:2231202,Westendinasema
84360,84360,0,84360,84360,0,False,SCHEDULED,1631912400,HSL:2147N_20210917_La_2_2304,147N,HSL:2231202,Westendinasema
49740,49740,0,49740,49740,0,False,SCHEDULED,1631912400,HSL:7192V_20210917_La_2_1315,192V,HSL:2231201,Karhusaari
61080,61080,0,61080,61080,0,False,SCHEDULED,1631912400,HSL:7192V_20210917_La_2_1623,192V,HSL:2231201,Karhusaari
64140,64140,0,64140,64140,0,False,SCHEDULED,1631912400,HSL:7192V_20210917_La_2_1715,192V,HSL:2231201,Karhusaari
82140,82140,0,82140,82140,0,False,SCHEDULED,1631912400,HSL:7192V_20210917_La_2_2215,192V,HSL:2231201,Karhusaari
84480,84480,0,84480,84480,0,False,SCHEDULED,1631912400,HSL:2147N_20210917_La_2_2304,147N,HSL:2231201,Karhusaari
44700,45343,643,44700,45347,647,True,UPDATED,1631912400,HSL:5565_20210917_La_2_1142,565,HSL:4170219,Raiviosuonmäki
45600,45828,228,45600,45828,228,True,UPDATED,1631912400,HSL:4421_20210917_La_1_1212,421,HSL:4170219,Raiviosuonmäki
46080,46080,0,46080,46080,0,False,SCHEDULED,1631912400,HSL:4335B_20210917_La_1_1238,335B,HSL:4170219,Raiviosuonmäki
46560,46908,348,46560,46911,351,True,UPDATED,1631912400,HSL:5565_20210917_La_2_1212,565,HSL:4170219,Raiviosuonmäki
47460,47460,0,47460,47460,0,False,SCHEDULED,1631912400,HSL:4421_20210917_La_1_1242,421,HSL:4170219,Raiviosuonmäki
45660,45660,0,45660,45660,0,True,UPDATED,1631912400,HSL:5565_20210917_La_1_1238,565,HSL:4170218,Raiviosuonmäki
46800,46800,0,46800,46800,0,False,SCHEDULED,1631912400,HSL:4421_20210917_La_2_1254,421,HSL:4170218,Raiviosuonmäki
47460,47460,0,47460,47460,0,False,SCHEDULED,1631912400,HSL:5565_20210917_La_1_1308,565,HSL:4170218,Raiviosuonmäki
48060,48104,44,48060,48108,48,True,UPDATED,1631912400,HSL:4574_20210917_La_1_1233,574,HSL:4170218,Raiviosuonmäki
48360,48360,0,48360,48360,0,False,SCHEDULED,1631912400,HSL:4335B_20210917_La_2_1311,335B,HSL:4170218,Raiviosuonmäki
44760,45378,618,44760,45389,629,True,UPDATED,1631912400,HSL:5565_20210917_La_2_1142,565,HSL:4170217,Laajavuorenkuja
45660,45905,245,45660,45918,258,True,UPDATED,1631912400,HSL:4421_20210917_La_1_1212,421,HSL:4170217,Laajavuorenkuja
46140,46140,0,46140,46140,0,False,SCHEDULED,1631912400,HSL:4335B_20210917_La_1_1238,335B,HSL:4170217,Laajavuorenkuja
46620,46934,314,46620,46952,332,True,UPDATED,1631912400,HSL:5565_20210917_La_2_1212,565,HSL:4170217,Laajavuorenkuja
47520,47520,0,47520,47520,0,False,SCHEDULED,1631912400,HSL:4421_20210917_La_1_1242,421,HSL:4170217,Laajavuorenkuja
45600,45600,0,45600,45600,0,True,UPDATED,1631912400,HSL:5565_20210917_La_1_1238,565,HSL:4170216,Laajavuorenkuja
46800,46800,0,46800,46800,0,False,SCHEDULED,1631912400,HSL:4421_20210917_La_2_1254,421,HSL:4170216,Laajavuorenkuja
47400,47400,0,47400,47400,0,False,SCHEDULED,1631912400,HSL:5565_20210917_La_1_1308,565,HSL:4170216,Laajavuorenkuja
48060,48084,24,48060,48097,37,True,UPDATED,1631912400,HSL:4574_20210917_La_1_1233,574,HSL:4170216,Laajavuorenkuja
48360,48360,0,48360,48360,0,False,SCHEDULED,1631912400,HSL:4335B_20210917_La_2_1311,335B,HSL:4170216,Laajavuorenkuja
46320,46300,-20,46320,46300,-20,True,UPDATED,1631912400,HSL:2436_20210917_La_2_1229,436,HSL:4170215,Martinlaakson asema
49920,49920,0,49920,49920,0,False,SCHEDULED,1631912400,HSL:2436_20210917_La_2_1329,436,HSL:4170215,Martinlaakson asema
53520,53520,0,53520,53520,0,False,SCHEDULED,1631912400,HSL:2436_20210917_La_2_1429,436,HSL:4170215,Martinlaakson asema
57120,57120,0,57120,57120,0,False,SCHEDULED,1631912400,HSL:2436_20210917_La_2_1529,436,HSL:4170215,Martinlaakson asema
60720,60720,0,60720,60720,0,False,SCHEDULED,1631912400,HSL:2436_20210917_La_2_1629,436,HSL:4170215,Martinlaakson asema
45540,45689,149,45540,45689,149,True,UPDATED,1631912400,HSL:1066_20210917_La_2_1222,66,HSL:1220108,Mäkelänrinne
45840,45779,-61,45840,45790,-50,True,UPDATED,1631912400,HSL:4623K_20210917_La_2_1203,623K,HSL:1220108,Mäkelänrinne
45660,45833,173,45660,45844,184,True,UPDATED,1631912400,HSL:1061_20210917_La_2_1211,61,HSL:1220108,Mäkelänrinne
45900,45933,33,45900,45944,44,True,UPDATED,1631912400,HSL:4611_20210917_La_2_1208,611,HSL:1220108,Mäkelänrinne
46080,46098,18,46080,46108,28,True,UPDATED,1631912400,HSL:1067_20210917_La_2_1224,67,HSL:1220108,Mäkelänrinne
45780,45780,0,45780,45780,0,False,SCHEDULED,1631912400,HSL:4322_20210917_La_2_1242,322,HSL:4170236,Myllynkivenkuja
45660,45927,267,45660,45927,267,True,UPDATED,1631912400,HSL:4421_20210917_La_1_1212,421,HSL:4170236,Myllynkivenkuja
46140,46140,0,46140,46140,0,False,SCHEDULED,1631912400,HSL:4335B_20210917_La_1_1238,335B,HSL:4170236,Myllynkivenkuja
47040,47093,53,47040,47099,59,True,UPDATED,1631912400,HSL:2436_20210917_La_1_1232,436,HSL:4170236,Myllynkivenkuja
47520,47520,0,47520,47520,0,False,SCHEDULED,1631912400,HSL:4421_20210917_La_1_1242,421,HSL:4170236,Myllynkivenkuja
45480,45451,-29,45480,45472,-8,True,UPDATED,1631912400,HSL:2510_20210917_La_1_1228,510,HSL:1220109,Sturenkatu
45960,45979,19,45960,46031,71,True,UPDATED,1631912400,HSL:1500_20210917_La_1_1225,500,HSL:1220109,Sturenkatu
46380,46380,0,46380,46380,0,False,SCHEDULED,1631912400,HSL:2510_20210917_La_1_1243,510,HSL:1220109,Sturenkatu
46860,46860,0,46860,46860,0,False,SCHEDULED,1631912400,HSL:1500_20210917_La_1_1240,500,HSL:1220109,Sturenkatu
47280,47280,0,47280,47280,0,False,SCHEDULED,1631912400,HSL:2510_20210917_La_1_1258,510,HSL:1220109,Sturenkatu
47880,47926,46,47880,47928,48,True,UPDATED,1631912400,HSL:4574_20210917_La_1_1233,574,HSL:4170234,Sanomala
51420,51420,0,51420,51420,0,False,SCHEDULED,1631912400,HSL:4574_20210917_La_1_1333,574,HSL:4170234,Sanomala
55020,55020,0,55020,55020,0,False,SCHEDULED,1631912400,HSL:4574_20210917_La_1_1433,574,HSL:4170234,Sanomala
58620,58620,0,58620,58620,0,False,SCHEDULED,1631912400,HSL:4574_20210917_La_1_1533,574,HSL:4170234,Sanomala
62220,62220,0,62220,62220,0,False,SCHEDULED,1631912400,HSL:4574_20210917_La_1_1633,574,HSL:4170234,Sanomala
45360,45350,-10,45360,45364,4,True,UPDATED,1631912400,HSL:1061_20210917_La_1_1222,61,HSL:1220106,Mäkelänrinne
45540,45679,139,45540,45698,158,True,UPDATED,1631912400,HSL:1066_20210917_La_1_1226,66,HSL:1220106,Mäkelänrinne
45900,46011,111,45900,46025,125,True,UPDATED,1631912400,HSL:1064_20210917_La_1_1232,64,HSL:1220106,Mäkelänrinne
46140,46140,0,46140,46140,0,False,SCHEDULED,1631912400,HSL:1067_20210917_La_1_1236,67,HSL:1220106,Mäkelänrinne
46380,46380,0,46380,46380,0,False,SCHEDULED,1631912400,HSL:1065_20210917_La_1_1240,65,HSL:1220106,Mäkelänrinne
45420,45361,-59,45420,45380,-40,True,UPDATED,1631912400,HSL:2510_20210917_La_1_1228,510,HSL:1220107,Fleminginkatu
45900,45885,-15,45900,45936,36,True,UPDATED,1631912400,HSL:1500_20210917_La_1_1225,500,HSL:1220107,Fleminginkatu
46320,46320,0,46320,46320,0,False,SCHEDULED,1631912400,HSL:2510_20210917_La_1_1243,510,HSL:1220107,Fleminginkatu
46800,46800,0,46800,46800,0,False,SCHEDULED,1631912400,HSL:1500_20210917_La_1_1240,500,HSL:1220107,Fleminginkatu
47220,47220,0,47220,47220,0,False,SCHEDULED,1631912400,HSL:2510_20210917_La_1_1258,510,HSL:1220107,Fleminginkatu
45360,45360,0,45360,45360,0,False,SCHEDULED,1631912400,HSL:4574_20210917_La_2_1221,574,HSL:4170233,Sanomala
48960,48960,0,48960,48960,0,False,SCHEDULED,1631912400,HSL:4574_20210917_La_2_1320,574,HSL:4170233,Sanomala
52560,52560,0,52560,52560,0,False,SCHEDULED,1631912400,HSL:4574_20210917_La_2_1420,574,HSL:4170233,Sanomala
56100,56100,0,56100,56100,0,False,SCHEDULED,1631912400,HSL:4574_20210917_La_2_1520,574,HSL:4170233,Sanomala
59760,59760,0,59760,59760,0,False,SCHEDULED,1631912400,HSL:4574_20210917_La_2_1621,574,HSL:4170233,Sanomala
45720,45999,279,45720,46001,281,True,UPDATED,1631912400,HSL:4421_20210917_La_1_1212,421,HSL:4170232,Martinkyläntie
47580,47580,0,47580,47580,0,False,SCHEDULED,1631912400,HSL:4421_20210917_La_1_1242,421,HSL:4170232,Martinkyläntie
49440,49440,0,49440,49440,0,False,SCHEDULED,1631912400,HSL:4421_20210917_La_1_1312,421,HSL:4170232,Martinkyläntie
51300,51300,0,51300,51300,0,False,SCHEDULED,1631912400,HSL:4421_20210917_La_1_1342,421,HSL:4170232,Martinkyläntie
53100,53100,0,53100,53100,0,False,SCHEDULED,1631912400,HSL:4421_20210917_La_1_1412,421,HSL:4170232,Martinkyläntie
45840,45840,0,45840,45840,0,False,SCHEDULED,1631912400,HSL:4322_20210917_La_2_1242,322,HSL:4170231,Martinkyläntie
49440,49440,0,49440,49440,0,False,SCHEDULED,1631912400,HSL:4322_20210917_La_2_1342,322,HSL:4170231,Martinkyläntie
53040,53040,0,53040,53040,0,False,SCHEDULED,1631912400,HSL:4322_20210917_La_2_1442,322,HSL:4170231,Martinkyläntie
56700,56700,0,56700,56700,0,False,SCHEDULED,1631912400,HSL:4322_20210917_La_2_1543,322,HSL:4170231,Martinkyläntie
60300,60300,0,60300,60300,0,False,SCHEDULED,1631912400,HSL:4322_20210917_La_2_1643,322,HSL:4170231,Martinkyläntie
46860,46860,0,46860,46860,0,False,SCHEDULED,1631912400,HSL:4421_20210917_La_2_1254,421,HSL:4170230,Metsikkötie
48660,48660,0,48660,48660,0,False,SCHEDULED,1631912400,HSL:4421_20210917_La_2_1324,421,HSL:4170230,Metsikkötie
50460,50460,0,50460,50460,0,False,SCHEDULED,1631912400,HSL:4421_20210917_La_2_1354,421,HSL:4170230,Metsikkötie
52260,52260,0,52260,52260,0,False,SCHEDULED,1631912400,HSL:4421_20210917_La_2_1424,421,HSL:4170230,Metsikkötie
54060,54060,0,54060,54060,0,False,SCHEDULED,1631912400,HSL:4421_20210917_La_2_1454,421,HSL:4170230,Metsikkötie
45240,45373,133,45240,45374,134,True,UPDATED,1631912400,HSL:4717_20210917_La_2_1150,717,HSL:1220104,Vallilan varikko
45600,45629,29,45600,45641,41,True,UPDATED,1631912400,HSL:1071_20210917_La_2_1212,71,HSL:1220104,Vallilan varikko
45540,45683,143,45540,45693,153,True,UPDATED,1631912400,HSL:1073_20210917_La_2_1201,73,HSL:1220104,Vallilan varikko
45900,45778,-122,45900,45778,-122,True,UPDATED,1631912400,HSL:4721_20210917_La_2_1200,721,HSL:1220104,Vallilan varikko
45780,45780,0,45780,45780,0,True,UPDATED,1631912400,HSL:1008X_20210917_La_2_1236,8X,HSL:1220104,Vallilan varikko
45180,45313,133,45180,45313,133,True,UPDATED,1631912400,HSL:1078_20210917_La_1_1221,78,HSL:1220105,Paavalinkirkko
45600,45600,0,45600,45600,0,False,SCHEDULED,1631912400,HSL:1008X_20210917_La_1_1227,8X,HSL:1220105,Paavalinkirkko
45600,45726,126,45600,45726,126,True,UPDATED,1631912400,HSL:1071_20210917_La_1_1228,71,HSL:1220105,Paavalinkirkko
45720,45850,130,45720,45869,149,True,UPDATED,1631912400,HSL:1073_20210917_La_1_1232,73,HSL:1220105,Paavalinkirkko
46200,46200,0,46200,46200,0,False,SCHEDULED,1631912400,HSL:1071_20210917_La_1_1238,71,HSL:1220105,Paavalinkirkko
45060,45330,270,45060,45341,281,True,UPDATED,1631912400,HSL:1071_20210917_La_2_1202,71,HSL:1220102,Ristikkokatu
45360,45456,96,45360,45468,108,True,UPDATED,1631912400,HSL:4717_20210917_La_2_1150,717,HSL:1220102,Ristikkokatu
45660,45672,12,45660,45672,12,True,UPDATED,1631912400,HSL:1071_20210917_La_2_1212,71,HSL:1220102,Ristikkokatu
45600,45725,125,45600,45737,137,True,UPDATED,1631912400,HSL:1073_20210917_La_2_1201,73,HSL:1220102,Ristikkokatu
45660,45823,163,45660,45836,176,True,UPDATED,1631912400,HSL:1075_20210917_La_2_1212,75,HSL:1220102,Ristikkokatu
45840,45972,132,45840,45994,154,True,UPDATED,1631912400,HSL:1064_20210917_La_1_1232,64,HSL:1220103,Hattulantie
46320,46320,0,46320,46320,0,False,SCHEDULED,1631912400,HSL:1065_20210917_La_1_1240,65,HSL:1220103,Hattulantie
46440,46440,0,46440,46440,0,False,SCHEDULED,1631912400,HSL:1061_20210917_La_1_1242,61,HSL:1220103,Hattulantie
47040,47040,0,47040,47040,0,False,SCHEDULED,1631912400,HSL:1064_20210917_La_1_1252,64,HSL:1220103,Hattulantie
47520,47520,0,47520,47520,0,False,SCHEDULED,1631912400,HSL:1065_20210917_La_1_1300,65,HSL:1220103,Hattulantie
45660,45659,-1,45660,45659,-1,True,UPDATED,1631912400,HSL:2550_20210917_La_1_1132,550,HSL:2231213,Westendinasema
45720,45836,116,45720,45841,121,True,UPDATED,1631912400,HSL:2510_20210917_La_1_1158,510,HSL:2231213,Westendinasema
46320,46275,-45,46320,46300,-20,True,UPDATED,1631912400,HSL:2550_20210917_La_1_1142,550,HSL:2231213,Westendinasema
46620,46814,194,46620,46814,194,True,UPDATED,1631912400,HSL:2510_20210917_La_1_1213,510,HSL:2231213,Westendinasema
46920,46883,-37,46920,46915,-5,True,UPDATED,1631912400,HSL:2550_20210917_La_1_1152,550,HSL:2231213,Westendinasema
45840,45899,59,45840,45907,67,True,UPDATED,1631912400,HSL:2111_20210917_La_2_1223,111,HSL:2231211,Kuninkaansatama
46740,46740,0,46740,46740,0,True,UPDATED,1631912400,HSL:2111_20210917_La_2_1238,111,HSL:2231211,Kuninkaansatama
47640,47640,0,47640,47640,0,False,SCHEDULED,1631912400,HSL:2111_20210917_La_2_1253,111,HSL:2231211,Kuninkaansatama
48600,48600,0,48600,48600,0,False,SCHEDULED,1631912400,HSL:2111_20210917_La_2_1308,111,HSL:2231211,Kuninkaansatama
49500,49500,0,49500,49500,0,False,SCHEDULED,1631912400,HSL:2111_20210917_La_2_1323,111,HSL:2231211,Kuninkaansatama
45780,45780,0,45780,45780,0,False,SCHEDULED,1631912400,HSL:9973_20210917_La_1_1221,973,HSL:9040226,Puuvalonaukio
47580,47580,0,47580,47580,0,False,SCHEDULED,1631912400,HSL:9973_20210917_La_1_1251,973,HSL:9040226,Puuvalonaukio
47940,47940,0,47940,47940,0,False,SCHEDULED,1631912400,HSL:9963_20210917_La_1_1300,963,HSL:9040226,Puuvalonaukio
49380,49380,0,49380,49380,0,False,SCHEDULED,1631912400,HSL:9973_20210917_La_1_1321,973,HSL:9040226,Puuvalonaukio
51180,51180,0,51180,51180,0,False,SCHEDULED,1631912400,HSL:9973_20210917_La_1_1351,973,HSL:9040226,Puuvalonaukio
45180,45322,142,45180,45329,149,True,UPDATED,1631912400,HSL:4421_20210917_La_2_1225,421,HSL:4170228,Kivimäenkuja
46920,46920,0,46920,46920,0,False,SCHEDULED,1631912400,HSL:4421_20210917_La_2_1254,421,HSL:4170228,Kivimäenkuja
48720,48720,0,48720,48720,0,False,SCHEDULED,1631912400,HSL:4421_20210917_La_2_1324,421,HSL:4170228,Kivimäenkuja
50520,50520,0,50520,50520,0,False,SCHEDULED,1631912400,HSL:4421_20210917_La_2_1354,421,HSL:4170228,Kivimäenkuja
52320,52320,0,52320,52320,0,False,SCHEDULED,1631912400,HSL:4421_20210917_La_2_1424,421,HSL:4170228,Kivimäenkuja
45480,45707,227,45480,45718,238,True,UPDATED,1631912400,HSL:4421_20210917_La_1_1212,421,HSL:4170227,Kivimäenkuja
47340,47340,0,47340,47340,0,False,SCHEDULED,1631912400,HSL:4421_20210917_La_1_1242,421,HSL:4170227,Kivimäenkuja
49200,49200,0,49200,49200,0,False,SCHEDULED,1631912400,HSL:4421_20210917_La_1_1312,421,HSL:4170227,Kivimäenkuja
51060,51060,0,51060,51060,0,False,SCHEDULED,1631912400,HSL:4421_20210917_La_1_1342,421,HSL:4170227,Kivimäenkuja
52860,52860,0,52860,52860,0,False,SCHEDULED,1631912400,HSL:4421_20210917_La_1_1412,421,HSL:4170227,Kivimäenkuja
45240,45356,116,45240,45365,125,True,UPDATED,1631912400,HSL:4421_20210917_La_2_1225,421,HSL:4170226,Lintukallionkuja
46980,46980,0,46980,46980,0,False,SCHEDULED,1631912400,HSL:4421_20210917_La_2_1254,421,HSL:4170226,Lintukallionkuja
48780,48780,0,48780,48780,0,False,SCHEDULED,1631912400,HSL:4421_20210917_La_2_1324,421,HSL:4170226,Lintukallionkuja
50580,50580,0,50580,50580,0,False,SCHEDULED,1631912400,HSL:4421_20210917_La_2_1354,421,HSL:4170226,Lintukallionkuja
52380,52380,0,52380,52380,0,False,SCHEDULED,1631912400,HSL:4421_20210917_La_2_1424,421,HSL:4170226,Lintukallionkuja
45180,45422,242,45180,45422,242,True,UPDATED,1631912400,HSL:4421_20210917_La_1_1212,421,HSL:1334128,Kappatie
46020,46020,0,46020,46020,0,False,SCHEDULED,1631912400,HSL:7456A_20210917_La_1_1230,456A,HSL:1334128,Kappatie
45720,46003,283,45720,46029,309,True,UPDATED,1631912400,HSL:4411_20210917_La_1_1222,411,HSL:1334128,Kappatie
46380,46424,44,46380,46429,49,True,UPDATED,1631912400,HSL:2436_20210917_La_1_1232,436,HSL:1334128,Kappatie
47040,47040,0,47040,47040,0,False,SCHEDULED,1631912400,HSL:4421_20210917_La_1_1242,421,HSL:1334128,Kappatie
45600,45713,113,45600,45715,115,True,UPDATED,1631912400,HSL:4421_20210917_La_2_1225,421,HSL:1334127,Kalannintie
46200,46200,0,46200,46200,0,False,SCHEDULED,1631912400,HSL:4411_20210917_La_2_1235,411,HSL:1334127,Kalannintie
46800,46870,70,46800,46870,70,True,UPDATED,1631912400,HSL:2436_20210917_La_2_1229,436,HSL:1334127,Kalannintie
47040,47040,0,47040,47040,0,False,SCHEDULED,1631912400,HSL:7465_20210917_La_2_1245,465,HSL:1334127,Kalannintie
47340,47340,0,47340,47340,0,False,SCHEDULED,1631912400,HSL:4421_20210917_La_2_1254,421,HSL:1334127,Kalannintie
45120,45361,241,45120,45361,241,True,UPDATED,1631912400,HSL:4421_20210917_La_1_1212,421,HSL:1334126,Kalannintie
45960,45960,0,45960,45960,0,False,SCHEDULED,1631912400,HSL:7456A_20210917_La_1_1230,456A,HSL:1334126,Kalannintie
45660,45951,291,45660,45975,315,True,UPDATED,1631912400,HSL:4411_20210917_La_1_1222,411,HSL:1334126,Kalannintie
46320,46371,51,46320,46375,55,True,UPDATED,1631912400,HSL:2436_20210917_La_1_1232,436,HSL:1334126,Kalannintie
46980,46980,0,46980,46980,0,False,SCHEDULED,1631912400,HSL:4421_20210917_La_1_1242,421,HSL:1334126,Kalannintie
45840,45688,-152,45840,45693,-147,True,UPDATED,1631912400,HSL:1042_20210917_La_1_1217,42,HSL:1334123,Perhekunnantie
47040,47040,0,47040,47040,0,False,SCHEDULED,1631912400,HSL:1042_20210917_La_1_1237,42,HSL:1334123,Perhekunnantie
47520,47520,0,47520,47520,0,False,SCHEDULED,1631912400,HSL:1036_20210917_La_2_1300,36,HSL:1334123,Perhekunnantie
48240,48240,0,48240,48240,0,False,SCHEDULED,1631912400,HSL:1042_20210917_La_1_1257,42,HSL:1334123,Perhekunnantie
49440,49440,0,49440,49440,0,False,SCHEDULED,1631912400,HSL:1042_20210917_La_1_1317,42,HSL:1334123,Perhekunnantie
45840,45939,99,45840,45939,99,True,UPDATED,1631912400,HSL:9642_20210917_La_1_1216,642,HSL:9650109,Hyrylä
48720,48720,0,48720,48720,0,False,SCHEDULED,1631912400,HSL:9665K_20210917_La_2_1248,665K,HSL:9650109,Hyrylä
49500,49500,0,49500,49500,0,False,SCHEDULED,1631912400,HSL:9642_20210917_La_1_1316,642,HSL:9650109,Hyrylä
52320,52320,0,52320,52320,0,False,SCHEDULED,1631912400,HSL:9665K_20210917_La_2_1348,665K,HSL:9650109,Hyrylä
53100,53100,0,53100,53100,0,False,SCHEDULED,1631912400,HSL:9642_20210917_La_1_1416,642,HSL:9650109,Hyrylä
45660,45766,106,45660,45774,114,True,UPDATED,1631912400,HSL:1021_20210917_La_2_1230,21,HSL:1310141,Pajalahdentie
46260,46260,0,46260,46260,0,False,SCHEDULED,1631912400,HSL:1021_20210917_La_2_1240,21,HSL:1310141,Pajalahdentie
46860,46860,0,46860,46860,0,False,SCHEDULED,1631912400,HSL:1021_20210917_La_2_1250,21,HSL:1310141,Pajalahdentie
47460,47460,0,47460,47460,0,False,SCHEDULED,1631912400,HSL:1021_20210917_La_2_1300,21,HSL:1310141,Pajalahdentie
48060,48060,0,48060,48060,0,False,SCHEDULED,1631912400,HSL:1021_20210917_La_2_1310,21,HSL:1310141,Pajalahdentie
45480,45571,91,45480,45575,95,True,UPDATED,1631912400,HSL:1021_20210917_La_1_1230,21,HSL:1310140,Pajalahdentie
46080,46080,0,46080,46080,0,False,SCHEDULED,1631912400,HSL:1021_20210917_La_1_1240,21,HSL:1310140,Pajalahdentie
46680,46680,0,46680,46680,0,False,SCHEDULED,1631912400,HSL:1021_20210917_La_1_1250,21,HSL:1310140,Pajalahdentie
47280,47280,0,47280,47280,0,False,SCHEDULED,1631912400,HSL:1021_20210917_La_1_1300,21,HSL:1310140,Pajalahdentie
47880,47880,0,47880,47880,0,False,SCHEDULED,1631912400,HSL:1021_20210917_La_1_1310,21,HSL:1310140,Pajalahdentie
45960,46456,496,45960,46456,496,True,UPDATED,1631912400,HSL:1052_20210917_La_2_1200,52,HSL:1334103,Paletinkierto
46560,46588,28,46560,46588,28,True,UPDATED,1631912400,HSL:1052_20210917_La_2_1210,52,HSL:1334103,Paletinkierto
47160,47239,79,47160,47239,79,True,UPDATED,1631912400,HSL:1052_20210917_La_2_1220,52,HSL:1334103,Paletinkierto
47760,47800,40,47760,47800,40,True,UPDATED,1631912400,HSL:1052_20210917_La_2_1230,52,HSL:1334103,Paletinkierto
48360,48360,0,48360,48360,0,False,SCHEDULED,1631912400,HSL:1052_20210917_La_2_1240,52,HSL:1334103,Paletinkierto
45600,45667,67,45600,45707,107,True,UPDATED,1631912400,HSL:1021_20210917_La_2_1230,21,HSL:1310143,Heikkiläntie
46200,46200,0,46200,46200,0,False,SCHEDULED,1631912400,HSL:1021_20210917_La_2_1240,21,HSL:1310143,Heikkiläntie
46800,46800,0,46800,46800,0,False,SCHEDULED,1631912400,HSL:1021_20210917_La_2_1250,21,HSL:1310143,Heikkiläntie
47400,47400,0,47400,47400,0,False,SCHEDULED,1631912400,HSL:1021_20210917_La_2_1300,21,HSL:1310143,Heikkiläntie
48000,48000,0,48000,48000,0,False,SCHEDULED,1631912400,HSL:1021_20210917_La_2_1310,21,HSL:1310143,Heikkiläntie
45540,45540,0,45540,45540,0,False,SCHEDULED,1631912400,HSL:1052_20210917_La_1_1236,52,HSL:1334102,Vanhempientie
46140,46140,0,46140,46140,0,False,SCHEDULED,1631912400,HSL:1052_20210917_La_1_1246,52,HSL:1334102,Vanhempientie
46740,46740,0,46740,46740,0,False,SCHEDULED,1631912400,HSL:1052_20210917_La_1_1256,52,HSL:1334102,Vanhempientie
47340,47340,0,47340,47340,0,False,SCHEDULED,1631912400,HSL:1052_20210917_La_1_1306,52,HSL:1334102,Vanhempientie
47940,47940,0,47940,47940,0,False,SCHEDULED,1631912400,HSL:1052_20210917_La_1_1316,52,HSL:1334102,Vanhempientie
45540,45605,65,45540,45609,69,True,UPDATED,1631912400,HSL:1021_20210917_La_1_1230,21,HSL:1310142,Heikkiläntie
46140,46140,0,46140,46140,0,False,SCHEDULED,1631912400,HSL:1021_20210917_La_1_1240,21,HSL:1310142,Heikkiläntie
46740,46740,0,46740,46740,0,False,SCHEDULED,1631912400,HSL:1021_20210917_La_1_1250,21,HSL:1310142,Heikkiläntie
47340,47340,0,47340,47340,0,False,SCHEDULED,1631912400,HSL:1021_20210917_La_1_1300,21,HSL:1310142,Heikkiläntie
47940,47940,0,47940,47940,0,False,SCHEDULED,1631912400,HSL:1021_20210917_La_1_1310,21,HSL:1310142,Heikkiläntie
45480,45565,85,45480,45580,100,True,UPDATED,1631912400,HSL:1021_20210917_La_2_1230,21,HSL:1310145,Vattuniemenkuja
46080,46080,0,46080,46080,0,False,SCHEDULED,1631912400,HSL:1021_20210917_La_2_1240,21,HSL:1310145,Vattuniemenkuja
46680,46680,0,46680,46680,0,False,SCHEDULED,1631912400,HSL:1021_20210917_La_2_1250,21,HSL:1310145,Vattuniemenkuja
47280,47280,0,47280,47280,0,False,SCHEDULED,1631912400,HSL:1021_20210917_La_2_1300,21,HSL:1310145,Vattuniemenkuja
47880,47880,0,47880,47880,0,False,SCHEDULED,1631912400,HSL:1021_20210917_La_2_1310,21,HSL:1310145,Vattuniemenkuja
46560,46497,-63,46560,46499,-61,True,UPDATED,1631912400,HSL:9641_20210917_La_1_1220,641,HSL:9650110,Varuskunta
48360,48360,0,48360,48360,0,False,SCHEDULED,1631912400,HSL:9641_20210917_La_1_1250,641,HSL:9650110,Varuskunta
50160,50160,0,50160,50160,0,False,SCHEDULED,1631912400,HSL:9641_20210917_La_1_1320,641,HSL:9650110,Varuskunta
51960,51960,0,51960,51960,0,False,SCHEDULED,1631912400,HSL:9641_20210917_La_1_1350,641,HSL:9650110,Varuskunta
53760,53760,0,53760,53760,0,False,SCHEDULED,1631912400,HSL:9641_20210917_La_1_1420,641,HSL:9650110,Varuskunta
45480,45521,41,45480,45541,61,True,UPDATED,1631912400,HSL:1021_20210917_La_2_1230,21,HSL:1310146,Nahkahousuntie
46080,46080,0,46080,46080,0,False,SCHEDULED,1631912400,HSL:1021_20210917_La_2_1240,21,HSL:1310146,Nahkahousuntie
46680,46680,0,46680,46680,0,False,SCHEDULED,1631912400,HSL:1021_20210917_La_2_1250,21,HSL:1310146,Nahkahousuntie
47280,47280,0,47280,47280,0,False,SCHEDULED,1631912400,HSL:1021_20210917_La_2_1300,21,HSL:1310146,Nahkahousuntie
47880,47880,0,47880,47880,0,False,SCHEDULED,1631912400,HSL:1021_20210917_La_2_1310,21,HSL:1310146,Nahkahousuntie
45480,45541,61,45480,45543,63,True,UPDATED,1631912400,HSL:9641_20210917_La_2_1220,641,HSL:9650111,Varuskunta
47280,47280,0,47280,47280,0,False,SCHEDULED,1631912400,HSL:9641_20210917_La_2_1250,641,HSL:9650111,Varuskunta
49080,49080,0,49080,49080,0,False,SCHEDULED,1631912400,HSL:9641_20210917_La_2_1320,641,HSL:9650111,Varuskunta
50880,50880,0,50880,50880,0,False,SCHEDULED,1631912400,HSL:9641_20210917_La_2_1350,641,HSL:9650111,Varuskunta
52680,52680,0,52680,52680,0,False,SCHEDULED,1631912400,HSL:9641_20210917_La_2_1420,641,HSL:9650111,Varuskunta
45060,45531,471,45060,45534,474,True,UPDATED,1631912400,HSL:1042_20210917_La_2_1226,42,HSL:1334116,Keriharju
45660,45582,-78,45660,45582,-78,True,UPDATED,1631912400,HSL:1036_20210917_La_1_1200,36,HSL:1334116,Keriharju
46260,46260,0,46260,46260,0,False,SCHEDULED,1631912400,HSL:1042_20210917_La_2_1246,42,HSL:1334116,Keriharju
47460,47460,0,47460,47460,0,False,SCHEDULED,1631912400,HSL:1042_20210917_La_2_1306,42,HSL:1334116,Keriharju
48660,48660,0,48660,48660,0,False,SCHEDULED,1631912400,HSL:1042_20210917_La_2_1326,42,HSL:1334116,Keriharju
45840,45704,-136,45840,45704,-136,True,UPDATED,1631912400,HSL:1042_20210917_La_1_1217,42,HSL:1334115,Keriharju
47040,47040,0,47040,47040,0,False,SCHEDULED,1631912400,HSL:1042_20210917_La_1_1237,42,HSL:1334115,Keriharju
47580,47580,0,47580,47580,0,False,SCHEDULED,1631912400,HSL:1036_20210917_La_2_1300,36,HSL:1334115,Keriharju
48240,48240,0,48240,48240,0,False,SCHEDULED,1631912400,HSL:1042_20210917_La_1_1257,42,HSL:1334115,Keriharju
49440,49440,0,49440,49440,0,False,SCHEDULED,1631912400,HSL:1042_20210917_La_1_1317,42,HSL:1334115,Keriharju
45480,45285,-195,45480,45480,0,True,UPDATED,1631912400,HSL:9642_20210917_La_2_1238,642,HSL:9650123,Hyrylä
46560,46560,0,46560,46560,0,False,SCHEDULED,1631912400,HSL:9665K_20210917_La_1_1256,665K,HSL:9650123,Hyrylä
49080,49080,0,49080,49080,0,False,SCHEDULED,1631912400,HSL:9642_20210917_La_2_1338,642,HSL:9650123,Hyrylä
50160,50160,0,50160,50160,0,False,SCHEDULED,1631912400,HSL:9665K_20210917_La_1_1356,665K,HSL:9650123,Hyrylä
52680,52680,0,52680,52680,0,False,SCHEDULED,1631912400,HSL:9642_20210917_La_2_1438,642,HSL:9650123,Hyrylä
46260,46260,0,46260,46260,0,True,UPDATED,1631912400,HSL:9963_20210917_La_2_1236,963,HSL:9650124,Hyrylä
49980,49980,0,49980,49980,0,False,SCHEDULED,1631912400,HSL:9963_20210917_La_2_1338,963,HSL:9650124,Hyrylä
53580,53580,0,53580,53580,0,False,SCHEDULED,1631912400,HSL:9963_20210917_La_2_1438,963,HSL:9650124,Hyrylä
57180,57180,0,57180,57180,0,False,SCHEDULED,1631912400,HSL:9963_20210917_La_2_1538,963,HSL:9650124,Hyrylä
60780,60780,0,60780,60780,0,False,SCHEDULED,1631912400,HSL:9963_20210917_La_2_1638,963,HSL:9650124,Hyrylä
45300,45281,-19,45420,45478,58,True,UPDATED,1631912400,HSL:9641_20210917_La_2_1220,641,HSL:9650121,Hyrylä
47100,47100,0,47220,47220,0,False,SCHEDULED,1631912400,HSL:9641_20210917_La_2_1250,641,HSL:9650121,Hyrylä
48900,48900,0,49020,49020,0,False,SCHEDULED,1631912400,HSL:9641_20210917_La_2_1320,641,HSL:9650121,Hyrylä
50700,50700,0,50820,50820,0,False,SCHEDULED,1631912400,HSL:9641_20210917_La_2_1350,641,HSL:9650121,Hyrylä
52500,52500,0,52620,52620,0,False,SCHEDULED,1631912400,HSL:9641_20210917_La_2_1420,641,HSL:9650121,Hyrylä
46620,46572,-48,46740,46761,21,True,UPDATED,1631912400,HSL:9641_20210917_La_1_1220,641,HSL:9650122,Hyrylä
47100,47100,0,47160,47160,0,False,SCHEDULED,1631912400,HSL:9963_20210917_La_1_1300,963,HSL:9650122,Hyrylä
48420,48420,0,48540,48540,0,False,SCHEDULED,1631912400,HSL:9641_20210917_La_1_1250,641,HSL:9650122,Hyrylä
50220,50220,0,50340,50340,0,False,SCHEDULED,1631912400,HSL:9641_20210917_La_1_1320,641,HSL:9650122,Hyrylä
50820,50820,0,50880,50880,0,False,SCHEDULED,1631912400,HSL:9963_20210917_La_1_1402,963,HSL:9650122,Hyrylä
45660,45592,-68,45660,45593,-67,True,UPDATED,1631912400,HSL:1036_20210917_La_1_1200,36,HSL:1334166,Perhekunnantie
47340,47340,0,47340,47340,0,False,SCHEDULED,1631912400,HSL:1036_20210917_La_2_1300,36,HSL:1334166,Perhekunnantie
52860,52860,0,52860,52860,0,False,SCHEDULED,1631912400,HSL:1036_20210917_La_1_1400,36,HSL:1334166,Perhekunnantie
54540,54540,0,54540,54540,0,False,SCHEDULED,1631912400,HSL:1036_20210917_La_2_1500,36,HSL:1334166,Perhekunnantie
60000,60000,0,60000,60000,0,False,SCHEDULED,1631912400,HSL:1036_20210917_La_1_1600,36,HSL:1334166,Perhekunnantie
45720,45835,115,45720,45843,123,True,UPDATED,1631912400,HSL:4631_20210917_La_2_1215,631,HSL:4650206,Vanamontie
46080,46077,-3,46080,46083,3,True,UPDATED,1631912400,HSL:4574_20210917_La_1_1233,574,HSL:4650206,Vanamontie
46980,47006,26,46980,47012,32,True,UPDATED,1631912400,HSL:9641_20210917_La_2_1220,641,HSL:4650206,Vanamontie
47520,47520,0,47520,47520,0,False,SCHEDULED,1631912400,HSL:4631_20210917_La_2_1245,631,HSL:4650206,Vanamontie
47760,47760,0,47760,47760,0,False,SCHEDULED,1631912400,HSL:4623K_20210917_La_2_1303,623K,HSL:4650206,Vanamontie
45420,45502,82,45420,45507,87,True,UPDATED,1631912400,HSL:4623K_20210917_La_1_1202,623K,HSL:4650205,Vanamontie
45900,45966,66,45900,45966,66,True,UPDATED,1631912400,HSL:4631_20210917_La_1_1234,631,HSL:4650205,Vanamontie
46800,46800,0,46800,46800,0,False,SCHEDULED,1631912400,HSL:9641_20210917_La_1_1250,641,HSL:4650205,Vanamontie
46920,46920,0,46920,46920,0,False,SCHEDULED,1631912400,HSL:4619_20210917_La_2_1259,619,HSL:4650205,Vanamontie
47100,47100,0,47100,47100,0,False,SCHEDULED,1631912400,HSL:4574_20210917_La_2_1221,574,HSL:4650205,Vanamontie
46260,46260,0,46260,46260,0,True,UPDATED,1631912400,HSL:9963_20210917_La_2_1236,963,HSL:9650102,Keskari
47040,47040,0,47040,47040,0,False,SCHEDULED,1631912400,HSL:9641_20210917_La_2_1250,641,HSL:9650102,Keskari
48660,48660,0,48660,48660,0,False,SCHEDULED,1631912400,HSL:9665K_20210917_La_2_1248,665K,HSL:9650102,Keskari
48840,48840,0,48840,48840,0,False,SCHEDULED,1631912400,HSL:9641_20210917_La_2_1320,641,HSL:9650102,Keskari
49980,49980,0,49980,49980,0,False,SCHEDULED,1631912400,HSL:9963_20210917_La_2_1338,963,HSL:9650102,Keskari
45780,45916,136,45780,45916,136,True,UPDATED,1631912400,HSL:4631_20210917_La_2_1215,631,HSL:4650204,Simonkallion koulu
46140,46129,-11,46140,46147,7,True,UPDATED,1631912400,HSL:4574_20210917_La_1_1233,574,HSL:4650204,Simonkallion koulu
47040,47045,5,47040,47062,22,True,UPDATED,1631912400,HSL:9641_20210917_La_2_1220,641,HSL:4650204,Simonkallion koulu
47580,47580,0,47580,47580,0,False,SCHEDULED,1631912400,HSL:4631_20210917_La_2_1245,631,HSL:4650204,Simonkallion koulu
47820,47820,0,47820,47820,0,False,SCHEDULED,1631912400,HSL:4623K_20210917_La_2_1303,623K,HSL:4650204,Simonkallion koulu
45420,45459,39,45420,45468,48,True,UPDATED,1631912400,HSL:4623K_20210917_La_1_1202,623K,HSL:4650203,Simonmetsä
45840,45913,73,45840,45913,73,True,UPDATED,1631912400,HSL:4631_20210917_La_1_1234,631,HSL:4650203,Simonmetsä
46740,46740,0,46740,46740,0,False,SCHEDULED,1631912400,HSL:9641_20210917_La_1_1250,641,HSL:4650203,Simonmetsä
47040,47040,0,47040,47040,0,False,SCHEDULED,1631912400,HSL:4574_20210917_La_2_1221,574,HSL:4650203,Simonmetsä
47640,47640,0,47640,47640,0,False,SCHEDULED,1631912400,HSL:4631_20210917_La_1_1304,631,HSL:4650203,Simonmetsä
45600,45600,0,45600,45600,0,False,SCHEDULED,1631912400,HSL:1052_20210917_La_1_1236,52,HSL:1334175,Kuopuksentie
46200,46200,0,46200,46200,0,False,SCHEDULED,1631912400,HSL:1052_20210917_La_1_1246,52,HSL:1334175,Kuopuksentie
46800,46800,0,46800,46800,0,False,SCHEDULED,1631912400,HSL:1052_20210917_La_1_1256,52,HSL:1334175,Kuopuksentie
47400,47400,0,47400,47400,0,False,SCHEDULED,1631912400,HSL:1052_20210917_La_1_1306,52,HSL:1334175,Kuopuksentie
48000,48000,0,48000,48000,0,False,SCHEDULED,1631912400,HSL:1052_20210917_La_1_1316,52,HSL:1334175,Kuopuksentie
45840,46336,496,45840,46336,496,True,UPDATED,1631912400,HSL:1052_20210917_La_2_1200,52,HSL:1334174,Kuopuksentie
46440,46468,28,46440,46468,28,True,UPDATED,1631912400,HSL:1052_20210917_La_2_1210,52,HSL:1334174,Kuopuksentie
47040,47119,79,47040,47119,79,True,UPDATED,1631912400,HSL:1052_20210917_La_2_1220,52,HSL:1334174,Kuopuksentie
47640,47680,40,47640,47680,40,True,UPDATED,1631912400,HSL:1052_20210917_La_2_1230,52,HSL:1334174,Kuopuksentie
48240,48240,0,48240,48240,0,False,SCHEDULED,1631912400,HSL:1052_20210917_La_2_1240,52,HSL:1334174,Kuopuksentie
45480,45582,102,45480,45589,109,True,UPDATED,1631912400,HSL:9641_20210917_La_2_1220,641,HSL:9650105,Kievari
47280,47280,0,47280,47280,0,False,SCHEDULED,1631912400,HSL:9641_20210917_La_2_1250,641,HSL:9650105,Kievari
49080,49080,0,49080,49080,0,False,SCHEDULED,1631912400,HSL:9641_20210917_La_2_1320,641,HSL:9650105,Kievari
50880,50880,0,50880,50880,0,False,SCHEDULED,1631912400,HSL:9641_20210917_La_2_1350,641,HSL:9650105,Kievari
52680,52680,0,52680,52680,0,False,SCHEDULED,1631912400,HSL:9641_20210917_La_2_1420,641,HSL:9650105,Kievari
45540,45632,92,45540,45647,107,True,UPDATED,1631912400,HSL:4623K_20210917_La_1_1202,623K,HSL:4650209,Malminiitty
46020,46100,80,46020,46100,80,True,UPDATED,1631912400,HSL:4631_20210917_La_1_1234,631,HSL:4650209,Malminiitty
46920,46920,0,46920,46920,0,False,SCHEDULED,1631912400,HSL:9641_20210917_La_1_1250,641,HSL:4650209,Malminiitty
47220,47220,0,47220,47220,0,False,SCHEDULED,1631912400,HSL:4574_20210917_La_2_1221,574,HSL:4650209,Malminiitty
47820,47820,0,47820,47820,0,False,SCHEDULED,1631912400,HSL:4631_20210917_La_1_1304,631,HSL:4650209,Malminiitty
45660,45790,130,45660,45804,144,True,UPDATED,1631912400,HSL:4631_20210917_La_2_1215,631,HSL:4650208,Leinikkitie
46080,46050,-30,46080,46063,-17,True,UPDATED,1631912400,HSL:4574_20210917_La_1_1233,574,HSL:4650208,Leinikkitie
46440,46440,0,46440,46440,0,False,SCHEDULED,1631912400,HSL:4619_20210917_La_1_1241,619,HSL:4650208,Leinikkitie
46980,46990,10,46980,47000,20,True,UPDATED,1631912400,HSL:9641_20210917_La_2_1220,641,HSL:4650208,Leinikkitie
47460,47460,0,47460,47460,0,False,SCHEDULED,1631912400,HSL:4631_20210917_La_2_1245,631,HSL:4650208,Leinikkitie
46560,46560,0,46560,46560,0,False,SCHEDULED,1631912400,HSL:9665K_20210917_La_1_1256,665K,HSL:9650103,Keskari
46740,46829,89,46740,46833,93,True,UPDATED,1631912400,HSL:9641_20210917_La_1_1220,641,HSL:9650103,Keskari
47160,47160,0,47160,47160,0,False,SCHEDULED,1631912400,HSL:9963_20210917_La_1_1300,963,HSL:9650103,Keskari
48540,48540,0,48540,48540,0,False,SCHEDULED,1631912400,HSL:9641_20210917_La_1_1250,641,HSL:9650103,Keskari
50160,50160,0,50160,50160,0,False,SCHEDULED,1631912400,HSL:9665K_20210917_La_1_1356,665K,HSL:9650103,Keskari
45480,45566,86,45480,45577,97,True,UPDATED,1631912400,HSL:4623K_20210917_La_1_1202,623K,HSL:4650207,Leinikkitie
45960,46026,66,45960,46026,66,True,UPDATED,1631912400,HSL:4631_20210917_La_1_1234,631,HSL:4650207,Leinikkitie
46860,46860,0,46860,46860,0,False,SCHEDULED,1631912400,HSL:9641_20210917_La_1_1250,641,HSL:4650207,Leinikkitie
46980,46980,0,46980,46980,0,False,SCHEDULED,1631912400,HSL:4619_20210917_La_2_1259,619,HSL:4650207,Leinikkitie
47160,47160,0,47160,47160,0,False,SCHEDULED,1631912400,HSL:4574_20210917_La_2_1221,574,HSL:4650207,Leinikkitie
46500,46451,-49,46500,46457,-43,True,UPDATED,1631912400,HSL:9641_20210917_La_1_1220,641,HSL:9650104,Kievari
48300,48300,0,48300,48300,0,False,SCHEDULED,1631912400,HSL:9641_20210917_La_1_1250,641,HSL:9650104,Kievari
50100,50100,0,50100,50100,0,False,SCHEDULED,1631912400,HSL:9641_20210917_La_1_1320,641,HSL:9650104,Kievari
51900,51900,0,51900,51900,0,False,SCHEDULED,1631912400,HSL:9641_20210917_La_1_1350,641,HSL:9650104,Kievari
53700,53700,0,53700,53700,0,False,SCHEDULED,1631912400,HSL:9641_20210917_La_1_1420,641,HSL:9650104,Kievari
45300,45324,24,45300,45333,33,True,UPDATED,1631912400,HSL:9641_20210917_La_2_1150,641,HSL:4650202,Simonkallio
45480,45407,-73,45480,45415,-65,True,UPDATED,1631912400,HSL:4624_20210917_La_2_1206,624,HSL:4650202,Simonkallio
45840,45948,108,45840,45957,117,True,UPDATED,1631912400,HSL:4631_20210917_La_2_1215,631,HSL:4650202,Simonkallio
46200,46204,4,46200,46208,8,True,UPDATED,1631912400,HSL:4574_20210917_La_1_1233,574,HSL:4650202,Simonkallio
47100,47087,-13,47100,47095,-5,True,UPDATED,1631912400,HSL:9641_20210917_La_2_1220,641,HSL:4650202,Simonkallio
45780,45853,73,45780,45853,73,True,UPDATED,1631912400,HSL:4631_20210917_La_1_1234,631,HSL:4650201,Simonkallio
46680,46680,0,46680,46680,0,False,SCHEDULED,1631912400,HSL:4624_20210917_La_1_1249,624,HSL:4650201,Simonkallio
46740,46740,0,46740,46740,0,False,SCHEDULED,1631912400,HSL:9641_20210917_La_1_1250,641,HSL:4650201,Simonkallio
47040,47040,0,47040,47040,0,False,SCHEDULED,1631912400,HSL:4574_20210917_La_2_1221,574,HSL:4650201,Simonkallio
47580,47580,0,47580,47580,0,False,SCHEDULED,1631912400,HSL:4631_20210917_La_1_1304,631,HSL:4650201,Simonkallio
45360,45396,36,45360,45396,36,True,UPDATED,1631912400,HSL:1023_20210917_La_2_1233,23,HSL:1281109,Maunulantie
46560,46560,0,46560,46560,0,False,SCHEDULED,1631912400,HSL:1023_20210917_La_2_1253,23,HSL:1281109,Maunulantie
47760,47760,0,47760,47760,0,False,SCHEDULED,1631912400,HSL:1023_20210917_La_2_1313,23,HSL:1281109,Maunulantie
48960,48960,0,48960,48960,0,False,SCHEDULED,1631912400,HSL:1023_20210917_La_2_1333,23,HSL:1281109,Maunulantie
50160,50160,0,50160,50160,0,False,SCHEDULED,1631912400,HSL:1023_20210917_La_2_1353,23,HSL:1281109,Maunulantie
45540,45646,106,45540,45671,131,True,UPDATED,1631912400,HSL:4421_20210917_La_2_1225,421,HSL:1334144,Kappatie
46140,46140,0,46140,46140,0,False,SCHEDULED,1631912400,HSL:4411_20210917_La_2_1235,411,HSL:1334144,Kappatie
46740,46813,73,46740,46813,73,True,UPDATED,1631912400,HSL:2436_20210917_La_2_1229,436,HSL:1334144,Kappatie
46980,46980,0,46980,46980,0,False,SCHEDULED,1631912400,HSL:7465_20210917_La_2_1245,465,HSL:1334144,Kappatie
47280,47280,0,47280,47280,0,False,SCHEDULED,1631912400,HSL:4421_20210917_La_2_1254,421,HSL:1334144,Kappatie
46440,46440,0,46440,46440,0,True,UPDATED,1631912400,HSL:9642_20210917_La_2_1238,642,HSL:9651400,Haukkamäki
50040,50040,0,50040,50040,0,False,SCHEDULED,1631912400,HSL:9642_20210917_La_2_1338,642,HSL:9651400,Haukkamäki
53640,53640,0,53640,53640,0,False,SCHEDULED,1631912400,HSL:9642_20210917_La_2_1438,642,HSL:9651400,Haukkamäki
57240,57240,0,57240,57240,0,False,SCHEDULED,1631912400,HSL:9642_20210917_La_2_1538,642,HSL:9651400,Haukkamäki
60840,60840,0,60840,60840,0,False,SCHEDULED,1631912400,HSL:9642_20210917_La_2_1638,642,HSL:9651400,Haukkamäki
45480,45663,183,45480,45673,193,True,UPDATED,1631912400,HSL:2550_20210917_La_2_1159,550,HSL:1281114,Pirkkola
46080,46187,107,46080,46196,116,True,UPDATED,1631912400,HSL:2550_20210917_La_2_1209,550,HSL:1281114,Pirkkola
46440,46440,0,46440,46440,0,False,SCHEDULED,1631912400,HSL:1023_20210917_La_2_1253,23,HSL:1281114,Pirkkola
46680,46801,121,46680,46810,130,True,UPDATED,1631912400,HSL:2550_20210917_La_2_1219,550,HSL:1281114,Pirkkola
47280,47360,80,47280,47369,89,True,UPDATED,1631912400,HSL:2550_20210917_La_2_1229,550,HSL:1281114,Pirkkola
46500,46500,0,46500,46500,0,True,UPDATED,1631912400,HSL:9642_20210917_La_2_1238,642,HSL:9651404,Käentie
50100,50100,0,50100,50100,0,False,SCHEDULED,1631912400,HSL:9642_20210917_La_2_1338,642,HSL:9651404,Käentie
53700,53700,0,53700,53700,0,False,SCHEDULED,1631912400,HSL:9642_20210917_La_2_1438,642,HSL:9651404,Käentie
57300,57300,0,57300,57300,0,False,SCHEDULED,1631912400,HSL:9642_20210917_La_2_1538,642,HSL:9651404,Käentie
60900,60900,0,60900,60900,0,False,SCHEDULED,1631912400,HSL:9642_20210917_La_2_1638,642,HSL:9651404,Käentie
48600,48600,0,48600,48600,0,False,SCHEDULED,1631912400,HSL:9642_20210917_La_1_1316,642,HSL:9651401,Haukkamäki
52200,52200,0,52200,52200,0,False,SCHEDULED,1631912400,HSL:9642_20210917_La_1_1416,642,HSL:9651401,Haukkamäki
55800,55800,0,55800,55800,0,False,SCHEDULED,1631912400,HSL:9642_20210917_La_1_1516,642,HSL:9651401,Haukkamäki
59400,59400,0,59400,59400,0,False,SCHEDULED,1631912400,HSL:9642_20210917_La_1_1616,642,HSL:9651401,Haukkamäki
63000,63000,0,63000,63000,0,False,SCHEDULED,1631912400,HSL:9642_20210917_La_1_1716,642,HSL:9651401,Haukkamäki
45660,45659,-1,45660,45665,5,True,UPDATED,1631912400,HSL:2550_20210917_La_1_1212,550,HSL:1281112,Pirkkola
45720,45685,-35,45720,45685,-35,True,UPDATED,1631912400,HSL:1023_20210917_La_1_1203,23,HSL:1281112,Pirkkola
46200,46350,150,46200,46356,156,True,UPDATED,1631912400,HSL:2550_20210917_La_1_1221,550,HSL:1281112,Pirkkola
46800,46863,63,46800,46869,69,True,UPDATED,1631912400,HSL:2550_20210917_La_1_1231,550,HSL:1281112,Pirkkola
46920,47040,120,46920,47040,120,True,UPDATED,1631912400,HSL:1023_20210917_La_1_1223,23,HSL:1281112,Pirkkola
46380,46216,-164,46380,46302,-78,True,UPDATED,1631912400,HSL:1036_20210917_La_1_1200,36,HSL:1281110,Pirkkolan liikuntap.
46800,46800,0,46800,46800,0,False,SCHEDULED,1631912400,HSL:1036_20210917_La_2_1300,36,HSL:1281110,Pirkkolan liikuntap.
53580,53580,0,53580,53580,0,False,SCHEDULED,1631912400,HSL:1036_20210917_La_1_1400,36,HSL:1281110,Pirkkolan liikuntap.
54000,54000,0,54000,54000,0,False,SCHEDULED,1631912400,HSL:1036_20210917_La_2_1500,36,HSL:1281110,Pirkkolan liikuntap.
60720,60720,0,60720,60720,0,False,SCHEDULED,1631912400,HSL:1036_20210917_La_1_1600,36,HSL:1281110,Pirkkolan liikuntap.
48540,48540,0,48540,48540,0,False,SCHEDULED,1631912400,HSL:9642_20210917_La_1_1316,642,HSL:9651405,Käentie
52140,52140,0,52140,52140,0,False,SCHEDULED,1631912400,HSL:9642_20210917_La_1_1416,642,HSL:9651405,Käentie
55740,55740,0,55740,55740,0,False,SCHEDULED,1631912400,HSL:9642_20210917_La_1_1516,642,HSL:9651405,Käentie
59340,59340,0,59340,59340,0,False,SCHEDULED,1631912400,HSL:9642_20210917_La_1_1616,642,HSL:9651405,Käentie
62940,62940,0,62940,62940,0,False,SCHEDULED,1631912400,HSL:9642_20210917_La_1_1716,642,HSL:9651405,Käentie
45060,45583,523,45060,45589,529,True,UPDATED,1631912400,HSL:1042_20210917_La_2_1226,42,HSL:1334158,Perhekunnantie
45720,45720,0,45720,45720,0,False,SCHEDULED,1631912400,HSL:1052_20210917_La_1_1236,52,HSL:1334158,Perhekunnantie
46260,46260,0,46260,46260,0,False,SCHEDULED,1631912400,HSL:1042_20210917_La_2_1246,42,HSL:1334158,Perhekunnantie
46320,46320,0,46320,46320,0,False,SCHEDULED,1631912400,HSL:1052_20210917_La_1_1246,52,HSL:1334158,Perhekunnantie
46920,46920,0,46920,46920,0,False,SCHEDULED,1631912400,HSL:1052_20210917_La_1_1256,52,HSL:1334158,Perhekunnantie
46140,46140,0,46140,46140,0,False,SCHEDULED,1631912400,HSL:7192V_20210917_La_1_1240,192V,HSL:1310198,Katajaharju
54660,54660,0,54660,54660,0,False,SCHEDULED,1631912400,HSL:7192T_20210917_La_1_1500,192T,HSL:1310198,Katajaharju
63900,63900,0,63900,63900,0,False,SCHEDULED,1631912400,HSL:7192V_20210917_La_1_1740,192V,HSL:1310198,Katajaharju
67620,67620,0,67620,67620,0,False,SCHEDULED,1631912400,HSL:7192T_20210917_La_1_1835,192T,HSL:1310198,Katajaharju
83460,83460,0,83460,83460,0,False,SCHEDULED,1631912400,HSL:7192V_20210917_La_1_2305,192V,HSL:1310198,Katajaharju
45600,45565,-35,45600,45565,-35,True,UPDATED,1631912400,HSL:1023_20210917_La_1_1203,23,HSL:1281108,Maunulantie
46800,46920,120,46800,46920,120,True,UPDATED,1631912400,HSL:1023_20210917_La_1_1223,23,HSL:1281108,Maunulantie
48000,48000,0,48000,48000,0,False,SCHEDULED,1631912400,HSL:1023_20210917_La_1_1243,23,HSL:1281108,Maunulantie
49200,49200,0,49200,49200,0,False,SCHEDULED,1631912400,HSL:1023_20210917_La_1_1303,23,HSL:1281108,Maunulantie
50460,50460,0,50460,50460,0,False,SCHEDULED,1631912400,HSL:1023_20210917_La_1_1323,23,HSL:1281108,Maunulantie
45480,45617,137,45480,45630,150,True,UPDATED,1631912400,HSL:1066_20210917_La_1_1226,66,HSL:1220181,Hattulantie
46080,46080,0,46080,46080,0,False,SCHEDULED,1631912400,HSL:1067_20210917_La_1_1236,67,HSL:1220181,Hattulantie
46680,46680,0,46680,46680,0,False,SCHEDULED,1631912400,HSL:1066_20210917_La_1_1246,66,HSL:1220181,Hattulantie
47280,47280,0,47280,47280,0,False,SCHEDULED,1631912400,HSL:1067_20210917_La_1_1256,67,HSL:1220181,Hattulantie
47880,47880,0,47880,47880,0,False,SCHEDULED,1631912400,HSL:1066_20210917_La_1_1306,66,HSL:1220181,Hattulantie
45300,45372,72,45300,45372,72,True,UPDATED,1631912400,HSL:1063_20210917_La_1_1206,63,HSL:1281107,Pirjontie
45600,45647,47,45600,45654,54,True,UPDATED,1631912400,HSL:1067_20210917_La_1_1216,67,HSL:1281107,Pirjontie
46080,46320,240,46080,46330,250,True,UPDATED,1631912400,HSL:2553K_20210917_La_1_1209,553K,HSL:1281107,Pirjontie
46200,46330,130,46200,46340,140,True,UPDATED,1631912400,HSL:1066_20210917_La_1_1226,66,HSL:1281107,Pirjontie
46500,46566,66,46500,46574,74,True,UPDATED,1631912400,HSL:1063_20210917_La_1_1226,63,HSL:1281107,Pirjontie
45600,45563,-37,45600,45563,-37,True,UPDATED,1631912400,HSL:2550_20210917_La_1_1212,550,HSL:1281105,Pirjontie
45600,45565,-35,45600,45565,-35,True,UPDATED,1631912400,HSL:1023_20210917_La_1_1203,23,HSL:1281105,Pirjontie
46140,46252,112,46140,46264,124,True,UPDATED,1631912400,HSL:2550_20210917_La_1_1221,550,HSL:1281105,Pirjontie
46740,46742,2,46740,46754,14,True,UPDATED,1631912400,HSL:2550_20210917_La_1_1231,550,HSL:1281105,Pirjontie
46800,46920,120,46800,46920,120,True,UPDATED,1631912400,HSL:1023_20210917_La_1_1223,23,HSL:1281105,Pirjontie
45540,45565,25,45540,45581,41,True,UPDATED,1631912400,HSL:4611_20210917_La_1_1229,611,HSL:1220184,Vallilan kirjasto
45720,45839,119,45720,45854,134,True,UPDATED,1631912400,HSL:1064_20210917_La_1_1232,64,HSL:1220184,Vallilan kirjasto
46200,46200,0,46200,46200,0,False,SCHEDULED,1631912400,HSL:1065_20210917_La_1_1240,65,HSL:1220184,Vallilan kirjasto
46260,46260,0,46260,46260,0,False,SCHEDULED,1631912400,HSL:4614_20210917_La_1_1240,614,HSL:1220184,Vallilan kirjasto
46380,46380,0,46380,46380,0,False,SCHEDULED,1631912400,HSL:1061_20210917_La_1_1242,61,HSL:1220184,Vallilan kirjasto
45420,45420,0,45420,45420,0,False,SCHEDULED,1631912400,HSL:1064_20210917_La_2_1216,64,HSL:1220182,Hattulantie
45600,45704,104,45600,45724,124,True,UPDATED,1631912400,HSL:1066_20210917_La_2_1222,66,HSL:1220182,Hattulantie
45900,45805,-95,45900,45842,-58,True,UPDATED,1631912400,HSL:4623K_20210917_La_2_1203,623K,HSL:1220182,Hattulantie
45720,45880,160,45720,45900,180,True,UPDATED,1631912400,HSL:1061_20210917_La_2_1211,61,HSL:1220182,Hattulantie
45960,46002,42,45960,46019,59,True,UPDATED,1631912400,HSL:4611_20210917_La_2_1208,611,HSL:1220182,Hattulantie
45900,46020,120,45900,46022,122,True,UPDATED,1631912400,HSL:2133_20210917_La_2_1224,133,HSL:2321202,Friisilänraitti
47700,47700,0,47700,47700,0,False,SCHEDULED,1631912400,HSL:2133_20210917_La_2_1254,133,HSL:2321202,Friisilänraitti
49500,49500,0,49500,49500,0,False,SCHEDULED,1631912400,HSL:2133_20210917_La_2_1324,133,HSL:2321202,Friisilänraitti
51300,51300,0,51300,51300,0,False,SCHEDULED,1631912400,HSL:2133_20210917_La_2_1354,133,HSL:2321202,Friisilänraitti
53100,53100,0,53100,53100,0,False,SCHEDULED,1631912400,HSL:2133_20210917_La_2_1424,133,HSL:2321202,Friisilänraitti
45960,46056,96,45960,46133,173,True,UPDATED,1631912400,HSL:2133_20210917_La_2_1224,133,HSL:2321203,Friisilänmäki
46440,46440,0,46440,46440,0,False,SCHEDULED,1631912400,HSL:2133_20210917_La_1_1254,133,HSL:2321203,Friisilänmäki
47760,47760,0,47760,47760,0,False,SCHEDULED,1631912400,HSL:2133_20210917_La_2_1254,133,HSL:2321203,Friisilänmäki
48240,48240,0,48240,48240,0,False,SCHEDULED,1631912400,HSL:2133_20210917_La_1_1324,133,HSL:2321203,Friisilänmäki
49560,49560,0,49560,49560,0,False,SCHEDULED,1631912400,HSL:2133_20210917_La_2_1324,133,HSL:2321203,Friisilänmäki
46560,46560,0,46560,46560,0,False,SCHEDULED,1631912400,HSL:2133_20210917_La_1_1254,133,HSL:2321201,Tähdenlennontie
48360,48360,0,48360,48360,0,False,SCHEDULED,1631912400,HSL:2133_20210917_La_1_1324,133,HSL:2321201,Tähdenlennontie
50160,50160,0,50160,50160,0,False,SCHEDULED,1631912400,HSL:2133_20210917_La_1_1354,133,HSL:2321201,Tähdenlennontie
51960,51960,0,51960,51960,0,False,SCHEDULED,1631912400,HSL:2133_20210917_La_1_1424,133,HSL:2321201,Tähdenlennontie
53760,53760,0,53760,53760,0,False,SCHEDULED,1631912400,HSL:2133_20210917_La_1_1454,133,HSL:2321201,Tähdenlennontie
48060,48060,0,48060,48060,0,False,SCHEDULED,1631912400,HSL:2239_20210917_La_1_1246,239,HSL:2714254,Kalliomäentie
51720,51720,0,51720,51720,0,False,SCHEDULED,1631912400,HSL:2239_20210917_La_1_1346,239,HSL:2714254,Kalliomäentie
55320,55320,0,55320,55320,0,False,SCHEDULED,1631912400,HSL:2239_20210917_La_1_1446,239,HSL:2714254,Kalliomäentie
58980,58980,0,58980,58980,0,False,SCHEDULED,1631912400,HSL:2239_20210917_La_1_1546,239,HSL:2714254,Kalliomäentie
62580,62580,0,62580,62580,0,False,SCHEDULED,1631912400,HSL:2239_20210917_La_1_1646,239,HSL:2714254,Kalliomäentie
48120,48120,0,48120,48120,0,False,SCHEDULED,1631912400,HSL:2239_20210917_La_1_1246,239,HSL:2714253,Suopuronrinne
51780,51780,0,51780,51780,0,False,SCHEDULED,1631912400,HSL:2239_20210917_La_1_1346,239,HSL:2714253,Suopuronrinne
55380,55380,0,55380,55380,0,False,SCHEDULED,1631912400,HSL:2239_20210917_La_1_1446,239,HSL:2714253,Suopuronrinne
59040,59040,0,59040,59040,0,False,SCHEDULED,1631912400,HSL:2239_20210917_La_1_1546,239,HSL:2714253,Suopuronrinne
62640,62640,0,62640,62640,0,False,SCHEDULED,1631912400,HSL:2239_20210917_La_1_1646,239,HSL:2714253,Suopuronrinne
48000,48000,0,48000,48000,0,False,SCHEDULED,1631912400,HSL:2239_20210917_La_1_1246,239,HSL:2714255,Perusmäki
51660,51660,0,51660,51660,0,False,SCHEDULED,1631912400,HSL:2239_20210917_La_1_1346,239,HSL:2714255,Perusmäki
55260,55260,0,55260,55260,0,False,SCHEDULED,1631912400,HSL:2239_20210917_La_1_1446,239,HSL:2714255,Perusmäki
58920,58920,0,58920,58920,0,False,SCHEDULED,1631912400,HSL:2239_20210917_La_1_1546,239,HSL:2714255,Perusmäki
62520,62520,0,62520,62520,0,False,SCHEDULED,1631912400,HSL:2239_20210917_La_1_1646,239,HSL:2714255,Perusmäki
45780,45780,0,45780,45780,0,True,UPDATED,1631912400,HSL:2239_20210917_La_2_1237,239,HSL:2714252,Suopuronrinne
49380,49380,0,49380,49380,0,False,SCHEDULED,1631912400,HSL:2239_20210917_La_2_1337,239,HSL:2714252,Suopuronrinne
52980,52980,0,52980,52980,0,False,SCHEDULED,1631912400,HSL:2239_20210917_La_2_1437,239,HSL:2714252,Suopuronrinne
56580,56580,0,56580,56580,0,False,SCHEDULED,1631912400,HSL:2239_20210917_La_2_1537,239,HSL:2714252,Suopuronrinne
60180,60180,0,60180,60180,0,False,SCHEDULED,1631912400,HSL:2239_20210917_La_2_1637,239,HSL:2714252,Suopuronrinne
45720,45796,76,45720,45803,83,True,UPDATED,1631912400,HSL:2113_20210917_La_2_1229,113,HSL:2122225,Kirvunristi
46620,46620,0,46620,46620,0,False,SCHEDULED,1631912400,HSL:2113_20210917_La_2_1244,113,HSL:2122225,Kirvunristi
47580,47580,0,47580,47580,0,False,SCHEDULED,1631912400,HSL:2113_20210917_La_2_1259,113,HSL:2122225,Kirvunristi
48480,48480,0,48480,48480,0,False,SCHEDULED,1631912400,HSL:2113_20210917_La_2_1314,113,HSL:2122225,Kirvunristi
49380,49380,0,49380,49380,0,False,SCHEDULED,1631912400,HSL:2113_20210917_La_2_1329,113,HSL:2122225,Kirvunristi
45540,45540,0,45540,45540,0,True,UPDATED,1631912400,HSL:2113_20210917_La_1_1227,113,HSL:2122220,Turvesuontie
45780,45801,21,45780,45805,25,True,UPDATED,1631912400,HSL:2550_20210917_La_2_1229,550,HSL:2122220,Turvesuontie
46380,46380,0,46380,46380,0,False,SCHEDULED,1631912400,HSL:2550_20210917_La_2_1239,550,HSL:2122220,Turvesuontie
46440,46440,0,46440,46440,0,False,SCHEDULED,1631912400,HSL:2113_20210917_La_1_1242,113,HSL:2122220,Turvesuontie
46980,46980,0,46980,46980,0,False,SCHEDULED,1631912400,HSL:2550_20210917_La_2_1249,550,HSL:2122220,Turvesuontie
45360,45409,49,45360,45413,53,True,UPDATED,1631912400,HSL:2550_20210917_La_1_1142,550,HSL:2122221,Turvesuontie
45960,46026,66,45960,46031,71,True,UPDATED,1631912400,HSL:2550_20210917_La_1_1152,550,HSL:2122221,Turvesuontie
46560,46654,94,46560,46659,99,True,UPDATED,1631912400,HSL:2550_20210917_La_1_1202,550,HSL:2122221,Turvesuontie
47160,47217,57,47160,47217,57,True,UPDATED,1631912400,HSL:2550_20210917_La_1_1212,550,HSL:2122221,Turvesuontie
47760,47951,191,47760,47951,191,True,UPDATED,1631912400,HSL:2550_20210917_La_1_1221,550,HSL:2122221,Turvesuontie
46860,46868,8,46860,46869,9,True,UPDATED,1631912400,HSL:2236_20210917_La_1_1226,236,HSL:2714246,Antinmäki
46920,46940,20,46920,46941,21,True,UPDATED,1631912400,HSL:2582_20210917_La_1_1230,582,HSL:2714246,Antinmäki
48120,48178,58,48120,48179,59,True,UPDATED,1631912400,HSL:2436_20210917_La_1_1232,436,HSL:2714246,Antinmäki
48360,48360,0,48360,48360,0,False,SCHEDULED,1631912400,HSL:2239_20210917_La_1_1246,239,HSL:2714246,Antinmäki
48720,48720,0,48720,48720,0,False,SCHEDULED,1631912400,HSL:2582_20210917_La_1_1300,582,HSL:2714246,Antinmäki
45780,45739,-41,45780,45739,-41,True,UPDATED,1631912400,HSL:4731_20210917_La_1_1210,731,HSL:4820208,Marsinkuja
46260,46260,0,46260,46260,0,False,SCHEDULED,1631912400,HSL:4735_20210917_La_2_1249,735,HSL:4820208,Marsinkuja
47580,47580,0,47580,47580,0,False,SCHEDULED,1631912400,HSL:4731_20210917_La_1_1239,731,HSL:4820208,Marsinkuja
48060,48060,0,48060,48060,0,False,SCHEDULED,1631912400,HSL:4735_20210917_La_2_1319,735,HSL:4820208,Marsinkuja
49380,49380,0,49380,49380,0,False,SCHEDULED,1631912400,HSL:4731_20210917_La_1_1308,731,HSL:4820208,Marsinkuja
45600,45600,0,45600,45600,0,True,UPDATED,1631912400,HSL:2239_20210917_La_2_1237,239,HSL:2714245,Niipperinniitty
45900,45900,0,45900,45900,0,False,SCHEDULED,1631912400,HSL:2582_20210917_La_2_1242,582,HSL:2714245,Niipperinniitty
47100,47100,0,47100,47100,0,False,SCHEDULED,1631912400,HSL:2236_20210917_La_2_1254,236,HSL:2714245,Niipperinniitty
47700,47700,0,47700,47700,0,False,SCHEDULED,1631912400,HSL:2582_20210917_La_2_1312,582,HSL:2714245,Niipperinniitty
48720,48720,0,48720,48720,0,False,SCHEDULED,1631912400,HSL:2436_20210917_La_2_1329,436,HSL:2714245,Niipperinniitty
46800,46809,9,46800,46809,9,True,UPDATED,1631912400,HSL:2236_20210917_La_1_1226,236,HSL:2714244,Niipperinniitty
46860,46844,-16,46860,46844,-16,True,UPDATED,1631912400,HSL:2582_20210917_La_1_1230,582,HSL:2714244,Niipperinniitty
48060,48112,52,48060,48112,52,True,UPDATED,1631912400,HSL:2436_20210917_La_1_1232,436,HSL:2714244,Niipperinniitty
48300,48300,0,48300,48300,0,False,SCHEDULED,1631912400,HSL:2239_20210917_La_1_1246,239,HSL:2714244,Niipperinniitty
48660,48660,0,48660,48660,0,False,SCHEDULED,1631912400,HSL:2582_20210917_La_1_1300,582,HSL:2714244,Niipperinniitty
45600,45710,110,45600,45720,120,True,UPDATED,1631912400,HSL:4735_20210917_La_1_1201,735,HSL:4820203,Venuksenkuja
46200,46200,0,46200,46200,0,True,UPDATED,1631912400,HSL:4731_20210917_La_2_1235,731,HSL:4820203,Venuksenkuja
47400,47457,57,47400,47467,67,True,UPDATED,1631912400,HSL:4735_20210917_La_1_1231,735,HSL:4820203,Venuksenkuja
48000,48000,0,48000,48000,0,False,SCHEDULED,1631912400,HSL:4731_20210917_La_2_1305,731,HSL:4820203,Venuksenkuja
49200,49200,0,49200,49200,0,False,SCHEDULED,1631912400,HSL:4735_20210917_La_1_1300,735,HSL:4820203,Venuksenkuja
45900,45859,-41,45900,45859,-41,True,UPDATED,1631912400,HSL:4731_20210917_La_1_1210,731,HSL:4820206,Kauriintie
46380,46380,0,46380,46380,0,False,SCHEDULED,1631912400,HSL:4735_20210917_La_2_1249,735,HSL:4820206,Kauriintie
47700,47700,0,47700,47700,0,False,SCHEDULED,1631912400,HSL:4731_20210917_La_1_1239,731,HSL:4820206,Kauriintie
48180,48180,0,48180,48180,0,False,SCHEDULED,1631912400,HSL:4735_20210917_La_2_1319,735,HSL:4820206,Kauriintie
49500,49500,0,49500,49500,0,False,SCHEDULED,1631912400,HSL:4731_20210917_La_1_1308,731,HSL:4820206,Kauriintie
46140,46140,0,46140,46140,0,False,SCHEDULED,1631912400,HSL:4735_20210917_La_2_1249,735,HSL:4820207,Maarukka
47940,47940,0,47940,47940,0,False,SCHEDULED,1631912400,HSL:4735_20210917_La_2_1319,735,HSL:4820207,Maarukka
49740,49740,0,49740,49740,0,False,SCHEDULED,1631912400,HSL:4735_20210917_La_2_1349,735,HSL:4820207,Maarukka
51540,51540,0,51540,51540,0,False,SCHEDULED,1631912400,HSL:4735_20210917_La_2_1419,735,HSL:4820207,Maarukka
53340,53340,0,53340,53340,0,False,SCHEDULED,1631912400,HSL:4735_20210917_La_2_1449,735,HSL:4820207,Maarukka
45840,45799,-41,45840,45799,-41,True,UPDATED,1631912400,HSL:4731_20210917_La_1_1210,731,HSL:4820204,Venuksenkuja
46320,46320,0,46320,46320,0,False,SCHEDULED,1631912400,HSL:4735_20210917_La_2_1249,735,HSL:4820204,Venuksenkuja
47640,47640,0,47640,47640,0,False,SCHEDULED,1631912400,HSL:4731_20210917_La_1_1239,731,HSL:4820204,Venuksenkuja
48120,48120,0,48120,48120,0,False,SCHEDULED,1631912400,HSL:4735_20210917_La_2_1319,735,HSL:4820204,Venuksenkuja
49440,49440,0,49440,49440,0,False,SCHEDULED,1631912400,HSL:4731_20210917_La_1_1308,731,HSL:4820204,Venuksenkuja
45660,45775,115,45660,45793,133,True,UPDATED,1631912400,HSL:4735_20210917_La_1_1201,735,HSL:4820205,Marsinkuja
46260,46260,0,46260,46260,0,True,UPDATED,1631912400,HSL:4731_20210917_La_2_1235,731,HSL:4820205,Marsinkuja
47460,47503,43,47460,47520,60,True,UPDATED,1631912400,HSL:4735_20210917_La_1_1231,735,HSL:4820205,Marsinkuja
48060,48060,0,48060,48060,0,False,SCHEDULED,1631912400,HSL:4731_20210917_La_2_1305,731,HSL:4820205,Marsinkuja
49260,49260,0,49260,49260,0,False,SCHEDULED,1631912400,HSL:4735_20210917_La_1_1300,735,HSL:4820205,Marsinkuja
45360,45527,167,45360,45527,167,True,UPDATED,1631912400,HSL:2553K_20210917_La_2_1223,553K,HSL:1293138,Näyttelijäntie
46560,46560,0,46560,46560,0,False,SCHEDULED,1631912400,HSL:2553K_20210917_La_2_1242,553K,HSL:1293138,Näyttelijäntie
47760,47760,0,47760,47760,0,False,SCHEDULED,1631912400,HSL:2553K_20210917_La_2_1302,553K,HSL:1293138,Näyttelijäntie
48960,48960,0,48960,48960,0,False,SCHEDULED,1631912400,HSL:2553K_20210917_La_2_1322,553K,HSL:1293138,Näyttelijäntie
50160,50160,0,50160,50160,0,False,SCHEDULED,1631912400,HSL:2553K_20210917_La_2_1342,553K,HSL:1293138,Näyttelijäntie
45720,45679,-41,45720,45679,-41,True,UPDATED,1631912400,HSL:4731_20210917_La_1_1210,731,HSL:4820210,Saturnuksenkuja
46200,46200,0,46200,46200,0,False,SCHEDULED,1631912400,HSL:4735_20210917_La_2_1249,735,HSL:4820210,Saturnuksenkuja
47520,47520,0,47520,47520,0,False,SCHEDULED,1631912400,HSL:4731_20210917_La_1_1239,731,HSL:4820210,Saturnuksenkuja
48000,48000,0,48000,48000,0,False,SCHEDULED,1631912400,HSL:4735_20210917_La_2_1319,735,HSL:4820210,Saturnuksenkuja
49320,49320,0,49320,49320,0,False,SCHEDULED,1631912400,HSL:4731_20210917_La_1_1308,731,HSL:4820210,Saturnuksenkuja
45300,45341,41,45300,45341,41,True,UPDATED,1631912400,HSL:1052_20210917_La_1_1216,52,HSL:1293135,Näyttelijäntie 22
45540,45571,31,45540,45571,31,True,UPDATED,1631912400,HSL:1056_20210917_La_2_1231,56,HSL:1293135,Näyttelijäntie 22
45900,45923,23,45900,45923,23,True,UPDATED,1631912400,HSL:1052_20210917_La_1_1226,52,HSL:1293135,Näyttelijäntie 22
46140,46140,0,46140,46140,0,False,SCHEDULED,1631912400,HSL:1056_20210917_La_2_1241,56,HSL:1293135,Näyttelijäntie 22
46500,46500,0,46500,46500,0,False,SCHEDULED,1631912400,HSL:1052_20210917_La_1_1236,52,HSL:1293135,Näyttelijäntie 22
45480,45520,40,45480,45536,56,True,UPDATED,1631912400,HSL:1056_20210917_La_2_1231,56,HSL:1293136,Näyttelijäntie
45840,45863,23,45840,45863,23,True,UPDATED,1631912400,HSL:1052_20210917_La_1_1226,52,HSL:1293136,Näyttelijäntie
45960,45960,0,45960,45960,0,True,UPDATED,1631912400,HSL:1040_20210917_La_2_1236,40,HSL:1293136,Näyttelijäntie
46080,46080,0,46080,46080,0,False,SCHEDULED,1631912400,HSL:1056_20210917_La_2_1241,56,HSL:1293136,Näyttelijäntie
46440,46440,0,46440,46440,0,False,SCHEDULED,1631912400,HSL:1052_20210917_La_1_1236,52,HSL:1293136,Näyttelijäntie
45480,45342,-138,45480,45344,-136,True,UPDATED,1631912400,HSL:1040_20210917_La_2_1226,40,HSL:1293133,Ida Aalbergin tie
45360,45357,-3,45360,45358,-2,True,UPDATED,1631912400,HSL:1041_20210917_La_2_1231,41,HSL:1293133,Ida Aalbergin tie
45360,45401,41,45360,45401,41,True,UPDATED,1631912400,HSL:1052_20210917_La_1_1216,52,HSL:1293133,Ida Aalbergin tie
45600,45631,31,45600,45631,31,True,UPDATED,1631912400,HSL:1056_20210917_La_2_1231,56,HSL:1293133,Ida Aalbergin tie
45960,45983,23,45960,45983,23,True,UPDATED,1631912400,HSL:1052_20210917_La_1_1226,52,HSL:1293133,Ida Aalbergin tie
45480,45416,-64,45480,45446,-34,True,UPDATED,1631912400,HSL:1056_20210917_La_1_1210,56,HSL:1293134,Näyttelijäntie 22
45000,45496,496,45000,45496,496,True,UPDATED,1631912400,HSL:1052_20210917_La_2_1200,52,HSL:1293134,Näyttelijäntie 22
45600,45628,28,45600,45628,28,True,UPDATED,1631912400,HSL:1052_20210917_La_2_1210,52,HSL:1293134,Näyttelijäntie 22
45720,45745,25,45720,45745,25,True,UPDATED,1631912400,HSL:1041_20210917_La_1_1211,41,HSL:1293134,Näyttelijäntie 22
46080,46123,43,46080,46130,50,True,UPDATED,1631912400,HSL:1056_20210917_La_1_1220,56,HSL:1293134,Näyttelijäntie 22
45540,45385,-155,45540,45402,-138,True,UPDATED,1631912400,HSL:1040_20210917_La_2_1226,40,HSL:1293131,Thalianaukio
45420,45399,-21,45420,45417,-3,True,UPDATED,1631912400,HSL:1041_20210917_La_2_1231,41,HSL:1293131,Thalianaukio
45420,45461,41,45420,45461,41,True,UPDATED,1631912400,HSL:1052_20210917_La_1_1216,52,HSL:1293131,Thalianaukio
45660,45691,31,45660,45691,31,True,UPDATED,1631912400,HSL:1056_20210917_La_2_1231,56,HSL:1293131,Thalianaukio
46020,46043,23,46020,46043,23,True,UPDATED,1631912400,HSL:1052_20210917_La_1_1226,52,HSL:1293131,Thalianaukio
45420,45380,-40,45420,45393,-27,True,UPDATED,1631912400,HSL:1056_20210917_La_1_1210,56,HSL:1293132,Ida Aalbergin tie
44940,45436,496,44940,45436,496,True,UPDATED,1631912400,HSL:1052_20210917_La_2_1200,52,HSL:1293132,Ida Aalbergin tie
45540,45568,28,45540,45568,28,True,UPDATED,1631912400,HSL:1052_20210917_La_2_1210,52,HSL:1293132,Ida Aalbergin tie
45540,45619,79,45540,45619,79,True,UPDATED,1631912400,HSL:1040_20210917_La_1_1215,40,HSL:1293132,Ida Aalbergin tie
45660,45688,28,45660,45688,28,True,UPDATED,1631912400,HSL:1041_20210917_La_1_1211,41,HSL:1293132,Ida Aalbergin tie
45360,45283,-77,45360,45318,-42,True,UPDATED,1631912400,HSL:1056_20210917_La_1_1210,56,HSL:1293130,Thalianaukio
44880,45376,496,44880,45376,496,True,UPDATED,1631912400,HSL:1052_20210917_La_2_1200,52,HSL:1293130,Thalianaukio
45480,45509,29,45480,45520,40,True,UPDATED,1631912400,HSL:1052_20210917_La_2_1210,52,HSL:1293130,Thalianaukio
45420,45512,92,45420,45525,105,True,UPDATED,1631912400,HSL:1040_20210917_La_1_1215,40,HSL:1293130,Thalianaukio
45600,45683,83,45600,45683,83,True,UPDATED,1631912400,HSL:1041_20210917_La_1_1211,41,HSL:1293130,Thalianaukio
47760,47760,0,47760,47760,0,False,SCHEDULED,1631912400,HSL:2239_20210917_La_1_1246,239,HSL:2714279,Gobbacka
51420,51420,0,51420,51420,0,False,SCHEDULED,1631912400,HSL:2239_20210917_La_1_1346,239,HSL:2714279,Gobbacka
55020,55020,0,55020,55020,0,False,SCHEDULED,1631912400,HSL:2239_20210917_La_1_1446,239,HSL:2714279,Gobbacka
58680,58680,0,58680,58680,0,False,SCHEDULED,1631912400,HSL:2239_20210917_La_1_1546,239,HSL:2714279,Gobbacka
62280,62280,0,62280,62280,0,False,SCHEDULED,1631912400,HSL:2239_20210917_La_1_1646,239,HSL:2714279,Gobbacka
45420,45420,0,45420,45420,0,True,UPDATED,1631912400,HSL:2113_20210917_La_1_1227,113,HSL:2122209,Jääskentie
46320,46320,0,46320,46320,0,False,SCHEDULED,1631912400,HSL:2113_20210917_La_1_1242,113,HSL:2122209,Jääskentie
47220,47220,0,47220,47220,0,False,SCHEDULED,1631912400,HSL:2113_20210917_La_1_1257,113,HSL:2122209,Jääskentie
48120,48120,0,48120,48120,0,False,SCHEDULED,1631912400,HSL:2113_20210917_La_1_1312,113,HSL:2122209,Jääskentie
49020,49020,0,49020,49020,0,False,SCHEDULED,1631912400,HSL:2113_20210917_La_1_1327,113,HSL:2122209,Jääskentie
46380,46380,0,46380,46380,0,True,UPDATED,1631912400,HSL:4731_20210917_La_2_1235,731,HSL:4820219,Venuksenpuisto
48180,48180,0,48180,48180,0,False,SCHEDULED,1631912400,HSL:4731_20210917_La_2_1305,731,HSL:4820219,Venuksenpuisto
49980,49980,0,49980,49980,0,False,SCHEDULED,1631912400,HSL:4731_20210917_La_2_1335,731,HSL:4820219,Venuksenpuisto
51780,51780,0,51780,51780,0,False,SCHEDULED,1631912400,HSL:4731_20210917_La_2_1405,731,HSL:4820219,Venuksenpuisto
53580,53580,0,53580,53580,0,False,SCHEDULED,1631912400,HSL:4731_20210917_La_2_1435,731,HSL:4820219,Venuksenpuisto
46080,46080,0,46080,46080,0,True,UPDATED,1631912400,HSL:2239_20210917_La_2_1237,239,HSL:2714278,Gobbacka
47880,47880,0,47880,47880,0,False,SCHEDULED,1631912400,HSL:2246K_20210917_La_2_1314,246K,HSL:2714278,Gobbacka
49680,49680,0,49680,49680,0,False,SCHEDULED,1631912400,HSL:2239_20210917_La_2_1337,239,HSL:2714278,Gobbacka
51480,51480,0,51480,51480,0,False,SCHEDULED,1631912400,HSL:2246K_20210917_La_2_1414,246K,HSL:2714278,Gobbacka
53280,53280,0,53280,53280,0,False,SCHEDULED,1631912400,HSL:2239_20210917_La_2_1437,239,HSL:2714278,Gobbacka
45660,45703,43,45660,45707,47,True,UPDATED,1631912400,HSL:2113_20210917_La_2_1229,113,HSL:2122208,Jääskentie
46560,46560,0,46560,46560,0,False,SCHEDULED,1631912400,HSL:2113_20210917_La_2_1244,113,HSL:2122208,Jääskentie
47520,47520,0,47520,47520,0,False,SCHEDULED,1631912400,HSL:2113_20210917_La_2_1259,113,HSL:2122208,Jääskentie
48420,48420,0,48420,48420,0,False,SCHEDULED,1631912400,HSL:2113_20210917_La_2_1314,113,HSL:2122208,Jääskentie
49320,49320,0,49320,49320,0,False,SCHEDULED,1631912400,HSL:2113_20210917_La_2_1329,113,HSL:2122208,Jääskentie
45780,45892,112,45780,45947,167,True,UPDATED,1631912400,HSL:4735_20210917_La_1_1201,735,HSL:4820213,Maarukka
47580,47618,38,47580,47676,96,True,UPDATED,1631912400,HSL:4735_20210917_La_1_1231,735,HSL:4820213,Maarukka
49380,49380,0,49380,49380,0,False,SCHEDULED,1631912400,HSL:4735_20210917_La_1_1300,735,HSL:4820213,Maarukka
51180,51180,0,51180,51180,0,False,SCHEDULED,1631912400,HSL:4735_20210917_La_1_1330,735,HSL:4820213,Maarukka
53040,53040,0,53040,53040,0,False,SCHEDULED,1631912400,HSL:4735_20210917_La_1_1400,735,HSL:4820213,Maarukka
45240,45421,181,45240,45430,190,True,UPDATED,1631912400,HSL:4415_20210917_La_2_1203,415,HSL:1281155,Pirkkolanmetsä
45480,45905,425,45480,45905,425,True,UPDATED,1631912400,HSL:1042_20210917_La_2_1226,42,HSL:1281155,Pirkkolanmetsä
45840,45927,87,45840,45937,97,True,UPDATED,1631912400,HSL:4421_20210917_La_2_1225,421,HSL:1281155,Pirkkolanmetsä
46440,46440,0,46440,46440,0,False,SCHEDULED,1631912400,HSL:4411_20210917_La_2_1235,411,HSL:1281155,Pirkkolanmetsä
46680,46680,0,46680,46680,0,False,SCHEDULED,1631912400,HSL:1042_20210917_La_2_1246,42,HSL:1281155,Pirkkolanmetsä
48480,48480,0,48480,48480,0,False,SCHEDULED,1631912400,HSL:7280_20210917_La_2_1303,280,HSL:2122201,Leppäsolmu
51540,51540,0,51540,51540,0,False,SCHEDULED,1631912400,HSL:7280_20210917_La_2_1357,280,HSL:2122201,Leppäsolmu
53880,53880,0,53880,53880,0,False,SCHEDULED,1631912400,HSL:7280_20210917_La_2_1433,280,HSL:2122201,Leppäsolmu
57480,57480,0,57480,57480,0,False,SCHEDULED,1631912400,HSL:7280_20210917_La_2_1533,280,HSL:2122201,Leppäsolmu
59340,59340,0,59340,59340,0,False,SCHEDULED,1631912400,HSL:7280_20210917_La_2_1607,280,HSL:2122201,Leppäsolmu
45480,45332,-148,45480,45365,-115,True,UPDATED,1631912400,HSL:1042_20210917_La_1_1217,42,HSL:1281154,Pirkkolanmetsä
45480,45776,296,45480,45791,311,True,UPDATED,1631912400,HSL:4411_20210917_La_1_1222,411,HSL:1281154,Pirkkolanmetsä
45840,45840,0,45840,45840,0,False,SCHEDULED,1631912400,HSL:7456A_20210917_La_1_1230,456A,HSL:1281154,Pirkkolanmetsä
46140,46193,53,46140,46197,57,True,UPDATED,1631912400,HSL:2436_20210917_La_1_1232,436,HSL:1281154,Pirkkolanmetsä
46680,46680,0,46680,46680,0,False,SCHEDULED,1631912400,HSL:1042_20210917_La_1_1237,42,HSL:1281154,Pirkkolanmetsä
45720,45836,116,45720,45849,129,True,UPDATED,1631912400,HSL:4735_20210917_La_1_1201,735,HSL:4820214,Saturnuksenkuja
46320,46320,0,46320,46320,0,True,UPDATED,1631912400,HSL:4731_20210917_La_2_1235,731,HSL:4820214,Saturnuksenkuja
47520,47562,42,47520,47575,55,True,UPDATED,1631912400,HSL:4735_20210917_La_1_1231,735,HSL:4820214,Saturnuksenkuja
48120,48120,0,48120,48120,0,False,SCHEDULED,1631912400,HSL:4731_20210917_La_2_1305,731,HSL:4820214,Saturnuksenkuja
49320,49320,0,49320,49320,0,False,SCHEDULED,1631912400,HSL:4735_20210917_La_1_1300,735,HSL:4820214,Saturnuksenkuja
46260,46260,0,46260,46260,0,False,SCHEDULED,1631912400,HSL:4734_20210917_La_1_1247,734,HSL:4820212,Murmelikuja
48060,48060,0,48060,48060,0,False,SCHEDULED,1631912400,HSL:4734_20210917_La_1_1317,734,HSL:4820212,Murmelikuja
49860,49860,0,49860,49860,0,False,SCHEDULED,1631912400,HSL:4734_20210917_La_1_1347,734,HSL:4820212,Murmelikuja
51660,51660,0,51660,51660,0,False,SCHEDULED,1631912400,HSL:4734_20210917_La_1_1417,734,HSL:4820212,Murmelikuja
53460,53460,0,53460,53460,0,False,SCHEDULED,1631912400,HSL:4734_20210917_La_1_1447,734,HSL:4820212,Murmelikuja
45660,45619,-41,45660,45619,-41,True,UPDATED,1631912400,HSL:4731_20210917_La_1_1210,731,HSL:4820218,Venuksenpuisto
47460,47460,0,47460,47460,0,False,SCHEDULED,1631912400,HSL:4731_20210917_La_1_1239,731,HSL:4820218,Venuksenpuisto
49260,49260,0,49260,49260,0,False,SCHEDULED,1631912400,HSL:4731_20210917_La_1_1308,731,HSL:4820218,Venuksenpuisto
51060,51060,0,51060,51060,0,False,SCHEDULED,1631912400,HSL:4731_20210917_La_1_1338,731,HSL:4820218,Venuksenpuisto
52860,52860,0,52860,52860,0,False,SCHEDULED,1631912400,HSL:4731_20210917_La_1_1408,731,HSL:4820218,Venuksenpuisto
45300,45415,115,45300,45425,125,True,UPDATED,1631912400,HSL:1040_20210917_La_1_1215,40,HSL:1293126,Haagan ammattikoulu
45360,45436,76,45360,45442,82,True,UPDATED,1631912400,HSL:1052_20210917_La_2_1210,52,HSL:1293126,Haagan ammattikoulu
45480,45549,69,45480,45549,69,True,UPDATED,1631912400,HSL:1041_20210917_La_1_1211,41,HSL:1293126,Haagan ammattikoulu
45840,45879,39,45840,45890,50,True,UPDATED,1631912400,HSL:1056_20210917_La_1_1220,56,HSL:1293126,Haagan ammattikoulu
45900,45985,85,45900,45996,96,True,UPDATED,1631912400,HSL:1040_20210917_La_1_1225,40,HSL:1293126,Haagan ammattikoulu
45540,45520,-20,45540,45541,1,True,UPDATED,1631912400,HSL:1041_20210917_La_2_1231,41,HSL:1293127,Haagan ammattikoulu
45660,45531,-129,45660,45549,-111,True,UPDATED,1631912400,HSL:1040_20210917_La_2_1226,40,HSL:1293127,Haagan ammattikoulu
45540,45581,41,45540,45581,41,True,UPDATED,1631912400,HSL:1052_20210917_La_1_1216,52,HSL:1293127,Haagan ammattikoulu
45780,45811,31,45780,45811,31,True,UPDATED,1631912400,HSL:1056_20210917_La_2_1231,56,HSL:1293127,Haagan ammattikoulu
46140,46171,31,46140,46171,31,True,UPDATED,1631912400,HSL:1052_20210917_La_1_1226,52,HSL:1293127,Haagan ammattikoulu
45600,45452,-148,45600,45462,-138,True,UPDATED,1631912400,HSL:1040_20210917_La_2_1226,40,HSL:1293124,Eliel Saarisen tie
45480,45464,-16,45480,45476,-4,True,UPDATED,1631912400,HSL:1041_20210917_La_2_1231,41,HSL:1293124,Eliel Saarisen tie
45480,45521,41,45480,45521,41,True,UPDATED,1631912400,HSL:1052_20210917_La_1_1216,52,HSL:1293124,Eliel Saarisen tie
45720,45751,31,45720,45751,31,True,UPDATED,1631912400,HSL:1056_20210917_La_2_1231,56,HSL:1293124,Eliel Saarisen tie
46080,46103,23,46080,46103,23,True,UPDATED,1631912400,HSL:1052_20210917_La_1_1226,52,HSL:1293124,Eliel Saarisen tie
44820,45316,496,44820,45316,496,True,UPDATED,1631912400,HSL:1052_20210917_La_2_1200,52,HSL:1293123,Eliel Saarisen tie
45360,45469,109,45360,45479,119,True,UPDATED,1631912400,HSL:1040_20210917_La_1_1215,40,HSL:1293123,Eliel Saarisen tie
45420,45493,73,45420,45509,89,True,UPDATED,1631912400,HSL:1052_20210917_La_2_1210,52,HSL:1293123,Eliel Saarisen tie
45540,45583,43,45540,45583,43,True,UPDATED,1631912400,HSL:1041_20210917_La_1_1211,41,HSL:1293123,Eliel Saarisen tie
45900,45932,32,45900,45944,44,True,UPDATED,1631912400,HSL:1056_20210917_La_1_1220,56,HSL:1293123,Eliel Saarisen tie
45360,45471,111,45360,45471,111,True,UPDATED,1631912400,HSL:3002U_20210917_La_2_1207,U,HSL:2111552,Leppävaara
46320,46320,0,46320,46320,0,False,SCHEDULED,1631912400,HSL:3002E_20210917_La_2_1235,E,HSL:2111552,Leppävaara
47160,47160,0,47160,47160,0,False,SCHEDULED,1631912400,HSL:3002U_20210917_La_2_1237,U,HSL:2111552,Leppävaara
48120,48120,0,48120,48120,0,False,SCHEDULED,1631912400,HSL:3002E_20210917_La_2_1305,E,HSL:2111552,Leppävaara
48960,48960,0,48960,48960,0,False,SCHEDULED,1631912400,HSL:3002U_20210917_La_2_1307,U,HSL:2111552,Leppävaara
45300,45328,28,45300,45331,31,True,UPDATED,1631912400,HSL:2550_20210917_La_1_1142,550,HSL:2122219,Kurkijoentie
45420,45503,83,45420,45503,83,True,UPDATED,1631912400,HSL:2113_20210917_La_2_1229,113,HSL:2122219,Kurkijoentie
45900,45938,38,45900,45942,42,True,UPDATED,1631912400,HSL:2550_20210917_La_1_1152,550,HSL:2122219,Kurkijoentie
46320,46320,0,46320,46320,0,False,SCHEDULED,1631912400,HSL:2113_20210917_La_2_1244,113,HSL:2122219,Kurkijoentie
46500,46568,68,46500,46572,72,True,UPDATED,1631912400,HSL:2550_20210917_La_1_1202,550,HSL:2122219,Kurkijoentie
46200,46200,0,46200,46200,0,False,SCHEDULED,1631912400,HSL:2113_20210917_La_1_1242,113,HSL:2122213,Kirvunristi
47100,47100,0,47100,47100,0,False,SCHEDULED,1631912400,HSL:2113_20210917_La_1_1257,113,HSL:2122213,Kirvunristi
48000,48000,0,48000,48000,0,False,SCHEDULED,1631912400,HSL:2113_20210917_La_1_1312,113,HSL:2122213,Kirvunristi
48900,48900,0,48900,48900,0,False,SCHEDULED,1631912400,HSL:2113_20210917_La_1_1327,113,HSL:2122213,Kirvunristi
49800,49800,0,49800,49800,0,False,SCHEDULED,1631912400,HSL:2113_20210917_La_1_1342,113,HSL:2122213,Kirvunristi
46380,46380,0,46380,46380,0,True,UPDATED,1631912400,HSL:4731_20210917_La_2_1235,731,HSL:4820224,Uranuksenkuja
48180,48180,0,48180,48180,0,False,SCHEDULED,1631912400,HSL:4731_20210917_La_2_1305,731,HSL:4820224,Uranuksenkuja
49980,49980,0,49980,49980,0,False,SCHEDULED,1631912400,HSL:4731_20210917_La_2_1335,731,HSL:4820224,Uranuksenkuja
51780,51780,0,51780,51780,0,False,SCHEDULED,1631912400,HSL:4731_20210917_La_2_1405,731,HSL:4820224,Uranuksenkuja
53580,53580,0,53580,53580,0,False,SCHEDULED,1631912400,HSL:4731_20210917_La_2_1435,731,HSL:4820224,Uranuksenkuja
45720,45778,58,45720,45781,61,True,UPDATED,1631912400,HSL:2113_20210917_La_2_1229,113,HSL:2122212,Ilmeentie
46620,46620,0,46620,46620,0,False,SCHEDULED,1631912400,HSL:2113_20210917_La_2_1244,113,HSL:2122212,Ilmeentie
47580,47580,0,47580,47580,0,False,SCHEDULED,1631912400,HSL:2113_20210917_La_2_1259,113,HSL:2122212,Ilmeentie
48480,48480,0,48480,48480,0,False,SCHEDULED,1631912400,HSL:2113_20210917_La_2_1314,113,HSL:2122212,Ilmeentie
49380,49380,0,49380,49380,0,False,SCHEDULED,1631912400,HSL:2113_20210917_La_2_1329,113,HSL:2122212,Ilmeentie
45720,45679,-41,45720,45679,-41,True,UPDATED,1631912400,HSL:4731_20210917_La_1_1210,731,HSL:4820225,Uranuksenkuja
47520,47520,0,47520,47520,0,False,SCHEDULED,1631912400,HSL:4731_20210917_La_1_1239,731,HSL:4820225,Uranuksenkuja
49320,49320,0,49320,49320,0,False,SCHEDULED,1631912400,HSL:4731_20210917_La_1_1308,731,HSL:4820225,Uranuksenkuja
51120,51120,0,51120,51120,0,False,SCHEDULED,1631912400,HSL:4731_20210917_La_1_1338,731,HSL:4820225,Uranuksenkuja
52920,52920,0,52920,52920,0,False,SCHEDULED,1631912400,HSL:4731_20210917_La_1_1408,731,HSL:4820225,Uranuksenkuja
45780,45844,64,45780,45846,66,True,UPDATED,1631912400,HSL:2113_20210917_La_2_1229,113,HSL:2122215,Makslahdentie
46680,46680,0,46680,46680,0,False,SCHEDULED,1631912400,HSL:2113_20210917_La_2_1244,113,HSL:2122215,Makslahdentie
47640,47640,0,47640,47640,0,False,SCHEDULED,1631912400,HSL:2113_20210917_La_2_1259,113,HSL:2122215,Makslahdentie
48540,48540,0,48540,48540,0,False,SCHEDULED,1631912400,HSL:2113_20210917_La_2_1314,113,HSL:2122215,Makslahdentie
49440,49440,0,49440,49440,0,False,SCHEDULED,1631912400,HSL:2113_20210917_La_2_1329,113,HSL:2122215,Makslahdentie
46320,46320,0,46320,46320,0,True,UPDATED,1631912400,HSL:4731_20210917_La_2_1235,731,HSL:4820222,Kaakkoisväylä
48120,48120,0,48120,48120,0,False,SCHEDULED,1631912400,HSL:4731_20210917_La_2_1305,731,HSL:4820222,Kaakkoisväylä
49920,49920,0,49920,49920,0,False,SCHEDULED,1631912400,HSL:4731_20210917_La_2_1335,731,HSL:4820222,Kaakkoisväylä
51720,51720,0,51720,51720,0,False,SCHEDULED,1631912400,HSL:4731_20210917_La_2_1405,731,HSL:4820222,Kaakkoisväylä
53520,53520,0,53520,53520,0,False,SCHEDULED,1631912400,HSL:4731_20210917_La_2_1435,731,HSL:4820222,Kaakkoisväylä
46200,46200,0,46200,46200,0,False,SCHEDULED,1631912400,HSL:2113_20210917_La_1_1242,113,HSL:2122214,Makslahdentie
47100,47100,0,47100,47100,0,False,SCHEDULED,1631912400,HSL:2113_20210917_La_1_1257,113,HSL:2122214,Makslahdentie
48000,48000,0,48000,48000,0,False,SCHEDULED,1631912400,HSL:2113_20210917_La_1_1312,113,HSL:2122214,Makslahdentie
48900,48900,0,48900,48900,0,False,SCHEDULED,1631912400,HSL:2113_20210917_La_1_1327,113,HSL:2122214,Makslahdentie
49800,49800,0,49800,49800,0,False,SCHEDULED,1631912400,HSL:2113_20210917_La_1_1342,113,HSL:2122214,Makslahdentie
45720,45679,-41,45720,45679,-41,True,UPDATED,1631912400,HSL:4731_20210917_La_1_1210,731,HSL:4820223,Kaakkoisväylä
47520,47520,0,47520,47520,0,False,SCHEDULED,1631912400,HSL:4731_20210917_La_1_1239,731,HSL:4820223,Kaakkoisväylä
49320,49320,0,49320,49320,0,False,SCHEDULED,1631912400,HSL:4731_20210917_La_1_1308,731,HSL:4820223,Kaakkoisväylä
51120,51120,0,51120,51120,0,False,SCHEDULED,1631912400,HSL:4731_20210917_La_1_1338,731,HSL:4820223,Kaakkoisväylä
52920,52920,0,52920,52920,0,False,SCHEDULED,1631912400,HSL:4731_20210917_La_1_1408,731,HSL:4820223,Kaakkoisväylä
45360,45360,0,45360,45360,0,True,UPDATED,1631912400,HSL:2113_20210917_La_1_1227,113,HSL:2122211,Koivistontie
46260,46260,0,46260,46260,0,False,SCHEDULED,1631912400,HSL:2113_20210917_La_1_1242,113,HSL:2122211,Koivistontie
47160,47160,0,47160,47160,0,False,SCHEDULED,1631912400,HSL:2113_20210917_La_1_1257,113,HSL:2122211,Koivistontie
48060,48060,0,48060,48060,0,False,SCHEDULED,1631912400,HSL:2113_20210917_La_1_1312,113,HSL:2122211,Koivistontie
48960,48960,0,48960,48960,0,False,SCHEDULED,1631912400,HSL:2113_20210917_La_1_1327,113,HSL:2122211,Koivistontie
45660,45732,72,45660,45742,82,True,UPDATED,1631912400,HSL:2113_20210917_La_2_1229,113,HSL:2122210,Koivistontie
46560,46560,0,46560,46560,0,False,SCHEDULED,1631912400,HSL:2113_20210917_La_2_1244,113,HSL:2122210,Koivistontie
47520,47520,0,47520,47520,0,False,SCHEDULED,1631912400,HSL:2113_20210917_La_2_1259,113,HSL:2122210,Koivistontie
48420,48420,0,48420,48420,0,False,SCHEDULED,1631912400,HSL:2113_20210917_La_2_1314,113,HSL:2122210,Koivistontie
49320,49320,0,49320,49320,0,False,SCHEDULED,1631912400,HSL:2113_20210917_La_2_1329,113,HSL:2122210,Koivistontie
45420,45455,35,45420,45466,46,True,UPDATED,1631912400,HSL:2321_20210917_La_1_1229,321,HSL:1180113,Töölön tulli
45780,45792,12,45780,45807,27,True,UPDATED,1631912400,HSL:2200_20210917_La_1_1234,200,HSL:1180113,Töölön tulli
46200,46200,0,46200,46200,0,False,SCHEDULED,1631912400,HSL:4322_20210917_La_1_1241,322,HSL:1180113,Töölön tulli
46380,46380,0,46380,46380,0,False,SCHEDULED,1631912400,HSL:2200_20210917_La_1_1244,200,HSL:1180113,Töölön tulli
46860,46860,0,46860,46860,0,False,SCHEDULED,1631912400,HSL:2321_20210917_La_1_1253,321,HSL:1180113,Töölön tulli
46440,46449,9,46440,46458,18,True,UPDATED,1631912400,HSL:2543_20210917_La_1_1225,543,HSL:2321249,Kuitinniitty
48240,48240,0,48240,48240,0,False,SCHEDULED,1631912400,HSL:2543_20210917_La_1_1255,543,HSL:2321249,Kuitinniitty
50040,50040,0,50040,50040,0,False,SCHEDULED,1631912400,HSL:2543_20210917_La_1_1325,543,HSL:2321249,Kuitinniitty
51840,51840,0,51840,51840,0,False,SCHEDULED,1631912400,HSL:2543_20210917_La_1_1355,543,HSL:2321249,Kuitinniitty
53640,53640,0,53640,53640,0,False,SCHEDULED,1631912400,HSL:2543_20210917_La_1_1425,543,HSL:2321249,Kuitinniitty
45300,45409,109,45300,45430,130,True,UPDATED,1631912400,HSL:2550_20210917_La_1_1202,550,HSL:1293157,Metsäläntie
45900,45900,0,45900,45900,0,True,UPDATED,1631912400,HSL:2550_20210917_La_1_1212,550,HSL:1293157,Metsäläntie
46440,46605,165,46440,46605,165,True,UPDATED,1631912400,HSL:2550_20210917_La_1_1221,550,HSL:1293157,Metsäläntie
47040,47188,148,47040,47208,168,True,UPDATED,1631912400,HSL:2550_20210917_La_1_1231,550,HSL:1293157,Metsäläntie
47640,47640,0,47640,47640,0,True,UPDATED,1631912400,HSL:2550_20210917_La_1_1241,550,HSL:1293157,Metsäläntie
45120,45298,178,45120,45318,198,True,UPDATED,1631912400,HSL:1040_20210917_La_2_1206,40,HSL:1180115,Töölön tulli
45180,45431,251,45180,45431,251,True,UPDATED,1631912400,HSL:4411_20210917_La_2_1205,411,HSL:1180115,Töölön tulli
45600,45631,31,45600,45631,31,True,UPDATED,1631912400,HSL:1506_20210917_La_2_1234,506,HSL:1180115,Töölön tulli
46320,45685,-635,46320,45695,-625,True,UPDATED,1631912400,HSL:1040_20210917_La_2_1226,40,HSL:1180115,Töölön tulli
45780,45873,93,45780,45873,93,True,UPDATED,1631912400,HSL:1063_20210917_La_2_1213,63,HSL:1180115,Töölön tulli
45360,45542,182,45360,45547,187,True,UPDATED,1631912400,HSL:4415_20210917_La_2_1203,415,HSL:1293155,Metsäläntie
45600,45997,397,45600,46001,401,True,UPDATED,1631912400,HSL:1042_20210917_La_2_1226,42,HSL:1293155,Metsäläntie
45960,46050,90,45960,46056,96,True,UPDATED,1631912400,HSL:4421_20210917_La_2_1225,421,HSL:1293155,Metsäläntie
46560,46560,0,46560,46560,0,False,SCHEDULED,1631912400,HSL:4411_20210917_La_2_1235,411,HSL:1293155,Metsäläntie
46800,46800,0,46800,46800,0,False,SCHEDULED,1631912400,HSL:1042_20210917_La_2_1246,42,HSL:1293155,Metsäläntie
45240,45429,189,45240,45449,209,True,UPDATED,1631912400,HSL:2550_20210917_La_2_1159,550,HSL:1293156,Metsäläntie
45840,45953,113,45840,45973,133,True,UPDATED,1631912400,HSL:2550_20210917_La_2_1209,550,HSL:1293156,Metsäläntie
46440,46534,94,46440,46556,116,True,UPDATED,1631912400,HSL:2550_20210917_La_2_1219,550,HSL:1293156,Metsäläntie
47040,47104,64,47040,47114,74,True,UPDATED,1631912400,HSL:2550_20210917_La_2_1229,550,HSL:1293156,Metsäläntie
47640,47640,0,47640,47640,0,False,SCHEDULED,1631912400,HSL:2550_20210917_La_2_1239,550,HSL:1293156,Metsäläntie
45300,45465,165,45300,45482,182,True,UPDATED,1631912400,HSL:4415_20210917_La_2_1203,415,HSL:1293153,Pirkkolantie
45480,45935,455,45480,45935,455,True,UPDATED,1631912400,HSL:1042_20210917_La_2_1226,42,HSL:1293153,Pirkkolantie
45900,45970,70,45900,45988,88,True,UPDATED,1631912400,HSL:4421_20210917_La_2_1225,421,HSL:1293153,Pirkkolantie
46500,46500,0,46500,46500,0,False,SCHEDULED,1631912400,HSL:4411_20210917_La_2_1235,411,HSL:1293153,Pirkkolantie
46680,46680,0,46680,46680,0,False,SCHEDULED,1631912400,HSL:1042_20210917_La_2_1246,42,HSL:1293153,Pirkkolantie
45480,45738,258,45480,45776,296,True,UPDATED,1631912400,HSL:4411_20210917_La_1_1222,411,HSL:1293152,Pirkkolantie
45780,45780,0,45780,45780,0,False,SCHEDULED,1631912400,HSL:7456A_20210917_La_1_1230,456A,HSL:1293152,Pirkkolantie
46140,46163,23,46140,46174,34,True,UPDATED,1631912400,HSL:2436_20210917_La_1_1232,436,HSL:1293152,Pirkkolantie
46620,46620,0,46620,46620,0,False,SCHEDULED,1631912400,HSL:1042_20210917_La_1_1237,42,HSL:1293152,Pirkkolantie
46740,46740,0,46740,46740,0,False,SCHEDULED,1631912400,HSL:4421_20210917_La_1_1242,421,HSL:1293152,Pirkkolantie
45240,45328,88,45240,45359,119,True,UPDATED,1631912400,HSL:1022_20210917_La_1_1211,22,HSL:1310121,Katajaharju
45600,45600,0,45600,45600,0,False,SCHEDULED,1631912400,HSL:1022B_20210917_La_2_1240,22B,HSL:1310121,Katajaharju
45840,45840,0,45840,45840,0,True,UPDATED,1631912400,HSL:1022B_20210917_La_1_1236,22B,HSL:1310121,Katajaharju
46200,46200,0,46200,46200,0,False,SCHEDULED,1631912400,HSL:1022_20210917_La_2_1250,22,HSL:1310121,Katajaharju
46440,46479,39,46440,46484,44,True,UPDATED,1631912400,HSL:1022_20210917_La_1_1231,22,HSL:1310121,Katajaharju
45660,45660,0,45660,45660,0,False,SCHEDULED,1631912400,HSL:1022B_20210917_La_2_1240,22B,HSL:1310120,Koivusaarentie
46260,46260,0,46260,46260,0,False,SCHEDULED,1631912400,HSL:1022_20210917_La_2_1250,22,HSL:1310120,Koivusaarentie
46860,46860,0,46860,46860,0,False,SCHEDULED,1631912400,HSL:1022B_20210917_La_2_1300,22B,HSL:1310120,Koivusaarentie
47460,47460,0,47460,47460,0,False,SCHEDULED,1631912400,HSL:1022_20210917_La_2_1310,22,HSL:1310120,Koivusaarentie
48060,48060,0,48060,48060,0,False,SCHEDULED,1631912400,HSL:1022B_20210917_La_2_1320,22B,HSL:1310120,Koivusaarentie
45720,45720,0,45720,45720,0,False,SCHEDULED,1631912400,HSL:7456A_20210917_La_1_1230,456A,HSL:1293150,Metsäläntie
45420,45688,268,45420,45726,306,True,UPDATED,1631912400,HSL:4411_20210917_La_1_1222,411,HSL:1293150,Metsäläntie
46080,46110,30,46080,46113,33,True,UPDATED,1631912400,HSL:2436_20210917_La_1_1232,436,HSL:1293150,Metsäläntie
46560,46560,0,46560,46560,0,False,SCHEDULED,1631912400,HSL:1042_20210917_La_1_1237,42,HSL:1293150,Metsäläntie
46680,46680,0,46680,46680,0,False,SCHEDULED,1631912400,HSL:4421_20210917_La_1_1242,421,HSL:1293150,Metsäläntie
46080,46080,0,46080,46080,0,False,SCHEDULED,1631912400,HSL:7192V_20210917_La_1_1240,192V,HSL:1310124,Lahnalahdentie
54540,54540,0,54540,54540,0,False,SCHEDULED,1631912400,HSL:7192T_20210917_La_1_1500,192T,HSL:1310124,Lahnalahdentie
63840,63840,0,63840,63840,0,False,SCHEDULED,1631912400,HSL:7192V_20210917_La_1_1740,192V,HSL:1310124,Lahnalahdentie
67500,67500,0,67500,67500,0,False,SCHEDULED,1631912400,HSL:7192T_20210917_La_1_1835,192T,HSL:1310124,Lahnalahdentie
83340,83340,0,83340,83340,0,False,SCHEDULED,1631912400,HSL:7192V_20210917_La_1_2305,192V,HSL:1310124,Lahnalahdentie
45720,45720,0,45720,45720,0,False,SCHEDULED,1631912400,HSL:1021_20210917_La_2_1240,21,HSL:1310127,Hevosenkenkäpuisto
46320,46320,0,46320,46320,0,False,SCHEDULED,1631912400,HSL:1021_20210917_La_2_1250,21,HSL:1310127,Hevosenkenkäpuisto
46920,46920,0,46920,46920,0,False,SCHEDULED,1631912400,HSL:1021_20210917_La_2_1300,21,HSL:1310127,Hevosenkenkäpuisto
47520,47520,0,47520,47520,0,False,SCHEDULED,1631912400,HSL:1021_20210917_La_2_1310,21,HSL:1310127,Hevosenkenkäpuisto
48120,48120,0,48120,48120,0,False,SCHEDULED,1631912400,HSL:1021_20210917_La_2_1320,21,HSL:1310127,Hevosenkenkäpuisto
47880,47880,0,47880,47880,0,False,SCHEDULED,1631912400,HSL:2239_20210917_La_1_1246,239,HSL:2714298,Punametsä
51540,51540,0,51540,51540,0,False,SCHEDULED,1631912400,HSL:2239_20210917_La_1_1346,239,HSL:2714298,Punametsä
55140,55140,0,55140,55140,0,False,SCHEDULED,1631912400,HSL:2239_20210917_La_1_1446,239,HSL:2714298,Punametsä
58800,58800,0,58800,58800,0,False,SCHEDULED,1631912400,HSL:2239_20210917_La_1_1546,239,HSL:2714298,Punametsä
62400,62400,0,62400,62400,0,False,SCHEDULED,1631912400,HSL:2239_20210917_La_1_1646,239,HSL:2714298,Punametsä
45540,45540,0,45540,45540,0,True,UPDATED,1631912400,HSL:2239_20210917_La_2_1237,239,HSL:2714297,Antinmäki
45840,45840,0,45840,45840,0,False,SCHEDULED,1631912400,HSL:2582_20210917_La_2_1242,582,HSL:2714297,Antinmäki
47100,47100,0,47100,47100,0,False,SCHEDULED,1631912400,HSL:2236_20210917_La_2_1254,236,HSL:2714297,Antinmäki
47640,47640,0,47640,47640,0,False,SCHEDULED,1631912400,HSL:2582_20210917_La_2_1312,582,HSL:2714297,Antinmäki
48720,48720,0,48720,48720,0,False,SCHEDULED,1631912400,HSL:2436_20210917_La_2_1329,436,HSL:2714297,Antinmäki
45240,45307,67,45240,45319,79,True,UPDATED,1631912400,HSL:1021_20210917_La_2_1230,21,HSL:1310129,Särkiniementie
45840,45840,0,45840,45840,0,False,SCHEDULED,1631912400,HSL:1021_20210917_La_2_1240,21,HSL:1310129,Särkiniementie
46440,46440,0,46440,46440,0,False,SCHEDULED,1631912400,HSL:1021_20210917_La_2_1250,21,HSL:1310129,Särkiniementie
47040,47040,0,47040,47040,0,False,SCHEDULED,1631912400,HSL:1021_20210917_La_2_1300,21,HSL:1310129,Särkiniementie
47640,47640,0,47640,47640,0,False,SCHEDULED,1631912400,HSL:1021_20210917_La_2_1310,21,HSL:1310129,Särkiniementie
45900,45900,0,45900,45900,0,True,UPDATED,1631912400,HSL:2239_20210917_La_2_1237,239,HSL:2714299,Perusmäki
49500,49500,0,49500,49500,0,False,SCHEDULED,1631912400,HSL:2239_20210917_La_2_1337,239,HSL:2714299,Perusmäki
53100,53100,0,53100,53100,0,False,SCHEDULED,1631912400,HSL:2239_20210917_La_2_1437,239,HSL:2714299,Perusmäki
56700,56700,0,56700,56700,0,False,SCHEDULED,1631912400,HSL:2239_20210917_La_2_1537,239,HSL:2714299,Perusmäki
60300,60300,0,60300,60300,0,False,SCHEDULED,1631912400,HSL:2239_20210917_La_2_1637,239,HSL:2714299,Perusmäki
46020,46054,34,46020,46059,39,True,UPDATED,1631912400,HSL:1021_20210917_La_1_1230,21,HSL:1310128,Hevosenkenkäpuisto
46620,46620,0,46620,46620,0,False,SCHEDULED,1631912400,HSL:1021_20210917_La_1_1240,21,HSL:1310128,Hevosenkenkäpuisto
47220,47220,0,47220,47220,0,False,SCHEDULED,1631912400,HSL:1021_20210917_La_1_1250,21,HSL:1310128,Hevosenkenkäpuisto
47820,47820,0,47820,47820,0,False,SCHEDULED,1631912400,HSL:1021_20210917_La_1_1300,21,HSL:1310128,Hevosenkenkäpuisto
48420,48420,0,48420,48420,0,False,SCHEDULED,1631912400,HSL:1021_20210917_La_1_1310,21,HSL:1310128,Hevosenkenkäpuisto
45840,45840,0,45840,45840,0,True,UPDATED,1631912400,HSL:2239_20210917_La_2_1237,239,HSL:2714296,Kalliomäentie
49440,49440,0,49440,49440,0,False,SCHEDULED,1631912400,HSL:2239_20210917_La_2_1337,239,HSL:2714296,Kalliomäentie
53040,53040,0,53040,53040,0,False,SCHEDULED,1631912400,HSL:2239_20210917_La_2_1437,239,HSL:2714296,Kalliomäentie
56640,56640,0,56640,56640,0,False,SCHEDULED,1631912400,HSL:2239_20210917_La_2_1537,239,HSL:2714296,Kalliomäentie
60240,60240,0,60240,60240,0,False,SCHEDULED,1631912400,HSL:2239_20210917_La_2_1637,239,HSL:2714296,Kalliomäentie
45540,45540,0,45540,45540,0,True,UPDATED,1631912400,HSL:2239_20210917_La_2_1237,239,HSL:2714295,Kallionsyrjä
45840,45840,0,45840,45840,0,False,SCHEDULED,1631912400,HSL:2582_20210917_La_2_1242,582,HSL:2714295,Kallionsyrjä
47040,47040,0,47040,47040,0,False,SCHEDULED,1631912400,HSL:2236_20210917_La_2_1254,236,HSL:2714295,Kallionsyrjä
47640,47640,0,47640,47640,0,False,SCHEDULED,1631912400,HSL:2582_20210917_La_2_1312,582,HSL:2714295,Kallionsyrjä
48660,48660,0,48660,48660,0,False,SCHEDULED,1631912400,HSL:2436_20210917_La_2_1329,436,HSL:2714295,Kallionsyrjä
45420,45430,10,45420,45440,20,True,UPDATED,1631912400,HSL:1037_20210917_La_1_1224,37,HSL:1180103,Kuusitie
45540,45538,-2,45540,45550,10,True,UPDATED,1631912400,HSL:2321_20210917_La_1_1229,321,HSL:1180103,Kuusitie
45840,45879,39,45840,45891,51,True,UPDATED,1631912400,HSL:2200_20210917_La_1_1234,200,HSL:1180103,Kuusitie
46320,46320,0,46320,46320,0,False,SCHEDULED,1631912400,HSL:4322_20210917_La_1_1241,322,HSL:1180103,Kuusitie
46440,46440,0,46440,46440,0,False,SCHEDULED,1631912400,HSL:2200_20210917_La_1_1244,200,HSL:1180103,Kuusitie
45900,45952,52,45900,45952,52,True,UPDATED,1631912400,HSL:1021_20210917_La_1_1230,21,HSL:1310130,Särkiniementie
46500,46500,0,46500,46500,0,False,SCHEDULED,1631912400,HSL:1021_20210917_La_1_1240,21,HSL:1310130,Särkiniementie
47100,47100,0,47100,47100,0,False,SCHEDULED,1631912400,HSL:1021_20210917_La_1_1250,21,HSL:1310130,Särkiniementie
47700,47700,0,47700,47700,0,False,SCHEDULED,1631912400,HSL:1021_20210917_La_1_1300,21,HSL:1310130,Särkiniementie
48300,48300,0,48300,48300,0,False,SCHEDULED,1631912400,HSL:1021_20210917_La_1_1310,21,HSL:1310130,Särkiniementie
46080,46080,0,46080,46080,0,True,UPDATED,1631912400,HSL:2239_20210917_La_2_1237,239,HSL:2714287,Latapelto
47820,47820,0,47820,47820,0,False,SCHEDULED,1631912400,HSL:2246K_20210917_La_2_1314,246K,HSL:2714287,Latapelto
49680,49680,0,49680,49680,0,False,SCHEDULED,1631912400,HSL:2239_20210917_La_2_1337,239,HSL:2714287,Latapelto
51420,51420,0,51420,51420,0,False,SCHEDULED,1631912400,HSL:2246K_20210917_La_2_1414,246K,HSL:2714287,Latapelto
53280,53280,0,53280,53280,0,False,SCHEDULED,1631912400,HSL:2239_20210917_La_2_1437,239,HSL:2714287,Latapelto
47820,47820,0,47820,47820,0,False,SCHEDULED,1631912400,HSL:2239_20210917_La_1_1246,239,HSL:2714286,Latapelto
51480,51480,0,51480,51480,0,False,SCHEDULED,1631912400,HSL:2239_20210917_La_1_1346,239,HSL:2714286,Latapelto
55080,55080,0,55080,55080,0,False,SCHEDULED,1631912400,HSL:2239_20210917_La_1_1446,239,HSL:2714286,Latapelto
58740,58740,0,58740,58740,0,False,SCHEDULED,1631912400,HSL:2239_20210917_La_1_1546,239,HSL:2714286,Latapelto
62340,62340,0,62340,62340,0,False,SCHEDULED,1631912400,HSL:2239_20210917_La_1_1646,239,HSL:2714286,Latapelto
45780,45832,52,45780,45832,52,True,UPDATED,1631912400,HSL:1021_20210917_La_1_1230,21,HSL:1310137,Melkonkuja
46380,46380,0,46380,46380,0,False,SCHEDULED,1631912400,HSL:1021_20210917_La_1_1240,21,HSL:1310137,Melkonkuja
46980,46980,0,46980,46980,0,False,SCHEDULED,1631912400,HSL:1021_20210917_La_1_1250,21,HSL:1310137,Melkonkuja
47580,47580,0,47580,47580,0,False,SCHEDULED,1631912400,HSL:1021_20210917_La_1_1300,21,HSL:1310137,Melkonkuja
48180,48180,0,48180,48180,0,False,SCHEDULED,1631912400,HSL:1021_20210917_La_1_1310,21,HSL:1310137,Melkonkuja
47760,47760,0,47760,47760,0,False,SCHEDULED,1631912400,HSL:2239_20210917_La_1_1246,239,HSL:2714288,Maarinpuro
51420,51420,0,51420,51420,0,False,SCHEDULED,1631912400,HSL:2239_20210917_La_1_1346,239,HSL:2714288,Maarinpuro
55020,55020,0,55020,55020,0,False,SCHEDULED,1631912400,HSL:2239_20210917_La_1_1446,239,HSL:2714288,Maarinpuro
58680,58680,0,58680,58680,0,False,SCHEDULED,1631912400,HSL:2239_20210917_La_1_1546,239,HSL:2714288,Maarinpuro
62280,62280,0,62280,62280,0,False,SCHEDULED,1631912400,HSL:2239_20210917_La_1_1646,239,HSL:2714288,Maarinpuro
45180,45287,107,45180,45313,133,True,UPDATED,1631912400,HSL:2550_20210917_La_1_1202,550,HSL:1281160,Hämeenlinnanväylä
45780,45710,-70,45780,45780,0,True,UPDATED,1631912400,HSL:2550_20210917_La_1_1212,550,HSL:1281160,Hämeenlinnanväylä
46320,46485,165,46320,46485,165,True,UPDATED,1631912400,HSL:2550_20210917_La_1_1221,550,HSL:1281160,Hämeenlinnanväylä
46920,47063,143,46920,47094,174,True,UPDATED,1631912400,HSL:2550_20210917_La_1_1231,550,HSL:1281160,Hämeenlinnanväylä
47520,47520,0,47520,47520,0,True,UPDATED,1631912400,HSL:2550_20210917_La_1_1241,550,HSL:1281160,Hämeenlinnanväylä
46560,46560,0,46560,46560,0,False,SCHEDULED,1631912400,HSL:2133_20210917_La_1_1254,133,HSL:2321226,Friisinniityntie
48360,48360,0,48360,48360,0,False,SCHEDULED,1631912400,HSL:2133_20210917_La_1_1324,133,HSL:2321226,Friisinniityntie
50160,50160,0,50160,50160,0,False,SCHEDULED,1631912400,HSL:2133_20210917_La_1_1354,133,HSL:2321226,Friisinniityntie
51960,51960,0,51960,51960,0,False,SCHEDULED,1631912400,HSL:2133_20210917_La_1_1424,133,HSL:2321226,Friisinniityntie
53760,53760,0,53760,53760,0,False,SCHEDULED,1631912400,HSL:2133_20210917_La_1_1454,133,HSL:2321226,Friisinniityntie
45660,45645,-15,45660,45653,-7,True,UPDATED,1631912400,HSL:2158_20210917_La_2_1221,158,HSL:2321227,Piispantilankuja
46140,46156,16,46140,46156,16,True,UPDATED,1631912400,HSL:2157_20210917_La_2_1234,157,HSL:2321227,Piispantilankuja
46560,46560,0,46560,46560,0,True,UPDATED,1631912400,HSL:2158_20210917_La_2_1236,158,HSL:2321227,Piispantilankuja
46620,46620,0,46620,46620,0,False,SCHEDULED,1631912400,HSL:2133_20210917_La_1_1254,133,HSL:2321227,Piispantilankuja
47040,47040,0,47040,47040,0,False,SCHEDULED,1631912400,HSL:2157_20210917_La_2_1249,157,HSL:2321227,Piispantilankuja
45780,45881,101,45780,45899,119,True,UPDATED,1631912400,HSL:2133_20210917_La_2_1224,133,HSL:2321224,Tähdenlennontie
47580,47580,0,47580,47580,0,False,SCHEDULED,1631912400,HSL:2133_20210917_La_2_1254,133,HSL:2321224,Tähdenlennontie
49380,49380,0,49380,49380,0,False,SCHEDULED,1631912400,HSL:2133_20210917_La_2_1324,133,HSL:2321224,Tähdenlennontie
51180,51180,0,51180,51180,0,False,SCHEDULED,1631912400,HSL:2133_20210917_La_2_1354,133,HSL:2321224,Tähdenlennontie
52980,52980,0,52980,52980,0,False,SCHEDULED,1631912400,HSL:2133_20210917_La_2_1424,133,HSL:2321224,Tähdenlennontie
85500,85500,0,85500,85500,0,False,SCHEDULED,1631912400,HSL:2112N_20210917_La_2_2345,112N,HSL:2321225,Friisilänaukio
87300,87300,0,87300,87300,0,False,SCHEDULED,1631912400,HSL:2112N_20210917_La_2_2415,112N,HSL:2321225,Friisilänaukio
88440,88440,0,88440,88440,0,False,SCHEDULED,1631912400,HSL:2112N_20210917_La_1_2400,112N,HSL:2321225,Friisilänaukio
89100,89100,0,89100,89100,0,False,SCHEDULED,1631912400,HSL:2112N_20210917_La_2_2445,112N,HSL:2321225,Friisilänaukio
90240,90240,0,90240,90240,0,False,SCHEDULED,1631912400,HSL:2112N_20210917_La_1_2430,112N,HSL:2321225,Friisilänaukio
45600,45668,68,45600,45674,74,True,UPDATED,1631912400,HSL:2543_20210917_La_2_1222,543,HSL:2321222,Friisilänristi
45720,45806,86,45720,45856,136,True,UPDATED,1631912400,HSL:2124K_20210917_La_2_1218,124K,HSL:2321222,Friisilänristi
46620,46620,0,46620,46620,0,False,SCHEDULED,1631912400,HSL:2124_20210917_La_2_1233,124,HSL:2321222,Friisilänristi
47400,47400,0,47400,47400,0,False,SCHEDULED,1631912400,HSL:2543_20210917_La_2_1252,543,HSL:2321222,Friisilänristi
47520,47520,0,47520,47520,0,False,SCHEDULED,1631912400,HSL:2124K_20210917_La_2_1248,124K,HSL:2321222,Friisilänristi
45360,45333,-27,45360,45338,-22,True,UPDATED,1631912400,HSL:2157_20210917_La_1_1231,157,HSL:2321223,Friisilänristi
45780,45780,0,45780,45780,0,False,SCHEDULED,1631912400,HSL:2158_20210917_La_1_1238,158,HSL:2321223,Friisilänristi
45780,45823,43,45780,45831,51,True,UPDATED,1631912400,HSL:2124K_20210917_La_1_1232,124K,HSL:2321223,Friisilänristi
46260,46260,0,46260,46260,0,False,SCHEDULED,1631912400,HSL:2157_20210917_La_1_1246,157,HSL:2321223,Friisilänristi
46500,46575,75,46500,46584,84,True,UPDATED,1631912400,HSL:2543_20210917_La_1_1225,543,HSL:2321223,Friisilänristi
45600,45655,55,45600,45668,68,True,UPDATED,1631912400,HSL:2531_20210917_La_1_1221,531,HSL:2321220,Puolarmetsä
45600,45867,267,45600,45873,273,True,UPDATED,1631912400,HSL:2125_20210917_La_1_1225,125,HSL:2321220,Puolarmetsä
46500,46500,0,46500,46500,0,False,SCHEDULED,1631912400,HSL:2531_20210917_La_1_1236,531,HSL:2321220,Puolarmetsä
46500,46500,0,46500,46500,0,False,SCHEDULED,1631912400,HSL:2125_20210917_La_1_1240,125,HSL:2321220,Puolarmetsä
47400,47400,0,47400,47400,0,False,SCHEDULED,1631912400,HSL:2531_20210917_La_1_1251,531,HSL:2321220,Puolarmetsä
45300,45390,90,45360,45390,30,True,UPDATED,1631912400,HSL:2531_20210917_La_2_1215,531,HSL:2321221,Puolarmetsä
45840,45873,33,45840,45893,53,True,UPDATED,1631912400,HSL:2125_20210917_La_2_1230,125,HSL:2321221,Puolarmetsä
46200,46309,109,46260,46353,93,True,UPDATED,1631912400,HSL:2531_20210917_La_2_1230,531,HSL:2321221,Puolarmetsä
46740,46740,0,46740,46740,0,False,SCHEDULED,1631912400,HSL:2125_20210917_La_2_1245,125,HSL:2321221,Puolarmetsä
47100,47100,0,47160,47160,0,False,SCHEDULED,1631912400,HSL:2531_20210917_La_2_1245,531,HSL:2321221,Puolarmetsä
45480,45446,-34,45480,45473,-7,True,UPDATED,1631912400,HSL:1056_20210917_La_1_1210,56,HSL:1293173,Näyttelijäntie
45060,45556,496,45060,45556,496,True,UPDATED,1631912400,HSL:1052_20210917_La_2_1200,52,HSL:1293173,Näyttelijäntie
45660,45688,28,45660,45688,28,True,UPDATED,1631912400,HSL:1052_20210917_La_2_1210,52,HSL:1293173,Näyttelijäntie
45600,45692,92,45600,45692,92,True,UPDATED,1631912400,HSL:1040_20210917_La_1_1215,40,HSL:1293173,Näyttelijäntie
46080,46130,50,46080,46145,65,True,UPDATED,1631912400,HSL:1056_20210917_La_1_1220,56,HSL:1293173,Näyttelijäntie
45420,45502,82,45420,45514,94,True,UPDATED,1631912400,HSL:1021_20210917_La_1_1230,21,HSL:1310101,Lauttasaaren silta
45840,45786,-54,45840,45786,-54,True,UPDATED,1631912400,HSL:1022_20210917_La_1_1231,22,HSL:1310101,Lauttasaaren silta
46020,46020,0,46020,46020,0,False,SCHEDULED,1631912400,HSL:1021_20210917_La_1_1240,21,HSL:1310101,Lauttasaaren silta
46620,46620,0,46620,46620,0,False,SCHEDULED,1631912400,HSL:1021_20210917_La_1_1250,21,HSL:1310101,Lauttasaaren silta
47040,47040,0,47040,47040,0,False,SCHEDULED,1631912400,HSL:1022_20210917_La_1_1251,22,HSL:1310101,Lauttasaaren silta
45600,45580,-20,45600,45602,2,True,UPDATED,1631912400,HSL:1022_20210917_La_2_1230,22,HSL:1310102,Lauttasaaren silta
45720,45817,97,45720,45837,117,True,UPDATED,1631912400,HSL:1021_20210917_La_2_1230,21,HSL:1310102,Lauttasaaren silta
46320,46320,0,46320,46320,0,False,SCHEDULED,1631912400,HSL:1021_20210917_La_2_1240,21,HSL:1310102,Lauttasaaren silta
46800,46800,0,46800,46800,0,False,SCHEDULED,1631912400,HSL:1022_20210917_La_2_1250,22,HSL:1310102,Lauttasaaren silta
46920,46920,0,46920,46920,0,False,SCHEDULED,1631912400,HSL:1021_20210917_La_2_1250,21,HSL:1310102,Lauttasaaren silta
45360,45089,-271,45360,45360,0,True,UPDATED,1631912400,HSL:1022B_20210917_La_1_1236,22B,HSL:1310105,Lauttasaarentie (M)
45600,45600,0,45600,45600,0,False,SCHEDULED,1631912400,HSL:1021_20210917_La_2_1240,21,HSL:1310105,Lauttasaarentie (M)
45960,45967,7,45960,45967,7,True,UPDATED,1631912400,HSL:1022_20210917_La_1_1231,22,HSL:1310105,Lauttasaarentie (M)
46200,46200,0,46200,46200,0,False,SCHEDULED,1631912400,HSL:1021_20210917_La_2_1250,21,HSL:1310105,Lauttasaarentie (M)
46560,46560,0,46560,46560,0,False,SCHEDULED,1631912400,HSL:1022B_20210917_La_1_1256,22B,HSL:1310105,Lauttasaarentie (M)
45420,45420,0,45420,45420,0,True,UPDATED,1631912400,HSL:1022B_20210917_La_1_1236,22B,HSL:1310107,Gyldénintie (M)
45660,45660,0,45660,45660,0,False,SCHEDULED,1631912400,HSL:1021_20210917_La_2_1240,21,HSL:1310107,Gyldénintie (M)
46020,46027,7,46020,46027,7,True,UPDATED,1631912400,HSL:1022_20210917_La_1_1231,22,HSL:1310107,Gyldénintie (M)
46260,46260,0,46260,46260,0,False,SCHEDULED,1631912400,HSL:1021_20210917_La_2_1250,21,HSL:1310107,Gyldénintie (M)
46620,46620,0,46620,46620,0,False,SCHEDULED,1631912400,HSL:1022B_20210917_La_1_1256,22B,HSL:1310107,Gyldénintie (M)
45480,45455,-25,45480,45489,9,True,UPDATED,1631912400,HSL:1022_20210917_La_2_1230,22,HSL:1310106,Lauttasaarentie (M)
45540,45483,-57,45540,45525,-15,True,UPDATED,1631912400,HSL:1021_20210917_La_1_1220,21,HSL:1310106,Lauttasaarentie (M)
46080,46080,0,46080,46080,0,False,SCHEDULED,1631912400,HSL:1022B_20210917_La_2_1240,22B,HSL:1310106,Lauttasaarentie (M)
46200,46252,52,46200,46252,52,True,UPDATED,1631912400,HSL:1021_20210917_La_1_1230,21,HSL:1310106,Lauttasaarentie (M)
46680,46680,0,46680,46680,0,False,SCHEDULED,1631912400,HSL:1022_20210917_La_2_1250,22,HSL:1310106,Lauttasaarentie (M)
45480,45480,0,45480,45480,0,True,UPDATED,1631912400,HSL:1022B_20210917_La_1_1236,22B,HSL:1310109,Lauttasaaren kirkko
46080,46178,98,46080,46178,98,True,UPDATED,1631912400,HSL:1022_20210917_La_1_1231,22,HSL:1310109,Lauttasaaren kirkko
46680,46680,0,46680,46680,0,False,SCHEDULED,1631912400,HSL:1022B_20210917_La_1_1256,22B,HSL:1310109,Lauttasaaren kirkko
47280,47280,0,47280,47280,0,False,SCHEDULED,1631912400,HSL:1022_20210917_La_1_1251,22,HSL:1310109,Lauttasaaren kirkko
47880,47880,0,47880,47880,0,False,SCHEDULED,1631912400,HSL:1022B_20210917_La_1_1316,22B,HSL:1310109,Lauttasaaren kirkko
45420,45366,-54,45420,45385,-35,True,UPDATED,1631912400,HSL:1022_20210917_La_2_1230,22,HSL:1310108,Gyldénintie
45420,45385,-35,45420,45404,-16,True,UPDATED,1631912400,HSL:1021_20210917_La_1_1220,21,HSL:1310108,Gyldénintie
46020,46020,0,46020,46020,0,False,SCHEDULED,1631912400,HSL:1022B_20210917_La_2_1240,22B,HSL:1310108,Gyldénintie
46080,46132,52,46080,46132,52,True,UPDATED,1631912400,HSL:1021_20210917_La_1_1230,21,HSL:1310108,Gyldénintie
46620,46620,0,46620,46620,0,False,SCHEDULED,1631912400,HSL:1022_20210917_La_2_1250,22,HSL:1310108,Gyldénintie
45780,45745,-35,45780,45745,-35,True,UPDATED,1631912400,HSL:1023_20210917_La_1_1203,23,HSL:1281192,Pirkkolan urheilup.
46380,46380,0,46380,46380,0,False,SCHEDULED,1631912400,HSL:1023_20210917_La_2_1253,23,HSL:1281192,Pirkkolan urheilup.
46980,47100,120,46980,47100,120,True,UPDATED,1631912400,HSL:1023_20210917_La_1_1223,23,HSL:1281192,Pirkkolan urheilup.
47580,47580,0,47580,47580,0,False,SCHEDULED,1631912400,HSL:1023_20210917_La_2_1313,23,HSL:1281192,Pirkkolan urheilup.
48180,48180,0,48180,48180,0,False,SCHEDULED,1631912400,HSL:1023_20210917_La_1_1243,23,HSL:1281192,Pirkkolan urheilup.
45420,45504,84,45420,45510,90,True,UPDATED,1631912400,HSL:2531_20210917_La_1_1221,531,HSL:2321215,Kuunkatu
45420,45730,310,45420,45734,314,True,UPDATED,1631912400,HSL:2125_20210917_La_1_1225,125,HSL:2321215,Kuunkatu
46320,46320,0,46320,46320,0,False,SCHEDULED,1631912400,HSL:2531_20210917_La_1_1236,531,HSL:2321215,Kuunkatu
46320,46320,0,46320,46320,0,False,SCHEDULED,1631912400,HSL:2125_20210917_La_1_1240,125,HSL:2321215,Kuunkatu
47220,47220,0,47220,47220,0,False,SCHEDULED,1631912400,HSL:2531_20210917_La_1_1251,531,HSL:2321215,Kuunkatu
45480,45561,81,45480,45569,89,True,UPDATED,1631912400,HSL:2531_20210917_La_2_1215,531,HSL:2321216,Kuunkatu
45960,46025,65,45960,46032,72,True,UPDATED,1631912400,HSL:2125_20210917_La_2_1230,125,HSL:2321216,Kuunkatu
46380,46497,117,46380,46507,127,True,UPDATED,1631912400,HSL:2531_20210917_La_2_1230,531,HSL:2321216,Kuunkatu
46860,46860,0,46860,46860,0,False,SCHEDULED,1631912400,HSL:2125_20210917_La_2_1245,125,HSL:2321216,Kuunkatu
47280,47280,0,47280,47280,0,False,SCHEDULED,1631912400,HSL:2531_20210917_La_2_1245,531,HSL:2321216,Kuunkatu
45720,45779,59,45720,45784,64,True,UPDATED,1631912400,HSL:2543_20210917_La_2_1222,543,HSL:2321213,Avaruuskatu
47520,47520,0,47520,47520,0,False,SCHEDULED,1631912400,HSL:2543_20210917_La_2_1252,543,HSL:2321213,Avaruuskatu
49320,49320,0,49320,49320,0,False,SCHEDULED,1631912400,HSL:2543_20210917_La_2_1322,543,HSL:2321213,Avaruuskatu
51120,51120,0,51120,51120,0,False,SCHEDULED,1631912400,HSL:2543_20210917_La_2_1352,543,HSL:2321213,Avaruuskatu
52920,52920,0,52920,52920,0,False,SCHEDULED,1631912400,HSL:2543_20210917_La_2_1422,543,HSL:2321213,Avaruuskatu
46380,46402,22,46380,46407,27,True,UPDATED,1631912400,HSL:2543_20210917_La_1_1225,543,HSL:2321214,Avaruuskatu
48180,48180,0,48180,48180,0,False,SCHEDULED,1631912400,HSL:2543_20210917_La_1_1255,543,HSL:2321214,Avaruuskatu
49980,49980,0,49980,49980,0,False,SCHEDULED,1631912400,HSL:2543_20210917_La_1_1325,543,HSL:2321214,Avaruuskatu
51780,51780,0,51780,51780,0,False,SCHEDULED,1631912400,HSL:2543_20210917_La_1_1355,543,HSL:2321214,Avaruuskatu
53580,53580,0,53580,53580,0,False,SCHEDULED,1631912400,HSL:2543_20210917_La_1_1425,543,HSL:2321214,Avaruuskatu
45660,45742,82,45660,45746,86,True,UPDATED,1631912400,HSL:2543_20210917_La_2_1222,543,HSL:2321212,Kuitinniitty
47460,47460,0,47460,47460,0,False,SCHEDULED,1631912400,HSL:2543_20210917_La_2_1252,543,HSL:2321212,Kuitinniitty
49260,49260,0,49260,49260,0,False,SCHEDULED,1631912400,HSL:2543_20210917_La_2_1322,543,HSL:2321212,Kuitinniitty
51060,51060,0,51060,51060,0,False,SCHEDULED,1631912400,HSL:2543_20210917_La_2_1352,543,HSL:2321212,Kuitinniitty
52860,52860,0,52860,52860,0,False,SCHEDULED,1631912400,HSL:2543_20210917_La_2_1422,543,HSL:2321212,Kuitinniitty
45840,45821,-19,45840,45828,-12,True,UPDATED,1631912400,HSL:1056_20210917_La_1_1220,56,HSL:1293168,Metsäläntie
46440,46440,0,46440,46440,0,False,SCHEDULED,1631912400,HSL:1056_20210917_La_1_1230,56,HSL:1293168,Metsäläntie
47040,47040,0,47040,47040,0,False,SCHEDULED,1631912400,HSL:1056_20210917_La_1_1240,56,HSL:1293168,Metsäläntie
47640,47640,0,47640,47640,0,False,SCHEDULED,1631912400,HSL:1056_20210917_La_1_1250,56,HSL:1293168,Metsäläntie
48300,48300,0,48300,48300,0,False,SCHEDULED,1631912400,HSL:1056_20210917_La_1_1300,56,HSL:1293168,Metsäläntie
45960,45960,0,45960,45960,0,False,SCHEDULED,1631912400,HSL:1022B_20210917_La_2_1240,22B,HSL:1310110,Lauttasaaren kirkko
46560,46560,0,46560,46560,0,False,SCHEDULED,1631912400,HSL:1022_20210917_La_2_1250,22,HSL:1310110,Lauttasaaren kirkko
47160,47160,0,47160,47160,0,False,SCHEDULED,1631912400,HSL:1022B_20210917_La_2_1300,22B,HSL:1310110,Lauttasaaren kirkko
47760,47760,0,47760,47760,0,False,SCHEDULED,1631912400,HSL:1022_20210917_La_2_1310,22,HSL:1310110,Lauttasaaren kirkko
48360,48360,0,48360,48360,0,False,SCHEDULED,1631912400,HSL:1022B_20210917_La_2_1320,22B,HSL:1310110,Lauttasaaren kirkko
45480,45559,79,45480,45572,92,True,UPDATED,1631912400,HSL:2531_20210917_La_1_1221,531,HSL:2321217,Kalliolähde
45480,45781,301,45480,45791,311,True,UPDATED,1631912400,HSL:2125_20210917_La_1_1225,125,HSL:2321217,Kalliolähde
46380,46380,0,46380,46380,0,False,SCHEDULED,1631912400,HSL:2531_20210917_La_1_1236,531,HSL:2321217,Kalliolähde
46380,46380,0,46380,46380,0,False,SCHEDULED,1631912400,HSL:2125_20210917_La_1_1240,125,HSL:2321217,Kalliolähde
47280,47280,0,47280,47280,0,False,SCHEDULED,1631912400,HSL:2531_20210917_La_1_1251,531,HSL:2321217,Kalliolähde
45420,45465,45,45420,45507,87,True,UPDATED,1631912400,HSL:2531_20210917_La_2_1215,531,HSL:2321218,Kalliolähde
45900,45964,64,45900,45972,72,True,UPDATED,1631912400,HSL:2125_20210917_La_2_1230,125,HSL:2321218,Kalliolähde
46320,46428,108,46320,46442,122,True,UPDATED,1631912400,HSL:2531_20210917_La_2_1230,531,HSL:2321218,Kalliolähde
46800,46800,0,46800,46800,0,False,SCHEDULED,1631912400,HSL:2125_20210917_La_2_1245,125,HSL:2321218,Kalliolähde
47220,47220,0,47220,47220,0,False,SCHEDULED,1631912400,HSL:2531_20210917_La_2_1245,531,HSL:2321218,Kalliolähde
45900,45900,0,45900,45900,0,False,SCHEDULED,1631912400,HSL:1022B_20210917_La_2_1240,22B,HSL:1310112,Kuikkarinne
46500,46500,0,46500,46500,0,False,SCHEDULED,1631912400,HSL:1022_20210917_La_2_1250,22,HSL:1310112,Kuikkarinne
47100,47100,0,47100,47100,0,False,SCHEDULED,1631912400,HSL:1022B_20210917_La_2_1300,22B,HSL:1310112,Kuikkarinne
47700,47700,0,47700,47700,0,False,SCHEDULED,1631912400,HSL:1022_20210917_La_2_1310,22,HSL:1310112,Kuikkarinne
48300,48300,0,48300,48300,0,False,SCHEDULED,1631912400,HSL:1022B_20210917_La_2_1320,22B,HSL:1310112,Kuikkarinne
45540,45540,0,45540,45540,0,True,UPDATED,1631912400,HSL:1022B_20210917_La_1_1236,22B,HSL:1310111,Kuikkarinne
46140,46220,80,46140,46227,87,True,UPDATED,1631912400,HSL:1022_20210917_La_1_1231,22,HSL:1310111,Kuikkarinne
46740,46740,0,46740,46740,0,False,SCHEDULED,1631912400,HSL:1022B_20210917_La_1_1256,22B,HSL:1310111,Kuikkarinne
47340,47340,0,47340,47340,0,False,SCHEDULED,1631912400,HSL:1022_20210917_La_1_1251,22,HSL:1310111,Kuikkarinne
47940,47940,0,47940,47940,0,False,SCHEDULED,1631912400,HSL:1022B_20210917_La_1_1316,22B,HSL:1310111,Kuikkarinne
45840,45840,0,45840,45840,0,False,SCHEDULED,1631912400,HSL:1022B_20210917_La_2_1240,22B,HSL:1310114,Takaniementie
46440,46440,0,46440,46440,0,False,SCHEDULED,1631912400,HSL:1022_20210917_La_2_1250,22,HSL:1310114,Takaniementie
47040,47040,0,47040,47040,0,False,SCHEDULED,1631912400,HSL:1022B_20210917_La_2_1300,22B,HSL:1310114,Takaniementie
47640,47640,0,47640,47640,0,False,SCHEDULED,1631912400,HSL:1022_20210917_La_2_1310,22,HSL:1310114,Takaniementie
48240,48240,0,48240,48240,0,False,SCHEDULED,1631912400,HSL:1022B_20210917_La_2_1320,22B,HSL:1310114,Takaniementie
45600,45600,0,45600,45600,0,True,UPDATED,1631912400,HSL:1022B_20210917_La_1_1236,22B,HSL:1310113,Takaniementie
46200,46253,53,46200,46260,60,True,UPDATED,1631912400,HSL:1022_20210917_La_1_1231,22,HSL:1310113,Takaniementie
46800,46800,0,46800,46800,0,False,SCHEDULED,1631912400,HSL:1022B_20210917_La_1_1256,22B,HSL:1310113,Takaniementie
47400,47400,0,47400,47400,0,False,SCHEDULED,1631912400,HSL:1022_20210917_La_1_1251,22,HSL:1310113,Takaniementie
48000,48000,0,48000,48000,0,False,SCHEDULED,1631912400,HSL:1022B_20210917_La_1_1316,22B,HSL:1310113,Takaniementie
45840,45840,0,45840,45840,0,False,SCHEDULED,1631912400,HSL:1022B_20210917_La_2_1240,22B,HSL:1310116,Viklakuja
46440,46440,0,46440,46440,0,False,SCHEDULED,1631912400,HSL:1022_20210917_La_2_1250,22,HSL:1310116,Viklakuja
47040,47040,0,47040,47040,0,False,SCHEDULED,1631912400,HSL:1022B_20210917_La_2_1300,22B,HSL:1310116,Viklakuja
47640,47640,0,47640,47640,0,False,SCHEDULED,1631912400,HSL:1022_20210917_La_2_1310,22,HSL:1310116,Viklakuja
48240,48240,0,48240,48240,0,False,SCHEDULED,1631912400,HSL:1022B_20210917_La_2_1320,22B,HSL:1310116,Viklakuja
45660,45660,0,45660,45660,0,True,UPDATED,1631912400,HSL:1022B_20210917_La_1_1236,22B,HSL:1310115,Viklakuja
46260,46304,44,46260,46313,53,True,UPDATED,1631912400,HSL:1022_20210917_La_1_1231,22,HSL:1310115,Viklakuja
46860,46860,0,46860,46860,0,False,SCHEDULED,1631912400,HSL:1022B_20210917_La_1_1256,22B,HSL:1310115,Viklakuja
47460,47460,0,47460,47460,0,False,SCHEDULED,1631912400,HSL:1022_20210917_La_1_1251,22,HSL:1310115,Viklakuja
48060,48060,0,48060,48060,0,False,SCHEDULED,1631912400,HSL:1022B_20210917_La_1_1316,22B,HSL:1310115,Viklakuja
45720,45720,0,45720,45720,0,False,SCHEDULED,1631912400,HSL:1022B_20210917_La_2_1240,22B,HSL:1310118,Vaskiniementie
46320,46320,0,46320,46320,0,False,SCHEDULED,1631912400,HSL:1022_20210917_La_2_1250,22,HSL:1310118,Vaskiniementie
46920,46920,0,46920,46920,0,False,SCHEDULED,1631912400,HSL:1022B_20210917_La_2_1300,22B,HSL:1310118,Vaskiniementie
47520,47520,0,47520,47520,0,False,SCHEDULED,1631912400,HSL:1022_20210917_La_2_1310,22,HSL:1310118,Vaskiniementie
48120,48120,0,48120,48120,0,False,SCHEDULED,1631912400,HSL:1022B_20210917_La_2_1320,22B,HSL:1310118,Vaskiniementie
45720,45720,0,45720,45720,0,True,UPDATED,1631912400,HSL:1022B_20210917_La_1_1236,22B,HSL:1310117,Vaskiniementie
46320,46358,38,46320,46369,49,True,UPDATED,1631912400,HSL:1022_20210917_La_1_1231,22,HSL:1310117,Vaskiniementie
46920,46920,0,46920,46920,0,False,SCHEDULED,1631912400,HSL:1022B_20210917_La_1_1256,22B,HSL:1310117,Vaskiniementie
47520,47520,0,47520,47520,0,False,SCHEDULED,1631912400,HSL:1022_20210917_La_1_1251,22,HSL:1310117,Vaskiniementie
48120,48120,0,48120,48120,0,False,SCHEDULED,1631912400,HSL:1022B_20210917_La_1_1316,22B,HSL:1310117,Vaskiniementie
45780,45780,0,45780,45780,0,True,UPDATED,1631912400,HSL:1022B_20210917_La_1_1236,22B,HSL:1310119,Koivusaarentie
46380,46424,44,46380,46442,62,True,UPDATED,1631912400,HSL:1022_20210917_La_1_1231,22,HSL:1310119,Koivusaarentie
46980,46980,0,46980,46980,0,False,SCHEDULED,1631912400,HSL:1022B_20210917_La_1_1256,22B,HSL:1310119,Koivusaarentie
47580,47580,0,47580,47580,0,False,SCHEDULED,1631912400,HSL:1022_20210917_La_1_1251,22,HSL:1310119,Koivusaarentie
48180,48180,0,48180,48180,0,False,SCHEDULED,1631912400,HSL:1022B_20210917_La_1_1316,22B,HSL:1310119,Koivusaarentie
45720,45720,0,45720,45720,0,True,UPDATED,1631912400,HSL:1010_20210917_La_2_1240,10,HSL:1160404,Kytösuontie
46320,46320,0,46320,46320,0,False,SCHEDULED,1631912400,HSL:1010_20210917_La_2_1250,10,HSL:1160404,Kytösuontie
46920,46920,0,46920,46920,0,False,SCHEDULED,1631912400,HSL:1010_20210917_La_2_1300,10,HSL:1160404,Kytösuontie
47520,47520,0,47520,47520,0,False,SCHEDULED,1631912400,HSL:1010_20210917_La_2_1310,10,HSL:1160404,Kytösuontie
48120,48120,0,48120,48120,0,False,SCHEDULED,1631912400,HSL:1010_20210917_La_2_1320,10,HSL:1160404,Kytösuontie
45780,45780,0,45780,45780,0,True,UPDATED,1631912400,HSL:1010_20210917_La_2_1240,10,HSL:1160402,Ruskeasuo
46380,46380,0,46380,46380,0,False,SCHEDULED,1631912400,HSL:1010_20210917_La_2_1250,10,HSL:1160402,Ruskeasuo
46980,46980,0,46980,46980,0,False,SCHEDULED,1631912400,HSL:1010_20210917_La_2_1300,10,HSL:1160402,Ruskeasuo
47580,47580,0,47580,47580,0,False,SCHEDULED,1631912400,HSL:1010_20210917_La_2_1310,10,HSL:1160402,Ruskeasuo
48180,48180,0,48180,48180,0,False,SCHEDULED,1631912400,HSL:1010_20210917_La_2_1320,10,HSL:1160402,Ruskeasuo
45780,45844,64,45780,45866,86,True,UPDATED,1631912400,HSL:1010_20210917_La_1_1220,10,HSL:1160403,Kytösuontie
46380,46369,-11,46380,46392,12,True,UPDATED,1631912400,HSL:1010_20210917_La_1_1230,10,HSL:1160403,Kytösuontie
46980,46980,0,46980,46980,0,False,SCHEDULED,1631912400,HSL:1010_20210917_La_1_1240,10,HSL:1160403,Kytösuontie
47580,47580,0,47580,47580,0,False,SCHEDULED,1631912400,HSL:1010_20210917_La_1_1250,10,HSL:1160403,Kytösuontie
48240,48240,0,48240,48240,0,False,SCHEDULED,1631912400,HSL:1010_20210917_La_1_1300,10,HSL:1160403,Kytösuontie
45600,45600,0,45600,45600,0,False,SCHEDULED,1631912400,HSL:1077_20210917_La_1_1240,77,HSL:1020120,Rautatientori
46140,46140,0,46140,46140,0,False,SCHEDULED,1631912400,HSL:4611_20210917_La_1_1249,611,HSL:1020120,Rautatientori
46800,46800,0,46800,46800,0,False,SCHEDULED,1631912400,HSL:1077_20210917_La_1_1300,77,HSL:1020120,Rautatientori
47340,47340,0,47340,47340,0,False,SCHEDULED,1631912400,HSL:4611_20210917_La_1_1309,611,HSL:1020120,Rautatientori
48000,48000,0,48000,48000,0,False,SCHEDULED,1631912400,HSL:1077_20210917_La_1_1320,77,HSL:1020120,Rautatientori
45720,45720,0,45720,45720,0,False,SCHEDULED,1631912400,HSL:1061_20210917_La_1_1242,61,HSL:1020123,Rautatientori
46320,46320,0,46320,46320,0,False,SCHEDULED,1631912400,HSL:1064_20210917_La_1_1252,64,HSL:1020123,Rautatientori
46920,46920,0,46920,46920,0,False,SCHEDULED,1631912400,HSL:1061_20210917_La_1_1302,61,HSL:1020123,Rautatientori
47520,47520,0,47520,47520,0,False,SCHEDULED,1631912400,HSL:1064_20210917_La_1_1312,64,HSL:1020123,Rautatientori
48120,48120,0,48120,48120,0,False,SCHEDULED,1631912400,HSL:1061_20210917_La_1_1322,61,HSL:1020123,Rautatientori
45360,45360,0,45360,45360,0,False,SCHEDULED,1631912400,HSL:1067_20210917_La_1_1236,67,HSL:1020122,Rautatientori
45600,45600,0,45600,45600,0,False,SCHEDULED,1631912400,HSL:1065_20210917_La_1_1240,65,HSL:1020122,Rautatientori
45960,45960,0,45960,45960,0,False,SCHEDULED,1631912400,HSL:1066_20210917_La_1_1246,66,HSL:1020122,Rautatientori
46560,46560,0,46560,46560,0,False,SCHEDULED,1631912400,HSL:1067_20210917_La_1_1256,67,HSL:1020122,Rautatientori
46800,46800,0,46800,46800,0,False,SCHEDULED,1631912400,HSL:1065_20210917_La_1_1300,65,HSL:1020122,Rautatientori
45720,45793,73,45720,45818,98,True,UPDATED,1631912400,HSL:1010_20210917_La_1_1220,10,HSL:1160401,Ruskeasuo
46320,46319,-1,46320,46344,24,True,UPDATED,1631912400,HSL:1010_20210917_La_1_1230,10,HSL:1160401,Ruskeasuo
46920,46920,0,46920,46920,0,False,SCHEDULED,1631912400,HSL:1010_20210917_La_1_1240,10,HSL:1160401,Ruskeasuo
47520,47520,0,47520,47520,0,False,SCHEDULED,1631912400,HSL:1010_20210917_La_1_1250,10,HSL:1160401,Ruskeasuo
48180,48180,0,48180,48180,0,False,SCHEDULED,1631912400,HSL:1010_20210917_La_1_1300,10,HSL:1160401,Ruskeasuo
94980,94980,0,94980,94980,0,False,SCHEDULED,1631912400,HSL:1023N_20210917_La_2_2603,23N,HSL:1020124,Kaivokatu
96180,96180,0,96180,96180,0,False,SCHEDULED,1631912400,HSL:1023N_20210917_La_2_2623,23N,HSL:1020124,Kaivokatu
97380,97380,0,97380,97380,0,False,SCHEDULED,1631912400,HSL:1023N_20210917_La_2_2643,23N,HSL:1020124,Kaivokatu
98580,98580,0,98580,98580,0,False,SCHEDULED,1631912400,HSL:1023N_20210917_La_2_2703,23N,HSL:1020124,Kaivokatu
99780,99780,0,99780,99780,0,False,SCHEDULED,1631912400,HSL:1023N_20210917_La_2_2723,23N,HSL:1020124,Kaivokatu
45000,45456,456,45000,45475,475,True,UPDATED,1631912400,HSL:4322_20210917_La_2_1142,322,HSL:1020128,Elielinaukio
45060,45561,501,45060,45653,593,True,UPDATED,1631912400,HSL:2200_20210917_La_2_1134,200,HSL:1020128,Elielinaukio
45120,45716,596,45120,45778,658,True,UPDATED,1631912400,HSL:1040_20210917_La_2_1156,40,HSL:1020128,Elielinaukio
45720,45800,80,45720,45800,80,True,UPDATED,1631912400,HSL:1040_20210917_La_2_1206,40,HSL:1020128,Elielinaukio
46920,45868,-1052,46920,45868,-1052,True,UPDATED,1631912400,HSL:1040_20210917_La_2_1226,40,HSL:1020128,Elielinaukio
45300,45293,-7,45300,45331,31,True,UPDATED,1631912400,HSL:1010_20210917_La_2_1230,10,HSL:1160415,Tilkka
45900,45900,0,45900,45900,0,True,UPDATED,1631912400,HSL:1010_20210917_La_2_1240,10,HSL:1160415,Tilkka
46500,46500,0,46500,46500,0,False,SCHEDULED,1631912400,HSL:1010_20210917_La_2_1250,10,HSL:1160415,Tilkka
47100,47100,0,47100,47100,0,False,SCHEDULED,1631912400,HSL:1010_20210917_La_2_1300,10,HSL:1160415,Tilkka
47700,47700,0,47700,47700,0,False,SCHEDULED,1631912400,HSL:1010_20210917_La_2_1310,10,HSL:1160415,Tilkka
45600,45701,101,45600,45721,121,True,UPDATED,1631912400,HSL:1010_20210917_La_1_1220,10,HSL:1160414,Tilkka
46200,46234,34,46200,46256,56,True,UPDATED,1631912400,HSL:1010_20210917_La_1_1230,10,HSL:1160414,Tilkka
46800,46800,0,46800,46800,0,False,SCHEDULED,1631912400,HSL:1010_20210917_La_1_1240,10,HSL:1160414,Tilkka
47400,47400,0,47400,47400,0,False,SCHEDULED,1631912400,HSL:1010_20210917_La_1_1250,10,HSL:1160414,Tilkka
48060,48060,0,48060,48060,0,False,SCHEDULED,1631912400,HSL:1010_20210917_La_1_1300,10,HSL:1160414,Tilkka
45720,45720,0,45720,45720,0,False,SCHEDULED,1631912400,HSL:1016_20210917_La_1_1242,16,HSL:1020112,Rautatientori
46920,46920,0,46920,46920,0,False,SCHEDULED,1631912400,HSL:1016_20210917_La_1_1302,16,HSL:1020112,Rautatientori
48120,48120,0,48120,48120,0,False,SCHEDULED,1631912400,HSL:1016_20210917_La_1_1322,16,HSL:1020112,Rautatientori
49320,49320,0,49320,49320,0,False,SCHEDULED,1631912400,HSL:1016_20210917_La_1_1342,16,HSL:1020112,Rautatientori
50520,50520,0,50520,50520,0,False,SCHEDULED,1631912400,HSL:1016_20210917_La_1_1402,16,HSL:1020112,Rautatientori
45480,45480,0,45480,45480,0,False,SCHEDULED,1631912400,HSL:1071_20210917_La_1_1238,71,HSL:1020113,Rautatientori
45660,45660,0,45660,45660,0,False,SCHEDULED,1631912400,HSL:1078_20210917_La_1_1241,78,HSL:1020113,Rautatientori
46080,46080,0,46080,46080,0,False,SCHEDULED,1631912400,HSL:1071_20210917_La_1_1248,71,HSL:1020113,Rautatientori
46740,46740,0,46740,46740,0,False,SCHEDULED,1631912400,HSL:1071_20210917_La_1_1259,71,HSL:1020113,Rautatientori
46860,46860,0,46860,46860,0,False,SCHEDULED,1631912400,HSL:1078_20210917_La_1_1301,78,HSL:1020113,Rautatientori
45780,45780,0,45780,45780,0,False,SCHEDULED,1631912400,HSL:1023_20210917_La_1_1243,23,HSL:1020116,Rautatientori
46980,46980,0,46980,46980,0,False,SCHEDULED,1631912400,HSL:1023_20210917_La_1_1303,23,HSL:1020116,Rautatientori
48180,48180,0,48180,48180,0,False,SCHEDULED,1631912400,HSL:1023_20210917_La_1_1323,23,HSL:1020116,Rautatientori
49380,49380,0,49380,49380,0,False,SCHEDULED,1631912400,HSL:1023_20210917_La_1_1343,23,HSL:1020116,Rautatientori
50580,50580,0,50580,50580,0,False,SCHEDULED,1631912400,HSL:1023_20210917_La_1_1403,23,HSL:1020116,Rautatientori
45900,45900,0,45900,45900,0,False,SCHEDULED,1631912400,HSL:4739_20210917_La_1_1245,739,HSL:1020115,Rautatientori
49440,49440,0,49440,49440,0,False,SCHEDULED,1631912400,HSL:4739_20210917_La_1_1344,739,HSL:1020115,Rautatientori
51000,51000,0,51000,51000,0,False,SCHEDULED,1631912400,HSL:9787K_20210917_La_1_1410,787K,HSL:1020115,Rautatientori
53040,53040,0,53040,53040,0,False,SCHEDULED,1631912400,HSL:4739_20210917_La_1_1444,739,HSL:1020115,Rautatientori
56640,56640,0,56640,56640,0,False,SCHEDULED,1631912400,HSL:4739_20210917_La_1_1544,739,HSL:1020115,Rautatientori
46080,46080,0,46080,46080,0,False,SCHEDULED,1631912400,HSL:1075_20210917_La_1_1248,75,HSL:1020117,Rautatientori
46500,46500,0,46500,46500,0,False,SCHEDULED,1631912400,HSL:4717_20210917_La_1_1255,717,HSL:1020117,Rautatientori
47220,47220,0,47220,47220,0,False,SCHEDULED,1631912400,HSL:1075_20210917_La_1_1307,75,HSL:1020117,Rautatientori
47700,47700,0,47700,47700,0,False,SCHEDULED,1631912400,HSL:4717_20210917_La_1_1315,717,HSL:1020117,Rautatientori
48420,48420,0,48420,48420,0,False,SCHEDULED,1631912400,HSL:1075_20210917_La_1_1327,75,HSL:1020117,Rautatientori
45600,45600,0,45600,45600,0,False,SCHEDULED,1631912400,HSL:4614_20210917_La_1_1240,614,HSL:1020119,Rautatientori
46500,46500,0,46500,46500,0,False,SCHEDULED,1631912400,HSL:4615_20210917_La_1_1255,615,HSL:1020119,Rautatientori
47400,47400,0,47400,47400,0,False,SCHEDULED,1631912400,HSL:4614_20210917_La_1_1310,614,HSL:1020119,Rautatientori
48300,48300,0,48300,48300,0,False,SCHEDULED,1631912400,HSL:4615_20210917_La_1_1325,615,HSL:1020119,Rautatientori
49200,49200,0,49200,49200,0,False,SCHEDULED,1631912400,HSL:4614_20210917_La_1_1340,614,HSL:1020119,Rautatientori
47280,47280,0,47280,47280,0,False,SCHEDULED,1631912400,HSL:6173_20210917_La_2_1301,173,HSL:6080204,Annebergintie
50880,50880,0,50880,50880,0,False,SCHEDULED,1631912400,HSL:6173_20210917_La_2_1401,173,HSL:6080204,Annebergintie
54540,54540,0,54540,54540,0,False,SCHEDULED,1631912400,HSL:6173_20210917_La_2_1502,173,HSL:6080204,Annebergintie
58140,58140,0,58140,58140,0,False,SCHEDULED,1631912400,HSL:6173_20210917_La_2_1602,173,HSL:6080204,Annebergintie
61620,61620,0,61620,61620,0,False,SCHEDULED,1631912400,HSL:6173_20210917_La_2_1659,173,HSL:6080204,Annebergintie
46260,46607,347,46260,46607,347,True,UPDATED,1631912400,HSL:6173_20210917_La_1_1151,173,HSL:6080205,Annebergintie
49800,49800,0,49800,49800,0,False,SCHEDULED,1631912400,HSL:6173_20210917_La_1_1251,173,HSL:6080205,Annebergintie
53400,53400,0,53400,53400,0,False,SCHEDULED,1631912400,HSL:6173_20210917_La_1_1349,173,HSL:6080205,Annebergintie
57120,57120,0,57120,57120,0,False,SCHEDULED,1631912400,HSL:6173_20210917_La_1_1448,173,HSL:6080205,Annebergintie
60660,60660,0,60660,60660,0,False,SCHEDULED,1631912400,HSL:6173_20210917_La_1_1548,173,HSL:6080205,Annebergintie
47280,47280,0,47280,47280,0,False,SCHEDULED,1631912400,HSL:6173_20210917_La_2_1301,173,HSL:6080206,Kanelikuja
50880,50880,0,50880,50880,0,False,SCHEDULED,1631912400,HSL:6173_20210917_La_2_1401,173,HSL:6080206,Kanelikuja
54540,54540,0,54540,54540,0,False,SCHEDULED,1631912400,HSL:6173_20210917_La_2_1502,173,HSL:6080206,Kanelikuja
58140,58140,0,58140,58140,0,False,SCHEDULED,1631912400,HSL:6173_20210917_La_2_1602,173,HSL:6080206,Kanelikuja
61680,61680,0,61680,61680,0,False,SCHEDULED,1631912400,HSL:6173_20210917_La_2_1659,173,HSL:6080206,Kanelikuja
47340,47340,0,47340,47340,0,False,SCHEDULED,1631912400,HSL:6173_20210917_La_2_1301,173,HSL:6080207,Pippurintie
50940,50940,0,50940,50940,0,False,SCHEDULED,1631912400,HSL:6173_20210917_La_2_1401,173,HSL:6080207,Pippurintie
54600,54600,0,54600,54600,0,False,SCHEDULED,1631912400,HSL:6173_20210917_La_2_1502,173,HSL:6080207,Pippurintie
58200,58200,0,58200,58200,0,False,SCHEDULED,1631912400,HSL:6173_20210917_La_2_1602,173,HSL:6080207,Pippurintie
61680,61680,0,61680,61680,0,False,SCHEDULED,1631912400,HSL:6173_20210917_La_2_1659,173,HSL:6080207,Pippurintie
47220,47220,0,47220,47220,0,False,SCHEDULED,1631912400,HSL:6173_20210917_La_2_1301,173,HSL:6080202,Upinniementie 897
50820,50820,0,50820,50820,0,False,SCHEDULED,1631912400,HSL:6173_20210917_La_2_1401,173,HSL:6080202,Upinniementie 897
54480,54480,0,54480,54480,0,False,SCHEDULED,1631912400,HSL:6173_20210917_La_2_1502,173,HSL:6080202,Upinniementie 897
58080,58080,0,58080,58080,0,False,SCHEDULED,1631912400,HSL:6173_20210917_La_2_1602,173,HSL:6080202,Upinniementie 897
61560,61560,0,61560,61560,0,False,SCHEDULED,1631912400,HSL:6173_20210917_La_2_1659,173,HSL:6080202,Upinniementie 897
46320,46653,333,46320,46653,333,True,UPDATED,1631912400,HSL:6173_20210917_La_1_1151,173,HSL:6080203,Upinniementie 897
49860,49860,0,49860,49860,0,False,SCHEDULED,1631912400,HSL:6173_20210917_La_1_1251,173,HSL:6080203,Upinniementie 897
53460,53460,0,53460,53460,0,False,SCHEDULED,1631912400,HSL:6173_20210917_La_1_1349,173,HSL:6080203,Upinniementie 897
57180,57180,0,57180,57180,0,False,SCHEDULED,1631912400,HSL:6173_20210917_La_1_1448,173,HSL:6080203,Upinniementie 897
60720,60720,0,60720,60720,0,False,SCHEDULED,1631912400,HSL:6173_20210917_La_1_1548,173,HSL:6080203,Upinniementie 897
45000,45348,348,45000,45355,355,True,UPDATED,1631912400,HSL:1075_20210917_La_1_1228,75,HSL:1020105,Kaisaniemenpuisto
45300,45361,61,45300,45371,71,True,UPDATED,1631912400,HSL:1064_20210917_La_1_1232,64,HSL:1020105,Kaisaniemenpuisto
45480,45480,0,45480,45480,0,False,SCHEDULED,1631912400,HSL:1067_20210917_La_1_1236,67,HSL:1020105,Kaisaniemenpuisto
45600,45600,0,45600,45600,0,False,SCHEDULED,1631912400,HSL:1071_20210917_La_1_1238,71,HSL:1020105,Kaisaniemenpuisto
45720,45720,0,45720,45720,0,False,SCHEDULED,1631912400,HSL:1065_20210917_La_1_1240,65,HSL:1020105,Kaisaniemenpuisto
94560,94560,0,94620,94620,0,False,SCHEDULED,1631912400,HSL:1023N_20210917_La_1_2605,23N,HSL:1020104,Rautatientori
95760,95760,0,95820,95820,0,False,SCHEDULED,1631912400,HSL:1023N_20210917_La_1_2625,23N,HSL:1020104,Rautatientori
96960,96960,0,97020,97020,0,False,SCHEDULED,1631912400,HSL:1023N_20210917_La_1_2645,23N,HSL:1020104,Rautatientori
98100,98100,0,98160,98160,0,False,SCHEDULED,1631912400,HSL:1023N_20210917_La_1_2705,23N,HSL:1020104,Rautatientori
99300,99300,0,99360,99360,0,False,SCHEDULED,1631912400,HSL:1023N_20210917_La_1_2725,23N,HSL:1020104,Rautatientori
45600,45600,0,45600,45600,0,False,SCHEDULED,1631912400,HSL:1055_20210917_La_2_1214,55,HSL:1020106,Kaisaniemenpuisto
45360,45680,320,45360,45696,336,True,UPDATED,1631912400,HSL:1077_20210917_La_2_1201,77,HSL:1020106,Kaisaniemenpuisto
45120,45753,633,45120,45767,647,True,UPDATED,1631912400,HSL:1061_20210917_La_2_1151,61,HSL:1020106,Kaisaniemenpuisto
45600,45809,209,45600,45832,232,True,UPDATED,1631912400,HSL:1067_20210917_La_2_1204,67,HSL:1020106,Kaisaniemenpuisto
45840,45813,-27,45840,45834,-6,True,UPDATED,1631912400,HSL:1065_20210917_La_2_1215,65,HSL:1020106,Kaisaniemenpuisto
46200,46562,362,46200,46562,362,True,UPDATED,1631912400,HSL:6173_20210917_La_1_1151,173,HSL:6080208,Pippurintie
49740,49740,0,49740,49740,0,False,SCHEDULED,1631912400,HSL:6173_20210917_La_1_1251,173,HSL:6080208,Pippurintie
53340,53340,0,53340,53340,0,False,SCHEDULED,1631912400,HSL:6173_20210917_La_1_1349,173,HSL:6080208,Pippurintie
57060,57060,0,57060,57060,0,False,SCHEDULED,1631912400,HSL:6173_20210917_La_1_1448,173,HSL:6080208,Pippurintie
60600,60600,0,60600,60600,0,False,SCHEDULED,1631912400,HSL:6173_20210917_La_1_1548,173,HSL:6080208,Pippurintie
47400,47400,0,47400,47400,0,False,SCHEDULED,1631912400,HSL:6173_20210917_La_2_1301,173,HSL:6080209,Pippurniemi
51000,51000,0,51000,51000,0,False,SCHEDULED,1631912400,HSL:6173_20210917_La_2_1401,173,HSL:6080209,Pippurniemi
54660,54660,0,54660,54660,0,False,SCHEDULED,1631912400,HSL:6173_20210917_La_2_1502,173,HSL:6080209,Pippurniemi
58260,58260,0,58260,58260,0,False,SCHEDULED,1631912400,HSL:6173_20210917_La_2_1602,173,HSL:6080209,Pippurniemi
61740,61740,0,61740,61740,0,False,SCHEDULED,1631912400,HSL:6173_20210917_La_2_1659,173,HSL:6080209,Pippurniemi
45960,46029,69,45960,46031,71,True,UPDATED,1631912400,HSL:9641_20210917_La_2_1220,641,HSL:9670500,Berga
47760,47760,0,47760,47760,0,False,SCHEDULED,1631912400,HSL:9641_20210917_La_2_1250,641,HSL:9670500,Berga
49560,49560,0,49560,49560,0,False,SCHEDULED,1631912400,HSL:9641_20210917_La_2_1320,641,HSL:9670500,Berga
51360,51360,0,51360,51360,0,False,SCHEDULED,1631912400,HSL:9641_20210917_La_2_1350,641,HSL:9670500,Berga
53160,53160,0,53160,53160,0,False,SCHEDULED,1631912400,HSL:9641_20210917_La_2_1420,641,HSL:9670500,Berga
46140,46518,378,46140,46518,378,True,UPDATED,1631912400,HSL:6173_20210917_La_1_1151,173,HSL:6080210,Pippurniemi
49740,49740,0,49740,49740,0,False,SCHEDULED,1631912400,HSL:6173_20210917_La_1_1251,173,HSL:6080210,Pippurniemi
53340,53340,0,53340,53340,0,False,SCHEDULED,1631912400,HSL:6173_20210917_La_1_1349,173,HSL:6080210,Pippurniemi
57000,57000,0,57000,57000,0,False,SCHEDULED,1631912400,HSL:6173_20210917_La_1_1448,173,HSL:6080210,Pippurniemi
60540,60540,0,60540,60540,0,False,SCHEDULED,1631912400,HSL:6173_20210917_La_1_1548,173,HSL:6080210,Pippurniemi
46920,46920,0,46920,46920,0,True,UPDATED,1631912400,HSL:9642_20210917_La_2_1238,642,HSL:9670518,Jusslansuora
50520,50520,0,50520,50520,0,False,SCHEDULED,1631912400,HSL:9642_20210917_La_2_1338,642,HSL:9670518,Jusslansuora
54120,54120,0,54120,54120,0,False,SCHEDULED,1631912400,HSL:9642_20210917_La_2_1438,642,HSL:9670518,Jusslansuora
57720,57720,0,57720,57720,0,False,SCHEDULED,1631912400,HSL:9642_20210917_La_2_1538,642,HSL:9670518,Jusslansuora
61320,61320,0,61320,61320,0,False,SCHEDULED,1631912400,HSL:9642_20210917_La_2_1638,642,HSL:9670518,Jusslansuora
46860,46860,0,46860,46860,0,True,UPDATED,1631912400,HSL:9642_20210917_La_2_1238,642,HSL:9670514,Jussla
50460,50460,0,50460,50460,0,False,SCHEDULED,1631912400,HSL:9642_20210917_La_2_1338,642,HSL:9670514,Jussla
54060,54060,0,54060,54060,0,False,SCHEDULED,1631912400,HSL:9642_20210917_La_2_1438,642,HSL:9670514,Jussla
57660,57660,0,57660,57660,0,False,SCHEDULED,1631912400,HSL:9642_20210917_La_2_1538,642,HSL:9670514,Jussla
61260,61260,0,61260,61260,0,False,SCHEDULED,1631912400,HSL:9642_20210917_La_2_1638,642,HSL:9670514,Jussla
48120,48120,0,48120,48120,0,False,SCHEDULED,1631912400,HSL:9642_20210917_La_1_1316,642,HSL:9670515,Jusslansuora
51720,51720,0,51720,51720,0,False,SCHEDULED,1631912400,HSL:9642_20210917_La_1_1416,642,HSL:9670515,Jusslansuora
55320,55320,0,55320,55320,0,False,SCHEDULED,1631912400,HSL:9642_20210917_La_1_1516,642,HSL:9670515,Jusslansuora
58920,58920,0,58920,58920,0,False,SCHEDULED,1631912400,HSL:9642_20210917_La_1_1616,642,HSL:9670515,Jusslansuora
62520,62520,0,62520,62520,0,False,SCHEDULED,1631912400,HSL:9642_20210917_La_1_1716,642,HSL:9670515,Jusslansuora
45420,45420,0,45420,45420,0,False,SCHEDULED,1631912400,HSL:1055_20210917_La_1_1235,55,HSL:1020169,Kaisaniemenpuisto
45900,45900,0,45900,45900,0,False,SCHEDULED,1631912400,HSL:1016_20210917_La_1_1242,16,HSL:1020169,Kaisaniemenpuisto
45900,45900,0,45900,45900,0,False,SCHEDULED,1631912400,HSL:1023_20210917_La_1_1243,23,HSL:1020169,Kaisaniemenpuisto
46320,46320,0,46320,46320,0,False,SCHEDULED,1631912400,HSL:1055_20210917_La_1_1250,55,HSL:1020169,Kaisaniemenpuisto
47100,47100,0,47100,47100,0,False,SCHEDULED,1631912400,HSL:1016_20210917_La_1_1302,16,HSL:1020169,Kaisaniemenpuisto
45840,45846,6,45840,45848,8,True,UPDATED,1631912400,HSL:9641_20210917_La_1_1220,641,HSL:9670512,Jussla
47640,47640,0,47640,47640,0,False,SCHEDULED,1631912400,HSL:9641_20210917_La_1_1250,641,HSL:9670512,Jussla
49440,49440,0,49440,49440,0,False,SCHEDULED,1631912400,HSL:9641_20210917_La_1_1320,641,HSL:9670512,Jussla
51240,51240,0,51240,51240,0,False,SCHEDULED,1631912400,HSL:9641_20210917_La_1_1350,641,HSL:9670512,Jussla
53040,53040,0,53040,53040,0,False,SCHEDULED,1631912400,HSL:9641_20210917_La_1_1420,641,HSL:9670512,Jussla
48180,48180,0,48180,48180,0,False,SCHEDULED,1631912400,HSL:9642_20210917_La_1_1316,642,HSL:9670513,Jussla
51780,51780,0,51780,51780,0,False,SCHEDULED,1631912400,HSL:9642_20210917_La_1_1416,642,HSL:9670513,Jussla
55380,55380,0,55380,55380,0,False,SCHEDULED,1631912400,HSL:9642_20210917_La_1_1516,642,HSL:9670513,Jussla
58980,58980,0,58980,58980,0,False,SCHEDULED,1631912400,HSL:9642_20210917_La_1_1616,642,HSL:9670513,Jussla
62580,62580,0,62580,62580,0,False,SCHEDULED,1631912400,HSL:9642_20210917_La_1_1716,642,HSL:9670513,Jussla
45600,45600,0,45600,45600,0,False,SCHEDULED,1631912400,HSL:1010_20210917_La_1_1240,10,HSL:1070425,Tarkk´ampujankatu
45300,45530,230,45300,45643,343,True,UPDATED,1631912400,HSL:1010_20210917_La_2_1210,10,HSL:1070425,Tarkk´ampujankatu
45900,46025,125,45900,46025,125,True,UPDATED,1631912400,HSL:1010_20210917_La_2_1220,10,HSL:1070425,Tarkk´ampujankatu
46200,46200,0,46200,46200,0,False,SCHEDULED,1631912400,HSL:1010_20210917_La_1_1250,10,HSL:1070425,Tarkk´ampujankatu
46500,46633,133,46500,46633,133,True,UPDATED,1631912400,HSL:1010_20210917_La_2_1230,10,HSL:1070425,Tarkk´ampujankatu
45600,45427,-173,45600,45454,-146,True,UPDATED,1631912400,HSL:1003_20210917_La_2_1205,3,HSL:1070424,Eiran sairaala
46320,46260,-60,46320,46284,-36,True,UPDATED,1631912400,HSL:1003_20210917_La_2_1217,3,HSL:1070424,Eiran sairaala
47040,47018,-22,47040,47047,7,True,UPDATED,1631912400,HSL:1003_20210917_La_2_1229,3,HSL:1070424,Eiran sairaala
47760,47760,0,47760,47760,0,True,UPDATED,1631912400,HSL:1003_20210917_La_2_1241,3,HSL:1070424,Eiran sairaala
48480,48480,0,48480,48480,0,False,SCHEDULED,1631912400,HSL:1003_20210917_La_2_1253,3,HSL:1070424,Eiran sairaala
45660,45481,-179,45660,45506,-154,True,UPDATED,1631912400,HSL:1003_20210917_La_2_1205,3,HSL:1070422,Kapteeninkatu
46380,46311,-69,46380,46331,-49,True,UPDATED,1631912400,HSL:1003_20210917_La_2_1217,3,HSL:1070422,Kapteeninkatu
47100,47073,-27,47100,47099,-1,True,UPDATED,1631912400,HSL:1003_20210917_La_2_1229,3,HSL:1070422,Kapteeninkatu
47820,47820,0,47820,47820,0,True,UPDATED,1631912400,HSL:1003_20210917_La_2_1241,3,HSL:1070422,Kapteeninkatu
48540,48540,0,48540,48540,0,False,SCHEDULED,1631912400,HSL:1003_20210917_La_2_1253,3,HSL:1070422,Kapteeninkatu
45780,45780,0,45780,45780,0,False,SCHEDULED,1631912400,HSL:1003_20210917_La_1_1240,3,HSL:1070421,Kapteeninkatu
46500,46500,0,46500,46500,0,False,SCHEDULED,1631912400,HSL:1003_20210917_La_1_1252,3,HSL:1070421,Kapteeninkatu
47220,47220,0,47220,47220,0,False,SCHEDULED,1631912400,HSL:1003_20210917_La_1_1304,3,HSL:1070421,Kapteeninkatu
47940,47940,0,47940,47940,0,False,SCHEDULED,1631912400,HSL:1003_20210917_La_1_1316,3,HSL:1070421,Kapteeninkatu
48660,48660,0,48660,48660,0,False,SCHEDULED,1631912400,HSL:1003_20210917_La_1_1328,3,HSL:1070421,Kapteeninkatu
45720,45540,-180,45720,45564,-156,True,UPDATED,1631912400,HSL:1003_20210917_La_2_1205,3,HSL:1070420,Neitsytpolku
46440,46365,-75,46440,46385,-55,True,UPDATED,1631912400,HSL:1003_20210917_La_2_1217,3,HSL:1070420,Neitsytpolku
47160,47131,-29,47160,47157,-3,True,UPDATED,1631912400,HSL:1003_20210917_La_2_1229,3,HSL:1070420,Neitsytpolku
47880,47880,0,47880,47880,0,True,UPDATED,1631912400,HSL:1003_20210917_La_2_1241,3,HSL:1070420,Neitsytpolku
48600,48600,0,48600,48600,0,False,SCHEDULED,1631912400,HSL:1003_20210917_La_2_1253,3,HSL:1070420,Neitsytpolku
45180,45410,230,45180,45429,249,True,UPDATED,1631912400,HSL:1059_20210917_La_2_1209,59,HSL:1171127,Tv-keskus
46140,46122,-18,46140,46150,10,True,UPDATED,1631912400,HSL:1059_20210917_La_2_1224,59,HSL:1171127,Tv-keskus
46200,46236,36,46200,46236,36,True,UPDATED,1631912400,HSL:1023_20210917_La_2_1233,23,HSL:1171127,Tv-keskus
47040,47040,0,47040,47040,0,False,SCHEDULED,1631912400,HSL:1059_20210917_La_2_1239,59,HSL:1171127,Tv-keskus
47400,47400,0,47400,47400,0,False,SCHEDULED,1631912400,HSL:1023_20210917_La_2_1253,23,HSL:1171127,Tv-keskus
45720,45720,0,45720,45720,0,False,SCHEDULED,1631912400,HSL:1003_20210917_La_1_1240,3,HSL:1070419,Neitsytpolku
46440,46440,0,46440,46440,0,False,SCHEDULED,1631912400,HSL:1003_20210917_La_1_1252,3,HSL:1070419,Neitsytpolku
47160,47160,0,47160,47160,0,False,SCHEDULED,1631912400,HSL:1003_20210917_La_1_1304,3,HSL:1070419,Neitsytpolku
47880,47880,0,47880,47880,0,False,SCHEDULED,1631912400,HSL:1003_20210917_La_1_1316,3,HSL:1070419,Neitsytpolku
48600,48600,0,48600,48600,0,False,SCHEDULED,1631912400,HSL:1003_20210917_La_1_1328,3,HSL:1070419,Neitsytpolku
45780,45604,-176,45780,45633,-147,True,UPDATED,1631912400,HSL:1003_20210917_La_2_1205,3,HSL:1070418,Kaivopuisto
46500,46425,-75,46500,46449,-51,True,UPDATED,1631912400,HSL:1003_20210917_La_2_1217,3,HSL:1070418,Kaivopuisto
47220,47195,-25,47220,47223,3,True,UPDATED,1631912400,HSL:1003_20210917_La_2_1229,3,HSL:1070418,Kaivopuisto
47940,47940,0,47940,47940,0,True,UPDATED,1631912400,HSL:1003_20210917_La_2_1241,3,HSL:1070418,Kaivopuisto
48660,48660,0,48660,48660,0,False,SCHEDULED,1631912400,HSL:1003_20210917_La_2_1253,3,HSL:1070418,Kaivopuisto
45660,45660,0,45660,45660,0,False,SCHEDULED,1631912400,HSL:1003_20210917_La_1_1240,3,HSL:1070417,Kaivopuisto
46380,46380,0,46380,46380,0,False,SCHEDULED,1631912400,HSL:1003_20210917_La_1_1252,3,HSL:1070417,Kaivopuisto
47100,47100,0,47100,47100,0,False,SCHEDULED,1631912400,HSL:1003_20210917_La_1_1304,3,HSL:1070417,Kaivopuisto
47820,47820,0,47820,47820,0,False,SCHEDULED,1631912400,HSL:1003_20210917_La_1_1316,3,HSL:1070417,Kaivopuisto
48540,48540,0,48540,48540,0,False,SCHEDULED,1631912400,HSL:1003_20210917_La_1_1328,3,HSL:1070417,Kaivopuisto
45420,45631,211,45420,45653,233,True,UPDATED,1631912400,HSL:1059_20210917_La_1_1216,59,HSL:1171126,Tv-keskus
46020,46150,130,46020,46160,140,True,UPDATED,1631912400,HSL:1023_20210917_La_1_1223,23,HSL:1171126,Tv-keskus
46320,46400,80,46320,46423,103,True,UPDATED,1631912400,HSL:1059_20210917_La_1_1231,59,HSL:1171126,Tv-keskus
47220,47220,0,47220,47220,0,False,SCHEDULED,1631912400,HSL:1059_20210917_La_1_1246,59,HSL:1171126,Tv-keskus
47220,47220,0,47220,47220,0,False,SCHEDULED,1631912400,HSL:1023_20210917_La_1_1243,23,HSL:1171126,Tv-keskus
92580,92580,0,92580,92580,0,False,SCHEDULED,1631912400,HSL:9643N_20210917_La_2_2535,643N,HSL:9670521,Kulomäentien ramppi
45240,45607,367,45240,45619,379,True,UPDATED,1631912400,HSL:1069_20210917_La_1_1222,69,HSL:1171120,Eläintarha
46440,46440,0,46440,46440,0,False,SCHEDULED,1631912400,HSL:1069_20210917_La_1_1242,69,HSL:1171120,Eläintarha
47640,47640,0,47640,47640,0,False,SCHEDULED,1631912400,HSL:1069_20210917_La_1_1302,69,HSL:1171120,Eläintarha
48360,48360,0,48360,48360,0,False,SCHEDULED,1631912400,HSL:7848_20210917_La_1_1318,848,HSL:1171120,Eläintarha
48840,48840,0,48840,48840,0,False,SCHEDULED,1631912400,HSL:1069_20210917_La_1_1322,69,HSL:1171120,Eläintarha
45060,45336,276,45060,45344,284,True,UPDATED,1631912400,HSL:1059_20210917_La_2_1209,59,HSL:1171121,Ilmalantori
46020,46024,4,46020,46024,4,True,UPDATED,1631912400,HSL:1059_20210917_La_2_1224,59,HSL:1171121,Ilmalantori
46140,46176,36,46140,46176,36,True,UPDATED,1631912400,HSL:1023_20210917_La_2_1233,23,HSL:1171121,Ilmalantori
46920,46920,0,46920,46920,0,False,SCHEDULED,1631912400,HSL:1059_20210917_La_2_1239,59,HSL:1171121,Ilmalantori
47340,47340,0,47340,47340,0,False,SCHEDULED,1631912400,HSL:1023_20210917_La_2_1253,23,HSL:1171121,Ilmalantori
45300,45395,95,45300,45412,112,True,UPDATED,1631912400,HSL:1500_20210917_La_2_1221,500,HSL:1171122,Auroran sairaala
44880,45404,524,44880,45418,538,True,UPDATED,1631912400,HSL:2510_20210917_La_2_1202,510,HSL:1171122,Auroran sairaala
45180,45530,350,45180,45541,361,True,UPDATED,1631912400,HSL:1069_20210917_La_1_1222,69,HSL:1171122,Auroran sairaala
45780,45811,31,45780,45811,31,True,UPDATED,1631912400,HSL:1506_20210917_La_2_1234,506,HSL:1171122,Auroran sairaala
45780,45949,169,45780,45966,186,True,UPDATED,1631912400,HSL:2510_20210917_La_2_1217,510,HSL:1171122,Auroran sairaala
46920,46920,0,46920,46920,0,True,UPDATED,1631912400,HSL:9642_20210917_La_2_1238,642,HSL:9670507,Hoechst
50520,50520,0,50520,50520,0,False,SCHEDULED,1631912400,HSL:9642_20210917_La_2_1338,642,HSL:9670507,Hoechst
54120,54120,0,54120,54120,0,False,SCHEDULED,1631912400,HSL:9642_20210917_La_2_1438,642,HSL:9670507,Hoechst
57720,57720,0,57720,57720,0,False,SCHEDULED,1631912400,HSL:9642_20210917_La_2_1538,642,HSL:9670507,Hoechst
61320,61320,0,61320,61320,0,False,SCHEDULED,1631912400,HSL:9642_20210917_La_2_1638,642,HSL:9670507,Hoechst
45720,45780,60,45720,45783,63,True,UPDATED,1631912400,HSL:9641_20210917_La_1_1220,641,HSL:9670508,Högberg
47520,47520,0,47520,47520,0,False,SCHEDULED,1631912400,HSL:9641_20210917_La_1_1250,641,HSL:9670508,Högberg
49320,49320,0,49320,49320,0,False,SCHEDULED,1631912400,HSL:9641_20210917_La_1_1320,641,HSL:9670508,Högberg
51120,51120,0,51120,51120,0,False,SCHEDULED,1631912400,HSL:9641_20210917_La_1_1350,641,HSL:9670508,Högberg
52920,52920,0,52920,52920,0,False,SCHEDULED,1631912400,HSL:9641_20210917_La_1_1420,641,HSL:9670508,Högberg
46680,46680,0,46680,46680,0,True,UPDATED,1631912400,HSL:9642_20210917_La_2_1238,642,HSL:9670505,Firanlähteentie
50280,50280,0,50280,50280,0,False,SCHEDULED,1631912400,HSL:9642_20210917_La_2_1338,642,HSL:9670505,Firanlähteentie
53880,53880,0,53880,53880,0,False,SCHEDULED,1631912400,HSL:9642_20210917_La_2_1438,642,HSL:9670505,Firanlähteentie
57480,57480,0,57480,57480,0,False,SCHEDULED,1631912400,HSL:9642_20210917_La_2_1538,642,HSL:9670505,Firanlähteentie
61080,61080,0,61080,61080,0,False,SCHEDULED,1631912400,HSL:9642_20210917_La_2_1638,642,HSL:9670505,Firanlähteentie
48120,48120,0,48120,48120,0,False,SCHEDULED,1631912400,HSL:9642_20210917_La_1_1316,642,HSL:9670506,Hoechst
51720,51720,0,51720,51720,0,False,SCHEDULED,1631912400,HSL:9642_20210917_La_1_1416,642,HSL:9670506,Hoechst
55320,55320,0,55320,55320,0,False,SCHEDULED,1631912400,HSL:9642_20210917_La_1_1516,642,HSL:9670506,Hoechst
58920,58920,0,58920,58920,0,False,SCHEDULED,1631912400,HSL:9642_20210917_La_1_1616,642,HSL:9670506,Hoechst
62520,62520,0,62520,62520,0,False,SCHEDULED,1631912400,HSL:9642_20210917_La_1_1716,642,HSL:9670506,Hoechst
46080,46043,-37,46080,46045,-35,True,UPDATED,1631912400,HSL:9641_20210917_La_1_1220,641,HSL:9670503,Fira
47880,47880,0,47880,47880,0,False,SCHEDULED,1631912400,HSL:9641_20210917_La_1_1250,641,HSL:9670503,Fira
48420,48420,0,48420,48420,0,False,SCHEDULED,1631912400,HSL:9642_20210917_La_1_1316,642,HSL:9670503,Fira
49680,49680,0,49680,49680,0,False,SCHEDULED,1631912400,HSL:9641_20210917_La_1_1320,641,HSL:9670503,Fira
51480,51480,0,51480,51480,0,False,SCHEDULED,1631912400,HSL:9641_20210917_La_1_1350,641,HSL:9670503,Fira
48360,48360,0,48360,48360,0,False,SCHEDULED,1631912400,HSL:9642_20210917_La_1_1316,642,HSL:9670504,Firanlähteentie
51960,51960,0,51960,51960,0,False,SCHEDULED,1631912400,HSL:9642_20210917_La_1_1416,642,HSL:9670504,Firanlähteentie
55560,55560,0,55560,55560,0,False,SCHEDULED,1631912400,HSL:9642_20210917_La_1_1516,642,HSL:9670504,Firanlähteentie
59160,59160,0,59160,59160,0,False,SCHEDULED,1631912400,HSL:9642_20210917_La_1_1616,642,HSL:9670504,Firanlähteentie
62760,62760,0,62760,62760,0,False,SCHEDULED,1631912400,HSL:9642_20210917_La_1_1716,642,HSL:9670504,Firanlähteentie
45960,45963,3,45960,45964,4,True,UPDATED,1631912400,HSL:9641_20210917_La_1_1220,641,HSL:9670501,Berga
47760,47760,0,47760,47760,0,False,SCHEDULED,1631912400,HSL:9641_20210917_La_1_1250,641,HSL:9670501,Berga
49560,49560,0,49560,49560,0,False,SCHEDULED,1631912400,HSL:9641_20210917_La_1_1320,641,HSL:9670501,Berga
51360,51360,0,51360,51360,0,False,SCHEDULED,1631912400,HSL:9641_20210917_La_1_1350,641,HSL:9670501,Berga
53160,53160,0,53160,53160,0,False,SCHEDULED,1631912400,HSL:9641_20210917_La_1_1420,641,HSL:9670501,Berga
45900,45978,78,45900,45980,80,True,UPDATED,1631912400,HSL:9641_20210917_La_2_1220,641,HSL:9670502,Fira
46620,46620,0,46620,46620,0,True,UPDATED,1631912400,HSL:9642_20210917_La_2_1238,642,HSL:9670502,Fira
47700,47700,0,47700,47700,0,False,SCHEDULED,1631912400,HSL:9641_20210917_La_2_1250,641,HSL:9670502,Fira
49500,49500,0,49500,49500,0,False,SCHEDULED,1631912400,HSL:9641_20210917_La_2_1320,641,HSL:9670502,Fira
50220,50220,0,50220,50220,0,False,SCHEDULED,1631912400,HSL:9642_20210917_La_2_1338,642,HSL:9670502,Fira
45240,45473,233,45240,45498,258,True,UPDATED,1631912400,HSL:1010_20210917_La_2_1210,10,HSL:1070414,Johanneksenkirkko
45840,45932,92,45840,45932,92,True,UPDATED,1631912400,HSL:1010_20210917_La_2_1220,10,HSL:1070414,Johanneksenkirkko
46440,46471,31,46440,46471,31,True,UPDATED,1631912400,HSL:1010_20210917_La_2_1230,10,HSL:1070414,Johanneksenkirkko
47040,47040,0,47040,47040,0,True,UPDATED,1631912400,HSL:1010_20210917_La_2_1240,10,HSL:1070414,Johanneksenkirkko
47640,47640,0,47640,47640,0,False,SCHEDULED,1631912400,HSL:1010_20210917_La_2_1250,10,HSL:1070414,Johanneksenkirkko
46140,46176,36,46140,46179,39,True,UPDATED,1631912400,HSL:9641_20210917_La_2_1220,641,HSL:9670511,Jussla
47940,47940,0,47940,47940,0,False,SCHEDULED,1631912400,HSL:9641_20210917_La_2_1250,641,HSL:9670511,Jussla
49740,49740,0,49740,49740,0,False,SCHEDULED,1631912400,HSL:9641_20210917_La_2_1320,641,HSL:9670511,Jussla
51540,51540,0,51540,51540,0,False,SCHEDULED,1631912400,HSL:9641_20210917_La_2_1350,641,HSL:9670511,Jussla
53340,53340,0,53340,53340,0,False,SCHEDULED,1631912400,HSL:9641_20210917_La_2_1420,641,HSL:9670511,Jussla
94500,94500,0,94500,94500,0,False,SCHEDULED,1631912400,HSL:1023N_20210917_La_1_2605,23N,HSL:1020140,Kaivokatu
95700,95700,0,95700,95700,0,False,SCHEDULED,1631912400,HSL:1023N_20210917_La_1_2625,23N,HSL:1020140,Kaivokatu
96900,96900,0,96900,96900,0,False,SCHEDULED,1631912400,HSL:1023N_20210917_La_1_2645,23N,HSL:1020140,Kaivokatu
98040,98040,0,98040,98040,0,False,SCHEDULED,1631912400,HSL:1023N_20210917_La_1_2705,23N,HSL:1020140,Kaivokatu
99240,99240,0,99240,99240,0,False,SCHEDULED,1631912400,HSL:1023N_20210917_La_1_2725,23N,HSL:1020140,Kaivokatu
45540,45755,215,45540,45759,219,True,UPDATED,1631912400,HSL:1059_20210917_La_1_1216,59,HSL:1171105,Ilmalanrinne
46140,46253,113,46140,46255,115,True,UPDATED,1631912400,HSL:1023_20210917_La_1_1223,23,HSL:1171105,Ilmalanrinne
46440,46537,97,46440,46540,100,True,UPDATED,1631912400,HSL:1059_20210917_La_1_1231,59,HSL:1171105,Ilmalanrinne
47340,47340,0,47340,47340,0,False,SCHEDULED,1631912400,HSL:1059_20210917_La_1_1246,59,HSL:1171105,Ilmalanrinne
47340,47340,0,47340,47340,0,False,SCHEDULED,1631912400,HSL:1023_20210917_La_1_1243,23,HSL:1171105,Ilmalanrinne
45960,45985,25,45960,45985,25,True,UPDATED,1631912400,HSL:1059_20210917_La_2_1224,59,HSL:1171104,Ilmalanrinne
46080,46116,36,46080,46116,36,True,UPDATED,1631912400,HSL:1023_20210917_La_2_1233,23,HSL:1171104,Ilmalanrinne
46860,46860,0,46860,46860,0,False,SCHEDULED,1631912400,HSL:1059_20210917_La_2_1239,59,HSL:1171104,Ilmalanrinne
47280,47280,0,47280,47280,0,False,SCHEDULED,1631912400,HSL:1023_20210917_La_2_1253,23,HSL:1171104,Ilmalanrinne
47760,47760,0,47760,47760,0,False,SCHEDULED,1631912400,HSL:1059_20210917_La_2_1254,59,HSL:1171104,Ilmalanrinne
45900,45900,0,45900,45900,0,False,SCHEDULED,1631912400,HSL:1040_20210917_La_1_1245,40,HSL:1020130,Elielinaukio
46500,46500,0,46500,46500,0,False,SCHEDULED,1631912400,HSL:1040_20210917_La_1_1255,40,HSL:1020130,Elielinaukio
47040,47040,0,47040,47040,0,False,SCHEDULED,1631912400,HSL:1040_20210917_La_1_1304,40,HSL:1020130,Elielinaukio
47640,47640,0,47640,47640,0,False,SCHEDULED,1631912400,HSL:1040_20210917_La_1_1314,40,HSL:1020130,Elielinaukio
48240,48240,0,48240,48240,0,False,SCHEDULED,1631912400,HSL:1040_20210917_La_1_1324,40,HSL:1020130,Elielinaukio
46800,46800,0,46800,46800,0,True,UPDATED,1631912400,HSL:9642_20210917_La_2_1238,642,HSL:9670527,Mätäkivi
50400,50400,0,50400,50400,0,False,SCHEDULED,1631912400,HSL:9642_20210917_La_2_1338,642,HSL:9670527,Mätäkivi
54000,54000,0,54000,54000,0,False,SCHEDULED,1631912400,HSL:9642_20210917_La_2_1438,642,HSL:9670527,Mätäkivi
57600,57600,0,57600,57600,0,False,SCHEDULED,1631912400,HSL:9642_20210917_La_2_1538,642,HSL:9670527,Mätäkivi
61200,61200,0,61200,61200,0,False,SCHEDULED,1631912400,HSL:9642_20210917_La_2_1638,642,HSL:9670527,Mätäkivi
45660,45660,0,45660,45660,0,False,SCHEDULED,1631912400,HSL:4322_20210917_La_1_1241,322,HSL:1020132,Elielinaukio
49260,49260,0,49260,49260,0,False,SCHEDULED,1631912400,HSL:4322_20210917_La_1_1341,322,HSL:1020132,Elielinaukio
52860,52860,0,52860,52860,0,False,SCHEDULED,1631912400,HSL:4322_20210917_La_1_1441,322,HSL:1020132,Elielinaukio
56460,56460,0,56460,56460,0,False,SCHEDULED,1631912400,HSL:4322_20210917_La_1_1541,322,HSL:1020132,Elielinaukio
60060,60060,0,60060,60060,0,False,SCHEDULED,1631912400,HSL:4322_20210917_La_1_1641,322,HSL:1020132,Elielinaukio
45840,45840,0,45840,45840,0,False,SCHEDULED,1631912400,HSL:2200_20210917_La_1_1244,200,HSL:1020131,Elielinaukio
46440,46440,0,46440,46440,0,False,SCHEDULED,1631912400,HSL:2200_20210917_La_1_1254,200,HSL:1020131,Elielinaukio
47040,47040,0,47040,47040,0,False,SCHEDULED,1631912400,HSL:2200_20210917_La_1_1304,200,HSL:1020131,Elielinaukio
47640,47640,0,47640,47640,0,False,SCHEDULED,1631912400,HSL:2200_20210917_La_1_1314,200,HSL:1020131,Elielinaukio
48240,48240,0,48240,48240,0,False,SCHEDULED,1631912400,HSL:2200_20210917_La_1_1324,200,HSL:1020131,Elielinaukio
46860,46860,0,46860,46860,0,True,UPDATED,1631912400,HSL:9642_20210917_La_2_1238,642,HSL:9670525,Maraton
50460,50460,0,50460,50460,0,False,SCHEDULED,1631912400,HSL:9642_20210917_La_2_1338,642,HSL:9670525,Maraton
54060,54060,0,54060,54060,0,False,SCHEDULED,1631912400,HSL:9642_20210917_La_2_1438,642,HSL:9670525,Maraton
57660,57660,0,57660,57660,0,False,SCHEDULED,1631912400,HSL:9642_20210917_La_2_1538,642,HSL:9670525,Maraton
61260,61260,0,61260,61260,0,False,SCHEDULED,1631912400,HSL:9642_20210917_La_2_1638,642,HSL:9670525,Maraton
48300,48300,0,48300,48300,0,False,SCHEDULED,1631912400,HSL:9642_20210917_La_1_1316,642,HSL:9670526,Mätäkivi
51900,51900,0,51900,51900,0,False,SCHEDULED,1631912400,HSL:9642_20210917_La_1_1416,642,HSL:9670526,Mätäkivi
55500,55500,0,55500,55500,0,False,SCHEDULED,1631912400,HSL:9642_20210917_La_1_1516,642,HSL:9670526,Mätäkivi
59100,59100,0,59100,59100,0,False,SCHEDULED,1631912400,HSL:9642_20210917_La_1_1616,642,HSL:9670526,Mätäkivi
62700,62700,0,62700,62700,0,False,SCHEDULED,1631912400,HSL:9642_20210917_La_1_1716,642,HSL:9670526,Mätäkivi
47820,47820,0,47820,47820,0,False,SCHEDULED,1631912400,HSL:4332_20210917_La_1_1317,332,HSL:1020133,Elielinaukio
51420,51420,0,51420,51420,0,False,SCHEDULED,1631912400,HSL:4332_20210917_La_1_1417,332,HSL:1020133,Elielinaukio
55020,55020,0,55020,55020,0,False,SCHEDULED,1631912400,HSL:4332_20210917_La_1_1517,332,HSL:1020133,Elielinaukio
58620,58620,0,58620,58620,0,False,SCHEDULED,1631912400,HSL:4332_20210917_La_1_1617,332,HSL:1020133,Elielinaukio
62220,62220,0,62220,62220,0,False,SCHEDULED,1631912400,HSL:4332_20210917_La_1_1717,332,HSL:1020133,Elielinaukio
45840,45867,27,45840,45869,29,True,UPDATED,1631912400,HSL:9641_20210917_La_1_1220,641,HSL:9670523,Maantiekylä
47640,47640,0,47640,47640,0,False,SCHEDULED,1631912400,HSL:9641_20210917_La_1_1250,641,HSL:9670523,Maantiekylä
49440,49440,0,49440,49440,0,False,SCHEDULED,1631912400,HSL:9641_20210917_La_1_1320,641,HSL:9670523,Maantiekylä
51240,51240,0,51240,51240,0,False,SCHEDULED,1631912400,HSL:9641_20210917_La_1_1350,641,HSL:9670523,Maantiekylä
53040,53040,0,53040,53040,0,False,SCHEDULED,1631912400,HSL:9641_20210917_La_1_1420,641,HSL:9670523,Maantiekylä
47100,47100,0,47100,47100,0,False,SCHEDULED,1631912400,HSL:2345N_20210917_La_1_1305,345N,HSL:1020135,Elielinaukio
50700,50700,0,50700,50700,0,False,SCHEDULED,1631912400,HSL:2345N_20210917_La_1_1405,345N,HSL:1020135,Elielinaukio
54300,54300,0,54300,54300,0,False,SCHEDULED,1631912400,HSL:2345N_20210917_La_1_1505,345N,HSL:1020135,Elielinaukio
57900,57900,0,57900,57900,0,False,SCHEDULED,1631912400,HSL:2345N_20210917_La_1_1605,345N,HSL:1020135,Elielinaukio
61500,61500,0,61500,61500,0,False,SCHEDULED,1631912400,HSL:2345N_20210917_La_1_1705,345N,HSL:1020135,Elielinaukio
48180,48180,0,48180,48180,0,False,SCHEDULED,1631912400,HSL:9642_20210917_La_1_1316,642,HSL:9670524,Maraton
51780,51780,0,51780,51780,0,False,SCHEDULED,1631912400,HSL:9642_20210917_La_1_1416,642,HSL:9670524,Maraton
55380,55380,0,55380,55380,0,False,SCHEDULED,1631912400,HSL:9642_20210917_La_1_1516,642,HSL:9670524,Maraton
58980,58980,0,58980,58980,0,False,SCHEDULED,1631912400,HSL:9642_20210917_La_1_1616,642,HSL:9670524,Maraton
62580,62580,0,62580,62580,0,False,SCHEDULED,1631912400,HSL:9642_20210917_La_1_1716,642,HSL:9670524,Maraton
45720,45720,0,45720,45720,0,False,SCHEDULED,1631912400,HSL:1010_20210917_La_1_1240,10,HSL:1070427,Johanneksenkirkko
46320,46320,0,46320,46320,0,False,SCHEDULED,1631912400,HSL:1010_20210917_La_1_1250,10,HSL:1070427,Johanneksenkirkko
46920,46920,0,46920,46920,0,False,SCHEDULED,1631912400,HSL:1010_20210917_La_1_1300,10,HSL:1070427,Johanneksenkirkko
47520,47520,0,47520,47520,0,False,SCHEDULED,1631912400,HSL:1010_20210917_La_1_1310,10,HSL:1070427,Johanneksenkirkko
48120,48120,0,48120,48120,0,False,SCHEDULED,1631912400,HSL:1010_20210917_La_1_1320,10,HSL:1070427,Johanneksenkirkko
45900,45961,61,45900,45961,61,True,UPDATED,1631912400,HSL:3001K_20210917_La_1_1211,K,HSL:9040506,Kerava
46500,46579,79,46500,46579,79,True,UPDATED,1631912400,HSL:3001K_20210917_La_1_1221,K,HSL:9040506,Kerava
47100,47170,70,47100,47170,70,True,UPDATED,1631912400,HSL:3001K_20210917_La_1_1231,K,HSL:9040506,Kerava
47700,47700,0,47700,47700,0,False,SCHEDULED,1631912400,HSL:3001K_20210917_La_1_1241,K,HSL:9040506,Kerava
48300,48300,0,48300,48300,0,False,SCHEDULED,1631912400,HSL:3001K_20210917_La_1_1251,K,HSL:9040506,Kerava
45660,45660,0,45660,45660,0,False,SCHEDULED,1631912400,HSL:1010_20210917_La_1_1240,10,HSL:1070426,Kirurgi
46260,46260,0,46260,46260,0,False,SCHEDULED,1631912400,HSL:1010_20210917_La_1_1250,10,HSL:1070426,Kirurgi
46860,46860,0,46860,46860,0,False,SCHEDULED,1631912400,HSL:1010_20210917_La_1_1300,10,HSL:1070426,Kirurgi
47460,47460,0,47460,47460,0,False,SCHEDULED,1631912400,HSL:1010_20210917_La_1_1310,10,HSL:1070426,Kirurgi
48060,48060,0,48060,48060,0,False,SCHEDULED,1631912400,HSL:1010_20210917_La_1_1320,10,HSL:1070426,Kirurgi
45660,45660,0,45660,45660,0,False,SCHEDULED,1631912400,HSL:3001K_20210917_La_2_1241,K,HSL:9040505,Kerava
46260,46260,0,46260,46260,0,False,SCHEDULED,1631912400,HSL:3001K_20210917_La_2_1251,K,HSL:9040505,Kerava
46860,46860,0,46860,46860,0,False,SCHEDULED,1631912400,HSL:3001K_20210917_La_2_1301,K,HSL:9040505,Kerava
47460,47460,0,47460,47460,0,False,SCHEDULED,1631912400,HSL:3001K_20210917_La_2_1311,K,HSL:9040505,Kerava
48060,48060,0,48060,48060,0,False,SCHEDULED,1631912400,HSL:3001K_20210917_La_2_1321,K,HSL:9040505,Kerava
45720,45720,0,45720,45725,5,True,UPDATED,1631912400,HSL:9641_20210917_La_1_1220,641,HSL:9670532,Pakkasraitti
47520,47520,0,47520,47520,0,False,SCHEDULED,1631912400,HSL:9641_20210917_La_1_1250,641,HSL:9670532,Pakkasraitti
49320,49320,0,49320,49320,0,False,SCHEDULED,1631912400,HSL:9641_20210917_La_1_1320,641,HSL:9670532,Pakkasraitti
51120,51120,0,51120,51120,0,False,SCHEDULED,1631912400,HSL:9641_20210917_La_1_1350,641,HSL:9670532,Pakkasraitti
52920,52920,0,52920,52920,0,False,SCHEDULED,1631912400,HSL:9641_20210917_La_1_1420,641,HSL:9670532,Pakkasraitti
46260,46245,-15,46260,46265,5,True,UPDATED,1631912400,HSL:9641_20210917_La_2_1220,641,HSL:9670533,Högberg
48060,48060,0,48060,48060,0,False,SCHEDULED,1631912400,HSL:9641_20210917_La_2_1250,641,HSL:9670533,Högberg
49860,49860,0,49860,49860,0,False,SCHEDULED,1631912400,HSL:9641_20210917_La_2_1320,641,HSL:9670533,Högberg
51660,51660,0,51660,51660,0,False,SCHEDULED,1631912400,HSL:9641_20210917_La_2_1350,641,HSL:9670533,Högberg
53460,53460,0,53460,53460,0,False,SCHEDULED,1631912400,HSL:9641_20210917_La_2_1420,641,HSL:9670533,Högberg
46560,46647,87,46560,46647,87,True,UPDATED,1631912400,HSL:3001R_20210917_La_2_1225,R,HSL:9040502,Kerava
46860,46919,59,46860,46919,59,True,UPDATED,1631912400,HSL:3001Z_20210917_La_2_1219,Z,HSL:9040502,Kerava
48360,48360,0,48360,48360,0,False,SCHEDULED,1631912400,HSL:3001R_20210917_La_2_1255,R,HSL:9040502,Kerava
50160,50160,0,50160,50160,0,False,SCHEDULED,1631912400,HSL:3001R_20210917_La_2_1325,R,HSL:9040502,Kerava
50460,50460,0,50460,50460,0,False,SCHEDULED,1631912400,HSL:3001Z_20210917_La_2_1319,Z,HSL:9040502,Kerava
46320,46302,-18,46320,46307,-13,True,UPDATED,1631912400,HSL:9641_20210917_La_2_1220,641,HSL:9670531,Pakkasraitti
48120,48120,0,48120,48120,0,False,SCHEDULED,1631912400,HSL:9641_20210917_La_2_1250,641,HSL:9670531,Pakkasraitti
49920,49920,0,49920,49920,0,False,SCHEDULED,1631912400,HSL:9641_20210917_La_2_1320,641,HSL:9670531,Pakkasraitti
51720,51720,0,51720,51720,0,False,SCHEDULED,1631912400,HSL:9641_20210917_La_2_1350,641,HSL:9670531,Pakkasraitti
53520,53520,0,53520,53520,0,False,SCHEDULED,1631912400,HSL:9641_20210917_La_2_1420,641,HSL:9670531,Pakkasraitti
46620,46620,0,46680,46680,0,False,SCHEDULED,1631912400,HSL:3001Z_20210917_La_1_1235,Z,HSL:9040501,Kerava
46980,46980,0,46980,46980,0,False,SCHEDULED,1631912400,HSL:3001R_20210917_La_1_1240,R,HSL:9040501,Kerava
48780,48780,0,48780,48780,0,False,SCHEDULED,1631912400,HSL:3001R_20210917_La_1_1310,R,HSL:9040501,Kerava
50220,50220,0,50280,50280,0,False,SCHEDULED,1631912400,HSL:3001Z_20210917_La_1_1335,Z,HSL:9040501,Kerava
50580,50580,0,50580,50580,0,False,SCHEDULED,1631912400,HSL:3001R_20210917_La_1_1340,R,HSL:9040501,Kerava
46320,46320,0,46320,46320,0,True,UPDATED,1631912400,HSL:1097_20210917_La_1_1234,97,HSL:1473182,Mellunmäki (M)
47100,47100,0,47100,47100,0,False,SCHEDULED,1631912400,HSL:1097V_20210917_La_1_1244,97V,HSL:1473182,Mellunmäki (M)
48120,48120,0,48120,48120,0,False,SCHEDULED,1631912400,HSL:1097_20210917_La_1_1304,97,HSL:1473182,Mellunmäki (M)
48960,48960,0,48960,48960,0,False,SCHEDULED,1631912400,HSL:1097V_20210917_La_1_1314,97V,HSL:1473182,Mellunmäki (M)
49920,49920,0,49920,49920,0,False,SCHEDULED,1631912400,HSL:1097_20210917_La_1_1334,97,HSL:1473182,Mellunmäki (M)
45420,45400,-20,45420,45400,-20,True,UPDATED,1631912400,HSL:4570_20210917_La_2_1136,570,HSL:1473180,Mellunmäki (M)
46020,46020,0,46020,46020,0,True,UPDATED,1631912400,HSL:4570_20210917_La_2_1145,570,HSL:1473180,Mellunmäki (M)
46620,46651,31,46620,46651,31,True,UPDATED,1631912400,HSL:4570_20210917_La_2_1154,570,HSL:1473180,Mellunmäki (M)
47220,47400,180,47220,47400,180,True,UPDATED,1631912400,HSL:4570_20210917_La_2_1204,570,HSL:1473180,Mellunmäki (M)
47820,47879,59,47820,47879,59,True,UPDATED,1631912400,HSL:4570_20210917_La_2_1214,570,HSL:1473180,Mellunmäki (M)
46020,46020,0,46020,46020,0,False,SCHEDULED,1631912400,HSL:6243_20210917_La_2_1246,243,HSL:6170249,Kulotie
49620,49620,0,49620,49620,0,False,SCHEDULED,1631912400,HSL:6243_20210917_La_2_1346,243,HSL:6170249,Kulotie
53220,53220,0,53220,53220,0,False,SCHEDULED,1631912400,HSL:6243_20210917_La_2_1446,243,HSL:6170249,Kulotie
56820,56820,0,56820,56820,0,False,SCHEDULED,1631912400,HSL:6243_20210917_La_2_1546,243,HSL:6170249,Kulotie
60420,60420,0,60420,60420,0,False,SCHEDULED,1631912400,HSL:6243_20210917_La_2_1646,243,HSL:6170249,Kulotie
46080,46080,0,46080,46080,0,False,SCHEDULED,1631912400,HSL:6243_20210917_La_2_1246,243,HSL:6170247,Vuoritie
49680,49680,0,49680,49680,0,False,SCHEDULED,1631912400,HSL:6243_20210917_La_2_1346,243,HSL:6170247,Vuoritie
53280,53280,0,53280,53280,0,False,SCHEDULED,1631912400,HSL:6243_20210917_La_2_1446,243,HSL:6170247,Vuoritie
56880,56880,0,56880,56880,0,False,SCHEDULED,1631912400,HSL:6243_20210917_La_2_1546,243,HSL:6170247,Vuoritie
60480,60480,0,60480,60480,0,False,SCHEDULED,1631912400,HSL:6243_20210917_La_2_1646,243,HSL:6170247,Vuoritie
45600,45594,-6,45600,45597,-3,True,UPDATED,1631912400,HSL:6243_20210917_La_1_1210,243,HSL:6170252,Impivaarantie
49200,49200,0,49200,49200,0,False,SCHEDULED,1631912400,HSL:6243_20210917_La_1_1310,243,HSL:6170252,Impivaarantie
52800,52800,0,52800,52800,0,False,SCHEDULED,1631912400,HSL:6243_20210917_La_1_1410,243,HSL:6170252,Impivaarantie
56400,56400,0,56400,56400,0,False,SCHEDULED,1631912400,HSL:6243_20210917_La_1_1510,243,HSL:6170252,Impivaarantie
60000,60000,0,60000,60000,0,False,SCHEDULED,1631912400,HSL:6243_20210917_La_1_1610,243,HSL:6170252,Impivaarantie
48240,48240,0,48240,48240,0,False,SCHEDULED,1631912400,HSL:9978K_20210917_La_2_1311,978K,HSL:9218212,Inex KT
51840,51840,0,51840,51840,0,False,SCHEDULED,1631912400,HSL:9978K_20210917_La_2_1411,978K,HSL:9218212,Inex KT
57240,57240,0,57240,57240,0,False,SCHEDULED,1631912400,HSL:9978K_20210917_La_2_1541,978K,HSL:9218212,Inex KT
69840,69840,0,69840,69840,0,False,SCHEDULED,1631912400,HSL:9978K_20210917_La_2_1911,978K,HSL:9218212,Inex KT
73440,73440,0,73440,73440,0,False,SCHEDULED,1631912400,HSL:9978K_20210917_La_2_2011,978K,HSL:9218212,Inex KT
47760,47760,0,47760,47760,0,False,SCHEDULED,1631912400,HSL:9985_20210917_La_2_1303,985,HSL:9218210,Kostamo
51360,51360,0,51360,51360,0,False,SCHEDULED,1631912400,HSL:9985_20210917_La_2_1402,985,HSL:9218210,Kostamo
54900,54900,0,54900,54900,0,False,SCHEDULED,1631912400,HSL:9985_20210917_La_2_1501,985,HSL:9218210,Kostamo
58500,58500,0,58500,58500,0,False,SCHEDULED,1631912400,HSL:9985_20210917_La_2_1601,985,HSL:9218210,Kostamo
62220,62220,0,62220,62220,0,False,SCHEDULED,1631912400,HSL:9985_20210917_La_2_1703,985,HSL:9218210,Kostamo
48480,48480,0,48480,48480,0,False,SCHEDULED,1631912400,HSL:9978K_20210917_La_2_1311,978K,HSL:9218216,Inex PT
48780,48780,0,48780,48780,0,False,SCHEDULED,1631912400,HSL:9978K_20210917_La_1_1333,978K,HSL:9218216,Inex PT
52080,52080,0,52080,52080,0,False,SCHEDULED,1631912400,HSL:9978K_20210917_La_2_1411,978K,HSL:9218216,Inex PT
52380,52380,0,52380,52380,0,False,SCHEDULED,1631912400,HSL:9978K_20210917_La_1_1433,978K,HSL:9218216,Inex PT
57480,57480,0,57480,57480,0,False,SCHEDULED,1631912400,HSL:9978K_20210917_La_2_1541,978K,HSL:9218216,Inex PT
45720,45686,-34,45720,45690,-30,True,UPDATED,1631912400,HSL:6243_20210917_La_1_1210,243,HSL:6170254,Paasitie
49320,49320,0,49320,49320,0,False,SCHEDULED,1631912400,HSL:6243_20210917_La_1_1310,243,HSL:6170254,Paasitie
52920,52920,0,52920,52920,0,False,SCHEDULED,1631912400,HSL:6243_20210917_La_1_1410,243,HSL:6170254,Paasitie
56520,56520,0,56520,56520,0,False,SCHEDULED,1631912400,HSL:6243_20210917_La_1_1510,243,HSL:6170254,Paasitie
60120,60120,0,60120,60120,0,False,SCHEDULED,1631912400,HSL:6243_20210917_La_1_1610,243,HSL:6170254,Paasitie
45780,45763,-17,45780,45782,2,True,UPDATED,1631912400,HSL:6243_20210917_La_1_1210,243,HSL:6170253,Välipurontie
45960,45960,0,45960,45960,0,False,SCHEDULED,1631912400,HSL:6243_20210917_La_2_1246,243,HSL:6170253,Välipurontie
49380,49380,0,49380,49380,0,False,SCHEDULED,1631912400,HSL:6243_20210917_La_1_1310,243,HSL:6170253,Välipurontie
49560,49560,0,49560,49560,0,False,SCHEDULED,1631912400,HSL:6243_20210917_La_2_1346,243,HSL:6170253,Välipurontie
52980,52980,0,52980,52980,0,False,SCHEDULED,1631912400,HSL:6243_20210917_La_1_1410,243,HSL:6170253,Välipurontie
45180,45360,180,45180,45367,187,True,UPDATED,1631912400,HSL:1059_20210917_La_1_1216,59,HSL:1171156,Esterinportti
45720,45840,120,45720,45840,120,True,UPDATED,1631912400,HSL:1023_20210917_La_1_1223,23,HSL:1171156,Esterinportti
46080,46132,52,46080,46132,52,True,UPDATED,1631912400,HSL:1059_20210917_La_1_1231,59,HSL:1171156,Esterinportti
46920,46920,0,46920,46920,0,False,SCHEDULED,1631912400,HSL:1023_20210917_La_1_1243,23,HSL:1171156,Esterinportti
46980,46980,0,46980,46980,0,False,SCHEDULED,1631912400,HSL:1059_20210917_La_1_1246,59,HSL:1171156,Esterinportti
45300,45539,239,45300,45555,255,True,UPDATED,1631912400,HSL:1059_20210917_La_2_1209,59,HSL:1171158,Eevanmäki
46260,46266,6,46260,46270,10,True,UPDATED,1631912400,HSL:1059_20210917_La_2_1224,59,HSL:1171158,Eevanmäki
46380,46416,36,46380,46416,36,True,UPDATED,1631912400,HSL:1023_20210917_La_2_1233,23,HSL:1171158,Eevanmäki
47160,47160,0,47160,47160,0,False,SCHEDULED,1631912400,HSL:1059_20210917_La_2_1239,59,HSL:1171158,Eevanmäki
47580,47580,0,47580,47580,0,False,SCHEDULED,1631912400,HSL:1023_20210917_La_2_1253,23,HSL:1171158,Eevanmäki
45060,45561,501,45060,45580,520,True,UPDATED,1631912400,HSL:2510_20210917_La_2_1202,510,HSL:1171152,Palkkatilanportti
45480,45551,71,45480,45590,110,True,UPDATED,1631912400,HSL:1500_20210917_La_2_1221,500,HSL:1171152,Palkkatilanportti
45960,45991,31,45960,45991,31,True,UPDATED,1631912400,HSL:1506_20210917_La_2_1234,506,HSL:1171152,Palkkatilanportti
45960,46105,145,45960,46124,164,True,UPDATED,1631912400,HSL:2510_20210917_La_2_1217,510,HSL:1171152,Palkkatilanportti
46380,46380,0,46380,46380,0,False,SCHEDULED,1631912400,HSL:1500_20210917_La_2_1236,500,HSL:1171152,Palkkatilanportti
45420,45528,108,45420,45566,146,True,UPDATED,1631912400,HSL:1500_20210917_La_1_1210,500,HSL:1171153,Palkkatilanportti
45840,45892,52,45840,45909,69,True,UPDATED,1631912400,HSL:2510_20210917_La_1_1228,510,HSL:1171153,Palkkatilanportti
46200,46213,13,46200,46223,23,True,UPDATED,1631912400,HSL:1506_20210917_La_1_1210,506,HSL:1171153,Palkkatilanportti
46320,46418,98,46320,46451,131,True,UPDATED,1631912400,HSL:1500_20210917_La_1_1225,500,HSL:1171153,Palkkatilanportti
46740,46740,0,46740,46740,0,False,SCHEDULED,1631912400,HSL:2510_20210917_La_1_1243,510,HSL:1171153,Palkkatilanportti
45480,45499,19,45480,45544,64,True,UPDATED,1631912400,HSL:1057_20210917_La_1_1208,57,HSL:1171150,Ilmalan asema
46080,46152,72,46080,46181,101,True,UPDATED,1631912400,HSL:1057_20210917_La_1_1218,57,HSL:1171150,Ilmalan asema
46680,46680,0,46680,46680,0,False,SCHEDULED,1631912400,HSL:1057_20210917_La_1_1228,57,HSL:1171150,Ilmalan asema
47280,47280,0,47280,47280,0,False,SCHEDULED,1631912400,HSL:1057_20210917_La_1_1238,57,HSL:1171150,Ilmalan asema
47880,47880,0,47880,47880,0,False,SCHEDULED,1631912400,HSL:1057_20210917_La_1_1248,57,HSL:1171150,Ilmalan asema
45480,45532,52,45480,45550,70,True,UPDATED,1631912400,HSL:1057_20210917_La_2_1227,57,HSL:1171151,Ilmalan asema
46080,46080,0,46080,46080,0,False,SCHEDULED,1631912400,HSL:1057_20210917_La_2_1237,57,HSL:1171151,Ilmalan asema
46680,46680,0,46680,46680,0,False,SCHEDULED,1631912400,HSL:1057_20210917_La_2_1247,57,HSL:1171151,Ilmalan asema
47280,47280,0,47280,47280,0,False,SCHEDULED,1631912400,HSL:1057_20210917_La_2_1257,57,HSL:1171151,Ilmalan asema
47880,47880,0,47880,47880,0,False,SCHEDULED,1631912400,HSL:1057_20210917_La_2_1307,57,HSL:1171151,Ilmalan asema
45840,45840,0,45840,45840,0,True,UPDATED,1631912400,HSL:1097_20210917_La_1_1234,97,HSL:1473162,Uussillantie
46140,46140,0,46140,46140,0,False,SCHEDULED,1631912400,HSL:9842_20210917_La_1_1240,842,HSL:1473162,Uussillantie
46680,46680,0,46680,46680,0,False,SCHEDULED,1631912400,HSL:1097V_20210917_La_1_1244,97V,HSL:1473162,Uussillantie
46680,46680,0,46680,46680,0,False,SCHEDULED,1631912400,HSL:1831_20210917_La_1_1250,831,HSL:1473162,Uussillantie
47340,47340,0,47340,47340,0,False,SCHEDULED,1631912400,HSL:9843_20210917_La_1_1300,843,HSL:1473162,Uussillantie
45480,45470,-10,45480,45477,-3,True,UPDATED,1631912400,HSL:9841_20210917_La_2_1205,841,HSL:1473163,Uussillantie
45960,45960,0,45960,45960,0,False,SCHEDULED,1631912400,HSL:1097V_20210917_La_2_1240,97V,HSL:1473163,Uussillantie
46440,46443,3,46440,46443,3,True,UPDATED,1631912400,HSL:9842_20210917_La_2_1226,842,HSL:1473163,Uussillantie
46980,46980,0,46980,46980,0,False,SCHEDULED,1631912400,HSL:1097_20210917_La_2_1256,97,HSL:1473163,Uussillantie
47760,47760,0,47760,47760,0,False,SCHEDULED,1631912400,HSL:1097V_20210917_La_2_1310,97V,HSL:1473163,Uussillantie
45900,45900,0,45900,45900,0,False,SCHEDULED,1631912400,HSL:7280_20210917_La_1_1208,280,HSL:6170227,Lamminpääntie
48600,48600,0,48600,48600,0,False,SCHEDULED,1631912400,HSL:7280_20210917_La_1_1255,280,HSL:6170227,Lamminpääntie
52200,52200,0,52200,52200,0,False,SCHEDULED,1631912400,HSL:7280_20210917_La_1_1355,280,HSL:6170227,Lamminpääntie
55500,55500,0,55500,55500,0,False,SCHEDULED,1631912400,HSL:7280_20210917_La_1_1448,280,HSL:6170227,Lamminpääntie
55800,55800,0,55800,55800,0,False,SCHEDULED,1631912400,HSL:7280_20210917_La_1_1455,280,HSL:6170227,Lamminpääntie
46200,46200,0,46200,46200,0,False,SCHEDULED,1631912400,HSL:6243_20210917_La_2_1246,243,HSL:6170228,Lamminpääntie
47340,47340,0,47340,47340,0,False,SCHEDULED,1631912400,HSL:7280_20210917_La_2_1303,280,HSL:6170228,Lamminpääntie
49800,49800,0,49800,49800,0,False,SCHEDULED,1631912400,HSL:6243_20210917_La_2_1346,243,HSL:6170228,Lamminpääntie
50400,50400,0,50400,50400,0,False,SCHEDULED,1631912400,HSL:7280_20210917_La_2_1357,280,HSL:6170228,Lamminpääntie
52740,52740,0,52740,52740,0,False,SCHEDULED,1631912400,HSL:7280_20210917_La_2_1433,280,HSL:6170228,Lamminpääntie
45840,45745,-95,45840,45745,-95,True,UPDATED,1631912400,HSL:1036_20210917_La_1_1200,36,HSL:1334189,Maljatie
47460,47460,0,47460,47460,0,False,SCHEDULED,1631912400,HSL:1036_20210917_La_2_1300,36,HSL:1334189,Maljatie
53040,53040,0,53040,53040,0,False,SCHEDULED,1631912400,HSL:1036_20210917_La_1_1400,36,HSL:1334189,Maljatie
54660,54660,0,54660,54660,0,False,SCHEDULED,1631912400,HSL:1036_20210917_La_2_1500,36,HSL:1334189,Maljatie
60180,60180,0,60180,60180,0,False,SCHEDULED,1631912400,HSL:1036_20210917_La_1_1600,36,HSL:1334189,Maljatie
45720,45665,-55,45720,45667,-53,True,UPDATED,1631912400,HSL:1036_20210917_La_1_1200,36,HSL:1334188,Maljatie
47340,47340,0,47340,47340,0,False,SCHEDULED,1631912400,HSL:1036_20210917_La_2_1300,36,HSL:1334188,Maljatie
52920,52920,0,52920,52920,0,False,SCHEDULED,1631912400,HSL:1036_20210917_La_1_1400,36,HSL:1334188,Maljatie
54540,54540,0,54540,54540,0,False,SCHEDULED,1631912400,HSL:1036_20210917_La_2_1500,36,HSL:1334188,Maljatie
60060,60060,0,60060,60060,0,False,SCHEDULED,1631912400,HSL:1036_20210917_La_1_1600,36,HSL:1334188,Maljatie
45900,46396,496,45900,46396,496,True,UPDATED,1631912400,HSL:1052_20210917_La_2_1200,52,HSL:1334183,Vanhempientie
46500,46528,28,46500,46528,28,True,UPDATED,1631912400,HSL:1052_20210917_La_2_1210,52,HSL:1334183,Vanhempientie
47100,47179,79,47100,47179,79,True,UPDATED,1631912400,HSL:1052_20210917_La_2_1220,52,HSL:1334183,Vanhempientie
47700,47740,40,47700,47740,40,True,UPDATED,1631912400,HSL:1052_20210917_La_2_1230,52,HSL:1334183,Vanhempientie
48300,48300,0,48300,48300,0,False,SCHEDULED,1631912400,HSL:1052_20210917_La_2_1240,52,HSL:1334183,Vanhempientie
45900,45900,0,45900,45900,0,True,UPDATED,1631912400,HSL:1097_20210917_La_1_1234,97,HSL:1473164,Mellunmäentie
46200,46200,0,46200,46200,0,False,SCHEDULED,1631912400,HSL:9842_20210917_La_1_1240,842,HSL:1473164,Mellunmäentie
46740,46740,0,46740,46740,0,False,SCHEDULED,1631912400,HSL:1097V_20210917_La_1_1244,97V,HSL:1473164,Mellunmäentie
46740,46740,0,46740,46740,0,False,SCHEDULED,1631912400,HSL:1831_20210917_La_1_1250,831,HSL:1473164,Mellunmäentie
47400,47400,0,47400,47400,0,False,SCHEDULED,1631912400,HSL:9843_20210917_La_1_1300,843,HSL:1473164,Mellunmäentie
45420,45420,0,45420,45427,7,True,UPDATED,1631912400,HSL:9841_20210917_La_2_1205,841,HSL:1473165,Mellunmäentie
45900,45900,0,45900,45900,0,False,SCHEDULED,1631912400,HSL:1097V_20210917_La_2_1240,97V,HSL:1473165,Mellunmäentie
46380,46383,3,46380,46383,3,True,UPDATED,1631912400,HSL:9842_20210917_La_2_1226,842,HSL:1473165,Mellunmäentie
46920,46920,0,46920,46920,0,False,SCHEDULED,1631912400,HSL:1097_20210917_La_2_1256,97,HSL:1473165,Mellunmäentie
47700,47700,0,47700,47700,0,False,SCHEDULED,1631912400,HSL:1097V_20210917_La_2_1310,97V,HSL:1473165,Mellunmäentie
46200,46200,0,46200,46200,0,False,SCHEDULED,1631912400,HSL:1055_20210917_La_1_1250,55,HSL:1020182,Rautatientori
47100,47100,0,47100,47100,0,False,SCHEDULED,1631912400,HSL:1055_20210917_La_1_1305,55,HSL:1020182,Rautatientori
48000,48000,0,48000,48000,0,False,SCHEDULED,1631912400,HSL:1055_20210917_La_1_1320,55,HSL:1020182,Rautatientori
48900,48900,0,48900,48900,0,False,SCHEDULED,1631912400,HSL:1055_20210917_La_1_1335,55,HSL:1020182,Rautatientori
49800,49800,0,49800,49800,0,False,SCHEDULED,1631912400,HSL:1055_20210917_La_1_1350,55,HSL:1020182,Rautatientori
94800,94800,0,94860,94860,0,False,SCHEDULED,1631912400,HSL:1023N_20210917_La_2_2603,23N,HSL:1020175,Rautatientori
96000,96000,0,96060,96060,0,False,SCHEDULED,1631912400,HSL:1023N_20210917_La_2_2623,23N,HSL:1020175,Rautatientori
97200,97200,0,97260,97260,0,False,SCHEDULED,1631912400,HSL:1023N_20210917_La_2_2643,23N,HSL:1020175,Rautatientori
98400,98400,0,98460,98460,0,False,SCHEDULED,1631912400,HSL:1023N_20210917_La_2_2703,23N,HSL:1020175,Rautatientori
99600,99600,0,99660,99660,0,False,SCHEDULED,1631912400,HSL:1023N_20210917_La_2_2723,23N,HSL:1020175,Rautatientori
46980,46980,0,46980,46980,0,False,SCHEDULED,1631912400,HSL:7280_20210917_La_2_1303,280,HSL:6170216,Takkumäki
50220,50220,0,50220,50220,0,False,SCHEDULED,1631912400,HSL:7280_20210917_La_2_1357,280,HSL:6170216,Takkumäki
52380,52380,0,52380,52380,0,False,SCHEDULED,1631912400,HSL:7280_20210917_La_2_1433,280,HSL:6170216,Takkumäki
55980,55980,0,55980,55980,0,False,SCHEDULED,1631912400,HSL:7280_20210917_La_2_1533,280,HSL:6170216,Takkumäki
58020,58020,0,58020,58020,0,False,SCHEDULED,1631912400,HSL:7280_20210917_La_2_1607,280,HSL:6170216,Takkumäki
46020,46020,0,46020,46020,0,False,SCHEDULED,1631912400,HSL:7280_20210917_La_1_1208,280,HSL:6170215,Alitalontie
48720,48720,0,48720,48720,0,False,SCHEDULED,1631912400,HSL:7280_20210917_La_1_1255,280,HSL:6170215,Alitalontie
52320,52320,0,52320,52320,0,False,SCHEDULED,1631912400,HSL:7280_20210917_La_1_1355,280,HSL:6170215,Alitalontie
55620,55620,0,55620,55620,0,False,SCHEDULED,1631912400,HSL:7280_20210917_La_1_1448,280,HSL:6170215,Alitalontie
55920,55920,0,55920,55920,0,False,SCHEDULED,1631912400,HSL:7280_20210917_La_1_1455,280,HSL:6170215,Alitalontie
47040,47040,0,47040,47040,0,False,SCHEDULED,1631912400,HSL:7280_20210917_La_2_1303,280,HSL:6170214,Alitalontie
50280,50280,0,50280,50280,0,False,SCHEDULED,1631912400,HSL:7280_20210917_La_2_1357,280,HSL:6170214,Alitalontie
52440,52440,0,52440,52440,0,False,SCHEDULED,1631912400,HSL:7280_20210917_La_2_1433,280,HSL:6170214,Alitalontie
56040,56040,0,56040,56040,0,False,SCHEDULED,1631912400,HSL:7280_20210917_La_2_1533,280,HSL:6170214,Alitalontie
58080,58080,0,58080,58080,0,False,SCHEDULED,1631912400,HSL:7280_20210917_La_2_1607,280,HSL:6170214,Alitalontie
45960,45960,0,45960,45960,0,False,SCHEDULED,1631912400,HSL:7280_20210917_La_1_1208,280,HSL:6170213,Päivärinteentie
48660,48660,0,48660,48660,0,False,SCHEDULED,1631912400,HSL:7280_20210917_La_1_1255,280,HSL:6170213,Päivärinteentie
52260,52260,0,52260,52260,0,False,SCHEDULED,1631912400,HSL:7280_20210917_La_1_1355,280,HSL:6170213,Päivärinteentie
55560,55560,0,55560,55560,0,False,SCHEDULED,1631912400,HSL:7280_20210917_La_1_1448,280,HSL:6170213,Päivärinteentie
55860,55860,0,55860,55860,0,False,SCHEDULED,1631912400,HSL:7280_20210917_La_1_1455,280,HSL:6170213,Päivärinteentie
46020,46020,0,46020,46020,0,False,SCHEDULED,1631912400,HSL:7280_20210917_La_1_1208,280,HSL:6170217,Takkumäki
48720,48720,0,48720,48720,0,False,SCHEDULED,1631912400,HSL:7280_20210917_La_1_1255,280,HSL:6170217,Takkumäki
52320,52320,0,52320,52320,0,False,SCHEDULED,1631912400,HSL:7280_20210917_La_1_1355,280,HSL:6170217,Takkumäki
55620,55620,0,55620,55620,0,False,SCHEDULED,1631912400,HSL:7280_20210917_La_1_1448,280,HSL:6170217,Takkumäki
55920,55920,0,55920,55920,0,False,SCHEDULED,1631912400,HSL:7280_20210917_La_1_1455,280,HSL:6170217,Takkumäki
45840,45871,31,45840,45871,31,True,UPDATED,1631912400,HSL:1506_20210917_La_2_1234,506,HSL:1171134,Eläintarha
47040,47040,0,47040,47040,0,False,SCHEDULED,1631912400,HSL:1506_20210917_La_2_1253,506,HSL:1171134,Eläintarha
48240,48240,0,48240,48240,0,False,SCHEDULED,1631912400,HSL:1506_20210917_La_2_1313,506,HSL:1171134,Eläintarha
49440,49440,0,49440,49440,0,False,SCHEDULED,1631912400,HSL:1506_20210917_La_2_1333,506,HSL:1171134,Eläintarha
50640,50640,0,50640,50640,0,False,SCHEDULED,1631912400,HSL:1506_20210917_La_2_1353,506,HSL:1171134,Eläintarha
45780,46153,373,45780,46161,381,True,UPDATED,1631912400,HSL:1069_20210917_La_2_1142,69,HSL:1171135,Eläintarha
46320,46299,-21,46320,46301,-19,True,UPDATED,1631912400,HSL:1506_20210917_La_1_1210,506,HSL:1171135,Eläintarha
46680,46680,0,46680,46680,0,False,SCHEDULED,1631912400,HSL:7848_20210917_La_2_1205,848,HSL:1171135,Eläintarha
46980,47008,28,46980,47021,41,True,UPDATED,1631912400,HSL:1069_20210917_La_2_1202,69,HSL:1171135,Eläintarha
47520,47518,-2,47520,47518,-2,True,UPDATED,1631912400,HSL:1506_20210917_La_1_1230,506,HSL:1171135,Eläintarha
48960,48960,0,48960,48960,0,False,SCHEDULED,1631912400,HSL:9978K_20210917_La_1_1333,978K,HSL:9218203,Bastukärr
52560,52560,0,52560,52560,0,False,SCHEDULED,1631912400,HSL:9978K_20210917_La_1_1433,978K,HSL:9218203,Bastukärr
57960,57960,0,57960,57960,0,False,SCHEDULED,1631912400,HSL:9978K_20210917_La_1_1603,978K,HSL:9218203,Bastukärr
70620,70620,0,70620,70620,0,False,SCHEDULED,1631912400,HSL:9978K_20210917_La_1_1934,978K,HSL:9218203,Bastukärr
74160,74160,0,74160,74160,0,False,SCHEDULED,1631912400,HSL:9978K_20210917_La_1_2033,978K,HSL:9218203,Bastukärr
45540,45449,-91,45540,45449,-91,True,UPDATED,1631912400,HSL:1052_20210917_La_2_1150,52,HSL:1334192,Taidemaalarinkatu
45660,45709,49,45660,45726,66,True,UPDATED,1631912400,HSL:4560_20210917_La_1_1146,560,HSL:1334192,Taidemaalarinkatu
46260,46248,-12,46260,46252,-8,True,UPDATED,1631912400,HSL:4560_20210917_La_1_1156,560,HSL:1334192,Taidemaalarinkatu
46140,46636,496,46140,46636,496,True,UPDATED,1631912400,HSL:1052_20210917_La_2_1200,52,HSL:1334192,Taidemaalarinkatu
46740,46768,28,46740,46768,28,True,UPDATED,1631912400,HSL:1052_20210917_La_2_1210,52,HSL:1334192,Taidemaalarinkatu
45360,45449,89,45360,45479,119,True,UPDATED,1631912400,HSL:3002P_20210917_La_1_1218,P,HSL:4150552,Louhela
45960,46011,51,45960,46041,81,True,UPDATED,1631912400,HSL:3002P_20210917_La_1_1228,P,HSL:4150552,Louhela
46560,46560,0,46560,46560,0,False,SCHEDULED,1631912400,HSL:3002P_20210917_La_1_1238,P,HSL:4150552,Louhela
47160,47160,0,47160,47160,0,False,SCHEDULED,1631912400,HSL:3002P_20210917_La_1_1248,P,HSL:4150552,Louhela
47760,47760,0,47760,47760,0,False,SCHEDULED,1631912400,HSL:3002P_20210917_La_1_1258,P,HSL:4150552,Louhela
45780,45874,94,45780,45905,125,True,UPDATED,1631912400,HSL:9985_20210917_La_1_1228,985,HSL:9218209,Kostamo
49800,49800,0,49800,49800,0,False,SCHEDULED,1631912400,HSL:9985_20210917_La_1_1335,985,HSL:9218209,Kostamo
53400,53400,0,53400,53400,0,False,SCHEDULED,1631912400,HSL:9985_20210917_La_1_1435,985,HSL:9218209,Kostamo
57000,57000,0,57000,57000,0,False,SCHEDULED,1631912400,HSL:9985_20210917_La_1_1535,985,HSL:9218209,Kostamo
60600,60600,0,60600,60600,0,False,SCHEDULED,1631912400,HSL:9985_20210917_La_1_1635,985,HSL:9218209,Kostamo
45360,45360,0,45360,45360,0,False,SCHEDULED,1631912400,HSL:1052_20210917_La_1_1236,52,HSL:1334191,Taidemaalarinkatu
45780,45780,0,45780,45780,0,False,SCHEDULED,1631912400,HSL:4560_20210917_La_2_1235,560,HSL:1334191,Taidemaalarinkatu
45960,45960,0,45960,45960,0,False,SCHEDULED,1631912400,HSL:1052_20210917_La_1_1246,52,HSL:1334191,Taidemaalarinkatu
46380,46380,0,46380,46380,0,False,SCHEDULED,1631912400,HSL:4560_20210917_La_2_1245,560,HSL:1334191,Taidemaalarinkatu
46560,46560,0,46560,46560,0,False,SCHEDULED,1631912400,HSL:1052_20210917_La_1_1256,52,HSL:1334191,Taidemaalarinkatu
45780,45704,-76,45780,45709,-71,True,UPDATED,1631912400,HSL:1036_20210917_La_1_1200,36,HSL:1334190,Vakkatie
47400,47400,0,47400,47400,0,False,SCHEDULED,1631912400,HSL:1036_20210917_La_2_1300,36,HSL:1334190,Vakkatie
52980,52980,0,52980,52980,0,False,SCHEDULED,1631912400,HSL:1036_20210917_La_1_1400,36,HSL:1334190,Vakkatie
54600,54600,0,54600,54600,0,False,SCHEDULED,1631912400,HSL:1036_20210917_La_2_1500,36,HSL:1334190,Vakkatie
60120,60120,0,60120,60120,0,False,SCHEDULED,1631912400,HSL:1036_20210917_La_1_1600,36,HSL:1334190,Vakkatie
45300,45376,76,45300,45376,76,True,UPDATED,1631912400,HSL:3002P_20210917_La_1_1218,P,HSL:4150551,Myyrmäki
45900,45938,38,45900,45938,38,True,UPDATED,1631912400,HSL:3002P_20210917_La_1_1228,P,HSL:4150551,Myyrmäki
46500,46500,0,46500,46500,0,False,SCHEDULED,1631912400,HSL:3002P_20210917_La_1_1238,P,HSL:4150551,Myyrmäki
47100,47100,0,47100,47100,0,False,SCHEDULED,1631912400,HSL:3002P_20210917_La_1_1248,P,HSL:4150551,Myyrmäki
47700,47700,0,47700,47700,0,False,SCHEDULED,1631912400,HSL:3002P_20210917_La_1_1258,P,HSL:4150551,Myyrmäki
85200,85200,0,85200,85200,0,False,SCHEDULED,1631912400,HSL:1021N_20210917_La_1_2340,21N,HSL:1020171,Postitalo
86760,86760,0,86760,86760,0,False,SCHEDULED,1631912400,HSL:1021N_20210917_La_2_2346,21N,HSL:1020171,Postitalo
87000,87000,0,87000,87000,0,False,SCHEDULED,1631912400,HSL:1021N_20210917_La_1_2410,21N,HSL:1020171,Postitalo
88200,88200,0,88200,88200,0,False,SCHEDULED,1631912400,HSL:1021N_20210917_La_2_2410,21N,HSL:1020171,Postitalo
88800,88800,0,88800,88800,0,False,SCHEDULED,1631912400,HSL:1021N_20210917_La_1_2440,21N,HSL:1020171,Postitalo
45480,45429,-51,45480,45461,-19,True,UPDATED,1631912400,HSL:6243_20210917_La_1_1210,243,HSL:6170205,Tuulensuunraitti
49080,49080,0,49080,49080,0,False,SCHEDULED,1631912400,HSL:6243_20210917_La_1_1310,243,HSL:6170205,Tuulensuunraitti
52680,52680,0,52680,52680,0,False,SCHEDULED,1631912400,HSL:6243_20210917_La_1_1410,243,HSL:6170205,Tuulensuunraitti
56280,56280,0,56280,56280,0,False,SCHEDULED,1631912400,HSL:6243_20210917_La_1_1510,243,HSL:6170205,Tuulensuunraitti
59880,59880,0,59880,59880,0,False,SCHEDULED,1631912400,HSL:6243_20210917_La_1_1610,243,HSL:6170205,Tuulensuunraitti
46320,46320,0,46320,46320,0,False,SCHEDULED,1631912400,HSL:6243_20210917_La_2_1246,243,HSL:6170204,Tuulensuunraitti
49920,49920,0,49920,49920,0,False,SCHEDULED,1631912400,HSL:6243_20210917_La_2_1346,243,HSL:6170204,Tuulensuunraitti
53520,53520,0,53520,53520,0,False,SCHEDULED,1631912400,HSL:6243_20210917_La_2_1446,243,HSL:6170204,Tuulensuunraitti
57120,57120,0,57120,57120,0,False,SCHEDULED,1631912400,HSL:6243_20210917_La_2_1546,243,HSL:6170204,Tuulensuunraitti
60720,60720,0,60720,60720,0,False,SCHEDULED,1631912400,HSL:6243_20210917_La_2_1646,243,HSL:6170204,Tuulensuunraitti
45420,45386,-34,45420,45387,-33,True,UPDATED,1631912400,HSL:6243_20210917_La_1_1210,243,HSL:6170203,Teollisuustie
49020,49020,0,49020,49020,0,False,SCHEDULED,1631912400,HSL:6243_20210917_La_1_1310,243,HSL:6170203,Teollisuustie
52620,52620,0,52620,52620,0,False,SCHEDULED,1631912400,HSL:6243_20210917_La_1_1410,243,HSL:6170203,Teollisuustie
56220,56220,0,56220,56220,0,False,SCHEDULED,1631912400,HSL:6243_20210917_La_1_1510,243,HSL:6170203,Teollisuustie
59820,59820,0,59820,59820,0,False,SCHEDULED,1631912400,HSL:6243_20210917_La_1_1610,243,HSL:6170203,Teollisuustie
46380,46380,0,46380,46380,0,False,SCHEDULED,1631912400,HSL:6243_20210917_La_2_1246,243,HSL:6170202,Teollisuustie
49980,49980,0,49980,49980,0,False,SCHEDULED,1631912400,HSL:6243_20210917_La_2_1346,243,HSL:6170202,Teollisuustie
53580,53580,0,53580,53580,0,False,SCHEDULED,1631912400,HSL:6243_20210917_La_2_1446,243,HSL:6170202,Teollisuustie
57180,57180,0,57180,57180,0,False,SCHEDULED,1631912400,HSL:6243_20210917_La_2_1546,243,HSL:6170202,Teollisuustie
60780,60780,0,60780,60780,0,False,SCHEDULED,1631912400,HSL:6243_20210917_La_2_1646,243,HSL:6170202,Teollisuustie
45960,45960,0,45960,45960,0,False,SCHEDULED,1631912400,HSL:7280_20210917_La_1_1208,280,HSL:6170209,Puronsuuntie
48660,48660,0,48660,48660,0,False,SCHEDULED,1631912400,HSL:7280_20210917_La_1_1255,280,HSL:6170209,Puronsuuntie
52260,52260,0,52260,52260,0,False,SCHEDULED,1631912400,HSL:7280_20210917_La_1_1355,280,HSL:6170209,Puronsuuntie
55560,55560,0,55560,55560,0,False,SCHEDULED,1631912400,HSL:7280_20210917_La_1_1448,280,HSL:6170209,Puronsuuntie
55860,55860,0,55860,55860,0,False,SCHEDULED,1631912400,HSL:7280_20210917_La_1_1455,280,HSL:6170209,Puronsuuntie
46140,46140,0,46140,46140,0,False,SCHEDULED,1631912400,HSL:6243_20210917_La_2_1246,243,HSL:6170208,Puronsuuntie
47220,47220,0,47220,47220,0,False,SCHEDULED,1631912400,HSL:7280_20210917_La_2_1303,280,HSL:6170208,Puronsuuntie
49740,49740,0,49740,49740,0,False,SCHEDULED,1631912400,HSL:6243_20210917_La_2_1346,243,HSL:6170208,Puronsuuntie
50340,50340,0,50340,50340,0,False,SCHEDULED,1631912400,HSL:7280_20210917_La_2_1357,280,HSL:6170208,Puronsuuntie
52620,52620,0,52620,52620,0,False,SCHEDULED,1631912400,HSL:7280_20210917_La_2_1433,280,HSL:6170208,Puronsuuntie
45540,45543,3,45540,45547,7,True,UPDATED,1631912400,HSL:6243_20210917_La_1_1210,243,HSL:6170207,Veikkola
45900,45900,0,45900,45900,0,False,SCHEDULED,1631912400,HSL:7280_20210917_La_1_1208,280,HSL:6170207,Veikkola
48600,48600,0,48600,48600,0,False,SCHEDULED,1631912400,HSL:7280_20210917_La_1_1255,280,HSL:6170207,Veikkola
49140,49140,0,49140,49140,0,False,SCHEDULED,1631912400,HSL:6243_20210917_La_1_1310,243,HSL:6170207,Veikkola
52200,52200,0,52200,52200,0,False,SCHEDULED,1631912400,HSL:7280_20210917_La_1_1355,280,HSL:6170207,Veikkola
46260,46260,0,46260,46260,0,False,SCHEDULED,1631912400,HSL:6243_20210917_La_2_1246,243,HSL:6170206,Veikkola
47400,47400,0,47400,47400,0,False,SCHEDULED,1631912400,HSL:7280_20210917_La_2_1303,280,HSL:6170206,Veikkola
49860,49860,0,49860,49860,0,False,SCHEDULED,1631912400,HSL:6243_20210917_La_2_1346,243,HSL:6170206,Veikkola
50400,50400,0,50400,50400,0,False,SCHEDULED,1631912400,HSL:7280_20210917_La_2_1357,280,HSL:6170206,Veikkola
52800,52800,0,52800,52800,0,False,SCHEDULED,1631912400,HSL:7280_20210917_La_2_1433,280,HSL:6170206,Veikkola
47100,47100,0,47100,47100,0,False,SCHEDULED,1631912400,HSL:7280_20210917_La_2_1303,280,HSL:6170212,Päivärinteentie
50280,50280,0,50280,50280,0,False,SCHEDULED,1631912400,HSL:7280_20210917_La_2_1357,280,HSL:6170212,Päivärinteentie
52500,52500,0,52500,52500,0,False,SCHEDULED,1631912400,HSL:7280_20210917_La_2_1433,280,HSL:6170212,Päivärinteentie
56100,56100,0,56100,56100,0,False,SCHEDULED,1631912400,HSL:7280_20210917_La_2_1533,280,HSL:6170212,Päivärinteentie
58080,58080,0,58080,58080,0,False,SCHEDULED,1631912400,HSL:7280_20210917_La_2_1607,280,HSL:6170212,Päivärinteentie
45960,45960,0,45960,45960,0,False,SCHEDULED,1631912400,HSL:7280_20210917_La_1_1208,280,HSL:6170211,Palopolku
48660,48660,0,48660,48660,0,False,SCHEDULED,1631912400,HSL:7280_20210917_La_1_1255,280,HSL:6170211,Palopolku
52260,52260,0,52260,52260,0,False,SCHEDULED,1631912400,HSL:7280_20210917_La_1_1355,280,HSL:6170211,Palopolku
55560,55560,0,55560,55560,0,False,SCHEDULED,1631912400,HSL:7280_20210917_La_1_1448,280,HSL:6170211,Palopolku
55860,55860,0,55860,55860,0,False,SCHEDULED,1631912400,HSL:7280_20210917_La_1_1455,280,HSL:6170211,Palopolku
46140,46140,0,46140,46140,0,False,SCHEDULED,1631912400,HSL:6243_20210917_La_2_1246,243,HSL:6170210,Palopolku
47220,47220,0,47220,47220,0,False,SCHEDULED,1631912400,HSL:7280_20210917_La_2_1303,280,HSL:6170210,Palopolku
49740,49740,0,49740,49740,0,False,SCHEDULED,1631912400,HSL:6243_20210917_La_2_1346,243,HSL:6170210,Palopolku
50340,50340,0,50340,50340,0,False,SCHEDULED,1631912400,HSL:7280_20210917_La_2_1357,280,HSL:6170210,Palopolku
52620,52620,0,52620,52620,0,False,SCHEDULED,1631912400,HSL:7280_20210917_La_2_1433,280,HSL:6170210,Palopolku
45480,45428,-52,45480,45428,-52,True,UPDATED,1631912400,HSL:4615_20210917_La_1_1225,615,HSL:1220207,Mäkelänrinne
45720,45730,10,45720,45746,26,True,UPDATED,1631912400,HSL:4611_20210917_La_1_1229,611,HSL:1220207,Mäkelänrinne
46440,46440,0,46440,46440,0,False,SCHEDULED,1631912400,HSL:4614_20210917_La_1_1240,614,HSL:1220207,Mäkelänrinne
46920,46920,0,46920,46920,0,False,SCHEDULED,1631912400,HSL:4611_20210917_La_1_1249,611,HSL:1220207,Mäkelänrinne
47280,47280,0,47280,47280,0,False,SCHEDULED,1631912400,HSL:4615_20210917_La_1_1255,615,HSL:1220207,Mäkelänrinne
45540,45926,386,45540,45934,394,True,UPDATED,1631912400,HSL:1075_20210917_La_1_1228,75,HSL:1220205,Paavalinkirkko
45960,45960,0,45960,45960,0,False,SCHEDULED,1631912400,HSL:4731_20210917_La_1_1239,731,HSL:1220205,Paavalinkirkko
46020,46020,0,46020,46020,0,False,SCHEDULED,1631912400,HSL:4717_20210917_La_1_1235,717,HSL:1220205,Paavalinkirkko
46320,46320,0,46320,46320,0,False,SCHEDULED,1631912400,HSL:4711_20210917_La_1_1245,711,HSL:1220205,Paavalinkirkko
46620,46620,0,46620,46620,0,False,SCHEDULED,1631912400,HSL:4739_20210917_La_1_1245,739,HSL:1220205,Paavalinkirkko
45420,45421,1,45420,45446,26,True,UPDATED,1631912400,HSL:31M1_20210917_La_2_1215,M1,HSL:1040602,Kamppi
45660,45697,37,45660,45722,62,True,UPDATED,1631912400,HSL:31M2_20210917_La_2_1219,M2,HSL:1040602,Kamppi
45900,45874,-26,45900,45899,-1,True,UPDATED,1631912400,HSL:31M1_20210917_La_2_1222,M1,HSL:1040602,Kamppi
46140,46161,21,46140,46186,46,True,UPDATED,1631912400,HSL:31M2_20210917_La_2_1226,M2,HSL:1040602,Kamppi
46320,46347,27,46320,46372,52,True,UPDATED,1631912400,HSL:31M1_20210917_La_2_1230,M1,HSL:1040602,Kamppi
45360,45383,23,45360,45408,48,True,UPDATED,1631912400,HSL:31M2_20210917_La_1_1223,M2,HSL:1040601,Kamppi
45600,45611,11,45600,45636,36,True,UPDATED,1631912400,HSL:31M1_20210917_La_1_1221,M1,HSL:1040601,Kamppi
45840,45839,-1,45840,45864,24,True,UPDATED,1631912400,HSL:31M2_20210917_La_1_1231,M2,HSL:1040601,Kamppi
46080,46060,-20,46080,46085,5,True,UPDATED,1631912400,HSL:31M1_20210917_La_1_1229,M1,HSL:1040601,Kamppi
46260,46107,-153,46260,46132,-128,True,UPDATED,1631912400,HSL:31M2_20210917_La_1_1238,M2,HSL:1040601,Kamppi
45360,45365,5,45360,45366,6,True,UPDATED,1631912400,HSL:6243_20210917_La_1_1210,243,HSL:6170201,Haapapurontie
48960,48960,0,48960,48960,0,False,SCHEDULED,1631912400,HSL:6243_20210917_La_1_1310,243,HSL:6170201,Haapapurontie
52560,52560,0,52560,52560,0,False,SCHEDULED,1631912400,HSL:6243_20210917_La_1_1410,243,HSL:6170201,Haapapurontie
56160,56160,0,56160,56160,0,False,SCHEDULED,1631912400,HSL:6243_20210917_La_1_1510,243,HSL:6170201,Haapapurontie
59760,59760,0,59760,59760,0,False,SCHEDULED,1631912400,HSL:6243_20210917_La_1_1610,243,HSL:6170201,Haapapurontie
45300,45291,-9,45300,45314,14,True,UPDATED,1631912400,HSL:31M2_20210917_La_1_1231,M2,HSL:2222601,Keilaniemi
45480,45515,35,45480,45535,55,True,UPDATED,1631912400,HSL:31M1_20210917_La_1_1229,M1,HSL:2222601,Keilaniemi
45720,45562,-158,45720,45582,-138,True,UPDATED,1631912400,HSL:31M2_20210917_La_1_1238,M2,HSL:2222601,Keilaniemi
45960,45844,-116,45960,45864,-96,True,UPDATED,1631912400,HSL:31M1_20210917_La_1_1236,M1,HSL:2222601,Keilaniemi
46200,46185,-15,46200,46205,5,True,UPDATED,1631912400,HSL:31M2_20210917_La_1_1246,M2,HSL:2222601,Keilaniemi
45420,45443,23,45420,45463,43,True,UPDATED,1631912400,HSL:31M2_20210917_La_2_1204,M2,HSL:2222604,Aalto-yliopisto
45600,45617,17,45600,45637,37,True,UPDATED,1631912400,HSL:31M1_20210917_La_2_1207,M1,HSL:2222604,Aalto-yliopisto
45840,45877,37,45840,45897,57,True,UPDATED,1631912400,HSL:31M2_20210917_La_2_1211,M2,HSL:2222604,Aalto-yliopisto
46080,46061,-19,46080,46081,1,True,UPDATED,1631912400,HSL:31M1_20210917_La_2_1215,M1,HSL:2222604,Aalto-yliopisto
46320,46337,17,46320,46357,37,True,UPDATED,1631912400,HSL:31M2_20210917_La_2_1219,M2,HSL:2222604,Aalto-yliopisto
45300,45333,33,45300,45353,53,True,UPDATED,1631912400,HSL:31M2_20210917_La_2_1204,M2,HSL:2222602,Keilaniemi
45480,45507,27,45480,45527,47,True,UPDATED,1631912400,HSL:31M1_20210917_La_2_1207,M1,HSL:2222602,Keilaniemi
45720,45767,47,45720,45787,67,True,UPDATED,1631912400,HSL:31M2_20210917_La_2_1211,M2,HSL:2222602,Keilaniemi
45960,45951,-9,45960,45971,11,True,UPDATED,1631912400,HSL:31M1_20210917_La_2_1215,M1,HSL:2222602,Keilaniemi
46200,46227,27,46200,46247,47,True,UPDATED,1631912400,HSL:31M2_20210917_La_2_1219,M2,HSL:2222602,Keilaniemi
45360,45395,35,45360,45415,55,True,UPDATED,1631912400,HSL:31M1_20210917_La_1_1229,M1,HSL:2222603,Aalto-yliopisto
45600,45442,-158,45600,45462,-138,True,UPDATED,1631912400,HSL:31M2_20210917_La_1_1238,M2,HSL:2222603,Aalto-yliopisto
45840,45724,-116,45840,45744,-96,True,UPDATED,1631912400,HSL:31M1_20210917_La_1_1236,M1,HSL:2222603,Aalto-yliopisto
46080,46065,-15,46080,46085,5,True,UPDATED,1631912400,HSL:31M2_20210917_La_1_1246,M2,HSL:2222603,Aalto-yliopisto
46260,46353,93,46260,46373,113,True,UPDATED,1631912400,HSL:31M1_20210917_La_1_1244,M1,HSL:2222603,Aalto-yliopisto
45480,45714,234,45480,45721,241,True,UPDATED,1631912400,HSL:1059_20210917_La_1_1216,59,HSL:1171180,Ilmalantori
46080,46212,132,46080,46218,138,True,UPDATED,1631912400,HSL:1023_20210917_La_1_1223,23,HSL:1171180,Ilmalantori
46380,46496,116,46380,46502,122,True,UPDATED,1631912400,HSL:1059_20210917_La_1_1231,59,HSL:1171180,Ilmalantori
47280,47280,0,47280,47280,0,False,SCHEDULED,1631912400,HSL:1059_20210917_La_1_1246,59,HSL:1171180,Ilmalantori
47280,47280,0,47280,47280,0,False,SCHEDULED,1631912400,HSL:1023_20210917_La_1_1243,23,HSL:1171180,Ilmalantori
45600,45627,27,45600,45627,27,True,UPDATED,1631912400,HSL:3001I_20210917_La_1_1156,I,HSL:4150501,Myyrmäki
46200,46304,104,46200,46304,104,True,UPDATED,1631912400,HSL:3001I_20210917_La_1_1206,I,HSL:4150501,Myyrmäki
46800,46819,19,46800,46819,19,True,UPDATED,1631912400,HSL:3001I_20210917_La_1_1216,I,HSL:4150501,Myyrmäki
47400,47456,56,47400,47456,56,True,UPDATED,1631912400,HSL:3001I_20210917_La_1_1226,I,HSL:4150501,Myyrmäki
48000,48000,0,48000,48000,0,False,SCHEDULED,1631912400,HSL:3001I_20210917_La_1_1236,I,HSL:4150501,Myyrmäki
45480,45531,51,45480,45531,51,True,UPDATED,1631912400,HSL:3001I_20210917_La_1_1156,I,HSL:4150502,Louhela
46080,46208,128,46080,46208,128,True,UPDATED,1631912400,HSL:3001I_20210917_La_1_1206,I,HSL:4150502,Louhela
46680,46723,43,46680,46723,43,True,UPDATED,1631912400,HSL:3001I_20210917_La_1_1216,I,HSL:4150502,Louhela
47280,47360,80,47280,47360,80,True,UPDATED,1631912400,HSL:3001I_20210917_La_1_1226,I,HSL:4150502,Louhela
47880,47880,0,47880,47880,0,False,SCHEDULED,1631912400,HSL:3001I_20210917_La_1_1236,I,HSL:4150502,Louhela
45240,45332,92,45240,45345,105,True,UPDATED,1631912400,HSL:2145_20210917_La_1_1222,145,HSL:2411223,Koulumäki
47040,47040,0,47040,47040,0,False,SCHEDULED,1631912400,HSL:2145_20210917_La_1_1252,145,HSL:2411223,Koulumäki
48840,48840,0,48840,48840,0,False,SCHEDULED,1631912400,HSL:2145_20210917_La_1_1322,145,HSL:2411223,Koulumäki
50640,50640,0,50640,50640,0,False,SCHEDULED,1631912400,HSL:2145_20210917_La_1_1352,145,HSL:2411223,Koulumäki
52440,52440,0,52440,52440,0,False,SCHEDULED,1631912400,HSL:2145_20210917_La_1_1422,145,HSL:2411223,Koulumäki
45420,45423,3,45420,45427,7,True,UPDATED,1631912400,HSL:2145_20210917_La_2_1224,145,HSL:2411222,Koulumäki
47220,47220,0,47220,47220,0,False,SCHEDULED,1631912400,HSL:2145_20210917_La_2_1254,145,HSL:2411222,Koulumäki
49020,49020,0,49020,49020,0,False,SCHEDULED,1631912400,HSL:2145_20210917_La_2_1324,145,HSL:2411222,Koulumäki
50820,50820,0,50820,50820,0,False,SCHEDULED,1631912400,HSL:2145_20210917_La_2_1354,145,HSL:2411222,Koulumäki
52620,52620,0,52620,52620,0,False,SCHEDULED,1631912400,HSL:2145_20210917_La_2_1424,145,HSL:2411222,Koulumäki
45420,45469,49,45420,45471,51,True,UPDATED,1631912400,HSL:2145_20210917_La_2_1224,145,HSL:2411225,Amiraalinmäki
45960,45960,0,45960,45960,0,False,SCHEDULED,1631912400,HSL:2146_20210917_La_2_1238,146,HSL:2411225,Amiraalinmäki
46080,46080,0,46080,46080,0,False,SCHEDULED,1631912400,HSL:2124_20210917_La_2_1233,124,HSL:2411225,Amiraalinmäki
46860,46860,0,46860,46860,0,False,SCHEDULED,1631912400,HSL:2146_20210917_La_2_1253,146,HSL:2411225,Amiraalinmäki
46980,46980,0,46980,46980,0,False,SCHEDULED,1631912400,HSL:2124K_20210917_La_2_1248,124K,HSL:2411225,Amiraalinmäki
45300,45418,118,45300,45422,122,True,UPDATED,1631912400,HSL:2124_20210917_La_1_1217,124,HSL:2411224,Amiraalinmäki
45360,45522,162,45360,45526,166,True,UPDATED,1631912400,HSL:2125_20210917_La_1_1210,125,HSL:2411224,Amiraalinmäki
45600,45605,5,45600,45611,11,True,UPDATED,1631912400,HSL:2146_20210917_La_1_1231,146,HSL:2411224,Amiraalinmäki
46260,46319,59,46260,46323,63,True,UPDATED,1631912400,HSL:2124K_20210917_La_1_1232,124K,HSL:2411224,Amiraalinmäki
46500,46500,0,46500,46500,0,False,SCHEDULED,1631912400,HSL:2146_20210917_La_1_1246,146,HSL:2411224,Amiraalinmäki
45300,45390,90,45300,45396,96,True,UPDATED,1631912400,HSL:2542_20210917_La_1_1229,542,HSL:2411220,Näkinkaari
45420,45407,-13,45420,45413,-7,True,UPDATED,1631912400,HSL:2147_20210917_La_1_1223,147,HSL:2411220,Näkinkaari
45480,45754,274,45480,45754,274,True,UPDATED,1631912400,HSL:2543_20210917_La_1_1155,543,HSL:2411220,Näkinkaari
46200,46200,0,46200,46200,0,False,SCHEDULED,1631912400,HSL:2542_20210917_La_1_1244,542,HSL:2411220,Näkinkaari
46320,46320,0,46320,46320,0,False,SCHEDULED,1631912400,HSL:2147_20210917_La_1_1238,147,HSL:2411220,Näkinkaari
45540,45525,-15,45540,45546,6,True,UPDATED,1631912400,HSL:4560_20210917_La_2_1155,560,HSL:1473106,Pyhätunturintie
45720,45720,0,45720,45720,0,False,SCHEDULED,1631912400,HSL:1097V_20210917_La_2_1240,97V,HSL:1473106,Pyhätunturintie
46140,46433,293,46140,46449,309,True,UPDATED,1631912400,HSL:4560_20210917_La_2_1205,560,HSL:1473106,Pyhätunturintie
46740,46740,0,46740,46740,0,False,SCHEDULED,1631912400,HSL:1097_20210917_La_2_1256,97,HSL:1473106,Pyhätunturintie
46740,46812,72,46740,46812,72,True,UPDATED,1631912400,HSL:4560_20210917_La_2_1215,560,HSL:1473106,Pyhätunturintie
46200,46200,0,46200,46200,0,True,UPDATED,1631912400,HSL:1097_20210917_La_1_1234,97,HSL:1473107,Siltapolku
47040,47040,0,47040,47040,0,False,SCHEDULED,1631912400,HSL:1097V_20210917_La_1_1244,97V,HSL:1473107,Siltapolku
48000,48000,0,48000,48000,0,False,SCHEDULED,1631912400,HSL:1097_20210917_La_1_1304,97,HSL:1473107,Siltapolku
48900,48900,0,48900,48900,0,False,SCHEDULED,1631912400,HSL:1097V_20210917_La_1_1314,97V,HSL:1473107,Siltapolku
49800,49800,0,49800,49800,0,False,SCHEDULED,1631912400,HSL:1097_20210917_La_1_1334,97,HSL:1473107,Siltapolku
45660,45660,0,45660,45660,0,False,SCHEDULED,1631912400,HSL:1097V_20210917_La_2_1240,97V,HSL:1473108,Siltapolku
46680,46680,0,46680,46680,0,False,SCHEDULED,1631912400,HSL:1097_20210917_La_2_1256,97,HSL:1473108,Siltapolku
47460,47460,0,47460,47460,0,False,SCHEDULED,1631912400,HSL:1097V_20210917_La_2_1310,97V,HSL:1473108,Siltapolku
48480,48480,0,48480,48480,0,False,SCHEDULED,1631912400,HSL:1097_20210917_La_2_1326,97,HSL:1473108,Siltapolku
49260,49260,0,49260,49260,0,False,SCHEDULED,1631912400,HSL:1097V_20210917_La_2_1340,97V,HSL:1473108,Siltapolku
45420,45420,0,45480,45480,0,False,SCHEDULED,1631912400,HSL:4560_20210917_La_1_1216,560,HSL:1473109,Mellunmäki (M)
46020,46020,0,46080,46080,0,True,UPDATED,1631912400,HSL:4560_20210917_La_1_1226,560,HSL:1473109,Mellunmäki (M)
46620,46620,0,46680,46680,0,False,SCHEDULED,1631912400,HSL:4560_20210917_La_1_1236,560,HSL:1473109,Mellunmäki (M)
47220,47220,0,47280,47280,0,False,SCHEDULED,1631912400,HSL:4560_20210917_La_1_1246,560,HSL:1473109,Mellunmäki (M)
47820,47820,0,47880,47880,0,False,SCHEDULED,1631912400,HSL:4560_20210917_La_1_1256,560,HSL:1473109,Mellunmäki (M)
45840,45840,0,45840,45840,0,False,SCHEDULED,1631912400,HSL:1097V_20210917_La_2_1240,97V,HSL:1473102,Kaunispääntie
46860,46860,0,46860,46860,0,False,SCHEDULED,1631912400,HSL:1097_20210917_La_2_1256,97,HSL:1473102,Kaunispääntie
47640,47640,0,47640,47640,0,False,SCHEDULED,1631912400,HSL:1097V_20210917_La_2_1310,97V,HSL:1473102,Kaunispääntie
48660,48660,0,48660,48660,0,False,SCHEDULED,1631912400,HSL:1097_20210917_La_2_1326,97,HSL:1473102,Kaunispääntie
49440,49440,0,49440,49440,0,False,SCHEDULED,1631912400,HSL:1097V_20210917_La_2_1340,97V,HSL:1473102,Kaunispääntie
46080,46080,0,46080,46080,0,True,UPDATED,1631912400,HSL:1097_20210917_La_1_1234,97,HSL:1473103,Saanatunturintie
46920,46920,0,46920,46920,0,False,SCHEDULED,1631912400,HSL:1097V_20210917_La_1_1244,97V,HSL:1473103,Saanatunturintie
47880,47880,0,47880,47880,0,False,SCHEDULED,1631912400,HSL:1097_20210917_La_1_1304,97,HSL:1473103,Saanatunturintie
48780,48780,0,48780,48780,0,False,SCHEDULED,1631912400,HSL:1097V_20210917_La_1_1314,97V,HSL:1473103,Saanatunturintie
49680,49680,0,49680,49680,0,False,SCHEDULED,1631912400,HSL:1097_20210917_La_1_1334,97,HSL:1473103,Saanatunturintie
45780,45780,0,45780,45780,0,False,SCHEDULED,1631912400,HSL:1097V_20210917_La_2_1240,97V,HSL:1473104,Saanatunturintie
46800,46800,0,46800,46800,0,False,SCHEDULED,1631912400,HSL:1097_20210917_La_2_1256,97,HSL:1473104,Saanatunturintie
47580,47580,0,47580,47580,0,False,SCHEDULED,1631912400,HSL:1097V_20210917_La_2_1310,97V,HSL:1473104,Saanatunturintie
48600,48600,0,48600,48600,0,False,SCHEDULED,1631912400,HSL:1097_20210917_La_2_1326,97,HSL:1473104,Saanatunturintie
49380,49380,0,49380,49380,0,False,SCHEDULED,1631912400,HSL:1097V_20210917_La_2_1340,97V,HSL:1473104,Saanatunturintie
45360,45360,0,45360,45360,0,False,SCHEDULED,1631912400,HSL:4560_20210917_La_1_1216,560,HSL:1473105,Pyhätunturintie
45960,45879,-81,45960,45941,-19,True,UPDATED,1631912400,HSL:4560_20210917_La_1_1226,560,HSL:1473105,Pyhätunturintie
46140,46140,0,46140,46140,0,True,UPDATED,1631912400,HSL:1097_20210917_La_1_1234,97,HSL:1473105,Pyhätunturintie
46560,46560,0,46560,46560,0,False,SCHEDULED,1631912400,HSL:4560_20210917_La_1_1236,560,HSL:1473105,Pyhätunturintie
46980,46980,0,46980,46980,0,False,SCHEDULED,1631912400,HSL:1097V_20210917_La_1_1244,97V,HSL:1473105,Pyhätunturintie
45960,45960,0,45960,45960,0,True,UPDATED,1631912400,HSL:1097_20210917_La_1_1234,97,HSL:1473101,Kaunispääntie
46800,46800,0,46800,46800,0,False,SCHEDULED,1631912400,HSL:1097V_20210917_La_1_1244,97V,HSL:1473101,Kaunispääntie
47760,47760,0,47760,47760,0,False,SCHEDULED,1631912400,HSL:1097_20210917_La_1_1304,97,HSL:1473101,Kaunispääntie
48660,48660,0,48660,48660,0,False,SCHEDULED,1631912400,HSL:1097V_20210917_La_1_1314,97V,HSL:1473101,Kaunispääntie
49560,49560,0,49560,49560,0,False,SCHEDULED,1631912400,HSL:1097_20210917_La_1_1334,97,HSL:1473101,Kaunispääntie
45420,45492,72,45420,45500,80,True,UPDATED,1631912400,HSL:2124_20210917_La_1_1217,124,HSL:2411239,Espoonlahden uimah.
45480,45633,153,45480,45639,159,True,UPDATED,1631912400,HSL:2125_20210917_La_1_1210,125,HSL:2411239,Espoonlahden uimah.
45720,45706,-14,45720,45717,-3,True,UPDATED,1631912400,HSL:2146_20210917_La_1_1231,146,HSL:2411239,Espoonlahden uimah.
46380,46429,49,46380,46439,59,True,UPDATED,1631912400,HSL:2124K_20210917_La_1_1232,124K,HSL:2411239,Espoonlahden uimah.
46380,46632,252,46380,46638,258,True,UPDATED,1631912400,HSL:2125_20210917_La_1_1225,125,HSL:2411239,Espoonlahden uimah.
49860,49860,0,49860,49860,0,False,SCHEDULED,1631912400,HSL:7192V_20210917_La_2_1315,192V,HSL:1310299,Katajaharju
61200,61200,0,61200,61200,0,False,SCHEDULED,1631912400,HSL:7192V_20210917_La_2_1623,192V,HSL:1310299,Katajaharju
64260,64260,0,64260,64260,0,False,SCHEDULED,1631912400,HSL:7192V_20210917_La_2_1715,192V,HSL:1310299,Katajaharju
82260,82260,0,82260,82260,0,False,SCHEDULED,1631912400,HSL:7192V_20210917_La_2_2215,192V,HSL:1310299,Katajaharju
86820,86820,0,86820,86820,0,False,SCHEDULED,1631912400,HSL:2112N_20210917_La_2_2345,112N,HSL:1310299,Katajaharju
46560,46560,0,46560,46560,0,False,SCHEDULED,1631912400,HSL:7192V_20210917_La_1_1240,192V,HSL:2214291,Haukilahdensolmu
55020,55020,0,55020,55020,0,False,SCHEDULED,1631912400,HSL:7192T_20210917_La_1_1500,192T,HSL:2214291,Haukilahdensolmu
64200,64200,0,64200,64200,0,False,SCHEDULED,1631912400,HSL:7192V_20210917_La_1_1740,192V,HSL:2214291,Haukilahdensolmu
67980,67980,0,67980,67980,0,False,SCHEDULED,1631912400,HSL:7192T_20210917_La_1_1835,192T,HSL:2214291,Haukilahdensolmu
83820,83820,0,83820,83820,0,False,SCHEDULED,1631912400,HSL:7192V_20210917_La_1_2305,192V,HSL:2214291,Haukilahdensolmu
45360,45362,2,45420,45435,15,True,UPDATED,1631912400,HSL:1095_20210917_La_2_1227,95,HSL:1473118,Mellunmäki (M)
46260,46260,0,46320,46320,0,False,SCHEDULED,1631912400,HSL:1095_20210917_La_2_1242,95,HSL:1473118,Mellunmäki (M)
47160,47160,0,47220,47220,0,False,SCHEDULED,1631912400,HSL:1095_20210917_La_2_1257,95,HSL:1473118,Mellunmäki (M)
48060,48060,0,48120,48120,0,False,SCHEDULED,1631912400,HSL:1095_20210917_La_2_1312,95,HSL:1473118,Mellunmäki (M)
48960,48960,0,49020,49020,0,False,SCHEDULED,1631912400,HSL:1095_20210917_La_2_1327,95,HSL:1473118,Mellunmäki (M)
45720,45683,-37,45720,45706,-14,True,UPDATED,1631912400,HSL:4560_20210917_La_2_1155,560,HSL:1473119,Fallpakka
46200,46200,0,46200,46200,0,False,SCHEDULED,1631912400,HSL:9842_20210917_La_1_1240,842,HSL:1473119,Fallpakka
46320,46626,306,46320,46643,323,True,UPDATED,1631912400,HSL:4560_20210917_La_2_1205,560,HSL:1473119,Fallpakka
46740,46740,0,46740,46740,0,False,SCHEDULED,1631912400,HSL:1831_20210917_La_1_1250,831,HSL:1473119,Fallpakka
46920,46949,29,46920,46949,29,True,UPDATED,1631912400,HSL:4560_20210917_La_2_1215,560,HSL:1473119,Fallpakka
45480,45432,-48,45480,45461,-19,True,UPDATED,1631912400,HSL:4560_20210917_La_2_1155,560,HSL:1473113,Mellunmäki (M)
46080,46334,254,46080,46359,279,True,UPDATED,1631912400,HSL:4560_20210917_La_2_1205,560,HSL:1473113,Mellunmäki (M)
46680,46707,27,46680,46709,29,True,UPDATED,1631912400,HSL:4560_20210917_La_2_1215,560,HSL:1473113,Mellunmäki (M)
47280,47344,64,47280,47363,83,True,UPDATED,1631912400,HSL:4560_20210917_La_2_1225,560,HSL:1473113,Mellunmäki (M)
47940,47940,0,47940,47940,0,False,SCHEDULED,1631912400,HSL:4560_20210917_La_2_1235,560,HSL:1473113,Mellunmäki (M)
45600,45648,48,45600,45662,62,True,UPDATED,1631912400,HSL:2553K_20210917_La_1_1229,553K,HSL:1412197,Korvasienentie
46800,46800,0,46800,46800,0,False,SCHEDULED,1631912400,HSL:2553K_20210917_La_1_1249,553K,HSL:1412197,Korvasienentie
47940,47940,0,47940,47940,0,False,SCHEDULED,1631912400,HSL:2553K_20210917_La_1_1308,553K,HSL:1412197,Korvasienentie
49140,49140,0,49140,49140,0,False,SCHEDULED,1631912400,HSL:2553K_20210917_La_1_1328,553K,HSL:1412197,Korvasienentie
50340,50340,0,50340,50340,0,False,SCHEDULED,1631912400,HSL:2553K_20210917_La_1_1348,553K,HSL:1412197,Korvasienentie
45660,45660,0,45660,45660,0,False,SCHEDULED,1631912400,HSL:1097V_20210917_La_2_1240,97V,HSL:1473110,Pallaksentie
46620,46620,0,46620,46620,0,False,SCHEDULED,1631912400,HSL:1097_20210917_La_2_1256,97,HSL:1473110,Pallaksentie
47460,47460,0,47460,47460,0,False,SCHEDULED,1631912400,HSL:1097V_20210917_La_2_1310,97V,HSL:1473110,Pallaksentie
48420,48420,0,48420,48420,0,False,SCHEDULED,1631912400,HSL:1097_20210917_La_2_1326,97,HSL:1473110,Pallaksentie
49260,49260,0,49260,49260,0,False,SCHEDULED,1631912400,HSL:1097V_20210917_La_2_1340,97V,HSL:1473110,Pallaksentie
45360,45390,30,45360,45390,30,True,UPDATED,1631912400,HSL:3001I_20210917_La_1_1146,I,HSL:1294502,Pohjois-Haaga
45960,46023,63,45960,46023,63,True,UPDATED,1631912400,HSL:3001I_20210917_La_1_1156,I,HSL:1294502,Pohjois-Haaga
46560,46700,140,46560,46700,140,True,UPDATED,1631912400,HSL:3001I_20210917_La_1_1206,I,HSL:1294502,Pohjois-Haaga
47160,47215,55,47160,47215,55,True,UPDATED,1631912400,HSL:3001I_20210917_La_1_1216,I,HSL:1294502,Pohjois-Haaga
47760,47852,92,47760,47852,92,True,UPDATED,1631912400,HSL:3001I_20210917_La_1_1226,I,HSL:1294502,Pohjois-Haaga
45480,45387,-93,45480,45402,-78,True,UPDATED,1631912400,HSL:2165_20210917_La_2_1209,165,HSL:2411204,Espoonlahdenportti
45960,45960,0,45960,45960,0,False,SCHEDULED,1631912400,HSL:2125_20210917_La_2_1245,125,HSL:2411204,Espoonlahdenportti
46380,46367,-13,46380,46433,53,True,UPDATED,1631912400,HSL:2165_20210917_La_2_1224,165,HSL:2411204,Espoonlahdenportti
46860,46860,0,46860,46860,0,False,SCHEDULED,1631912400,HSL:2125_20210917_La_2_1300,125,HSL:2411204,Espoonlahdenportti
47280,47280,0,47280,47280,0,False,SCHEDULED,1631912400,HSL:2165_20210917_La_2_1239,165,HSL:2411204,Espoonlahdenportti
48480,48480,0,48480,48480,0,False,SCHEDULED,1631912400,HSL:9642_20210917_La_1_1316,642,HSL:9651317,Riihikallion portti
52080,52080,0,52080,52080,0,False,SCHEDULED,1631912400,HSL:9642_20210917_La_1_1416,642,HSL:9651317,Riihikallion portti
55680,55680,0,55680,55680,0,False,SCHEDULED,1631912400,HSL:9642_20210917_La_1_1516,642,HSL:9651317,Riihikallion portti
59280,59280,0,59280,59280,0,False,SCHEDULED,1631912400,HSL:9642_20210917_La_1_1616,642,HSL:9651317,Riihikallion portti
62880,62880,0,62880,62880,0,False,SCHEDULED,1631912400,HSL:9642_20210917_La_1_1716,642,HSL:9651317,Riihikallion portti
95460,95460,0,95460,95460,0,False,SCHEDULED,1631912400,HSL:1023N_20210917_La_2_2603,23N,HSL:1201115,Saukonpaasi
96660,96660,0,96660,96660,0,False,SCHEDULED,1631912400,HSL:1023N_20210917_La_2_2623,23N,HSL:1201115,Saukonpaasi
97860,97860,0,97860,97860,0,False,SCHEDULED,1631912400,HSL:1023N_20210917_La_2_2643,23N,HSL:1201115,Saukonpaasi
99060,99060,0,99060,99060,0,False,SCHEDULED,1631912400,HSL:1023N_20210917_La_2_2703,23N,HSL:1201115,Saukonpaasi
100260,100260,0,100260,100260,0,False,SCHEDULED,1631912400,HSL:1023N_20210917_La_2_2723,23N,HSL:1201115,Saukonpaasi
45360,45378,18,45360,45390,30,True,UPDATED,1631912400,HSL:2165_20210917_La_1_1226,165,HSL:2411201,Amiraalin puistotie
46260,46260,0,46260,46260,0,False,SCHEDULED,1631912400,HSL:2165_20210917_La_1_1241,165,HSL:2411201,Amiraalin puistotie
47160,47160,0,47160,47160,0,False,SCHEDULED,1631912400,HSL:2165_20210917_La_1_1256,165,HSL:2411201,Amiraalin puistotie
48060,48060,0,48060,48060,0,False,SCHEDULED,1631912400,HSL:2165_20210917_La_1_1311,165,HSL:2411201,Amiraalin puistotie
48960,48960,0,48960,48960,0,False,SCHEDULED,1631912400,HSL:2165_20210917_La_1_1326,165,HSL:2411201,Amiraalin puistotie
45480,45479,-1,45480,45493,13,True,UPDATED,1631912400,HSL:2165_20210917_La_1_1226,165,HSL:2411203,Espoonlahdenportti
46380,46380,0,46380,46380,0,False,SCHEDULED,1631912400,HSL:2165_20210917_La_1_1241,165,HSL:2411203,Espoonlahdenportti
47280,47280,0,47280,47280,0,False,SCHEDULED,1631912400,HSL:2165_20210917_La_1_1256,165,HSL:2411203,Espoonlahdenportti
48180,48180,0,48180,48180,0,False,SCHEDULED,1631912400,HSL:2165_20210917_La_1_1311,165,HSL:2411203,Espoonlahdenportti
49080,49080,0,49080,49080,0,False,SCHEDULED,1631912400,HSL:2165_20210917_La_1_1326,165,HSL:2411203,Espoonlahdenportti
45540,45468,-72,45540,45481,-59,True,UPDATED,1631912400,HSL:2165_20210917_La_2_1209,165,HSL:2411202,Amiraalin puistotie
46080,46080,0,46080,46080,0,False,SCHEDULED,1631912400,HSL:2125_20210917_La_2_1245,125,HSL:2411202,Amiraalin puistotie
46440,46449,9,46440,46480,40,True,UPDATED,1631912400,HSL:2165_20210917_La_2_1224,165,HSL:2411202,Amiraalin puistotie
46980,46980,0,46980,46980,0,False,SCHEDULED,1631912400,HSL:2125_20210917_La_2_1300,125,HSL:2411202,Amiraalin puistotie
47340,47340,0,47340,47340,0,False,SCHEDULED,1631912400,HSL:2165_20210917_La_2_1239,165,HSL:2411202,Amiraalin puistotie
45180,45444,264,45180,45504,324,True,UPDATED,1631912400,HSL:1025_20210917_La_1_1208,25,HSL:1461109,Pajamäki
45840,45840,0,45840,45840,0,False,SCHEDULED,1631912400,HSL:1025_20210917_La_2_1244,25,HSL:1461109,Pajamäki
46380,46446,66,46380,46446,66,True,UPDATED,1631912400,HSL:1025_20210917_La_1_1228,25,HSL:1461109,Pajamäki
47040,47040,0,47040,47040,0,False,SCHEDULED,1631912400,HSL:1025_20210917_La_2_1304,25,HSL:1461109,Pajamäki
47580,47580,0,47580,47580,0,False,SCHEDULED,1631912400,HSL:1025_20210917_La_1_1248,25,HSL:1461109,Pajamäki
46260,46323,63,46260,46713,453,True,UPDATED,1631912400,HSL:2201_20210917_La_1_1230,201,HSL:1461105,Pajamäki
46800,46800,0,46800,46800,0,False,SCHEDULED,1631912400,HSL:2201_20210917_La_2_1300,201,HSL:1461105,Pajamäki
49860,49860,0,49860,49860,0,False,SCHEDULED,1631912400,HSL:2201_20210917_La_1_1330,201,HSL:1461105,Pajamäki
50400,50400,0,50400,50400,0,False,SCHEDULED,1631912400,HSL:2201_20210917_La_2_1400,201,HSL:1461105,Pajamäki
53460,53460,0,53460,53460,0,False,SCHEDULED,1631912400,HSL:2201_20210917_La_1_1430,201,HSL:1461105,Pajamäki
45900,45900,0,45900,45900,0,False,SCHEDULED,1631912400,HSL:1025_20210917_La_2_1244,25,HSL:1461108,Pajamäentie
46920,46920,0,46920,46920,0,False,SCHEDULED,1631912400,HSL:2201_20210917_La_2_1300,201,HSL:1461108,Pajamäentie
47100,47100,0,47100,47100,0,False,SCHEDULED,1631912400,HSL:1025_20210917_La_2_1304,25,HSL:1461108,Pajamäentie
48300,48300,0,48300,48300,0,False,SCHEDULED,1631912400,HSL:1025_20210917_La_2_1324,25,HSL:1461108,Pajamäentie
49500,49500,0,49500,49500,0,False,SCHEDULED,1631912400,HSL:1025_20210917_La_2_1344,25,HSL:1461108,Pajamäentie
45120,45384,264,45120,45444,324,True,UPDATED,1631912400,HSL:1025_20210917_La_1_1208,25,HSL:1461107,Pajamäentie
46260,46297,37,46260,46298,38,True,UPDATED,1631912400,HSL:2201_20210917_La_1_1230,201,HSL:1461107,Pajamäentie
46320,46386,66,46320,46386,66,True,UPDATED,1631912400,HSL:1025_20210917_La_1_1228,25,HSL:1461107,Pajamäentie
47520,47520,0,47520,47520,0,False,SCHEDULED,1631912400,HSL:1025_20210917_La_1_1248,25,HSL:1461107,Pajamäentie
48720,48720,0,48720,48720,0,False,SCHEDULED,1631912400,HSL:1025_20210917_La_1_1308,25,HSL:1461107,Pajamäentie
46860,46860,0,46860,46860,0,False,SCHEDULED,1631912400,HSL:2201_20210917_La_2_1300,201,HSL:1461100,Poutamäentie
50460,50460,0,50460,50460,0,False,SCHEDULED,1631912400,HSL:2201_20210917_La_2_1400,201,HSL:1461100,Poutamäentie
54060,54060,0,54060,54060,0,False,SCHEDULED,1631912400,HSL:2201_20210917_La_2_1500,201,HSL:1461100,Poutamäentie
45600,45644,44,45600,45644,44,True,UPDATED,1631912400,HSL:1506_20210917_La_1_1230,506,HSL:1383134,Salpausselänpolku
45720,45716,-4,45720,45723,3,True,UPDATED,1631912400,HSL:1071_20210917_La_2_1232,71,HSL:1383134,Salpausselänpolku
46320,46320,0,46320,46320,0,False,SCHEDULED,1631912400,HSL:1071_20210917_La_2_1242,71,HSL:1383134,Salpausselänpolku
46800,46800,0,46800,46800,0,False,SCHEDULED,1631912400,HSL:1506_20210917_La_1_1250,506,HSL:1383134,Salpausselänpolku
46920,46920,0,46920,46920,0,False,SCHEDULED,1631912400,HSL:1071_20210917_La_2_1252,71,HSL:1383134,Salpausselänpolku
45660,45704,44,45720,45764,44,True,UPDATED,1631912400,HSL:1506_20210917_La_1_1230,506,HSL:1383136,Pihlajiston ostosk.
45780,45759,-21,45840,45866,26,True,UPDATED,1631912400,HSL:1071_20210917_La_2_1232,71,HSL:1383136,Pihlajiston ostosk.
46380,46380,0,46440,46440,0,False,SCHEDULED,1631912400,HSL:1071_20210917_La_2_1242,71,HSL:1383136,Pihlajiston ostosk.
46860,46860,0,46920,46920,0,False,SCHEDULED,1631912400,HSL:1506_20210917_La_1_1250,506,HSL:1383136,Pihlajiston ostosk.
46980,46980,0,47040,47040,0,False,SCHEDULED,1631912400,HSL:1071_20210917_La_2_1252,71,HSL:1383136,Pihlajiston ostosk.
45240,45295,55,45240,45319,79,True,UPDATED,1631912400,HSL:31M1_20210917_La_1_1206,M1,HSL:1420601,Kulosaari
45480,45520,40,45480,45540,60,True,UPDATED,1631912400,HSL:31M2_20210917_La_1_1216,M2,HSL:1420601,Kulosaari
45720,45743,23,45720,45763,43,True,UPDATED,1631912400,HSL:31M1_20210917_La_1_1214,M1,HSL:1420601,Kulosaari
45960,45950,-10,45960,45970,10,True,UPDATED,1631912400,HSL:31M2_20210917_La_1_1223,M2,HSL:1420601,Kulosaari
46140,46181,41,46140,46201,61,True,UPDATED,1631912400,HSL:31M1_20210917_La_1_1221,M1,HSL:1420601,Kulosaari
45300,45375,75,45300,45379,79,True,UPDATED,1631912400,HSL:1071_20210917_La_1_1208,71,HSL:1383135,Salpausselänpolku
45180,45633,453,45180,45633,453,True,UPDATED,1631912400,HSL:1506_20210917_La_2_1154,506,HSL:1383135,Salpausselänpolku
45900,45857,-43,45900,45857,-43,True,UPDATED,1631912400,HSL:1071_20210917_La_1_1218,71,HSL:1383135,Salpausselänpolku
46500,46600,100,46500,46600,100,True,UPDATED,1631912400,HSL:1071_20210917_La_1_1228,71,HSL:1383135,Salpausselänpolku
46380,46719,339,46380,46719,339,True,UPDATED,1631912400,HSL:1506_20210917_La_2_1214,506,HSL:1383135,Salpausselänpolku
45300,45288,-12,45300,45312,12,True,UPDATED,1631912400,HSL:31M1_20210917_La_2_1222,M1,HSL:1420602,Kulosaari
45540,45576,36,45540,45596,56,True,UPDATED,1631912400,HSL:31M2_20210917_La_2_1226,M2,HSL:1420602,Kulosaari
45720,45762,42,45720,45782,62,True,UPDATED,1631912400,HSL:31M1_20210917_La_2_1230,M1,HSL:1420602,Kulosaari
45960,45993,33,45960,46013,53,True,UPDATED,1631912400,HSL:31M2_20210917_La_2_1234,M2,HSL:1420602,Kulosaari
46200,46004,-196,46200,46024,-176,True,UPDATED,1631912400,HSL:31M1_20210917_La_2_1237,M1,HSL:1420602,Kulosaari
45600,45699,99,45600,45710,110,True,UPDATED,1631912400,HSL:1071_20210917_La_1_1208,71,HSL:1383130,Rapakivenkuja
46200,46157,-43,46200,46157,-43,True,UPDATED,1631912400,HSL:1071_20210917_La_1_1218,71,HSL:1383130,Rapakivenkuja
46800,46920,120,46800,46920,120,True,UPDATED,1631912400,HSL:1071_20210917_La_1_1228,71,HSL:1383130,Rapakivenkuja
47400,47400,0,47400,47400,0,False,SCHEDULED,1631912400,HSL:1071_20210917_La_1_1238,71,HSL:1383130,Rapakivenkuja
48000,48000,0,48000,48000,0,False,SCHEDULED,1631912400,HSL:1071_20210917_La_1_1248,71,HSL:1383130,Rapakivenkuja
45420,45432,12,45420,45432,12,True,UPDATED,1631912400,HSL:1071_20210917_La_2_1232,71,HSL:1383131,Rapakivenkuja
46020,46020,0,46020,46020,0,False,SCHEDULED,1631912400,HSL:1071_20210917_La_2_1242,71,HSL:1383131,Rapakivenkuja
46620,46620,0,46620,46620,0,False,SCHEDULED,1631912400,HSL:1071_20210917_La_2_1252,71,HSL:1383131,Rapakivenkuja
47220,47220,0,47220,47220,0,False,SCHEDULED,1631912400,HSL:1071_20210917_La_2_1302,71,HSL:1383131,Rapakivenkuja
47820,47820,0,47820,47820,0,False,SCHEDULED,1631912400,HSL:1071_20210917_La_2_1312,71,HSL:1383131,Rapakivenkuja
45180,45306,126,45240,45341,101,True,UPDATED,1631912400,HSL:1071_20210917_La_1_1208,71,HSL:1383138,Pihlajiston ostosk.
45060,45513,453,45120,45573,453,True,UPDATED,1631912400,HSL:1506_20210917_La_2_1154,506,HSL:1383138,Pihlajiston ostosk.
45780,45737,-43,45840,45797,-43,True,UPDATED,1631912400,HSL:1071_20210917_La_1_1218,71,HSL:1383138,Pihlajiston ostosk.
46380,46513,133,46440,46513,73,True,UPDATED,1631912400,HSL:1071_20210917_La_1_1228,71,HSL:1383138,Pihlajiston ostosk.
46260,46599,339,46320,46659,339,True,UPDATED,1631912400,HSL:1506_20210917_La_2_1214,506,HSL:1383138,Pihlajiston ostosk.
46560,46560,0,46560,46560,0,True,UPDATED,1631912400,HSL:9642_20210917_La_2_1238,642,HSL:9651300,Bomba
50160,50160,0,50160,50160,0,False,SCHEDULED,1631912400,HSL:9642_20210917_La_2_1338,642,HSL:9651300,Bomba
53760,53760,0,53760,53760,0,False,SCHEDULED,1631912400,HSL:9642_20210917_La_2_1438,642,HSL:9651300,Bomba
57360,57360,0,57360,57360,0,False,SCHEDULED,1631912400,HSL:9642_20210917_La_2_1538,642,HSL:9651300,Bomba
60960,60960,0,60960,60960,0,False,SCHEDULED,1631912400,HSL:9642_20210917_La_2_1638,642,HSL:9651300,Bomba
48480,48480,0,48480,48480,0,False,SCHEDULED,1631912400,HSL:9642_20210917_La_1_1316,642,HSL:9651301,Bomba
52080,52080,0,52080,52080,0,False,SCHEDULED,1631912400,HSL:9642_20210917_La_1_1416,642,HSL:9651301,Bomba
55680,55680,0,55680,55680,0,False,SCHEDULED,1631912400,HSL:9642_20210917_La_1_1516,642,HSL:9651301,Bomba
59280,59280,0,59280,59280,0,False,SCHEDULED,1631912400,HSL:9642_20210917_La_1_1616,642,HSL:9651301,Bomba
62880,62880,0,62880,62880,0,False,SCHEDULED,1631912400,HSL:9642_20210917_La_1_1716,642,HSL:9651301,Bomba
45420,45514,94,45420,45528,108,True,UPDATED,1631912400,HSL:1071_20210917_La_1_1208,71,HSL:1383124,Meripihkatie
46020,45977,-43,46020,45977,-43,True,UPDATED,1631912400,HSL:1071_20210917_La_1_1218,71,HSL:1383124,Meripihkatie
46620,46739,119,46620,46739,119,True,UPDATED,1631912400,HSL:1071_20210917_La_1_1228,71,HSL:1383124,Meripihkatie
47220,47220,0,47220,47220,0,False,SCHEDULED,1631912400,HSL:1071_20210917_La_1_1238,71,HSL:1383124,Meripihkatie
47820,47820,0,47820,47820,0,False,SCHEDULED,1631912400,HSL:1071_20210917_La_1_1248,71,HSL:1383124,Meripihkatie
46320,46320,0,46320,46320,0,True,UPDATED,1631912400,HSL:9642_20210917_La_2_1238,642,HSL:9651305,Kaura
49920,49920,0,49920,49920,0,False,SCHEDULED,1631912400,HSL:9642_20210917_La_2_1338,642,HSL:9651305,Kaura
53520,53520,0,53520,53520,0,False,SCHEDULED,1631912400,HSL:9642_20210917_La_2_1438,642,HSL:9651305,Kaura
57120,57120,0,57120,57120,0,False,SCHEDULED,1631912400,HSL:9642_20210917_La_2_1538,642,HSL:9651305,Kaura
60720,60720,0,60720,60720,0,False,SCHEDULED,1631912400,HSL:9642_20210917_La_2_1638,642,HSL:9651305,Kaura
48660,48660,0,48660,48660,0,False,SCHEDULED,1631912400,HSL:9642_20210917_La_1_1316,642,HSL:9651302,Jokitie
52260,52260,0,52260,52260,0,False,SCHEDULED,1631912400,HSL:9642_20210917_La_1_1416,642,HSL:9651302,Jokitie
55860,55860,0,55860,55860,0,False,SCHEDULED,1631912400,HSL:9642_20210917_La_1_1516,642,HSL:9651302,Jokitie
59460,59460,0,59460,59460,0,False,SCHEDULED,1631912400,HSL:9642_20210917_La_1_1616,642,HSL:9651302,Jokitie
63060,63060,0,63060,63060,0,False,SCHEDULED,1631912400,HSL:9642_20210917_La_1_1716,642,HSL:9651302,Jokitie
46380,46380,0,46380,46380,0,True,UPDATED,1631912400,HSL:9642_20210917_La_2_1238,642,HSL:9651303,Jokitie
49980,49980,0,49980,49980,0,False,SCHEDULED,1631912400,HSL:9642_20210917_La_2_1338,642,HSL:9651303,Jokitie
53580,53580,0,53580,53580,0,False,SCHEDULED,1631912400,HSL:9642_20210917_La_2_1438,642,HSL:9651303,Jokitie
57180,57180,0,57180,57180,0,False,SCHEDULED,1631912400,HSL:9642_20210917_La_2_1538,642,HSL:9651303,Jokitie
60780,60780,0,60780,60780,0,False,SCHEDULED,1631912400,HSL:9642_20210917_La_2_1638,642,HSL:9651303,Jokitie
45600,45552,-48,45600,45574,-26,True,UPDATED,1631912400,HSL:1071_20210917_La_2_1232,71,HSL:1383127,Pihlajamäki
46200,46200,0,46200,46200,0,False,SCHEDULED,1631912400,HSL:1071_20210917_La_2_1242,71,HSL:1383127,Pihlajamäki
46800,46800,0,46800,46800,0,False,SCHEDULED,1631912400,HSL:1071_20210917_La_2_1252,71,HSL:1383127,Pihlajamäki
47400,47400,0,47400,47400,0,False,SCHEDULED,1631912400,HSL:1071_20210917_La_2_1302,71,HSL:1383127,Pihlajamäki
48000,48000,0,48000,48000,0,False,SCHEDULED,1631912400,HSL:1071_20210917_La_2_1312,71,HSL:1383127,Pihlajamäki
45480,45604,124,45480,45630,150,True,UPDATED,1631912400,HSL:1071_20210917_La_1_1208,71,HSL:1383126,Pihlajamäki
46080,46037,-43,46080,46037,-43,True,UPDATED,1631912400,HSL:1071_20210917_La_1_1218,71,HSL:1383126,Pihlajamäki
46680,46807,127,46680,46807,127,True,UPDATED,1631912400,HSL:1071_20210917_La_1_1228,71,HSL:1383126,Pihlajamäki
47280,47280,0,47280,47280,0,False,SCHEDULED,1631912400,HSL:1071_20210917_La_1_1238,71,HSL:1383126,Pihlajamäki
47880,47880,0,47880,47880,0,False,SCHEDULED,1631912400,HSL:1071_20210917_La_1_1248,71,HSL:1383126,Pihlajamäki
45540,45493,-47,45540,45506,-34,True,UPDATED,1631912400,HSL:1071_20210917_La_2_1232,71,HSL:1383129,Vuolukiventie
46140,46140,0,46140,46140,0,False,SCHEDULED,1631912400,HSL:1071_20210917_La_2_1242,71,HSL:1383129,Vuolukiventie
46740,46740,0,46740,46740,0,False,SCHEDULED,1631912400,HSL:1071_20210917_La_2_1252,71,HSL:1383129,Vuolukiventie
47340,47340,0,47340,47340,0,False,SCHEDULED,1631912400,HSL:1071_20210917_La_2_1302,71,HSL:1383129,Vuolukiventie
47940,47940,0,47940,47940,0,False,SCHEDULED,1631912400,HSL:1071_20210917_La_2_1312,71,HSL:1383129,Vuolukiventie
45540,45642,102,45540,45657,117,True,UPDATED,1631912400,HSL:1071_20210917_La_1_1208,71,HSL:1383128,Vuolukiventie
46140,46097,-43,46140,46097,-43,True,UPDATED,1631912400,HSL:1071_20210917_La_1_1218,71,HSL:1383128,Vuolukiventie
46740,46864,124,46740,46864,124,True,UPDATED,1631912400,HSL:1071_20210917_La_1_1228,71,HSL:1383128,Vuolukiventie
47340,47340,0,47340,47340,0,False,SCHEDULED,1631912400,HSL:1071_20210917_La_1_1238,71,HSL:1383128,Vuolukiventie
47940,47940,0,47940,47940,0,False,SCHEDULED,1631912400,HSL:1071_20210917_La_1_1248,71,HSL:1383128,Vuolukiventie
46500,46500,0,46500,46500,0,True,UPDATED,1631912400,HSL:9642_20210917_La_2_1238,642,HSL:9651308,Metsonkallio
50100,50100,0,50100,50100,0,False,SCHEDULED,1631912400,HSL:9642_20210917_La_2_1338,642,HSL:9651308,Metsonkallio
53700,53700,0,53700,53700,0,False,SCHEDULED,1631912400,HSL:9642_20210917_La_2_1438,642,HSL:9651308,Metsonkallio
57300,57300,0,57300,57300,0,False,SCHEDULED,1631912400,HSL:9642_20210917_La_2_1538,642,HSL:9651308,Metsonkallio
60900,60900,0,60900,60900,0,False,SCHEDULED,1631912400,HSL:9642_20210917_La_2_1638,642,HSL:9651308,Metsonkallio
48540,48540,0,48540,48540,0,False,SCHEDULED,1631912400,HSL:9642_20210917_La_1_1316,642,HSL:9651309,Metsonkallio
52140,52140,0,52140,52140,0,False,SCHEDULED,1631912400,HSL:9642_20210917_La_1_1416,642,HSL:9651309,Metsonkallio
55740,55740,0,55740,55740,0,False,SCHEDULED,1631912400,HSL:9642_20210917_La_1_1516,642,HSL:9651309,Metsonkallio
59340,59340,0,59340,59340,0,False,SCHEDULED,1631912400,HSL:9642_20210917_La_1_1616,642,HSL:9651309,Metsonkallio
62940,62940,0,62940,62940,0,False,SCHEDULED,1631912400,HSL:9642_20210917_La_1_1716,642,HSL:9651309,Metsonkallio
45360,45479,119,45360,45493,133,True,UPDATED,1631912400,HSL:1074_20210917_La_2_1212,74,HSL:1383112,Malmin hautausmaa
45720,45848,128,45720,45848,128,True,UPDATED,1631912400,HSL:1079_20210917_La_2_1218,79,HSL:1383112,Malmin hautausmaa
45960,46032,72,45960,46032,72,True,UPDATED,1631912400,HSL:1073_20210917_La_2_1221,73,HSL:1383112,Malmin hautausmaa
46320,46393,73,46320,46403,83,True,UPDATED,1631912400,HSL:1079_20210917_La_2_1228,79,HSL:1383112,Malmin hautausmaa
46440,46440,0,46440,46440,0,False,SCHEDULED,1631912400,HSL:1077_20210917_La_2_1241,77,HSL:1383112,Malmin hautausmaa
45840,45907,67,45840,45918,78,True,UPDATED,1631912400,HSL:9641_20210917_La_2_1220,641,HSL:9651312,Riihikallio
46560,46560,0,46560,46560,0,True,UPDATED,1631912400,HSL:9642_20210917_La_2_1238,642,HSL:9651312,Riihikallio
47640,47640,0,47640,47640,0,False,SCHEDULED,1631912400,HSL:9641_20210917_La_2_1250,641,HSL:9651312,Riihikallio
49440,49440,0,49440,49440,0,False,SCHEDULED,1631912400,HSL:9641_20210917_La_2_1320,641,HSL:9651312,Riihikallio
50160,50160,0,50160,50160,0,False,SCHEDULED,1631912400,HSL:9642_20210917_La_2_1338,642,HSL:9651312,Riihikallio
45180,45324,144,45180,45338,158,True,UPDATED,1631912400,HSL:1073_20210917_La_1_1213,73,HSL:1383111,Malmin hautausmaa
45420,45489,69,45420,45499,79,True,UPDATED,1631912400,HSL:1079_20210917_La_1_1211,79,HSL:1383111,Malmin hautausmaa
45660,45743,83,45660,45751,91,True,UPDATED,1631912400,HSL:1077_20210917_La_1_1220,77,HSL:1383111,Malmin hautausmaa
45780,45758,-22,45780,45758,-22,True,UPDATED,1631912400,HSL:1074_20210917_La_1_1223,74,HSL:1383111,Malmin hautausmaa
46020,46057,37,46020,46069,49,True,UPDATED,1631912400,HSL:1079_20210917_La_1_1221,79,HSL:1383111,Malmin hautausmaa
45360,45440,80,45360,45447,87,True,UPDATED,1631912400,HSL:1074_20210917_La_2_1212,74,HSL:1383114,Hiekkakiventie
45720,45788,68,45720,45848,128,True,UPDATED,1631912400,HSL:1079_20210917_La_2_1218,79,HSL:1383114,Hiekkakiventie
45960,45989,29,45960,45989,29,True,UPDATED,1631912400,HSL:1073_20210917_La_2_1221,73,HSL:1383114,Hiekkakiventie
46320,46382,62,46320,46388,68,True,UPDATED,1631912400,HSL:1079_20210917_La_2_1228,79,HSL:1383114,Hiekkakiventie
46440,46440,0,46440,46440,0,False,SCHEDULED,1631912400,HSL:1077_20210917_La_2_1241,77,HSL:1383114,Hiekkakiventie
45360,45414,54,45360,45444,84,True,UPDATED,1631912400,HSL:3001K_20210917_La_2_1231,K,HSL:4810551,Korso
45960,45960,0,45960,45960,0,False,SCHEDULED,1631912400,HSL:3001K_20210917_La_2_1241,K,HSL:4810551,Korso
46560,46560,0,46560,46560,0,False,SCHEDULED,1631912400,HSL:3001K_20210917_La_2_1251,K,HSL:4810551,Korso
47160,47160,0,47160,47160,0,False,SCHEDULED,1631912400,HSL:3001K_20210917_La_2_1301,K,HSL:4810551,Korso
47760,47760,0,47760,47760,0,False,SCHEDULED,1631912400,HSL:3001K_20210917_La_2_1311,K,HSL:4810551,Korso
46560,46560,0,46560,46560,0,True,UPDATED,1631912400,HSL:9642_20210917_La_2_1238,642,HSL:9651316,Riihikallion portti
50160,50160,0,50160,50160,0,False,SCHEDULED,1631912400,HSL:9642_20210917_La_2_1338,642,HSL:9651316,Riihikallion portti
53760,53760,0,53760,53760,0,False,SCHEDULED,1631912400,HSL:9642_20210917_La_2_1438,642,HSL:9651316,Riihikallion portti
57360,57360,0,57360,57360,0,False,SCHEDULED,1631912400,HSL:9642_20210917_La_2_1538,642,HSL:9651316,Riihikallion portti
60960,60960,0,60960,60960,0,False,SCHEDULED,1631912400,HSL:9642_20210917_La_2_1638,642,HSL:9651316,Riihikallion portti
46140,46119,-21,46140,46128,-12,True,UPDATED,1631912400,HSL:9641_20210917_La_1_1220,641,HSL:9651313,Riihikallio
47940,47940,0,47940,47940,0,False,SCHEDULED,1631912400,HSL:9641_20210917_La_1_1250,641,HSL:9651313,Riihikallio
49740,49740,0,49740,49740,0,False,SCHEDULED,1631912400,HSL:9641_20210917_La_1_1320,641,HSL:9651313,Riihikallio
51540,51540,0,51540,51540,0,False,SCHEDULED,1631912400,HSL:9641_20210917_La_1_1350,641,HSL:9651313,Riihikallio
53340,53340,0,53340,53340,0,False,SCHEDULED,1631912400,HSL:9641_20210917_La_1_1420,641,HSL:9651313,Riihikallio
45420,45379,-41,45420,45379,-41,True,UPDATED,1631912400,HSL:4615_20210917_La_1_1225,615,HSL:1220282,Hattulantie
45660,45679,19,45660,45691,31,True,UPDATED,1631912400,HSL:4611_20210917_La_1_1229,611,HSL:1220282,Hattulantie
46380,46380,0,46380,46380,0,False,SCHEDULED,1631912400,HSL:4614_20210917_La_1_1240,614,HSL:1220282,Hattulantie
46860,46860,0,46860,46860,0,False,SCHEDULED,1631912400,HSL:4611_20210917_La_1_1249,611,HSL:1220282,Hattulantie
47220,47220,0,47220,47220,0,False,SCHEDULED,1631912400,HSL:4615_20210917_La_1_1255,615,HSL:1220282,Hattulantie
45780,45780,0,45780,45780,0,False,SCHEDULED,1631912400,HSL:2114_20210917_La_1_1238,114,HSL:2214250,Urheilupuistontie
46680,46680,0,46680,46680,0,False,SCHEDULED,1631912400,HSL:2114_20210917_La_1_1253,114,HSL:2214250,Urheilupuistontie
47580,47580,0,47580,47580,0,False,SCHEDULED,1631912400,HSL:2114_20210917_La_1_1308,114,HSL:2214250,Urheilupuistontie
48480,48480,0,48480,48480,0,False,SCHEDULED,1631912400,HSL:2114_20210917_La_1_1323,114,HSL:2214250,Urheilupuistontie
49380,49380,0,49380,49380,0,False,SCHEDULED,1631912400,HSL:2114_20210917_La_1_1338,114,HSL:2214250,Urheilupuistontie
46020,46102,82,46020,46113,93,True,UPDATED,1631912400,HSL:2114_20210917_La_2_1225,114,HSL:2214251,Urheilupuistontie
46920,46920,0,46920,46920,0,False,SCHEDULED,1631912400,HSL:2114_20210917_La_2_1240,114,HSL:2214251,Urheilupuistontie
47820,47820,0,47820,47820,0,False,SCHEDULED,1631912400,HSL:2114_20210917_La_2_1255,114,HSL:2214251,Urheilupuistontie
48720,48720,0,48720,48720,0,False,SCHEDULED,1631912400,HSL:2114_20210917_La_2_1310,114,HSL:2214251,Urheilupuistontie
49620,49620,0,49620,49620,0,False,SCHEDULED,1631912400,HSL:2114_20210917_La_2_1325,114,HSL:2214251,Urheilupuistontie
46020,46030,10,46020,46049,29,True,UPDATED,1631912400,HSL:2165_20210917_La_1_1226,165,HSL:2423210,Meriviitantie
46020,46135,115,46020,46145,125,True,UPDATED,1631912400,HSL:2124_20210917_La_1_1217,124,HSL:2423210,Meriviitantie
46920,46920,0,46920,46920,0,False,SCHEDULED,1631912400,HSL:2165_20210917_La_1_1241,165,HSL:2423210,Meriviitantie
46980,47072,92,46980,47083,103,True,UPDATED,1631912400,HSL:2124K_20210917_La_1_1232,124K,HSL:2423210,Meriviitantie
47820,47820,0,47820,47820,0,False,SCHEDULED,1631912400,HSL:2165_20210917_La_1_1256,165,HSL:2423210,Meriviitantie
45420,45420,0,45420,45420,0,False,SCHEDULED,1631912400,HSL:2124_20210917_La_2_1233,124,HSL:2423211,Meriviitantie
45780,45836,56,45780,45836,56,True,UPDATED,1631912400,HSL:2165_20210917_La_2_1224,165,HSL:2423211,Meriviitantie
46320,46320,0,46320,46320,0,False,SCHEDULED,1631912400,HSL:2124K_20210917_La_2_1248,124K,HSL:2423211,Meriviitantie
46680,46680,0,46680,46680,0,False,SCHEDULED,1631912400,HSL:2165_20210917_La_2_1239,165,HSL:2423211,Meriviitantie
47220,47220,0,47220,47220,0,False,SCHEDULED,1631912400,HSL:2124_20210917_La_2_1303,124,HSL:2423211,Meriviitantie
45960,45960,0,45960,45960,0,True,UPDATED,1631912400,HSL:2112_20210917_La_2_1235,112,HSL:2214289,Niittysilta
46860,46860,0,46860,46860,0,False,SCHEDULED,1631912400,HSL:2112_20210917_La_2_1250,112,HSL:2214289,Niittysilta
47760,47760,0,47760,47760,0,False,SCHEDULED,1631912400,HSL:2112_20210917_La_2_1305,112,HSL:2214289,Niittysilta
48660,48660,0,48660,48660,0,False,SCHEDULED,1631912400,HSL:2112_20210917_La_2_1320,112,HSL:2214289,Niittysilta
49560,49560,0,49560,49560,0,False,SCHEDULED,1631912400,HSL:2112_20210917_La_2_1335,112,HSL:2214289,Niittysilta
47100,47100,0,47100,47100,0,False,SCHEDULED,1631912400,HSL:2115_20210917_La_1_1300,115,HSL:2214280,Orioninristi
49740,49740,0,49740,49740,0,False,SCHEDULED,1631912400,HSL:2115_20210917_La_1_1344,115,HSL:2214280,Orioninristi
51600,51600,0,51600,51600,0,False,SCHEDULED,1631912400,HSL:2115_20210917_La_1_1415,115,HSL:2214280,Orioninristi
54240,54240,0,54240,54240,0,False,SCHEDULED,1631912400,HSL:2115_20210917_La_1_1459,115,HSL:2214280,Orioninristi
56160,56160,0,56160,56160,0,False,SCHEDULED,1631912400,HSL:2115_20210917_La_1_1531,115,HSL:2214280,Orioninristi
45300,45384,84,45300,45423,123,True,UPDATED,1631912400,HSL:1079_20210917_La_1_1211,79,HSL:1383109,Meripihkatie
45540,45658,118,45540,45668,128,True,UPDATED,1631912400,HSL:1077_20210917_La_1_1220,77,HSL:1383109,Meripihkatie
45660,45710,50,45660,45721,61,True,UPDATED,1631912400,HSL:1074_20210917_La_1_1223,74,HSL:1383109,Meripihkatie
45900,45975,75,45900,45995,95,True,UPDATED,1631912400,HSL:1079_20210917_La_1_1221,79,HSL:1383109,Meripihkatie
46260,46382,122,46260,46400,140,True,UPDATED,1631912400,HSL:1073_20210917_La_1_1232,73,HSL:1383109,Meripihkatie
45240,45350,110,45240,45353,113,True,UPDATED,1631912400,HSL:2124K_20210917_La_1_1202,124K,HSL:2423216,Heimolantie
47100,47229,129,47100,47231,131,True,UPDATED,1631912400,HSL:2124K_20210917_La_1_1232,124K,HSL:2423216,Heimolantie
48900,48900,0,48900,48900,0,False,SCHEDULED,1631912400,HSL:2124K_20210917_La_1_1302,124K,HSL:2423216,Heimolantie
50700,50700,0,50700,50700,0,False,SCHEDULED,1631912400,HSL:2124K_20210917_La_1_1332,124K,HSL:2423216,Heimolantie
52500,52500,0,52500,52500,0,False,SCHEDULED,1631912400,HSL:2124K_20210917_La_1_1402,124K,HSL:2423216,Heimolantie
46200,46200,0,46200,46200,0,False,SCHEDULED,1631912400,HSL:2124K_20210917_La_2_1248,124K,HSL:2423217,Heimolantie
48000,48000,0,48000,48000,0,False,SCHEDULED,1631912400,HSL:2124K_20210917_La_2_1318,124K,HSL:2423217,Heimolantie
49800,49800,0,49800,49800,0,False,SCHEDULED,1631912400,HSL:2124K_20210917_La_2_1348,124K,HSL:2423217,Heimolantie
51600,51600,0,51600,51600,0,False,SCHEDULED,1631912400,HSL:2124K_20210917_La_2_1418,124K,HSL:2423217,Heimolantie
53400,53400,0,53400,53400,0,False,SCHEDULED,1631912400,HSL:2124K_20210917_La_2_1448,124K,HSL:2423217,Heimolantie
45360,45366,6,45360,45366,6,True,UPDATED,1631912400,HSL:1077_20210917_La_2_1221,77,HSL:1383108,Meripihkatie
45480,45559,79,45480,45577,97,True,UPDATED,1631912400,HSL:1074_20210917_La_2_1212,74,HSL:1383108,Meripihkatie
45660,45616,-44,45660,45641,-19,True,UPDATED,1631912400,HSL:1071_20210917_La_2_1232,71,HSL:1383108,Meripihkatie
45840,45903,63,45840,45916,76,True,UPDATED,1631912400,HSL:1079_20210917_La_2_1218,79,HSL:1383108,Meripihkatie
46080,46094,14,46080,46144,64,True,UPDATED,1631912400,HSL:1073_20210917_La_2_1221,73,HSL:1383108,Meripihkatie
45900,45917,17,45900,45921,21,True,UPDATED,1631912400,HSL:2165_20210917_La_1_1226,165,HSL:2423219,Sahasaari
45900,46039,139,45900,46039,139,True,UPDATED,1631912400,HSL:2124_20210917_La_1_1217,124,HSL:2423219,Sahasaari
46800,46800,0,46800,46800,0,False,SCHEDULED,1631912400,HSL:2165_20210917_La_1_1241,165,HSL:2423219,Sahasaari
46860,46965,105,46860,46967,107,True,UPDATED,1631912400,HSL:2124K_20210917_La_1_1232,124K,HSL:2423219,Sahasaari
47700,47700,0,47700,47700,0,False,SCHEDULED,1631912400,HSL:2165_20210917_La_1_1256,165,HSL:2423219,Sahasaari
45420,45401,-19,45420,45408,-12,True,UPDATED,1631912400,HSL:9841_20210917_La_2_1205,841,HSL:1473120,Fallpakka
45780,45747,-33,45780,45812,32,True,UPDATED,1631912400,HSL:4560_20210917_La_1_1226,560,HSL:1473120,Fallpakka
46380,46380,0,46380,46380,0,False,SCHEDULED,1631912400,HSL:4560_20210917_La_1_1236,560,HSL:1473120,Fallpakka
46380,46383,3,46380,46383,3,True,UPDATED,1631912400,HSL:9842_20210917_La_2_1226,842,HSL:1473120,Fallpakka
46980,46980,0,46980,46980,0,False,SCHEDULED,1631912400,HSL:4560_20210917_La_1_1246,560,HSL:1473120,Fallpakka
45300,45371,71,45300,45385,85,True,UPDATED,1631912400,HSL:2124K_20210917_La_1_1202,124K,HSL:2423212,Aarrepuisto
47160,47258,98,47160,47260,100,True,UPDATED,1631912400,HSL:2124K_20210917_La_1_1232,124K,HSL:2423212,Aarrepuisto
48960,48960,0,48960,48960,0,False,SCHEDULED,1631912400,HSL:2124K_20210917_La_1_1302,124K,HSL:2423212,Aarrepuisto
50760,50760,0,50760,50760,0,False,SCHEDULED,1631912400,HSL:2124K_20210917_La_1_1332,124K,HSL:2423212,Aarrepuisto
52560,52560,0,52560,52560,0,False,SCHEDULED,1631912400,HSL:2124K_20210917_La_1_1402,124K,HSL:2423212,Aarrepuisto
45720,45761,41,45720,45798,78,True,UPDATED,1631912400,HSL:2165_20210917_La_2_1224,165,HSL:2423213,Saunalahden koulu
46260,46260,0,46260,46260,0,False,SCHEDULED,1631912400,HSL:2124K_20210917_La_2_1248,124K,HSL:2423213,Saunalahden koulu
46620,46620,0,46620,46620,0,False,SCHEDULED,1631912400,HSL:2165_20210917_La_2_1239,165,HSL:2423213,Saunalahden koulu
47520,47520,0,47520,47520,0,False,SCHEDULED,1631912400,HSL:2165_20210917_La_2_1254,165,HSL:2423213,Saunalahden koulu
48060,48060,0,48060,48060,0,False,SCHEDULED,1631912400,HSL:2124K_20210917_La_2_1318,124K,HSL:2423213,Saunalahden koulu
45300,45346,46,45300,45372,72,True,UPDATED,1631912400,HSL:1079_20210917_La_1_1211,79,HSL:1383107,Pihlajistontie
45540,45617,77,45540,45620,80,True,UPDATED,1631912400,HSL:1077_20210917_La_1_1220,77,HSL:1383107,Pihlajistontie
45660,45680,20,45660,45682,22,True,UPDATED,1631912400,HSL:1074_20210917_La_1_1223,74,HSL:1383107,Pihlajistontie
45900,45936,36,45900,45942,42,True,UPDATED,1631912400,HSL:1079_20210917_La_1_1221,79,HSL:1383107,Pihlajistontie
46260,46372,112,46260,46377,117,True,UPDATED,1631912400,HSL:1073_20210917_La_1_1232,73,HSL:1383107,Pihlajistontie
45480,45480,0,45480,45480,0,False,SCHEDULED,1631912400,HSL:2124_20210917_La_2_1233,124,HSL:2423214,Saunalahdenranta
45840,45928,88,45840,45928,88,True,UPDATED,1631912400,HSL:2165_20210917_La_2_1224,165,HSL:2423214,Saunalahdenranta
46380,46380,0,46380,46380,0,False,SCHEDULED,1631912400,HSL:2124K_20210917_La_2_1248,124K,HSL:2423214,Saunalahdenranta
46740,46740,0,46740,46740,0,False,SCHEDULED,1631912400,HSL:2165_20210917_La_2_1239,165,HSL:2423214,Saunalahdenranta
47280,47280,0,47280,47280,0,False,SCHEDULED,1631912400,HSL:2124_20210917_La_2_1303,124,HSL:2423214,Saunalahdenranta
45960,45959,-1,45960,45971,11,True,UPDATED,1631912400,HSL:2165_20210917_La_1_1226,165,HSL:2423215,Saunalahdenranta
45960,46082,122,45960,46082,122,True,UPDATED,1631912400,HSL:2124_20210917_La_1_1217,124,HSL:2423215,Saunalahdenranta
46860,46860,0,46860,46860,0,False,SCHEDULED,1631912400,HSL:2165_20210917_La_1_1241,165,HSL:2423215,Saunalahdenranta
46920,47006,86,46920,47010,90,True,UPDATED,1631912400,HSL:2124K_20210917_La_1_1232,124K,HSL:2423215,Saunalahdenranta
47760,47760,0,47760,47760,0,False,SCHEDULED,1631912400,HSL:2165_20210917_La_1_1256,165,HSL:2423215,Saunalahdenranta
46080,46086,6,46080,46120,40,True,UPDATED,1631912400,HSL:2165_20210917_La_1_1226,165,HSL:2423205,Saunalahden koulu
46980,46980,0,46980,46980,0,False,SCHEDULED,1631912400,HSL:2165_20210917_La_1_1241,165,HSL:2423205,Saunalahden koulu
47040,47125,85,47040,47160,120,True,UPDATED,1631912400,HSL:2124K_20210917_La_1_1232,124K,HSL:2423205,Saunalahden koulu
47880,47880,0,47880,47880,0,False,SCHEDULED,1631912400,HSL:2165_20210917_La_1_1256,165,HSL:2423205,Saunalahden koulu
48780,48780,0,48780,48780,0,False,SCHEDULED,1631912400,HSL:2165_20210917_La_1_1311,165,HSL:2423205,Saunalahden koulu
45660,45704,44,45660,45712,52,True,UPDATED,1631912400,HSL:2165_20210917_La_2_1224,165,HSL:2423207,Brinkinmäki
46560,46560,0,46560,46560,0,False,SCHEDULED,1631912400,HSL:2165_20210917_La_2_1239,165,HSL:2423207,Brinkinmäki
47460,47460,0,47460,47460,0,False,SCHEDULED,1631912400,HSL:2165_20210917_La_2_1254,165,HSL:2423207,Brinkinmäki
48360,48360,0,48360,48360,0,False,SCHEDULED,1631912400,HSL:2165_20210917_La_2_1309,165,HSL:2423207,Brinkinmäki
49260,49260,0,49260,49260,0,False,SCHEDULED,1631912400,HSL:2165_20210917_La_2_1324,165,HSL:2423207,Brinkinmäki
45360,45389,29,45360,45409,49,True,UPDATED,1631912400,HSL:2124K_20210917_La_1_1202,124K,HSL:2423208,Kätköpaikantie
46080,46080,0,46080,46080,0,False,SCHEDULED,1631912400,HSL:2124K_20210917_La_2_1248,124K,HSL:2423208,Kätköpaikantie
47220,47279,59,47220,47409,189,True,UPDATED,1631912400,HSL:2124K_20210917_La_1_1232,124K,HSL:2423208,Kätköpaikantie
47880,47880,0,47880,47880,0,False,SCHEDULED,1631912400,HSL:2124K_20210917_La_2_1318,124K,HSL:2423208,Kätköpaikantie
49020,49020,0,49020,49020,0,False,SCHEDULED,1631912400,HSL:2124K_20210917_La_1_1302,124K,HSL:2423208,Kätköpaikantie
45960,45976,16,45960,45978,18,True,UPDATED,1631912400,HSL:4576_20210917_La_1_1210,576,HSL:4330202,Seutula
47640,47640,0,47640,47640,0,False,SCHEDULED,1631912400,HSL:4445_20210917_La_2_1305,445,HSL:4330202,Seutula
49500,49500,0,49500,49500,0,False,SCHEDULED,1631912400,HSL:4576_20210917_La_1_1309,576,HSL:4330202,Seutula
51240,51240,0,51240,51240,0,False,SCHEDULED,1631912400,HSL:4445T_20210917_La_2_1355,445T,HSL:4330202,Seutula
53100,53100,0,53100,53100,0,False,SCHEDULED,1631912400,HSL:4576_20210917_La_1_1409,576,HSL:4330202,Seutula
45540,45567,27,45540,45568,28,True,UPDATED,1631912400,HSL:4445T_20210917_La_1_1230,445T,HSL:4330203,Seutulan vpk
47460,47460,0,47460,47460,0,False,SCHEDULED,1631912400,HSL:4576_20210917_La_2_1301,576,HSL:4330203,Seutulan vpk
47520,47520,0,47520,47520,0,False,SCHEDULED,1631912400,HSL:4445_20210917_La_2_1305,445,HSL:4330203,Seutulan vpk
49140,49140,0,49140,49140,0,False,SCHEDULED,1631912400,HSL:4445_20210917_La_1_1330,445,HSL:4330203,Seutulan vpk
51060,51060,0,51060,51060,0,False,SCHEDULED,1631912400,HSL:4576_20210917_La_2_1401,576,HSL:4330203,Seutulan vpk
47460,47460,0,47460,47460,0,False,SCHEDULED,1631912400,HSL:4576_20210917_La_2_1301,576,HSL:4330205,Seutulan koulu
51060,51060,0,51060,51060,0,False,SCHEDULED,1631912400,HSL:4576_20210917_La_2_1401,576,HSL:4330205,Seutulan koulu
54720,54720,0,54720,54720,0,False,SCHEDULED,1631912400,HSL:4576_20210917_La_2_1501,576,HSL:4330205,Seutulan koulu
58320,58320,0,58320,58320,0,False,SCHEDULED,1631912400,HSL:4576_20210917_La_2_1601,576,HSL:4330205,Seutulan koulu
61920,61920,0,61920,61920,0,False,SCHEDULED,1631912400,HSL:4576_20210917_La_2_1701,576,HSL:4330205,Seutulan koulu
45900,45846,-54,45900,45846,-54,True,UPDATED,1631912400,HSL:4576_20210917_La_1_1210,576,HSL:4330206,Seutulan koulu
49440,49440,0,49440,49440,0,False,SCHEDULED,1631912400,HSL:4576_20210917_La_1_1309,576,HSL:4330206,Seutulan koulu
53040,53040,0,53040,53040,0,False,SCHEDULED,1631912400,HSL:4576_20210917_La_1_1409,576,HSL:4330206,Seutulan koulu
56640,56640,0,56640,56640,0,False,SCHEDULED,1631912400,HSL:4576_20210917_La_1_1509,576,HSL:4330206,Seutulan koulu
60240,60240,0,60240,60240,0,False,SCHEDULED,1631912400,HSL:4576_20210917_La_1_1609,576,HSL:4330206,Seutulan koulu
47520,47520,0,47520,47520,0,False,SCHEDULED,1631912400,HSL:4576_20210917_La_2_1301,576,HSL:4330207,Lampurintie
51120,51120,0,51120,51120,0,False,SCHEDULED,1631912400,HSL:4576_20210917_La_2_1401,576,HSL:4330207,Lampurintie
54780,54780,0,54780,54780,0,False,SCHEDULED,1631912400,HSL:4576_20210917_La_2_1501,576,HSL:4330207,Lampurintie
58380,58380,0,58380,58380,0,False,SCHEDULED,1631912400,HSL:4576_20210917_La_2_1601,576,HSL:4330207,Lampurintie
61980,61980,0,61980,61980,0,False,SCHEDULED,1631912400,HSL:4576_20210917_La_2_1701,576,HSL:4330207,Lampurintie
45840,45834,-6,45840,45836,-4,True,UPDATED,1631912400,HSL:4576_20210917_La_1_1210,576,HSL:4330208,Lampurintie
49380,49380,0,49380,49380,0,False,SCHEDULED,1631912400,HSL:4576_20210917_La_1_1309,576,HSL:4330208,Lampurintie
52980,52980,0,52980,52980,0,False,SCHEDULED,1631912400,HSL:4576_20210917_La_1_1409,576,HSL:4330208,Lampurintie
56580,56580,0,56580,56580,0,False,SCHEDULED,1631912400,HSL:4576_20210917_La_1_1509,576,HSL:4330208,Lampurintie
60180,60180,0,60180,60180,0,False,SCHEDULED,1631912400,HSL:4576_20210917_La_1_1609,576,HSL:4330208,Lampurintie
45840,45857,17,45840,45858,18,True,UPDATED,1631912400,HSL:4445T_20210917_La_1_1230,445T,HSL:4330209,Solbackantie
50700,50700,0,50700,50700,0,False,SCHEDULED,1631912400,HSL:4445T_20210917_La_2_1355,445T,HSL:4330209,Solbackantie
56640,56640,0,56640,56640,0,False,SCHEDULED,1631912400,HSL:4445T_20210917_La_1_1530,445T,HSL:4330209,Solbackantie
61500,61500,0,61500,61500,0,False,SCHEDULED,1631912400,HSL:4445T_20210917_La_2_1655,445T,HSL:4330209,Solbackantie
67440,67440,0,67440,67440,0,False,SCHEDULED,1631912400,HSL:4445T_20210917_La_1_1830,445T,HSL:4330209,Solbackantie
45660,45717,57,45660,45733,73,True,UPDATED,1631912400,HSL:1021_20210917_La_1_1230,21,HSL:1310200,Nahkahousuntie
46260,46260,0,46260,46260,0,False,SCHEDULED,1631912400,HSL:1021_20210917_La_1_1240,21,HSL:1310200,Nahkahousuntie
46860,46860,0,46860,46860,0,False,SCHEDULED,1631912400,HSL:1021_20210917_La_1_1250,21,HSL:1310200,Nahkahousuntie
47460,47460,0,47460,47460,0,False,SCHEDULED,1631912400,HSL:1021_20210917_La_1_1300,21,HSL:1310200,Nahkahousuntie
48060,48060,0,48060,48060,0,False,SCHEDULED,1631912400,HSL:1021_20210917_La_1_1310,21,HSL:1310200,Nahkahousuntie
45420,45414,-6,45420,45429,9,True,UPDATED,1631912400,HSL:1084_20210917_La_2_1230,84,HSL:1491112,Lauri Mikonpojan tie
45720,45720,0,45720,45720,0,True,UPDATED,1631912400,HSL:1088_20210917_La_2_1236,88,HSL:1491112,Lauri Mikonpojan tie
46020,46020,0,46020,46020,0,True,UPDATED,1631912400,HSL:1084_20210917_La_2_1240,84,HSL:1491112,Lauri Mikonpojan tie
46320,46320,0,46320,46320,0,False,SCHEDULED,1631912400,HSL:1088_20210917_La_2_1246,88,HSL:1491112,Lauri Mikonpojan tie
46620,46620,0,46620,46620,0,False,SCHEDULED,1631912400,HSL:1084_20210917_La_2_1250,84,HSL:1491112,Lauri Mikonpojan tie
45480,45567,87,45480,45582,102,True,UPDATED,1631912400,HSL:1084_20210917_La_1_1228,84,HSL:1491111,Lauri Mikonpojan tie
45720,45742,22,45720,45753,33,True,UPDATED,1631912400,HSL:1088_20210917_La_1_1233,88,HSL:1491111,Lauri Mikonpojan tie
46080,46080,0,46080,46080,0,False,SCHEDULED,1631912400,HSL:1084_20210917_La_1_1238,84,HSL:1491111,Lauri Mikonpojan tie
46320,46320,0,46320,46320,0,False,SCHEDULED,1631912400,HSL:1088_20210917_La_1_1243,88,HSL:1491111,Lauri Mikonpojan tie
46680,46680,0,46680,46680,0,False,SCHEDULED,1631912400,HSL:1084_20210917_La_1_1248,84,HSL:1491111,Lauri Mikonpojan tie
46260,46260,0,46260,46260,0,False,SCHEDULED,1631912400,HSL:2215_20210917_La_2_1241,215,HSL:2143229,Snällbacka
47460,47460,0,47460,47460,0,False,SCHEDULED,1631912400,HSL:2215_20210917_La_2_1301,215,HSL:2143229,Snällbacka
48660,48660,0,48660,48660,0,False,SCHEDULED,1631912400,HSL:2215_20210917_La_2_1321,215,HSL:2143229,Snällbacka
49860,49860,0,49860,49860,0,False,SCHEDULED,1631912400,HSL:2215_20210917_La_2_1341,215,HSL:2143229,Snällbacka
51060,51060,0,51060,51060,0,False,SCHEDULED,1631912400,HSL:2215_20210917_La_2_1401,215,HSL:2143229,Snällbacka
45840,45840,0,45840,45840,0,True,UPDATED,1631912400,HSL:2215_20210917_La_1_1236,215,HSL:2143228,Luuvantie
47040,47040,0,47040,47040,0,False,SCHEDULED,1631912400,HSL:2215_20210917_La_1_1256,215,HSL:2143228,Luuvantie
48240,48240,0,48240,48240,0,False,SCHEDULED,1631912400,HSL:2215_20210917_La_1_1316,215,HSL:2143228,Luuvantie
49440,49440,0,49440,49440,0,False,SCHEDULED,1631912400,HSL:2215_20210917_La_1_1336,215,HSL:2143228,Luuvantie
50640,50640,0,50640,50640,0,False,SCHEDULED,1631912400,HSL:2215_20210917_La_1_1356,215,HSL:2143228,Luuvantie
45720,45782,62,45720,45808,88,True,UPDATED,1631912400,HSL:1084_20210917_La_1_1228,84,HSL:1491119,Gunillanpolku
46320,46320,0,46320,46320,0,False,SCHEDULED,1631912400,HSL:1084_20210917_La_1_1238,84,HSL:1491119,Gunillanpolku
46920,46920,0,46920,46920,0,False,SCHEDULED,1631912400,HSL:1084_20210917_La_1_1248,84,HSL:1491119,Gunillanpolku
47520,47520,0,47520,47520,0,False,SCHEDULED,1631912400,HSL:1084_20210917_La_1_1258,84,HSL:1491119,Gunillanpolku
48120,48120,0,48120,48120,0,False,SCHEDULED,1631912400,HSL:1084_20210917_La_1_1308,84,HSL:1491119,Gunillanpolku
45840,45840,0,45840,45840,0,True,UPDATED,1631912400,HSL:1084_20210917_La_2_1240,84,HSL:1491118,Svanströmintie
46440,46440,0,46440,46440,0,False,SCHEDULED,1631912400,HSL:1084_20210917_La_2_1250,84,HSL:1491118,Svanströmintie
47040,47040,0,47040,47040,0,False,SCHEDULED,1631912400,HSL:1084_20210917_La_2_1300,84,HSL:1491118,Svanströmintie
47640,47640,0,47640,47640,0,False,SCHEDULED,1631912400,HSL:1084_20210917_La_2_1310,84,HSL:1491118,Svanströmintie
48240,48240,0,48240,48240,0,False,SCHEDULED,1631912400,HSL:1084_20210917_La_2_1320,84,HSL:1491118,Svanströmintie
45660,45739,79,45660,45749,89,True,UPDATED,1631912400,HSL:1084_20210917_La_1_1228,84,HSL:1491117,Svanströmintie
46260,46260,0,46260,46260,0,False,SCHEDULED,1631912400,HSL:1084_20210917_La_1_1238,84,HSL:1491117,Svanströmintie
46860,46860,0,46860,46860,0,False,SCHEDULED,1631912400,HSL:1084_20210917_La_1_1248,84,HSL:1491117,Svanströmintie
47460,47460,0,47460,47460,0,False,SCHEDULED,1631912400,HSL:1084_20210917_La_1_1258,84,HSL:1491117,Svanströmintie
48060,48060,0,48060,48060,0,False,SCHEDULED,1631912400,HSL:1084_20210917_La_1_1308,84,HSL:1491117,Svanströmintie
45420,45466,46,45420,45478,58,True,UPDATED,1631912400,HSL:1075_20210917_La_2_1232,75,HSL:1412120,Nummitie
46080,46049,-31,46080,46050,-30,True,UPDATED,1631912400,HSL:1074_20210917_La_1_1203,74,HSL:1412120,Nummitie
46200,46228,28,46200,46237,37,True,UPDATED,1631912400,HSL:2553K_20210917_La_2_1203,553K,HSL:1412120,Nummitie
46620,46620,0,46620,46620,0,False,SCHEDULED,1631912400,HSL:1075_20210917_La_2_1252,75,HSL:1412120,Nummitie
47280,47219,-61,47280,47225,-55,True,UPDATED,1631912400,HSL:1074_20210917_La_1_1223,74,HSL:1412120,Nummitie
45900,45900,0,45900,45900,0,True,UPDATED,1631912400,HSL:1084_20210917_La_2_1240,84,HSL:1491116,Kasperinkuja
46500,46500,0,46500,46500,0,False,SCHEDULED,1631912400,HSL:1084_20210917_La_2_1250,84,HSL:1491116,Kasperinkuja
47100,47100,0,47100,47100,0,False,SCHEDULED,1631912400,HSL:1084_20210917_La_2_1300,84,HSL:1491116,Kasperinkuja
47700,47700,0,47700,47700,0,False,SCHEDULED,1631912400,HSL:1084_20210917_La_2_1310,84,HSL:1491116,Kasperinkuja
48300,48300,0,48300,48300,0,False,SCHEDULED,1631912400,HSL:1084_20210917_La_2_1320,84,HSL:1491116,Kasperinkuja
45600,45691,91,45600,45708,108,True,UPDATED,1631912400,HSL:1084_20210917_La_1_1228,84,HSL:1491115,Kasperinkuja
46200,46200,0,46200,46200,0,False,SCHEDULED,1631912400,HSL:1084_20210917_La_1_1238,84,HSL:1491115,Kasperinkuja
46800,46800,0,46800,46800,0,False,SCHEDULED,1631912400,HSL:1084_20210917_La_1_1248,84,HSL:1491115,Kasperinkuja
47400,47400,0,47400,47400,0,False,SCHEDULED,1631912400,HSL:1084_20210917_La_1_1258,84,HSL:1491115,Kasperinkuja
48000,48000,0,48000,48000,0,False,SCHEDULED,1631912400,HSL:1084_20210917_La_1_1308,84,HSL:1491115,Kasperinkuja
45540,45646,106,45540,45663,123,True,UPDATED,1631912400,HSL:1084_20210917_La_1_1228,84,HSL:1491113,Rudolfintie
46140,46140,0,46140,46140,0,False,SCHEDULED,1631912400,HSL:1084_20210917_La_1_1238,84,HSL:1491113,Rudolfintie
46740,46740,0,46740,46740,0,False,SCHEDULED,1631912400,HSL:1084_20210917_La_1_1248,84,HSL:1491113,Rudolfintie
47340,47340,0,47340,47340,0,False,SCHEDULED,1631912400,HSL:1084_20210917_La_1_1258,84,HSL:1491113,Rudolfintie
47940,47940,0,47940,47940,0,False,SCHEDULED,1631912400,HSL:1084_20210917_La_1_1308,84,HSL:1491113,Rudolfintie
46020,46020,0,46020,46020,0,True,UPDATED,1631912400,HSL:2112_20210917_La_2_1235,112,HSL:2214216,Niittykumpu (M)
46920,46920,0,46920,46920,0,False,SCHEDULED,1631912400,HSL:2112_20210917_La_2_1250,112,HSL:2214216,Niittykumpu (M)
47820,47820,0,47820,47820,0,False,SCHEDULED,1631912400,HSL:2112_20210917_La_2_1305,112,HSL:2214216,Niittykumpu (M)
48720,48720,0,48720,48720,0,False,SCHEDULED,1631912400,HSL:2112_20210917_La_2_1320,112,HSL:2214216,Niittykumpu (M)
49620,49620,0,49620,49620,0,False,SCHEDULED,1631912400,HSL:2112_20210917_La_2_1335,112,HSL:2214216,Niittykumpu (M)
45900,45900,0,45960,45960,0,False,SCHEDULED,1631912400,HSL:2112_20210917_La_1_1239,112,HSL:2214217,Niittykumpu (M)
46800,46800,0,46860,46860,0,False,SCHEDULED,1631912400,HSL:2112_20210917_La_1_1254,112,HSL:2214217,Niittykumpu (M)
47700,47700,0,47760,47760,0,False,SCHEDULED,1631912400,HSL:2112_20210917_La_1_1309,112,HSL:2214217,Niittykumpu (M)
48600,48600,0,48660,48660,0,False,SCHEDULED,1631912400,HSL:2112_20210917_La_1_1324,112,HSL:2214217,Niittykumpu (M)
49500,49500,0,49560,49560,0,False,SCHEDULED,1631912400,HSL:2112_20210917_La_1_1339,112,HSL:2214217,Niittykumpu (M)
45540,45540,0,45540,45540,0,False,SCHEDULED,1631912400,HSL:2124_20210917_La_2_1233,124,HSL:2423220,Sahasaari
45900,45980,80,45900,45980,80,True,UPDATED,1631912400,HSL:2165_20210917_La_2_1224,165,HSL:2423220,Sahasaari
46440,46440,0,46440,46440,0,False,SCHEDULED,1631912400,HSL:2124K_20210917_La_2_1248,124K,HSL:2423220,Sahasaari
46800,46800,0,46800,46800,0,False,SCHEDULED,1631912400,HSL:2165_20210917_La_2_1239,165,HSL:2423220,Sahasaari
47340,47340,0,47340,47340,0,False,SCHEDULED,1631912400,HSL:2124_20210917_La_2_1303,124,HSL:2423220,Sahasaari
46140,46207,67,46140,46238,98,True,UPDATED,1631912400,HSL:2165_20210917_La_1_1226,165,HSL:2423221,Santapellonkuja
47040,47040,0,47040,47040,0,False,SCHEDULED,1631912400,HSL:2165_20210917_La_1_1241,165,HSL:2423221,Santapellonkuja
47940,47940,0,47940,47940,0,False,SCHEDULED,1631912400,HSL:2165_20210917_La_1_1256,165,HSL:2423221,Santapellonkuja
48840,48840,0,48840,48840,0,False,SCHEDULED,1631912400,HSL:2165_20210917_La_1_1311,165,HSL:2423221,Santapellonkuja
49740,49740,0,49740,49740,0,False,SCHEDULED,1631912400,HSL:2165_20210917_La_1_1326,165,HSL:2423221,Santapellonkuja
46140,46140,0,46140,46140,0,False,SCHEDULED,1631912400,HSL:2124K_20210917_La_2_1248,124K,HSL:2423222,Aarrepuisto
47940,47940,0,47940,47940,0,False,SCHEDULED,1631912400,HSL:2124K_20210917_La_2_1318,124K,HSL:2423222,Aarrepuisto
49740,49740,0,49740,49740,0,False,SCHEDULED,1631912400,HSL:2124K_20210917_La_2_1348,124K,HSL:2423222,Aarrepuisto
51540,51540,0,51540,51540,0,False,SCHEDULED,1631912400,HSL:2124K_20210917_La_2_1418,124K,HSL:2423222,Aarrepuisto
53340,53340,0,53340,53340,0,False,SCHEDULED,1631912400,HSL:2124K_20210917_La_2_1448,124K,HSL:2423222,Aarrepuisto
45480,45534,54,45480,45552,72,True,UPDATED,1631912400,HSL:1075_20210917_La_2_1232,75,HSL:1412118,Heikinlaakso
46680,46680,0,46680,46680,0,False,SCHEDULED,1631912400,HSL:1075_20210917_La_2_1252,75,HSL:1412118,Heikinlaakso
47880,47880,0,47880,47880,0,False,SCHEDULED,1631912400,HSL:1075_20210917_La_2_1312,75,HSL:1412118,Heikinlaakso
49080,49080,0,49080,49080,0,False,SCHEDULED,1631912400,HSL:1075_20210917_La_2_1332,75,HSL:1412118,Heikinlaakso
50280,50280,0,50280,50280,0,False,SCHEDULED,1631912400,HSL:1075_20210917_La_2_1352,75,HSL:1412118,Heikinlaakso
45780,45804,24,45780,45804,24,True,UPDATED,1631912400,HSL:4445T_20210917_La_1_1230,445T,HSL:4330210,Königstedt
50700,50700,0,50700,50700,0,False,SCHEDULED,1631912400,HSL:4445T_20210917_La_2_1355,445T,HSL:4330210,Königstedt
56580,56580,0,56580,56580,0,False,SCHEDULED,1631912400,HSL:4445T_20210917_La_1_1530,445T,HSL:4330210,Königstedt
61500,61500,0,61500,61500,0,False,SCHEDULED,1631912400,HSL:4445T_20210917_La_2_1655,445T,HSL:4330210,Königstedt
67380,67380,0,67380,67380,0,False,SCHEDULED,1631912400,HSL:4445T_20210917_La_1_1830,445T,HSL:4330210,Königstedt
46080,46144,64,46080,46144,64,True,UPDATED,1631912400,HSL:4445T_20210917_La_1_1230,445T,HSL:4330211,Tapolantie
50940,50940,0,50940,50940,0,False,SCHEDULED,1631912400,HSL:4445T_20210917_La_2_1355,445T,HSL:4330211,Tapolantie
56880,56880,0,56880,56880,0,False,SCHEDULED,1631912400,HSL:4445T_20210917_La_1_1530,445T,HSL:4330211,Tapolantie
61740,61740,0,61740,61740,0,False,SCHEDULED,1631912400,HSL:4445T_20210917_La_2_1655,445T,HSL:4330211,Tapolantie
67680,67680,0,67680,67680,0,False,SCHEDULED,1631912400,HSL:4445T_20210917_La_1_1830,445T,HSL:4330211,Tapolantie
47460,47460,0,47460,47460,0,False,SCHEDULED,1631912400,HSL:4576_20210917_La_2_1301,576,HSL:4330212,Katriinankuja
51060,51060,0,51060,51060,0,False,SCHEDULED,1631912400,HSL:4576_20210917_La_2_1401,576,HSL:4330212,Katriinankuja
54720,54720,0,54720,54720,0,False,SCHEDULED,1631912400,HSL:4576_20210917_La_2_1501,576,HSL:4330212,Katriinankuja
58320,58320,0,58320,58320,0,False,SCHEDULED,1631912400,HSL:4576_20210917_La_2_1601,576,HSL:4330212,Katriinankuja
61920,61920,0,61920,61920,0,False,SCHEDULED,1631912400,HSL:4576_20210917_La_2_1701,576,HSL:4330212,Katriinankuja
45600,45646,46,45600,45646,46,True,UPDATED,1631912400,HSL:4445T_20210917_La_1_1230,445T,HSL:4330213,Katriinankuja
45900,45875,-25,45900,45881,-19,True,UPDATED,1631912400,HSL:4576_20210917_La_1_1210,576,HSL:4330213,Katriinankuja
47580,47580,0,47580,47580,0,False,SCHEDULED,1631912400,HSL:4445_20210917_La_2_1305,445,HSL:4330213,Katriinankuja
49200,49200,0,49200,49200,0,False,SCHEDULED,1631912400,HSL:4445_20210917_La_1_1330,445,HSL:4330213,Katriinankuja
49440,49440,0,49440,49440,0,False,SCHEDULED,1631912400,HSL:4576_20210917_La_1_1309,576,HSL:4330213,Katriinankuja
45540,45545,5,45540,45545,5,True,UPDATED,1631912400,HSL:3002P_20210917_La_1_1228,P,HSL:1294552,Pohjois-Haaga
46140,46140,0,46140,46140,0,False,SCHEDULED,1631912400,HSL:3002P_20210917_La_1_1238,P,HSL:1294552,Pohjois-Haaga
46740,46740,0,46740,46740,0,False,SCHEDULED,1631912400,HSL:3002P_20210917_La_1_1248,P,HSL:1294552,Pohjois-Haaga
47340,47340,0,47340,47340,0,False,SCHEDULED,1631912400,HSL:3002P_20210917_La_1_1258,P,HSL:1294552,Pohjois-Haaga
47940,47940,0,47940,47940,0,False,SCHEDULED,1631912400,HSL:3002P_20210917_La_1_1308,P,HSL:1294552,Pohjois-Haaga
45600,45615,15,45600,45618,18,True,UPDATED,1631912400,HSL:4445T_20210917_La_1_1230,445T,HSL:4330214,Katriinan sairaala
49200,49200,0,49200,49200,0,False,SCHEDULED,1631912400,HSL:4445_20210917_La_1_1330,445,HSL:4330214,Katriinan sairaala
52800,52800,0,52800,52800,0,False,SCHEDULED,1631912400,HSL:4445_20210917_La_1_1430,445,HSL:4330214,Katriinan sairaala
56400,56400,0,56400,56400,0,False,SCHEDULED,1631912400,HSL:4445T_20210917_La_1_1530,445T,HSL:4330214,Katriinan sairaala
60000,60000,0,60000,60000,0,False,SCHEDULED,1631912400,HSL:4445_20210917_La_1_1630,445,HSL:4330214,Katriinan sairaala
45660,45676,16,45660,45678,18,True,UPDATED,1631912400,HSL:4445T_20210917_La_1_1230,445T,HSL:4330215,Seutula
49260,49260,0,49260,49260,0,False,SCHEDULED,1631912400,HSL:4445_20210917_La_1_1330,445,HSL:4330215,Seutula
52860,52860,0,52860,52860,0,False,SCHEDULED,1631912400,HSL:4445_20210917_La_1_1430,445,HSL:4330215,Seutula
56460,56460,0,56460,56460,0,False,SCHEDULED,1631912400,HSL:4445T_20210917_La_1_1530,445T,HSL:4330215,Seutula
60060,60060,0,60060,60060,0,False,SCHEDULED,1631912400,HSL:4445_20210917_La_1_1630,445,HSL:4330215,Seutula
47580,47580,0,47580,47580,0,False,SCHEDULED,1631912400,HSL:4445_20210917_La_2_1305,445,HSL:4330216,Katriinan sairaala
51180,51180,0,51180,51180,0,False,SCHEDULED,1631912400,HSL:4445T_20210917_La_2_1355,445T,HSL:4330216,Katriinan sairaala
54780,54780,0,54780,54780,0,False,SCHEDULED,1631912400,HSL:4445_20210917_La_2_1505,445,HSL:4330216,Katriinan sairaala
58380,58380,0,58380,58380,0,False,SCHEDULED,1631912400,HSL:4445_20210917_La_2_1605,445,HSL:4330216,Katriinan sairaala
61980,61980,0,61980,61980,0,False,SCHEDULED,1631912400,HSL:4445T_20210917_La_2_1655,445T,HSL:4330216,Katriinan sairaala
49260,49260,0,49260,49260,0,False,SCHEDULED,1631912400,HSL:4445_20210917_La_1_1330,445,HSL:4330217,Ahoniityntie
52860,52860,0,52860,52860,0,False,SCHEDULED,1631912400,HSL:4445_20210917_La_1_1430,445,HSL:4330217,Ahoniityntie
60060,60060,0,60060,60060,0,False,SCHEDULED,1631912400,HSL:4445_20210917_La_1_1630,445,HSL:4330217,Ahoniityntie
63660,63660,0,63660,63660,0,False,SCHEDULED,1631912400,HSL:4445_20210917_La_1_1730,445,HSL:4330217,Ahoniityntie
71460,71460,0,71460,71460,0,False,SCHEDULED,1631912400,HSL:4445_20210917_La_1_1940,445,HSL:4330217,Ahoniityntie
47520,47520,0,47520,47520,0,False,SCHEDULED,1631912400,HSL:4445_20210917_La_2_1305,445,HSL:4330218,Ahoniityntie
54720,54720,0,54720,54720,0,False,SCHEDULED,1631912400,HSL:4445_20210917_La_2_1505,445,HSL:4330218,Ahoniityntie
58320,58320,0,58320,58320,0,False,SCHEDULED,1631912400,HSL:4445_20210917_La_2_1605,445,HSL:4330218,Ahoniityntie
65520,65520,0,65520,65520,0,False,SCHEDULED,1631912400,HSL:4445_20210917_La_2_1805,445,HSL:4330218,Ahoniityntie
69000,69000,0,69000,69000,0,False,SCHEDULED,1631912400,HSL:4445_20210917_La_2_1903,445,HSL:4330218,Ahoniityntie
46260,46320,60,46260,46321,61,True,UPDATED,1631912400,HSL:4445T_20210917_La_1_1230,445T,HSL:4330219,Suosaarentie
49320,49320,0,49320,49320,0,False,SCHEDULED,1631912400,HSL:4445_20210917_La_1_1330,445,HSL:4330219,Suosaarentie
52920,52920,0,52920,52920,0,False,SCHEDULED,1631912400,HSL:4445_20210917_La_1_1430,445,HSL:4330219,Suosaarentie
57060,57060,0,57060,57060,0,False,SCHEDULED,1631912400,HSL:4445T_20210917_La_1_1530,445T,HSL:4330219,Suosaarentie
60120,60120,0,60120,60120,0,False,SCHEDULED,1631912400,HSL:4445_20210917_La_1_1630,445,HSL:4330219,Suosaarentie
45180,45500,320,45180,45505,325,True,UPDATED,1631912400,HSL:5565_20210917_La_2_1212,565,HSL:2143216,Kaivosmiehentie
45780,45718,-62,45780,45730,-50,True,UPDATED,1631912400,HSL:2321_20210917_La_2_1229,321,HSL:2143216,Kaivosmiehentie
45840,45830,-10,45840,45833,-7,True,UPDATED,1631912400,HSL:2548_20210917_La_1_1213,548,HSL:2143216,Kaivosmiehentie
46080,46080,0,46080,46080,0,False,SCHEDULED,1631912400,HSL:2215_20210917_La_2_1241,215,HSL:2143216,Kaivosmiehentie
46200,46143,-57,46200,46148,-52,True,UPDATED,1631912400,HSL:2214_20210917_La_1_1231,214,HSL:2143216,Kaivosmiehentie
45120,45322,202,45120,45325,205,True,UPDATED,1631912400,HSL:1089_20210917_La_1_1227,89,HSL:1491101,Itäniitynpolku
45360,45360,0,45360,45360,0,False,SCHEDULED,1631912400,HSL:1085_20210917_La_1_1231,85,HSL:1491101,Itäniitynpolku
46020,46020,0,46020,46020,0,False,SCHEDULED,1631912400,HSL:1089_20210917_La_1_1242,89,HSL:1491101,Itäniitynpolku
46020,46020,0,46020,46020,0,False,SCHEDULED,1631912400,HSL:1086_20210917_La_1_1241,86,HSL:1491101,Itäniitynpolku
46560,46560,0,46560,46560,0,False,SCHEDULED,1631912400,HSL:1085_20210917_La_1_1251,85,HSL:1491101,Itäniitynpolku
45180,45494,314,45180,45494,314,True,UPDATED,1631912400,HSL:5565_20210917_La_1_1208,565,HSL:2143215,Kaivosmiehentie
45960,45960,0,45960,45960,0,False,SCHEDULED,1631912400,HSL:2548_20210917_La_2_1245,548,HSL:2143215,Kaivosmiehentie
46860,46860,0,46860,46860,0,False,SCHEDULED,1631912400,HSL:2548_20210917_La_2_1300,548,HSL:2143215,Kaivosmiehentie
46980,46980,0,46980,46980,0,True,UPDATED,1631912400,HSL:5565_20210917_La_1_1238,565,HSL:2143215,Kaivosmiehentie
46980,47041,61,46980,47043,63,True,UPDATED,1631912400,HSL:2321_20210917_La_1_1229,321,HSL:2143215,Kaivosmiehentie
45240,45542,302,45240,45558,318,True,UPDATED,1631912400,HSL:5565_20210917_La_2_1212,565,HSL:2143218,Jupperinympyrä
45840,45840,0,45840,45840,0,True,UPDATED,1631912400,HSL:2321_20210917_La_2_1229,321,HSL:2143218,Jupperinympyrä
47100,47100,0,47100,47100,0,False,SCHEDULED,1631912400,HSL:5565_20210917_La_2_1242,565,HSL:2143218,Jupperinympyrä
47280,47280,0,47280,47280,0,False,SCHEDULED,1631912400,HSL:2321_20210917_La_2_1253,321,HSL:2143218,Jupperinympyrä
48900,48900,0,48900,48900,0,False,SCHEDULED,1631912400,HSL:5565_20210917_La_2_1312,565,HSL:2143218,Jupperinympyrä
45180,45444,264,45180,45454,274,True,UPDATED,1631912400,HSL:5565_20210917_La_1_1208,565,HSL:2143217,Jupperinympyrä
45900,45900,0,45900,45900,0,False,SCHEDULED,1631912400,HSL:2548_20210917_La_2_1245,548,HSL:2143217,Jupperinympyrä
46080,46080,0,46080,46080,0,True,UPDATED,1631912400,HSL:2215_20210917_La_1_1236,215,HSL:2143217,Jupperinympyrä
46800,46800,0,46800,46800,0,False,SCHEDULED,1631912400,HSL:2548_20210917_La_2_1300,548,HSL:2143217,Jupperinympyrä
46920,46920,0,46920,46920,0,False,SCHEDULED,1631912400,HSL:2214_20210917_La_2_1300,214,HSL:2143217,Jupperinympyrä
45540,45519,-21,45540,45530,-10,True,UPDATED,1631912400,HSL:1061_20210917_La_1_1222,61,HSL:1250101,Koskelantie
45660,45608,-52,45660,45608,-52,True,UPDATED,1631912400,HSL:4615_20210917_La_1_1225,615,HSL:1250101,Koskelantie
45720,45857,137,45720,45871,151,True,UPDATED,1631912400,HSL:1066_20210917_La_1_1226,66,HSL:1250101,Koskelantie
45900,45887,-13,45900,45898,-2,True,UPDATED,1631912400,HSL:4611_20210917_La_1_1229,611,HSL:1250101,Koskelantie
46080,46174,94,46080,46190,110,True,UPDATED,1631912400,HSL:1064_20210917_La_1_1232,64,HSL:1250101,Koskelantie
45120,45506,386,45120,45522,402,True,UPDATED,1631912400,HSL:1069_20210917_La_2_1142,69,HSL:1250108,Väinölänkuja
45720,45720,0,45720,45720,0,False,SCHEDULED,1631912400,HSL:1056_20210917_La_2_1221,56,HSL:1250108,Väinölänkuja
45720,45720,0,45720,45720,0,True,UPDATED,1631912400,HSL:1065_20210917_La_2_1235,65,HSL:1250108,Väinölänkuja
46320,46325,5,46320,46339,19,True,UPDATED,1631912400,HSL:1069_20210917_La_2_1202,69,HSL:1250108,Väinölänkuja
46320,46385,65,46320,46385,65,True,UPDATED,1631912400,HSL:1056_20210917_La_2_1231,56,HSL:1250108,Väinölänkuja
46140,46170,30,46140,46170,30,True,UPDATED,1631912400,HSL:2165_20210917_La_1_1226,165,HSL:2423228,Brinkinmäki
47040,47040,0,47040,47040,0,False,SCHEDULED,1631912400,HSL:2165_20210917_La_1_1241,165,HSL:2423228,Brinkinmäki
47940,47940,0,47940,47940,0,False,SCHEDULED,1631912400,HSL:2165_20210917_La_1_1256,165,HSL:2423228,Brinkinmäki
48840,48840,0,48840,48840,0,False,SCHEDULED,1631912400,HSL:2165_20210917_La_1_1311,165,HSL:2423228,Brinkinmäki
49740,49740,0,49740,49740,0,False,SCHEDULED,1631912400,HSL:2165_20210917_La_1_1326,165,HSL:2423228,Brinkinmäki
45300,45357,57,45300,45372,72,True,UPDATED,1631912400,HSL:1056_20210917_La_1_1220,56,HSL:1250107,Väinölänkuja
45600,45672,72,45600,45680,80,True,UPDATED,1631912400,HSL:1065_20210917_La_1_1220,65,HSL:1250107,Väinölänkuja
45900,45900,0,45900,45900,0,False,SCHEDULED,1631912400,HSL:1056_20210917_La_1_1230,56,HSL:1250107,Väinölänkuja
45960,46202,242,45960,46215,255,True,UPDATED,1631912400,HSL:1069_20210917_La_1_1222,69,HSL:1250107,Väinölänkuja
46500,46500,0,46500,46500,0,False,SCHEDULED,1631912400,HSL:1056_20210917_La_1_1240,56,HSL:1250107,Väinölänkuja
47100,47100,0,47100,47100,0,False,SCHEDULED,1631912400,HSL:2115_20210917_La_1_1300,115,HSL:2214210,Orion
49740,49740,0,49740,49740,0,False,SCHEDULED,1631912400,HSL:2115_20210917_La_1_1344,115,HSL:2214210,Orion
51600,51600,0,51600,51600,0,False,SCHEDULED,1631912400,HSL:2115_20210917_La_1_1415,115,HSL:2214210,Orion
54240,54240,0,54240,54240,0,False,SCHEDULED,1631912400,HSL:2115_20210917_La_1_1459,115,HSL:2214210,Orion
56160,56160,0,56160,56160,0,False,SCHEDULED,1631912400,HSL:2115_20210917_La_1_1531,115,HSL:2214210,Orion
45240,45401,161,45240,45411,171,True,UPDATED,1631912400,HSL:1066_20210917_La_2_1222,66,HSL:1250104,Käpylänaukio
45480,45507,27,45480,45513,33,True,UPDATED,1631912400,HSL:4623K_20210917_La_2_1203,623K,HSL:1250104,Käpylänaukio
45360,45552,192,45360,45560,200,True,UPDATED,1631912400,HSL:1061_20210917_La_2_1211,61,HSL:1250104,Käpylänaukio
45660,45720,60,45660,45726,66,True,UPDATED,1631912400,HSL:4611_20210917_La_2_1208,611,HSL:1250104,Käpylänaukio
45780,45846,66,45780,45853,73,True,UPDATED,1631912400,HSL:1067_20210917_La_2_1224,67,HSL:1250104,Käpylänaukio
45360,45360,0,45360,45360,0,False,SCHEDULED,1631912400,HSL:2124_20210917_La_2_1233,124,HSL:2423223,Reelinkikatu
47160,47160,0,47160,47160,0,False,SCHEDULED,1631912400,HSL:2124_20210917_La_2_1303,124,HSL:2423223,Reelinkikatu
48960,48960,0,48960,48960,0,False,SCHEDULED,1631912400,HSL:2124_20210917_La_2_1333,124,HSL:2423223,Reelinkikatu
50760,50760,0,50760,50760,0,False,SCHEDULED,1631912400,HSL:2124_20210917_La_2_1403,124,HSL:2423223,Reelinkikatu
52560,52560,0,52560,52560,0,False,SCHEDULED,1631912400,HSL:2124_20210917_La_2_1433,124,HSL:2423223,Reelinkikatu
45300,45557,257,45300,45557,257,True,UPDATED,1631912400,HSL:5565_20210917_La_1_1208,565,HSL:2143212,Pitkäjärvenranta
46080,46080,0,46080,46080,0,False,SCHEDULED,1631912400,HSL:2548_20210917_La_2_1245,548,HSL:2143212,Pitkäjärvenranta
46980,46980,0,46980,46980,0,False,SCHEDULED,1631912400,HSL:2548_20210917_La_2_1300,548,HSL:2143212,Pitkäjärvenranta
47100,47100,0,47100,47100,0,True,UPDATED,1631912400,HSL:5565_20210917_La_1_1238,565,HSL:2143212,Pitkäjärvenranta
47040,47111,71,47040,47113,73,True,UPDATED,1631912400,HSL:2321_20210917_La_1_1229,321,HSL:2143212,Pitkäjärvenranta
45120,45422,302,45120,45428,308,True,UPDATED,1631912400,HSL:5565_20210917_La_2_1212,565,HSL:2143211,Pitkäjärvenranta
45720,45657,-63,45720,45661,-59,True,UPDATED,1631912400,HSL:2321_20210917_La_2_1229,321,HSL:2143211,Pitkäjärvenranta
45780,45753,-27,45780,45758,-22,True,UPDATED,1631912400,HSL:2548_20210917_La_1_1213,548,HSL:2143211,Pitkäjärvenranta
46680,46675,-5,46680,46711,31,True,UPDATED,1631912400,HSL:2548_20210917_La_1_1228,548,HSL:2143211,Pitkäjärvenranta
46980,46980,0,46980,46980,0,False,SCHEDULED,1631912400,HSL:5565_20210917_La_2_1242,565,HSL:2143211,Pitkäjärvenranta
45600,45571,-29,45600,45577,-23,True,UPDATED,1631912400,HSL:1061_20210917_La_1_1222,61,HSL:1250103,Käpylänaukio
45780,45922,142,45780,45931,151,True,UPDATED,1631912400,HSL:1066_20210917_La_1_1226,66,HSL:1250103,Käpylänaukio
46140,46229,89,46140,46236,96,True,UPDATED,1631912400,HSL:1064_20210917_La_1_1232,64,HSL:1250103,Käpylänaukio
46380,46380,0,46380,46380,0,False,SCHEDULED,1631912400,HSL:1067_20210917_La_1_1236,67,HSL:1250103,Käpylänaukio
46800,46800,0,46800,46800,0,False,SCHEDULED,1631912400,HSL:1061_20210917_La_1_1242,61,HSL:1250103,Käpylänaukio
45300,45368,68,45300,45368,68,True,UPDATED,1631912400,HSL:1086_20210917_La_2_1224,86,HSL:1491104,Humalniementie
45900,45940,40,45900,45944,44,True,UPDATED,1631912400,HSL:1085_20210917_La_2_1234,85,HSL:1491104,Humalniementie
46500,46500,0,46500,46500,0,False,SCHEDULED,1631912400,HSL:1086_20210917_La_2_1244,86,HSL:1491104,Humalniementie
47100,47100,0,47100,47100,0,False,SCHEDULED,1631912400,HSL:1085_20210917_La_2_1254,85,HSL:1491104,Humalniementie
47700,47700,0,47700,47700,0,False,SCHEDULED,1631912400,HSL:1086_20210917_La_2_1304,86,HSL:1491104,Humalniementie
45240,45585,345,45300,45604,304,True,UPDATED,1631912400,HSL:1506_20210917_La_2_1214,506,HSL:1250106,Joukolan puisto
45780,45780,0,45780,45780,0,False,SCHEDULED,1631912400,HSL:1056_20210917_La_2_1221,56,HSL:1250106,Joukolan puisto
46380,46445,65,46380,46445,65,True,UPDATED,1631912400,HSL:1056_20210917_La_2_1231,56,HSL:1250106,Joukolan puisto
46440,46471,31,46500,46531,31,True,UPDATED,1631912400,HSL:1506_20210917_La_2_1234,506,HSL:1250106,Joukolan puisto
46980,46980,0,46980,46980,0,False,SCHEDULED,1631912400,HSL:1056_20210917_La_2_1241,56,HSL:1250106,Joukolan puisto
45420,45420,0,45420,45420,0,False,SCHEDULED,1631912400,HSL:1085_20210917_La_1_1231,85,HSL:1491103,Humalniementie
46080,46080,0,46080,46080,0,False,SCHEDULED,1631912400,HSL:1086_20210917_La_1_1241,86,HSL:1491103,Humalniementie
46620,46620,0,46620,46620,0,False,SCHEDULED,1631912400,HSL:1085_20210917_La_1_1251,85,HSL:1491103,Humalniementie
47280,47280,0,47280,47280,0,False,SCHEDULED,1631912400,HSL:1086_20210917_La_1_1301,86,HSL:1491103,Humalniementie
47820,47820,0,47820,47820,0,False,SCHEDULED,1631912400,HSL:1085_20210917_La_1_1311,85,HSL:1491103,Humalniementie
45180,45462,282,45180,45466,286,True,UPDATED,1631912400,HSL:5565_20210917_La_2_1212,565,HSL:2143214,Huvilamäki
45780,45700,-80,45780,45706,-74,True,UPDATED,1631912400,HSL:2321_20210917_La_2_1229,321,HSL:2143214,Huvilamäki
45840,45796,-44,45840,45798,-42,True,UPDATED,1631912400,HSL:2548_20210917_La_1_1213,548,HSL:2143214,Huvilamäki
46740,46714,-26,46740,46750,10,True,UPDATED,1631912400,HSL:2548_20210917_La_1_1228,548,HSL:2143214,Huvilamäki
47040,47040,0,47040,47040,0,False,SCHEDULED,1631912400,HSL:5565_20210917_La_2_1242,565,HSL:2143214,Huvilamäki
46080,46184,104,46080,46184,104,True,UPDATED,1631912400,HSL:2124_20210917_La_1_1217,124,HSL:2423225,Reelinkikatu
47940,47940,0,47940,47940,0,False,SCHEDULED,1631912400,HSL:2124_20210917_La_1_1247,124,HSL:2423225,Reelinkikatu
49740,49740,0,49740,49740,0,False,SCHEDULED,1631912400,HSL:2124_20210917_La_1_1317,124,HSL:2423225,Reelinkikatu
51540,51540,0,51540,51540,0,False,SCHEDULED,1631912400,HSL:2124_20210917_La_1_1347,124,HSL:2423225,Reelinkikatu
53340,53340,0,53340,53340,0,False,SCHEDULED,1631912400,HSL:2124_20210917_La_1_1417,124,HSL:2423225,Reelinkikatu
45300,45368,68,45300,45368,68,True,UPDATED,1631912400,HSL:1086_20210917_La_2_1224,86,HSL:1491102,Itäniitynpolku
45840,45840,0,45840,45840,0,False,SCHEDULED,1631912400,HSL:1089_20210917_La_2_1240,89,HSL:1491102,Itäniitynpolku
45960,45967,7,45960,45973,13,True,UPDATED,1631912400,HSL:1085_20210917_La_2_1234,85,HSL:1491102,Itäniitynpolku
46500,46500,0,46500,46500,0,False,SCHEDULED,1631912400,HSL:1086_20210917_La_2_1244,86,HSL:1491102,Itäniitynpolku
46740,46740,0,46740,46740,0,False,SCHEDULED,1631912400,HSL:1089_20210917_La_2_1255,89,HSL:1491102,Itäniitynpolku
45240,45516,276,45240,45520,280,True,UPDATED,1631912400,HSL:5565_20210917_La_1_1208,565,HSL:2143213,Huvilamäki
46020,46020,0,46020,46020,0,False,SCHEDULED,1631912400,HSL:2548_20210917_La_2_1245,548,HSL:2143213,Huvilamäki
46920,46920,0,46920,46920,0,False,SCHEDULED,1631912400,HSL:2548_20210917_La_2_1300,548,HSL:2143213,Huvilamäki
47040,47040,0,47040,47040,0,True,UPDATED,1631912400,HSL:5565_20210917_La_1_1238,565,HSL:2143213,Huvilamäki
46980,47065,85,46980,47068,88,True,UPDATED,1631912400,HSL:2321_20210917_La_1_1229,321,HSL:2143213,Huvilamäki
45600,45628,28,45600,45661,61,True,UPDATED,1631912400,HSL:1506_20210917_La_1_1210,506,HSL:1250105,Joukolan puisto
45840,45840,0,45840,45840,0,False,SCHEDULED,1631912400,HSL:1056_20210917_La_1_1230,56,HSL:1250105,Joukolan puisto
46440,46440,0,46440,46440,0,False,SCHEDULED,1631912400,HSL:1056_20210917_La_1_1240,56,HSL:1250105,Joukolan puisto
46800,46758,-42,46800,46797,-3,True,UPDATED,1631912400,HSL:1506_20210917_La_1_1230,506,HSL:1250105,Joukolan puisto
47040,47040,0,47040,47040,0,False,SCHEDULED,1631912400,HSL:1056_20210917_La_1_1250,56,HSL:1250105,Joukolan puisto
47460,47460,0,47460,47460,0,False,SCHEDULED,1631912400,HSL:4445_20210917_La_2_1305,445,HSL:4330220,Suosaarentie
54660,54660,0,54660,54660,0,False,SCHEDULED,1631912400,HSL:4445_20210917_La_2_1505,445,HSL:4330220,Suosaarentie
58260,58260,0,58260,58260,0,False,SCHEDULED,1631912400,HSL:4445_20210917_La_2_1605,445,HSL:4330220,Suosaarentie
65460,65460,0,65460,65460,0,False,SCHEDULED,1631912400,HSL:4445_20210917_La_2_1805,445,HSL:4330220,Suosaarentie
68940,68940,0,68940,68940,0,False,SCHEDULED,1631912400,HSL:4445_20210917_La_2_1903,445,HSL:4330220,Suosaarentie
46020,46037,17,46020,46067,47,True,UPDATED,1631912400,HSL:4445T_20210917_La_1_1230,445T,HSL:4330221,Tapolanrinne
50880,50880,0,50880,50880,0,False,SCHEDULED,1631912400,HSL:4445T_20210917_La_2_1355,445T,HSL:4330221,Tapolanrinne
56820,56820,0,56820,56820,0,False,SCHEDULED,1631912400,HSL:4445T_20210917_La_1_1530,445T,HSL:4330221,Tapolanrinne
61680,61680,0,61680,61680,0,False,SCHEDULED,1631912400,HSL:4445T_20210917_La_2_1655,445T,HSL:4330221,Tapolanrinne
67620,67620,0,67620,67620,0,False,SCHEDULED,1631912400,HSL:4445T_20210917_La_1_1830,445T,HSL:4330221,Tapolanrinne
45900,45925,25,45900,45926,26,True,UPDATED,1631912400,HSL:4445T_20210917_La_1_1230,445T,HSL:4330222,Tapolanrinne
50760,50760,0,50760,50760,0,False,SCHEDULED,1631912400,HSL:4445T_20210917_La_2_1355,445T,HSL:4330222,Tapolanrinne
56700,56700,0,56700,56700,0,False,SCHEDULED,1631912400,HSL:4445T_20210917_La_1_1530,445T,HSL:4330222,Tapolanrinne
61560,61560,0,61560,61560,0,False,SCHEDULED,1631912400,HSL:4445T_20210917_La_2_1655,445T,HSL:4330222,Tapolanrinne
67500,67500,0,67500,67500,0,False,SCHEDULED,1631912400,HSL:4445T_20210917_La_1_1830,445T,HSL:4330222,Tapolanrinne
45960,45958,-2,45960,46014,54,True,UPDATED,1631912400,HSL:4445T_20210917_La_1_1230,445T,HSL:4330223,Tapola
50820,50820,0,50820,50820,0,False,SCHEDULED,1631912400,HSL:4445T_20210917_La_2_1355,445T,HSL:4330223,Tapola
56760,56760,0,56760,56760,0,False,SCHEDULED,1631912400,HSL:4445T_20210917_La_1_1530,445T,HSL:4330223,Tapola
61620,61620,0,61620,61620,0,False,SCHEDULED,1631912400,HSL:4445T_20210917_La_2_1655,445T,HSL:4330223,Tapola
67560,67560,0,67560,67560,0,False,SCHEDULED,1631912400,HSL:4445T_20210917_La_1_1830,445T,HSL:4330223,Tapola
45720,45792,72,45720,45800,80,True,UPDATED,1631912400,HSL:2115_20210917_La_2_1234,115,HSL:2214248,Urheilupuisto (M)
46080,46159,79,46080,46172,92,True,UPDATED,1631912400,HSL:2114_20210917_La_2_1225,114,HSL:2214248,Urheilupuisto (M)
46980,46980,0,46980,46980,0,False,SCHEDULED,1631912400,HSL:2114_20210917_La_2_1240,114,HSL:2214248,Urheilupuisto (M)
47880,47880,0,47880,47880,0,False,SCHEDULED,1631912400,HSL:2114_20210917_La_2_1255,114,HSL:2214248,Urheilupuisto (M)
48420,48420,0,48420,48420,0,False,SCHEDULED,1631912400,HSL:2115_20210917_La_2_1319,115,HSL:2214248,Urheilupuisto (M)
46020,46089,69,46020,46089,69,True,UPDATED,1631912400,HSL:4445T_20210917_La_1_1230,445T,HSL:4330225,Kotamäki
50880,50880,0,50880,50880,0,False,SCHEDULED,1631912400,HSL:4445T_20210917_La_2_1355,445T,HSL:4330225,Kotamäki
56820,56820,0,56820,56820,0,False,SCHEDULED,1631912400,HSL:4445T_20210917_La_1_1530,445T,HSL:4330225,Kotamäki
61680,61680,0,61680,61680,0,False,SCHEDULED,1631912400,HSL:4445T_20210917_La_2_1655,445T,HSL:4330225,Kotamäki
67620,67620,0,67620,67620,0,False,SCHEDULED,1631912400,HSL:4445T_20210917_La_1_1830,445T,HSL:4330225,Kotamäki
46200,46294,94,46200,46295,95,True,UPDATED,1631912400,HSL:4445T_20210917_La_1_1230,445T,HSL:4330227,Pirttirannantie
57000,57000,0,57000,57000,0,False,SCHEDULED,1631912400,HSL:4445T_20210917_La_1_1530,445T,HSL:4330227,Pirttirannantie
67800,67800,0,67800,67800,0,False,SCHEDULED,1631912400,HSL:4445T_20210917_La_1_1830,445T,HSL:4330227,Pirttirannantie
50580,50580,0,50580,50580,0,False,SCHEDULED,1631912400,HSL:4445T_20210917_La_2_1355,445T,HSL:4330228,Pirttirannantie
61380,61380,0,61380,61380,0,False,SCHEDULED,1631912400,HSL:4445T_20210917_La_2_1655,445T,HSL:4330228,Pirttirannantie
45720,45717,-3,45720,45723,3,True,UPDATED,1631912400,HSL:1085_20210917_La_2_1234,85,HSL:1491134,Willebrandintie
46320,46320,0,46320,46320,0,False,SCHEDULED,1631912400,HSL:1086_20210917_La_2_1244,86,HSL:1491134,Willebrandintie
46920,46920,0,46920,46920,0,False,SCHEDULED,1631912400,HSL:1085_20210917_La_2_1254,85,HSL:1491134,Willebrandintie
47520,47520,0,47520,47520,0,False,SCHEDULED,1631912400,HSL:1086_20210917_La_2_1304,86,HSL:1491134,Willebrandintie
48120,48120,0,48120,48120,0,False,SCHEDULED,1631912400,HSL:1085_20210917_La_2_1314,85,HSL:1491134,Willebrandintie
45600,45600,0,45600,45600,0,False,SCHEDULED,1631912400,HSL:1085_20210917_La_1_1231,85,HSL:1491133,Willebrandintie
46260,46260,0,46260,46260,0,False,SCHEDULED,1631912400,HSL:1086_20210917_La_1_1241,86,HSL:1491133,Willebrandintie
46800,46800,0,46800,46800,0,False,SCHEDULED,1631912400,HSL:1085_20210917_La_1_1251,85,HSL:1491133,Willebrandintie
47460,47460,0,47460,47460,0,False,SCHEDULED,1631912400,HSL:1086_20210917_La_1_1301,86,HSL:1491133,Willebrandintie
48000,48000,0,48000,48000,0,False,SCHEDULED,1631912400,HSL:1085_20210917_La_1_1311,85,HSL:1491133,Willebrandintie
77100,77100,0,77100,77100,0,False,SCHEDULED,1631912400,HSL:1085B_20210917_La_2_2117,85B,HSL:1491132,Sarvastonkaari
78360,78360,0,78360,78360,0,False,SCHEDULED,1631912400,HSL:1085B_20210917_La_2_2138,85B,HSL:1491132,Sarvastonkaari
79440,79440,0,79440,79440,0,False,SCHEDULED,1631912400,HSL:1085B_20210917_La_2_2157,85B,HSL:1491132,Sarvastonkaari
80640,80640,0,80640,80640,0,False,SCHEDULED,1631912400,HSL:1085B_20210917_La_2_2217,85B,HSL:1491132,Sarvastonkaari
81900,81900,0,81900,81900,0,False,SCHEDULED,1631912400,HSL:1085B_20210917_La_2_2238,85B,HSL:1491132,Sarvastonkaari
77040,77040,0,77040,77040,0,False,SCHEDULED,1631912400,HSL:1085B_20210917_La_1_2114,85B,HSL:1491131,Sarvastonkaari
78240,78240,0,78240,78240,0,False,SCHEDULED,1631912400,HSL:1085B_20210917_La_1_2134,85B,HSL:1491131,Sarvastonkaari
79380,79380,0,79380,79380,0,False,SCHEDULED,1631912400,HSL:1085B_20210917_La_1_2154,85B,HSL:1491131,Sarvastonkaari
80700,80700,0,80700,80700,0,False,SCHEDULED,1631912400,HSL:1085B_20210917_La_1_2216,85B,HSL:1491131,Sarvastonkaari
81780,81780,0,81780,81780,0,False,SCHEDULED,1631912400,HSL:1085B_20210917_La_1_2234,85B,HSL:1491131,Sarvastonkaari
45300,45357,57,45300,45366,66,True,UPDATED,1631912400,HSL:2124K_20210917_La_1_1232,124K,HSL:2214241,Niittymaa
45780,45780,0,45780,45780,0,False,SCHEDULED,1631912400,HSL:2125_20210917_La_1_1240,125,HSL:2214241,Niittymaa
45780,45780,0,45780,45780,0,False,SCHEDULED,1631912400,HSL:2112_20210917_La_1_1239,112,HSL:2214241,Niittymaa
46200,46200,0,46200,46200,0,False,SCHEDULED,1631912400,HSL:2124_20210917_La_1_1247,124,HSL:2214241,Niittymaa
46200,46200,0,46200,46200,0,False,SCHEDULED,1631912400,HSL:2118B_20210917_La_1_1247,118B,HSL:2214241,Niittymaa
45240,45291,51,45240,45312,72,True,UPDATED,1631912400,HSL:2114_20210917_La_2_1210,114,HSL:2214242,Niittymaa
45240,45546,306,45240,45551,311,True,UPDATED,1631912400,HSL:2124_20210917_La_2_1203,124,HSL:2214242,Niittymaa
45720,45718,-2,45720,45721,1,True,UPDATED,1631912400,HSL:2125_20210917_La_2_1215,125,HSL:2214242,Niittymaa
45720,45792,72,45720,45796,76,True,UPDATED,1631912400,HSL:2118_20210917_La_2_1156,118,HSL:2214242,Niittymaa
45780,45857,77,45780,45859,79,True,UPDATED,1631912400,HSL:2115_20210917_La_2_1234,115,HSL:2214242,Niittymaa
45360,45360,0,45360,45360,0,False,SCHEDULED,1631912400,HSL:2118_20210917_La_1_1232,118,HSL:2214243,Niittyportti
45360,45414,54,45360,45424,64,True,UPDATED,1631912400,HSL:2124K_20210917_La_1_1232,124K,HSL:2214243,Niittyportti
45840,45840,0,45840,45840,0,False,SCHEDULED,1631912400,HSL:2125_20210917_La_1_1240,125,HSL:2214243,Niittyportti
45840,45840,0,45840,45840,0,False,SCHEDULED,1631912400,HSL:2112_20210917_La_1_1239,112,HSL:2214243,Niittyportti
46260,46260,0,46260,46260,0,False,SCHEDULED,1631912400,HSL:2124_20210917_La_1_1247,124,HSL:2214243,Niittyportti
45180,45487,307,45180,45495,315,True,UPDATED,1631912400,HSL:2124_20210917_La_2_1203,124,HSL:2214244,Niittyportti
45660,45686,26,45660,45710,50,True,UPDATED,1631912400,HSL:2125_20210917_La_2_1215,125,HSL:2214244,Niittyportti
45660,45729,69,45660,45736,76,True,UPDATED,1631912400,HSL:2118_20210917_La_2_1156,118,HSL:2214244,Niittyportti
46080,46080,0,46080,46080,0,True,UPDATED,1631912400,HSL:2112_20210917_La_2_1235,112,HSL:2214244,Niittyportti
46080,46213,133,46080,46220,140,True,UPDATED,1631912400,HSL:2124K_20210917_La_2_1218,124K,HSL:2214244,Niittyportti
45600,45597,-3,45600,45612,12,True,UPDATED,1631912400,HSL:1085_20210917_La_2_1234,85,HSL:1491138,Isosarvastontie
46800,46800,0,46800,46800,0,False,SCHEDULED,1631912400,HSL:1085_20210917_La_2_1254,85,HSL:1491138,Isosarvastontie
48000,48000,0,48000,48000,0,False,SCHEDULED,1631912400,HSL:1085_20210917_La_2_1314,85,HSL:1491138,Isosarvastontie
49200,49200,0,49200,49200,0,False,SCHEDULED,1631912400,HSL:1085_20210917_La_2_1334,85,HSL:1491138,Isosarvastontie
50400,50400,0,50400,50400,0,False,SCHEDULED,1631912400,HSL:1085_20210917_La_2_1354,85,HSL:1491138,Isosarvastontie
45660,45652,-8,45660,45677,17,True,UPDATED,1631912400,HSL:1085_20210917_La_2_1234,85,HSL:1491136,Sarpapolku
46260,46260,0,46260,46260,0,False,SCHEDULED,1631912400,HSL:1086_20210917_La_2_1244,86,HSL:1491136,Sarpapolku
46860,46860,0,46860,46860,0,False,SCHEDULED,1631912400,HSL:1085_20210917_La_2_1254,85,HSL:1491136,Sarpapolku
47460,47460,0,47460,47460,0,False,SCHEDULED,1631912400,HSL:1086_20210917_La_2_1304,86,HSL:1491136,Sarpapolku
48060,48060,0,48060,48060,0,False,SCHEDULED,1631912400,HSL:1085_20210917_La_2_1314,85,HSL:1491136,Sarpapolku
46260,46198,-62,46260,46200,-60,True,UPDATED,1631912400,HSL:2214_20210917_La_1_1231,214,HSL:2143247,Kaivoskuja
48060,48060,0,48060,48060,0,False,SCHEDULED,1631912400,HSL:2214_20210917_La_1_1301,214,HSL:2143247,Kaivoskuja
49860,49860,0,49860,49860,0,False,SCHEDULED,1631912400,HSL:2214_20210917_La_1_1331,214,HSL:2143247,Kaivoskuja
51660,51660,0,51660,51660,0,False,SCHEDULED,1631912400,HSL:2214_20210917_La_1_1401,214,HSL:2143247,Kaivoskuja
53460,53460,0,53460,53460,0,False,SCHEDULED,1631912400,HSL:2214_20210917_La_1_1431,214,HSL:2143247,Kaivoskuja
46860,46860,0,46860,46860,0,False,SCHEDULED,1631912400,HSL:2214_20210917_La_2_1300,214,HSL:2143246,Kaivoskuja
48660,48660,0,48660,48660,0,False,SCHEDULED,1631912400,HSL:2214_20210917_La_2_1330,214,HSL:2143246,Kaivoskuja
50460,50460,0,50460,50460,0,False,SCHEDULED,1631912400,HSL:2214_20210917_La_2_1400,214,HSL:2143246,Kaivoskuja
52260,52260,0,52260,52260,0,False,SCHEDULED,1631912400,HSL:2214_20210917_La_2_1430,214,HSL:2143246,Kaivoskuja
54060,54060,0,54060,54060,0,False,SCHEDULED,1631912400,HSL:2214_20210917_La_2_1500,214,HSL:2143246,Kaivoskuja
45120,45405,285,45120,45426,306,True,UPDATED,1631912400,HSL:2124_20210917_La_2_1203,124,HSL:2214238,Niittykumpu (M)
45600,45565,-35,45600,45637,37,True,UPDATED,1631912400,HSL:2125_20210917_La_2_1215,125,HSL:2214238,Niittykumpu (M)
45600,45652,52,45600,45676,76,True,UPDATED,1631912400,HSL:2118_20210917_La_2_1156,118,HSL:2214238,Niittykumpu (M)
46020,46105,85,46020,46149,129,True,UPDATED,1631912400,HSL:2124K_20210917_La_2_1218,124K,HSL:2214238,Niittykumpu (M)
46500,46500,0,46500,46500,0,False,SCHEDULED,1631912400,HSL:2118B_20210917_La_2_1247,118B,HSL:2214238,Niittykumpu (M)
45420,45420,0,45420,45420,0,False,SCHEDULED,1631912400,HSL:2118_20210917_La_1_1232,118,HSL:2214239,Niittykumpu (M)
45420,45469,49,45420,45490,70,True,UPDATED,1631912400,HSL:2124K_20210917_La_1_1232,124K,HSL:2214239,Niittykumpu (M)
45900,45900,0,45900,45900,0,False,SCHEDULED,1631912400,HSL:2125_20210917_La_1_1240,125,HSL:2214239,Niittykumpu (M)
46320,46320,0,46320,46320,0,False,SCHEDULED,1631912400,HSL:2124_20210917_La_1_1247,124,HSL:2214239,Niittykumpu (M)
46320,46320,0,46320,46320,0,False,SCHEDULED,1631912400,HSL:2118B_20210917_La_1_1247,118B,HSL:2214239,Niittykumpu (M)
45780,45780,0,45780,45780,0,False,SCHEDULED,1631912400,HSL:1089_20210917_La_2_1240,89,HSL:1491123,Yliskylänkaari
46680,46680,0,46680,46680,0,False,SCHEDULED,1631912400,HSL:1089_20210917_La_2_1255,89,HSL:1491123,Yliskylänkaari
47580,47580,0,47580,47580,0,False,SCHEDULED,1631912400,HSL:1089_20210917_La_2_1310,89,HSL:1491123,Yliskylänkaari
48480,48480,0,48480,48480,0,False,SCHEDULED,1631912400,HSL:1089_20210917_La_2_1325,89,HSL:1491123,Yliskylänkaari
49380,49380,0,49380,49380,0,False,SCHEDULED,1631912400,HSL:1089_20210917_La_2_1340,89,HSL:1491123,Yliskylänkaari
45540,45556,16,45540,45557,17,True,UPDATED,1631912400,HSL:4619_20210917_La_2_1229,619,HSL:4600204,Ailakkitie
46440,46495,55,46440,46500,60,True,UPDATED,1631912400,HSL:4735_20210917_La_2_1219,735,HSL:4600204,Ailakkitie
47340,47340,0,47340,47340,0,False,SCHEDULED,1631912400,HSL:4619_20210917_La_2_1259,619,HSL:4600204,Ailakkitie
48240,48240,0,48240,48240,0,False,SCHEDULED,1631912400,HSL:4735_20210917_La_2_1249,735,HSL:4600204,Ailakkitie
49140,49140,0,49140,49140,0,False,SCHEDULED,1631912400,HSL:4619_20210917_La_2_1329,619,HSL:4600204,Ailakkitie
46080,46080,0,46080,46080,0,False,SCHEDULED,1631912400,HSL:4619_20210917_La_1_1241,619,HSL:4600205,Talkootie
47880,47880,0,47880,47880,0,False,SCHEDULED,1631912400,HSL:4619_20210917_La_1_1311,619,HSL:4600205,Talkootie
49680,49680,0,49680,49680,0,False,SCHEDULED,1631912400,HSL:4619_20210917_La_1_1341,619,HSL:4600205,Talkootie
51480,51480,0,51480,51480,0,False,SCHEDULED,1631912400,HSL:4619_20210917_La_1_1411,619,HSL:4600205,Talkootie
53280,53280,0,53280,53280,0,False,SCHEDULED,1631912400,HSL:4619_20210917_La_1_1441,619,HSL:4600205,Talkootie
45180,45356,176,45180,45366,186,True,UPDATED,1631912400,HSL:1089_20210917_La_1_1227,89,HSL:1491122,Yliskylänkaari
46080,46080,0,46080,46080,0,False,SCHEDULED,1631912400,HSL:1089_20210917_La_1_1242,89,HSL:1491122,Yliskylänkaari
46980,46980,0,46980,46980,0,False,SCHEDULED,1631912400,HSL:1089_20210917_La_1_1257,89,HSL:1491122,Yliskylänkaari
47880,47880,0,47880,47880,0,False,SCHEDULED,1631912400,HSL:1089_20210917_La_1_1312,89,HSL:1491122,Yliskylänkaari
48780,48780,0,48780,48780,0,False,SCHEDULED,1631912400,HSL:1089_20210917_La_1_1327,89,HSL:1491122,Yliskylänkaari
45480,45494,14,45480,45513,33,True,UPDATED,1631912400,HSL:4619_20210917_La_2_1229,619,HSL:4600206,Talkootie
46380,46450,70,46380,46457,77,True,UPDATED,1631912400,HSL:4735_20210917_La_2_1219,735,HSL:4600206,Talkootie
47280,47280,0,47280,47280,0,False,SCHEDULED,1631912400,HSL:4619_20210917_La_2_1259,619,HSL:4600206,Talkootie
48180,48180,0,48180,48180,0,False,SCHEDULED,1631912400,HSL:4735_20210917_La_2_1249,735,HSL:4600206,Talkootie
49080,49080,0,49080,49080,0,False,SCHEDULED,1631912400,HSL:4619_20210917_La_2_1329,619,HSL:4600206,Talkootie
46140,46140,0,46140,46140,0,False,SCHEDULED,1631912400,HSL:4619_20210917_La_1_1241,619,HSL:4600207,Hiekkatie
47940,47940,0,47940,47940,0,False,SCHEDULED,1631912400,HSL:4619_20210917_La_1_1311,619,HSL:4600207,Hiekkatie
49740,49740,0,49740,49740,0,False,SCHEDULED,1631912400,HSL:4619_20210917_La_1_1341,619,HSL:4600207,Hiekkatie
51540,51540,0,51540,51540,0,False,SCHEDULED,1631912400,HSL:4619_20210917_La_1_1411,619,HSL:4600207,Hiekkatie
53340,53340,0,53340,53340,0,False,SCHEDULED,1631912400,HSL:4619_20210917_La_1_1441,619,HSL:4600207,Hiekkatie
45780,45780,0,45780,45780,0,True,UPDATED,1631912400,HSL:1084_20210917_La_2_1240,84,HSL:1491120,Gunillanpolku
46380,46380,0,46380,46380,0,False,SCHEDULED,1631912400,HSL:1084_20210917_La_2_1250,84,HSL:1491120,Gunillanpolku
46980,46980,0,46980,46980,0,False,SCHEDULED,1631912400,HSL:1084_20210917_La_2_1300,84,HSL:1491120,Gunillanpolku
47580,47580,0,47580,47580,0,False,SCHEDULED,1631912400,HSL:1084_20210917_La_2_1310,84,HSL:1491120,Gunillanpolku
48180,48180,0,48180,48180,0,False,SCHEDULED,1631912400,HSL:1084_20210917_La_2_1320,84,HSL:1491120,Gunillanpolku
45360,45433,73,45360,45437,77,True,UPDATED,1631912400,HSL:4735_20210917_La_1_1231,735,HSL:4600201,Suopursuntie
45960,45960,0,45960,45960,0,False,SCHEDULED,1631912400,HSL:4619_20210917_La_1_1241,619,HSL:4600201,Suopursuntie
47160,47160,0,47160,47160,0,False,SCHEDULED,1631912400,HSL:4735_20210917_La_1_1300,735,HSL:4600201,Suopursuntie
47760,47760,0,47760,47760,0,False,SCHEDULED,1631912400,HSL:4619_20210917_La_1_1311,619,HSL:4600201,Suopursuntie
48960,48960,0,48960,48960,0,False,SCHEDULED,1631912400,HSL:4735_20210917_La_1_1330,735,HSL:4600201,Suopursuntie
45420,45491,71,45420,45499,79,True,UPDATED,1631912400,HSL:4735_20210917_La_1_1231,735,HSL:4600203,Ailakkitie
46020,46020,0,46020,46020,0,False,SCHEDULED,1631912400,HSL:4619_20210917_La_1_1241,619,HSL:4600203,Ailakkitie
47220,47220,0,47220,47220,0,False,SCHEDULED,1631912400,HSL:4735_20210917_La_1_1300,735,HSL:4600203,Ailakkitie
47820,47820,0,47820,47820,0,False,SCHEDULED,1631912400,HSL:4619_20210917_La_1_1311,619,HSL:4600203,Ailakkitie
49020,49020,0,49020,49020,0,False,SCHEDULED,1631912400,HSL:4735_20210917_La_1_1330,735,HSL:4600203,Ailakkitie
45900,45900,0,45900,45900,0,True,UPDATED,1631912400,HSL:2215_20210917_La_1_1236,215,HSL:2143230,Snällbacka
47100,47100,0,47100,47100,0,False,SCHEDULED,1631912400,HSL:2215_20210917_La_1_1256,215,HSL:2143230,Snällbacka
48300,48300,0,48300,48300,0,False,SCHEDULED,1631912400,HSL:2215_20210917_La_1_1316,215,HSL:2143230,Snällbacka
49500,49500,0,49500,49500,0,False,SCHEDULED,1631912400,HSL:2215_20210917_La_1_1336,215,HSL:2143230,Snällbacka
50700,50700,0,50700,50700,0,False,SCHEDULED,1631912400,HSL:2215_20210917_La_1_1356,215,HSL:2143230,Snällbacka
45720,45732,12,45720,45748,28,True,UPDATED,1631912400,HSL:2553K_20210917_La_1_1229,553K,HSL:1412134,Heikinlaakso
45600,45785,185,45660,45811,151,True,UPDATED,1631912400,HSL:1075_20210917_La_1_1208,75,HSL:1412134,Heikinlaakso
46140,46092,-48,46140,46092,-48,True,UPDATED,1631912400,HSL:1074_20210917_La_1_1203,74,HSL:1412134,Heikinlaakso
46320,46320,0,46320,46320,0,False,SCHEDULED,1631912400,HSL:1074_20210917_La_2_1252,74,HSL:1412134,Heikinlaakso
46920,46920,0,46920,46920,0,False,SCHEDULED,1631912400,HSL:2553K_20210917_La_1_1249,553K,HSL:1412134,Heikinlaakso
46320,46320,0,46320,46320,0,False,SCHEDULED,1631912400,HSL:2215_20210917_La_2_1241,215,HSL:2143232,Luuvantie
47520,47520,0,47520,47520,0,False,SCHEDULED,1631912400,HSL:2215_20210917_La_2_1301,215,HSL:2143232,Luuvantie
48720,48720,0,48720,48720,0,False,SCHEDULED,1631912400,HSL:2215_20210917_La_2_1321,215,HSL:2143232,Luuvantie
49920,49920,0,49920,49920,0,False,SCHEDULED,1631912400,HSL:2215_20210917_La_2_1341,215,HSL:2143232,Luuvantie
51120,51120,0,51120,51120,0,False,SCHEDULED,1631912400,HSL:2215_20210917_La_2_1401,215,HSL:2143232,Luuvantie
45540,45589,49,45540,45594,54,True,UPDATED,1631912400,HSL:1075_20210917_La_2_1232,75,HSL:1412133,Kalliotie
46740,46740,0,46740,46740,0,False,SCHEDULED,1631912400,HSL:1075_20210917_La_2_1252,75,HSL:1412133,Kalliotie
47940,47940,0,47940,47940,0,False,SCHEDULED,1631912400,HSL:1075_20210917_La_2_1312,75,HSL:1412133,Kalliotie
49140,49140,0,49140,49140,0,False,SCHEDULED,1631912400,HSL:1075_20210917_La_2_1332,75,HSL:1412133,Kalliotie
50340,50340,0,50340,50340,0,False,SCHEDULED,1631912400,HSL:1075_20210917_La_2_1352,75,HSL:1412133,Kalliotie
45660,45660,0,45660,45660,0,False,SCHEDULED,1631912400,HSL:1089_20210917_La_2_1240,89,HSL:1491129,Koulutanhua
46560,46560,0,46560,46560,0,False,SCHEDULED,1631912400,HSL:1089_20210917_La_2_1255,89,HSL:1491129,Koulutanhua
47460,47460,0,47460,47460,0,False,SCHEDULED,1631912400,HSL:1089_20210917_La_2_1310,89,HSL:1491129,Koulutanhua
48360,48360,0,48360,48360,0,False,SCHEDULED,1631912400,HSL:1089_20210917_La_2_1325,89,HSL:1491129,Koulutanhua
49260,49260,0,49260,49260,0,False,SCHEDULED,1631912400,HSL:1089_20210917_La_2_1340,89,HSL:1491129,Koulutanhua
45360,45551,191,45360,45557,197,True,UPDATED,1631912400,HSL:1089_20210917_La_1_1227,89,HSL:1491128,Koulutanhua
46260,46260,0,46260,46260,0,False,SCHEDULED,1631912400,HSL:1089_20210917_La_1_1242,89,HSL:1491128,Koulutanhua
47160,47160,0,47160,47160,0,False,SCHEDULED,1631912400,HSL:1089_20210917_La_1_1257,89,HSL:1491128,Koulutanhua
48060,48060,0,48060,48060,0,False,SCHEDULED,1631912400,HSL:1089_20210917_La_1_1312,89,HSL:1491128,Koulutanhua
48960,48960,0,48960,48960,0,False,SCHEDULED,1631912400,HSL:1089_20210917_La_1_1327,89,HSL:1491128,Koulutanhua
46200,46200,0,46200,46200,0,False,SCHEDULED,1631912400,HSL:2215_20210917_La_2_1241,215,HSL:2143231,Jupperinmetsä
47400,47400,0,47400,47400,0,False,SCHEDULED,1631912400,HSL:2215_20210917_La_2_1301,215,HSL:2143231,Jupperinmetsä
48600,48600,0,48600,48600,0,False,SCHEDULED,1631912400,HSL:2215_20210917_La_2_1321,215,HSL:2143231,Jupperinmetsä
49800,49800,0,49800,49800,0,False,SCHEDULED,1631912400,HSL:2215_20210917_La_2_1341,215,HSL:2143231,Jupperinmetsä
51000,51000,0,51000,51000,0,False,SCHEDULED,1631912400,HSL:2215_20210917_La_2_1401,215,HSL:2143231,Jupperinmetsä
45540,45740,200,45540,45747,207,True,UPDATED,1631912400,HSL:1075_20210917_La_1_1208,75,HSL:1412132,Kalliotie
46740,47093,353,46740,47097,357,True,UPDATED,1631912400,HSL:1075_20210917_La_1_1228,75,HSL:1412132,Kalliotie
47940,47940,0,47940,47940,0,False,SCHEDULED,1631912400,HSL:1075_20210917_La_1_1248,75,HSL:1412132,Kalliotie
49080,49080,0,49080,49080,0,False,SCHEDULED,1631912400,HSL:1075_20210917_La_1_1307,75,HSL:1412132,Kalliotie
50280,50280,0,50280,50280,0,False,SCHEDULED,1631912400,HSL:1075_20210917_La_1_1327,75,HSL:1412132,Kalliotie
45420,45464,44,45420,45466,46,True,UPDATED,1631912400,HSL:4619_20210917_La_2_1229,619,HSL:4600208,Hiekkatie
47220,47220,0,47220,47220,0,False,SCHEDULED,1631912400,HSL:4619_20210917_La_2_1259,619,HSL:4600208,Hiekkatie
49020,49020,0,49020,49020,0,False,SCHEDULED,1631912400,HSL:4619_20210917_La_2_1329,619,HSL:4600208,Hiekkatie
50820,50820,0,50820,50820,0,False,SCHEDULED,1631912400,HSL:4619_20210917_La_2_1359,619,HSL:4600208,Hiekkatie
52620,52620,0,52620,52620,0,False,SCHEDULED,1631912400,HSL:4619_20210917_La_2_1429,619,HSL:4600208,Hiekkatie
45720,45720,0,45720,45720,0,False,SCHEDULED,1631912400,HSL:1089_20210917_La_2_1240,89,HSL:1491127,Kiiltomadonpolku
46620,46620,0,46620,46620,0,False,SCHEDULED,1631912400,HSL:1089_20210917_La_2_1255,89,HSL:1491127,Kiiltomadonpolku
47520,47520,0,47520,47520,0,False,SCHEDULED,1631912400,HSL:1089_20210917_La_2_1310,89,HSL:1491127,Kiiltomadonpolku
48420,48420,0,48420,48420,0,False,SCHEDULED,1631912400,HSL:1089_20210917_La_2_1325,89,HSL:1491127,Kiiltomadonpolku
49320,49320,0,49320,49320,0,False,SCHEDULED,1631912400,HSL:1089_20210917_La_2_1340,89,HSL:1491127,Kiiltomadonpolku
45300,45478,178,45300,45498,198,True,UPDATED,1631912400,HSL:1089_20210917_La_1_1227,89,HSL:1491126,Kiiltomadonpolku
46200,46200,0,46200,46200,0,False,SCHEDULED,1631912400,HSL:1089_20210917_La_1_1242,89,HSL:1491126,Kiiltomadonpolku
47100,47100,0,47100,47100,0,False,SCHEDULED,1631912400,HSL:1089_20210917_La_1_1257,89,HSL:1491126,Kiiltomadonpolku
48000,48000,0,48000,48000,0,False,SCHEDULED,1631912400,HSL:1089_20210917_La_1_1312,89,HSL:1491126,Kiiltomadonpolku
48900,48900,0,48900,48900,0,False,SCHEDULED,1631912400,HSL:1089_20210917_La_1_1327,89,HSL:1491126,Kiiltomadonpolku
46200,46200,0,46200,46200,0,False,SCHEDULED,1631912400,HSL:4619_20210917_La_1_1241,619,HSL:4600209,Kielotie
48000,48000,0,48000,48000,0,False,SCHEDULED,1631912400,HSL:4619_20210917_La_1_1311,619,HSL:4600209,Kielotie
49800,49800,0,49800,49800,0,False,SCHEDULED,1631912400,HSL:4619_20210917_La_1_1341,619,HSL:4600209,Kielotie
51600,51600,0,51600,51600,0,False,SCHEDULED,1631912400,HSL:4619_20210917_La_1_1411,619,HSL:4600209,Kielotie
53400,53400,0,53400,53400,0,False,SCHEDULED,1631912400,HSL:4619_20210917_La_1_1441,619,HSL:4600209,Kielotie
45480,45687,207,45480,45697,217,True,UPDATED,1631912400,HSL:1075_20210917_La_1_1208,75,HSL:1412130,Suurmetsäntie
46680,47020,340,46680,47050,370,True,UPDATED,1631912400,HSL:1075_20210917_La_1_1228,75,HSL:1412130,Suurmetsäntie
47880,47880,0,47880,47880,0,False,SCHEDULED,1631912400,HSL:1075_20210917_La_1_1248,75,HSL:1412130,Suurmetsäntie
49020,49020,0,49020,49020,0,False,SCHEDULED,1631912400,HSL:1075_20210917_La_1_1307,75,HSL:1412130,Suurmetsäntie
50220,50220,0,50220,50220,0,False,SCHEDULED,1631912400,HSL:1075_20210917_La_1_1327,75,HSL:1412130,Suurmetsäntie
45780,45780,0,45780,45780,0,False,SCHEDULED,1631912400,HSL:1089_20210917_La_2_1240,89,HSL:1491125,Marunakuja
46680,46680,0,46680,46680,0,False,SCHEDULED,1631912400,HSL:1089_20210917_La_2_1255,89,HSL:1491125,Marunakuja
47580,47580,0,47580,47580,0,False,SCHEDULED,1631912400,HSL:1089_20210917_La_2_1310,89,HSL:1491125,Marunakuja
48480,48480,0,48480,48480,0,False,SCHEDULED,1631912400,HSL:1089_20210917_La_2_1325,89,HSL:1491125,Marunakuja
49380,49380,0,49380,49380,0,False,SCHEDULED,1631912400,HSL:1089_20210917_La_2_1340,89,HSL:1491125,Marunakuja
46020,46020,0,46020,46020,0,True,UPDATED,1631912400,HSL:2215_20210917_La_1_1236,215,HSL:2143235,Jupperinmetsä
47220,47220,0,47220,47220,0,False,SCHEDULED,1631912400,HSL:2215_20210917_La_1_1256,215,HSL:2143235,Jupperinmetsä
48420,48420,0,48420,48420,0,False,SCHEDULED,1631912400,HSL:2215_20210917_La_1_1316,215,HSL:2143235,Jupperinmetsä
49620,49620,0,49620,49620,0,False,SCHEDULED,1631912400,HSL:2215_20210917_La_1_1336,215,HSL:2143235,Jupperinmetsä
50820,50820,0,50820,50820,0,False,SCHEDULED,1631912400,HSL:2215_20210917_La_1_1356,215,HSL:2143235,Jupperinmetsä
45240,45402,162,45240,45424,184,True,UPDATED,1631912400,HSL:1089_20210917_La_1_1227,89,HSL:1491124,Marunakuja
46140,46140,0,46140,46140,0,False,SCHEDULED,1631912400,HSL:1089_20210917_La_1_1242,89,HSL:1491124,Marunakuja
47040,47040,0,47040,47040,0,False,SCHEDULED,1631912400,HSL:1089_20210917_La_1_1257,89,HSL:1491124,Marunakuja
47940,47940,0,47940,47940,0,False,SCHEDULED,1631912400,HSL:1089_20210917_La_1_1312,89,HSL:1491124,Marunakuja
48840,48840,0,48840,48840,0,False,SCHEDULED,1631912400,HSL:1089_20210917_La_1_1327,89,HSL:1491124,Marunakuja
45480,45538,58,45480,45538,58,True,UPDATED,1631912400,HSL:2202_20210917_La_1_1238,202,HSL:2131258,Vitikka
45360,45538,178,45360,45561,201,True,UPDATED,1631912400,HSL:2202_20210917_La_2_1210,202,HSL:2131258,Vitikka
47100,47100,0,47100,47100,0,False,SCHEDULED,1631912400,HSL:2202_20210917_La_2_1239,202,HSL:2131258,Vitikka
47220,47220,0,47220,47220,0,False,SCHEDULED,1631912400,HSL:2202_20210917_La_1_1307,202,HSL:2131258,Vitikka
48960,48960,0,48960,48960,0,False,SCHEDULED,1631912400,HSL:2202_20210917_La_2_1310,202,HSL:2131258,Vitikka
45900,45900,0,45900,45900,0,False,SCHEDULED,1631912400,HSL:2113_20210917_La_2_1244,113,HSL:2118280,Komentajankatu
46200,46200,0,46200,46200,0,False,SCHEDULED,1631912400,HSL:2502_20210917_La_2_1248,502,HSL:2118280,Komentajankatu
46320,46320,0,46320,46320,0,False,SCHEDULED,1631912400,HSL:2202_20210917_La_2_1239,202,HSL:2118280,Komentajankatu
46860,46860,0,46860,46860,0,False,SCHEDULED,1631912400,HSL:2113_20210917_La_2_1259,113,HSL:2118280,Komentajankatu
47400,47400,0,47400,47400,0,False,SCHEDULED,1631912400,HSL:2502_20210917_La_2_1308,502,HSL:2118280,Komentajankatu
46080,46010,-70,46080,46010,-70,True,UPDATED,1631912400,HSL:2214_20210917_La_1_1231,214,HSL:2143261,Jupperin koulu
47880,47880,0,47880,47880,0,False,SCHEDULED,1631912400,HSL:2214_20210917_La_1_1301,214,HSL:2143261,Jupperin koulu
49680,49680,0,49680,49680,0,False,SCHEDULED,1631912400,HSL:2214_20210917_La_1_1331,214,HSL:2143261,Jupperin koulu
51480,51480,0,51480,51480,0,False,SCHEDULED,1631912400,HSL:2214_20210917_La_1_1401,214,HSL:2143261,Jupperin koulu
53280,53280,0,53280,53280,0,False,SCHEDULED,1631912400,HSL:2214_20210917_La_1_1431,214,HSL:2143261,Jupperin koulu
45180,45115,-65,45180,45350,170,True,UPDATED,1631912400,HSL:1066_20210917_La_2_1202,66,HSL:1020201,Rautatientori
45300,45279,-21,45300,45408,108,True,UPDATED,1631912400,HSL:1078_20210917_La_2_1200,78,HSL:1020201,Rautatientori
45660,45660,0,45660,45660,0,False,SCHEDULED,1631912400,HSL:1055_20210917_La_2_1214,55,HSL:1020201,Rautatientori
45240,45849,609,45240,45861,621,True,UPDATED,1631912400,HSL:1061_20210917_La_2_1151,61,HSL:1020201,Rautatientori
45720,45899,179,45720,45934,214,True,UPDATED,1631912400,HSL:1067_20210917_La_2_1204,67,HSL:1020201,Rautatientori
86160,86160,0,86160,86160,0,False,SCHEDULED,1631912400,HSL:9633N_20210917_La_1_2356,633N,HSL:1020204,Rautatientori
88500,88500,0,88500,88500,0,False,SCHEDULED,1631912400,HSL:9643N_20210917_La_1_2435,643N,HSL:1020204,Rautatientori
89760,89760,0,89760,89760,0,False,SCHEDULED,1631912400,HSL:9633N_20210917_La_1_2456,633N,HSL:1020204,Rautatientori
92400,92400,0,92400,92400,0,False,SCHEDULED,1631912400,HSL:9665N_20210917_La_1_2540,665N,HSL:1020204,Rautatientori
93480,93480,0,93480,93480,0,False,SCHEDULED,1631912400,HSL:9633N_20210917_La_1_2558,633N,HSL:1020204,Rautatientori
46020,46020,0,46020,46020,0,True,UPDATED,1631912400,HSL:2113_20210917_La_1_1227,113,HSL:2118284,Perkkaankuja
46200,46193,-7,46200,46202,2,True,UPDATED,1631912400,HSL:2202_20210917_La_1_1238,202,HSL:2118284,Perkkaankuja
46440,46440,0,46440,46440,0,False,SCHEDULED,1631912400,HSL:2502_20210917_La_1_1227,502,HSL:2118284,Perkkaankuja
46920,46920,0,46920,46920,0,False,SCHEDULED,1631912400,HSL:2113_20210917_La_1_1242,113,HSL:2118284,Perkkaankuja
47640,47640,0,47640,47640,0,False,SCHEDULED,1631912400,HSL:2502_20210917_La_1_1246,502,HSL:2118284,Perkkaankuja
45540,45580,40,45540,45632,92,True,UPDATED,1631912400,HSL:1007_20210917_La_2_1224,7,HSL:1111430,Hakaniemi
45900,45900,0,45900,45900,0,False,SCHEDULED,1631912400,HSL:1006_20210917_La_2_1230,6,HSL:1111430,Hakaniemi
46260,46260,0,46260,46260,0,True,UPDATED,1631912400,HSL:1007_20210917_La_2_1236,7,HSL:1111430,Hakaniemi
46620,46620,0,46620,46620,0,False,SCHEDULED,1631912400,HSL:1006_20210917_La_2_1242,6,HSL:1111430,Hakaniemi
46980,46980,0,46980,46980,0,False,SCHEDULED,1631912400,HSL:1007_20210917_La_2_1248,7,HSL:1111430,Hakaniemi
45480,45486,6,45480,45519,39,True,UPDATED,1631912400,HSL:2114_20210917_La_2_1225,114,HSL:2131250,Nihtisillanportti
45480,45537,57,45480,45544,64,True,UPDATED,1631912400,HSL:2543_20210917_La_1_1225,543,HSL:2131250,Nihtisillanportti
45660,45630,-30,45660,45643,-17,True,UPDATED,1631912400,HSL:2533_20210917_La_2_1223,533,HSL:2131250,Nihtisillanportti
46020,46020,0,46020,46020,0,True,UPDATED,1631912400,HSL:2532_20210917_La_2_1234,532,HSL:2131250,Nihtisillanportti
46080,46177,97,46080,46190,110,True,UPDATED,1631912400,HSL:2548_20210917_La_2_1230,548,HSL:2131250,Nihtisillanportti
45420,45446,26,45420,45471,51,True,UPDATED,1631912400,HSL:1003_20210917_La_1_1216,3,HSL:1111431,Kallion virastotalo
45660,45760,100,45660,45760,100,True,UPDATED,1631912400,HSL:1001_20210917_La_1_1222,1,HSL:1111431,Kallion virastotalo
45780,45757,-23,45780,45783,3,True,UPDATED,1631912400,HSL:1009_20210917_La_1_1222,9,HSL:1111431,Kallion virastotalo
46140,46195,55,46140,46222,82,True,UPDATED,1631912400,HSL:1003_20210917_La_1_1228,3,HSL:1111431,Kallion virastotalo
46440,46440,0,46440,46440,0,True,UPDATED,1631912400,HSL:1001_20210917_La_1_1235,1,HSL:1111431,Kallion virastotalo
45660,45643,-17,45660,45660,0,True,UPDATED,1631912400,HSL:2533_20210917_La_2_1223,533,HSL:2131251,Nihtisilta
46020,46020,0,46020,46020,0,True,UPDATED,1631912400,HSL:2532_20210917_La_2_1234,532,HSL:2131251,Nihtisilta
46560,46560,0,46560,46560,0,False,SCHEDULED,1631912400,HSL:2533_20210917_La_2_1238,533,HSL:2131251,Nihtisilta
46920,46920,0,46920,46920,0,False,SCHEDULED,1631912400,HSL:2532_20210917_La_2_1249,532,HSL:2131251,Nihtisilta
47460,47460,0,47460,47460,0,False,SCHEDULED,1631912400,HSL:2533_20210917_La_2_1253,533,HSL:2131251,Nihtisilta
45360,45427,67,45360,45427,67,True,UPDATED,1631912400,HSL:4619_20210917_La_2_1229,619,HSL:4600210,Kielotie
47160,47160,0,47160,47160,0,False,SCHEDULED,1631912400,HSL:4619_20210917_La_2_1259,619,HSL:4600210,Kielotie
48960,48960,0,48960,48960,0,False,SCHEDULED,1631912400,HSL:4619_20210917_La_2_1329,619,HSL:4600210,Kielotie
50760,50760,0,50760,50760,0,False,SCHEDULED,1631912400,HSL:4619_20210917_La_2_1359,619,HSL:4600210,Kielotie
52560,52560,0,52560,52560,0,False,SCHEDULED,1631912400,HSL:4619_20210917_La_2_1429,619,HSL:4600210,Kielotie
45480,45530,50,45480,45556,76,True,UPDATED,1631912400,HSL:1009_20210917_La_2_1225,9,HSL:1111432,Kallion virastotalo
45660,45831,171,45660,45831,171,True,UPDATED,1631912400,HSL:1001_20210917_La_2_1221,1,HSL:1111432,Kallion virastotalo
45900,45927,27,45900,45957,57,True,UPDATED,1631912400,HSL:1003_20210917_La_2_1229,3,HSL:1111432,Kallion virastotalo
46200,46200,0,46200,46200,0,False,SCHEDULED,1631912400,HSL:1009_20210917_La_2_1237,9,HSL:1111432,Kallion virastotalo
46380,46338,-42,46380,46338,-42,True,UPDATED,1631912400,HSL:1001_20210917_La_2_1233,1,HSL:1111432,Kallion virastotalo
45480,45430,-50,45480,45495,15,True,UPDATED,1631912400,HSL:2114_20210917_La_1_1223,114,HSL:2131257,Nihtisillanportti
45540,45589,49,45540,45589,49,True,UPDATED,1631912400,HSL:2533_20210917_La_1_1218,533,HSL:2131257,Nihtisillanportti
45600,45620,20,45600,45630,30,True,UPDATED,1631912400,HSL:2548_20210917_La_1_1228,548,HSL:2131257,Nihtisillanportti
45900,46010,110,45900,46010,110,True,UPDATED,1631912400,HSL:2532_20210917_La_1_1224,532,HSL:2131257,Nihtisillanportti
46380,46380,0,46380,46380,0,False,SCHEDULED,1631912400,HSL:2114_20210917_La_1_1238,114,HSL:2131257,Nihtisillanportti
45900,45910,10,45900,45932,32,True,UPDATED,1631912400,HSL:1022_20210917_La_2_1230,22,HSL:1201136,Ruoholahti (M)
47100,47100,0,47100,47100,0,False,SCHEDULED,1631912400,HSL:1022_20210917_La_2_1250,22,HSL:1201136,Ruoholahti (M)
48300,48300,0,48300,48300,0,False,SCHEDULED,1631912400,HSL:1022_20210917_La_2_1310,22,HSL:1201136,Ruoholahti (M)
49500,49500,0,49500,49500,0,False,SCHEDULED,1631912400,HSL:1022_20210917_La_2_1330,22,HSL:1201136,Ruoholahti (M)
50700,50700,0,50700,50700,0,False,SCHEDULED,1631912400,HSL:1022_20210917_La_2_1350,22,HSL:1201136,Ruoholahti (M)
46020,45974,-46,46020,46016,-4,True,UPDATED,1631912400,HSL:1022_20210917_La_2_1230,22,HSL:1201134,Itämerenkatu
47220,47220,0,47220,47220,0,False,SCHEDULED,1631912400,HSL:1022_20210917_La_2_1250,22,HSL:1201134,Itämerenkatu
48420,48420,0,48420,48420,0,False,SCHEDULED,1631912400,HSL:1022_20210917_La_2_1310,22,HSL:1201134,Itämerenkatu
49620,49620,0,49620,49620,0,False,SCHEDULED,1631912400,HSL:1022_20210917_La_2_1330,22,HSL:1201134,Itämerenkatu
50820,50820,0,50820,50820,0,False,SCHEDULED,1631912400,HSL:1022_20210917_La_2_1350,22,HSL:1201134,Itämerenkatu
45480,45505,25,45480,45510,30,True,UPDATED,1631912400,HSL:1022_20210917_La_1_1231,22,HSL:1201133,Itämerenkatu
46680,46680,0,46680,46680,0,False,SCHEDULED,1631912400,HSL:1022_20210917_La_1_1251,22,HSL:1201133,Itämerenkatu
47880,47880,0,47880,47880,0,False,SCHEDULED,1631912400,HSL:1022_20210917_La_1_1311,22,HSL:1201133,Itämerenkatu
49080,49080,0,49080,49080,0,False,SCHEDULED,1631912400,HSL:1022_20210917_La_1_1331,22,HSL:1201133,Itämerenkatu
50280,50280,0,50280,50280,0,False,SCHEDULED,1631912400,HSL:1022_20210917_La_1_1351,22,HSL:1201133,Itämerenkatu
45480,45629,149,45480,45633,153,True,UPDATED,1631912400,HSL:1023_20210917_La_2_1213,23,HSL:1122116,Karjalankatu
46680,46716,36,46680,46716,36,True,UPDATED,1631912400,HSL:1023_20210917_La_2_1233,23,HSL:1122116,Karjalankatu
47880,47880,0,47880,47880,0,False,SCHEDULED,1631912400,HSL:1023_20210917_La_2_1253,23,HSL:1122116,Karjalankatu
49080,49080,0,49080,49080,0,False,SCHEDULED,1631912400,HSL:1023_20210917_La_2_1313,23,HSL:1122116,Karjalankatu
50280,50280,0,50280,50280,0,False,SCHEDULED,1631912400,HSL:1023_20210917_La_2_1333,23,HSL:1122116,Karjalankatu
45240,45357,117,45240,45377,137,True,UPDATED,1631912400,HSL:1021_20210917_La_2_1220,21,HSL:1201132,Salmisaari
45780,45739,-41,45780,45753,-27,True,UPDATED,1631912400,HSL:1022_20210917_La_2_1230,22,HSL:1201132,Salmisaari
45840,45924,84,45840,45935,95,True,UPDATED,1631912400,HSL:1021_20210917_La_2_1230,21,HSL:1201132,Salmisaari
46440,46440,0,46440,46440,0,False,SCHEDULED,1631912400,HSL:1021_20210917_La_2_1240,21,HSL:1201132,Salmisaari
46980,46980,0,46980,46980,0,False,SCHEDULED,1631912400,HSL:1022_20210917_La_2_1250,22,HSL:1201132,Salmisaari
45300,45370,70,45300,45382,82,True,UPDATED,1631912400,HSL:1021_20210917_La_1_1230,21,HSL:1201131,Salmisaari
45720,45666,-54,45720,45666,-54,True,UPDATED,1631912400,HSL:1022_20210917_La_1_1231,22,HSL:1201131,Salmisaari
45900,45900,0,45900,45900,0,False,SCHEDULED,1631912400,HSL:1021_20210917_La_1_1240,21,HSL:1201131,Salmisaari
46500,46500,0,46500,46500,0,False,SCHEDULED,1631912400,HSL:1021_20210917_La_1_1250,21,HSL:1201131,Salmisaari
46920,46920,0,46920,46920,0,False,SCHEDULED,1631912400,HSL:1022_20210917_La_1_1251,22,HSL:1201131,Salmisaari
45480,45530,50,45480,45537,57,True,UPDATED,1631912400,HSL:4735_20210917_La_1_1231,735,HSL:4600217,Vehkatie
47280,47280,0,47280,47280,0,False,SCHEDULED,1631912400,HSL:4735_20210917_La_1_1300,735,HSL:4600217,Vehkatie
49080,49080,0,49080,49080,0,False,SCHEDULED,1631912400,HSL:4735_20210917_La_1_1330,735,HSL:4600217,Vehkatie
50880,50880,0,50880,50880,0,False,SCHEDULED,1631912400,HSL:4735_20210917_La_1_1400,735,HSL:4600217,Vehkatie
52680,52680,0,52680,52680,0,False,SCHEDULED,1631912400,HSL:4735_20210917_La_1_1430,735,HSL:4600217,Vehkatie
45540,45665,125,45540,45682,142,True,UPDATED,1631912400,HSL:1023_20210917_La_2_1213,23,HSL:1122114,Linnanmäki (pohj.)
46740,46776,36,46740,46776,36,True,UPDATED,1631912400,HSL:1023_20210917_La_2_1233,23,HSL:1122114,Linnanmäki (pohj.)
47940,47940,0,47940,47940,0,False,SCHEDULED,1631912400,HSL:1023_20210917_La_2_1253,23,HSL:1122114,Linnanmäki (pohj.)
49140,49140,0,49140,49140,0,False,SCHEDULED,1631912400,HSL:1023_20210917_La_2_1313,23,HSL:1122114,Linnanmäki (pohj.)
50340,50340,0,50340,50340,0,False,SCHEDULED,1631912400,HSL:1023_20210917_La_2_1333,23,HSL:1122114,Linnanmäki (pohj.)
45240,45350,110,45240,45354,114,True,UPDATED,1631912400,HSL:2542_20210917_La_1_1229,542,HSL:2411264,Ristiniementie
45360,45370,10,45360,45370,10,True,UPDATED,1631912400,HSL:2147_20210917_La_1_1223,147,HSL:2411264,Ristiniementie
45420,45728,308,45420,45733,313,True,UPDATED,1631912400,HSL:2543_20210917_La_1_1155,543,HSL:2411264,Ristiniementie
46140,46140,0,46140,46140,0,False,SCHEDULED,1631912400,HSL:2542_20210917_La_1_1244,542,HSL:2411264,Ristiniementie
46260,46260,0,46260,46260,0,False,SCHEDULED,1631912400,HSL:2147_20210917_La_1_1238,147,HSL:2411264,Ristiniementie
45420,45528,108,45420,45528,108,True,UPDATED,1631912400,HSL:1023_20210917_La_1_1223,23,HSL:1122115,Karjalankatu
46620,46620,0,46620,46620,0,False,SCHEDULED,1631912400,HSL:1023_20210917_La_1_1243,23,HSL:1122115,Karjalankatu
47820,47820,0,47820,47820,0,False,SCHEDULED,1631912400,HSL:1023_20210917_La_1_1303,23,HSL:1122115,Karjalankatu
49020,49020,0,49020,49020,0,False,SCHEDULED,1631912400,HSL:1023_20210917_La_1_1323,23,HSL:1122115,Karjalankatu
50220,50220,0,50220,50220,0,False,SCHEDULED,1631912400,HSL:1023_20210917_La_1_1343,23,HSL:1122115,Karjalankatu
45360,45493,133,45360,45506,146,True,UPDATED,1631912400,HSL:1021_20210917_La_2_1220,21,HSL:1201130,Länsiväylä
45960,46040,80,45960,46055,95,True,UPDATED,1631912400,HSL:1021_20210917_La_2_1230,21,HSL:1201130,Länsiväylä
46560,46560,0,46560,46560,0,False,SCHEDULED,1631912400,HSL:1021_20210917_La_2_1240,21,HSL:1201130,Länsiväylä
47160,47160,0,47160,47160,0,False,SCHEDULED,1631912400,HSL:1021_20210917_La_2_1250,21,HSL:1201130,Länsiväylä
47760,47760,0,47760,47760,0,False,SCHEDULED,1631912400,HSL:1021_20210917_La_2_1300,21,HSL:1201130,Länsiväylä
45360,45421,61,45360,45427,67,True,UPDATED,1631912400,HSL:4619_20210917_La_2_1229,619,HSL:4600212,Malmimäki
47160,47160,0,47160,47160,0,False,SCHEDULED,1631912400,HSL:4619_20210917_La_2_1259,619,HSL:4600212,Malmimäki
48960,48960,0,48960,48960,0,False,SCHEDULED,1631912400,HSL:4619_20210917_La_2_1329,619,HSL:4600212,Malmimäki
50760,50760,0,50760,50760,0,False,SCHEDULED,1631912400,HSL:4619_20210917_La_2_1359,619,HSL:4600212,Malmimäki
52560,52560,0,52560,52560,0,False,SCHEDULED,1631912400,HSL:4619_20210917_La_2_1429,619,HSL:4600212,Malmimäki
45360,45480,120,45360,45494,134,True,UPDATED,1631912400,HSL:1023_20210917_La_1_1223,23,HSL:1122113,Linnanmäki (pohj.)
46560,46560,0,46560,46560,0,False,SCHEDULED,1631912400,HSL:1023_20210917_La_1_1243,23,HSL:1122113,Linnanmäki (pohj.)
47760,47760,0,47760,47760,0,False,SCHEDULED,1631912400,HSL:1023_20210917_La_1_1303,23,HSL:1122113,Linnanmäki (pohj.)
48960,48960,0,48960,48960,0,False,SCHEDULED,1631912400,HSL:1023_20210917_La_1_1323,23,HSL:1122113,Linnanmäki (pohj.)
50160,50160,0,50160,50160,0,False,SCHEDULED,1631912400,HSL:1023_20210917_La_1_1343,23,HSL:1122113,Linnanmäki (pohj.)
46260,46260,0,46260,46260,0,False,SCHEDULED,1631912400,HSL:4619_20210917_La_1_1241,619,HSL:4600213,Malmimäki
48060,48060,0,48060,48060,0,False,SCHEDULED,1631912400,HSL:4619_20210917_La_1_1311,619,HSL:4600213,Malmimäki
49860,49860,0,49860,49860,0,False,SCHEDULED,1631912400,HSL:4619_20210917_La_1_1341,619,HSL:4600213,Malmimäki
51660,51660,0,51660,51660,0,False,SCHEDULED,1631912400,HSL:4619_20210917_La_1_1411,619,HSL:4600213,Malmimäki
53460,53460,0,53460,53460,0,False,SCHEDULED,1631912400,HSL:4619_20210917_La_1_1441,619,HSL:4600213,Malmimäki
45420,45884,464,45420,45925,505,True,UPDATED,1631912400,HSL:2510_20210917_La_2_1202,510,HSL:1122110,Sturenkatu
45840,45922,82,45840,45967,127,True,UPDATED,1631912400,HSL:1500_20210917_La_2_1221,500,HSL:1122110,Sturenkatu
46320,46458,138,46320,46496,176,True,UPDATED,1631912400,HSL:2510_20210917_La_2_1217,510,HSL:1122110,Sturenkatu
46740,46740,0,46740,46740,0,False,SCHEDULED,1631912400,HSL:1500_20210917_La_2_1236,500,HSL:1122110,Sturenkatu
47220,47273,53,47220,47310,90,True,UPDATED,1631912400,HSL:2510_20210917_La_2_1232,510,HSL:1122110,Sturenkatu
47040,47040,0,47040,47040,0,False,SCHEDULED,1631912400,HSL:4619_20210917_La_2_1259,619,HSL:4600214,Uusiniityntie
48840,48840,0,48840,48840,0,False,SCHEDULED,1631912400,HSL:4619_20210917_La_2_1329,619,HSL:4600214,Uusiniityntie
50640,50640,0,50640,50640,0,False,SCHEDULED,1631912400,HSL:4619_20210917_La_2_1359,619,HSL:4600214,Uusiniityntie
52440,52440,0,52440,52440,0,False,SCHEDULED,1631912400,HSL:4619_20210917_La_2_1429,619,HSL:4600214,Uusiniityntie
54240,54240,0,54240,54240,0,False,SCHEDULED,1631912400,HSL:4619_20210917_La_2_1459,619,HSL:4600214,Uusiniityntie
45360,45360,0,45360,45360,0,False,SCHEDULED,1631912400,HSL:2214_20210917_La_2_1231,214,HSL:2143265,Veini
47100,47100,0,47100,47100,0,False,SCHEDULED,1631912400,HSL:2214_20210917_La_2_1300,214,HSL:2143265,Veini
48900,48900,0,48900,48900,0,False,SCHEDULED,1631912400,HSL:2214_20210917_La_2_1330,214,HSL:2143265,Veini
50700,50700,0,50700,50700,0,False,SCHEDULED,1631912400,HSL:2214_20210917_La_2_1400,214,HSL:2143265,Veini
52500,52500,0,52500,52500,0,False,SCHEDULED,1631912400,HSL:2214_20210917_La_2_1430,214,HSL:2143265,Veini
47040,47040,0,47040,47040,0,False,SCHEDULED,1631912400,HSL:2214_20210917_La_2_1300,214,HSL:2143267,Jupperin koulu
48840,48840,0,48840,48840,0,False,SCHEDULED,1631912400,HSL:2214_20210917_La_2_1330,214,HSL:2143267,Jupperin koulu
50640,50640,0,50640,50640,0,False,SCHEDULED,1631912400,HSL:2214_20210917_La_2_1400,214,HSL:2143267,Jupperin koulu
52440,52440,0,52440,52440,0,False,SCHEDULED,1631912400,HSL:2214_20210917_La_2_1430,214,HSL:2143267,Jupperin koulu
54240,54240,0,54240,54240,0,False,SCHEDULED,1631912400,HSL:2214_20210917_La_2_1500,214,HSL:2143267,Jupperin koulu
45900,45900,0,45900,45900,0,False,SCHEDULED,1631912400,HSL:2215_20210917_La_2_1241,215,HSL:2143269,Neljäs huvilatie
47100,47100,0,47100,47100,0,False,SCHEDULED,1631912400,HSL:2215_20210917_La_2_1301,215,HSL:2143269,Neljäs huvilatie
48300,48300,0,48300,48300,0,False,SCHEDULED,1631912400,HSL:2215_20210917_La_2_1321,215,HSL:2143269,Neljäs huvilatie
49500,49500,0,49500,49500,0,False,SCHEDULED,1631912400,HSL:2215_20210917_La_2_1341,215,HSL:2143269,Neljäs huvilatie
50700,50700,0,50700,50700,0,False,SCHEDULED,1631912400,HSL:2215_20210917_La_2_1401,215,HSL:2143269,Neljäs huvilatie
46200,46200,0,46200,46200,0,True,UPDATED,1631912400,HSL:2215_20210917_La_1_1236,215,HSL:2143250,Laaksolahdenaukio
47400,47400,0,47400,47400,0,False,SCHEDULED,1631912400,HSL:2215_20210917_La_1_1256,215,HSL:2143250,Laaksolahdenaukio
48600,48600,0,48600,48600,0,False,SCHEDULED,1631912400,HSL:2215_20210917_La_1_1316,215,HSL:2143250,Laaksolahdenaukio
49800,49800,0,49800,49800,0,False,SCHEDULED,1631912400,HSL:2215_20210917_La_1_1336,215,HSL:2143250,Laaksolahdenaukio
51000,51000,0,51000,51000,0,False,SCHEDULED,1631912400,HSL:2215_20210917_La_1_1356,215,HSL:2143250,Laaksolahdenaukio
45360,45370,10,45360,45378,18,True,UPDATED,1631912400,HSL:2543_20210917_La_1_1225,543,HSL:2131264,Nihtitorppa
47160,47160,0,47160,47160,0,False,SCHEDULED,1631912400,HSL:2543_20210917_La_1_1255,543,HSL:2131264,Nihtitorppa
48960,48960,0,48960,48960,0,False,SCHEDULED,1631912400,HSL:2543_20210917_La_1_1325,543,HSL:2131264,Nihtitorppa
50760,50760,0,50760,50760,0,False,SCHEDULED,1631912400,HSL:2543_20210917_La_1_1355,543,HSL:2131264,Nihtitorppa
52560,52560,0,52560,52560,0,False,SCHEDULED,1631912400,HSL:2543_20210917_La_1_1425,543,HSL:2131264,Nihtitorppa
45840,45840,0,45840,45840,0,False,SCHEDULED,1631912400,HSL:1021_20210917_La_1_1240,21,HSL:1201129,Länsiväylä
46440,46440,0,46440,46440,0,False,SCHEDULED,1631912400,HSL:1021_20210917_La_1_1250,21,HSL:1201129,Länsiväylä
47040,47040,0,47040,47040,0,False,SCHEDULED,1631912400,HSL:1021_20210917_La_1_1300,21,HSL:1201129,Länsiväylä
47640,47640,0,47640,47640,0,False,SCHEDULED,1631912400,HSL:1021_20210917_La_1_1310,21,HSL:1201129,Länsiväylä
48240,48240,0,48240,48240,0,False,SCHEDULED,1631912400,HSL:1021_20210917_La_1_1320,21,HSL:1201129,Länsiväylä
45300,45361,61,45300,45365,65,True,UPDATED,1631912400,HSL:1021_20210917_La_2_1230,21,HSL:1201128,Wavulinintie
45900,45900,0,45900,45900,0,False,SCHEDULED,1631912400,HSL:1021_20210917_La_2_1240,21,HSL:1201128,Wavulinintie
46500,46500,0,46500,46500,0,False,SCHEDULED,1631912400,HSL:1021_20210917_La_2_1250,21,HSL:1201128,Wavulinintie
47100,47100,0,47100,47100,0,False,SCHEDULED,1631912400,HSL:1021_20210917_La_2_1300,21,HSL:1201128,Wavulinintie
47700,47700,0,47700,47700,0,False,SCHEDULED,1631912400,HSL:1021_20210917_La_2_1310,21,HSL:1201128,Wavulinintie
45840,45892,52,45840,45892,52,True,UPDATED,1631912400,HSL:1021_20210917_La_1_1230,21,HSL:1201127,Wavulinintie
46440,46440,0,46440,46440,0,False,SCHEDULED,1631912400,HSL:1021_20210917_La_1_1240,21,HSL:1201127,Wavulinintie
47040,47040,0,47040,47040,0,False,SCHEDULED,1631912400,HSL:1021_20210917_La_1_1250,21,HSL:1201127,Wavulinintie
47640,47640,0,47640,47640,0,False,SCHEDULED,1631912400,HSL:1021_20210917_La_1_1300,21,HSL:1201127,Wavulinintie
48240,48240,0,48240,48240,0,False,SCHEDULED,1631912400,HSL:1021_20210917_La_1_1310,21,HSL:1201127,Wavulinintie
45360,45431,71,45360,45452,92,True,UPDATED,1631912400,HSL:1021_20210917_La_2_1230,21,HSL:1201126,Melkonkuja
45960,45960,0,45960,45960,0,False,SCHEDULED,1631912400,HSL:1021_20210917_La_2_1240,21,HSL:1201126,Melkonkuja
46560,46560,0,46560,46560,0,False,SCHEDULED,1631912400,HSL:1021_20210917_La_2_1250,21,HSL:1201126,Melkonkuja
47160,47160,0,47160,47160,0,False,SCHEDULED,1631912400,HSL:1021_20210917_La_2_1300,21,HSL:1201126,Melkonkuja
47760,47760,0,47760,47760,0,False,SCHEDULED,1631912400,HSL:1021_20210917_La_2_1310,21,HSL:1201126,Melkonkuja
46680,46756,76,46680,46760,80,True,UPDATED,1631912400,HSL:2543_20210917_La_2_1222,543,HSL:2131265,Nihtitorppa
48480,48480,0,48480,48480,0,False,SCHEDULED,1631912400,HSL:2543_20210917_La_2_1252,543,HSL:2131265,Nihtitorppa
50280,50280,0,50280,50280,0,False,SCHEDULED,1631912400,HSL:2543_20210917_La_2_1322,543,HSL:2131265,Nihtitorppa
52080,52080,0,52080,52080,0,False,SCHEDULED,1631912400,HSL:2543_20210917_La_2_1352,543,HSL:2131265,Nihtitorppa
53880,53880,0,53880,53880,0,False,SCHEDULED,1631912400,HSL:2543_20210917_La_2_1422,543,HSL:2131265,Nihtitorppa
45600,45546,-54,45600,45546,-54,True,UPDATED,1631912400,HSL:1022_20210917_La_1_1231,22,HSL:1201121,Ruoholahti (M)
46800,46800,0,46800,46800,0,False,SCHEDULED,1631912400,HSL:1022_20210917_La_1_1251,22,HSL:1201121,Ruoholahti (M)
48000,48000,0,48000,48000,0,False,SCHEDULED,1631912400,HSL:1022_20210917_La_1_1311,22,HSL:1201121,Ruoholahti (M)
49200,49200,0,49200,49200,0,False,SCHEDULED,1631912400,HSL:1022_20210917_La_1_1331,22,HSL:1201121,Ruoholahti (M)
50400,50400,0,50400,50400,0,False,SCHEDULED,1631912400,HSL:1022_20210917_La_1_1351,22,HSL:1201121,Ruoholahti (M)
46020,45953,-67,46020,45953,-67,True,UPDATED,1631912400,HSL:2214_20210917_La_1_1231,214,HSL:2143259,Veini
47820,47820,0,47820,47820,0,False,SCHEDULED,1631912400,HSL:2214_20210917_La_1_1301,214,HSL:2143259,Veini
49620,49620,0,49620,49620,0,False,SCHEDULED,1631912400,HSL:2214_20210917_La_1_1331,214,HSL:2143259,Veini
51420,51420,0,51420,51420,0,False,SCHEDULED,1631912400,HSL:2214_20210917_La_1_1401,214,HSL:2143259,Veini
53220,53220,0,53220,53220,0,False,SCHEDULED,1631912400,HSL:2214_20210917_La_1_1431,214,HSL:2143259,Veini
46320,46320,0,46320,46320,0,False,SCHEDULED,1631912400,HSL:2502_20210917_La_1_1246,502,HSL:1122101,Linnanmäki (etelä)
47520,47520,0,47520,47520,0,False,SCHEDULED,1631912400,HSL:2502_20210917_La_1_1306,502,HSL:1122101,Linnanmäki (etelä)
48660,48660,0,48660,48660,0,False,SCHEDULED,1631912400,HSL:2502_20210917_La_1_1325,502,HSL:1122101,Linnanmäki (etelä)
49860,49860,0,49860,49860,0,False,SCHEDULED,1631912400,HSL:2502_20210917_La_1_1345,502,HSL:1122101,Linnanmäki (etelä)
51060,51060,0,51060,51060,0,False,SCHEDULED,1631912400,HSL:2502_20210917_La_1_1405,502,HSL:1122101,Linnanmäki (etelä)
46500,46473,-27,46500,46480,-20,True,UPDATED,1631912400,HSL:2502_20210917_La_2_1228,502,HSL:1122102,Linnanmäki (etelä)
47700,47700,0,47700,47700,0,False,SCHEDULED,1631912400,HSL:2502_20210917_La_2_1248,502,HSL:1122102,Linnanmäki (etelä)
48960,48960,0,48960,48960,0,False,SCHEDULED,1631912400,HSL:2502_20210917_La_2_1308,502,HSL:1122102,Linnanmäki (etelä)
50160,50160,0,50160,50160,0,False,SCHEDULED,1631912400,HSL:2502_20210917_La_2_1328,502,HSL:1122102,Linnanmäki (etelä)
51360,51360,0,51360,51360,0,False,SCHEDULED,1631912400,HSL:2502_20210917_La_2_1348,502,HSL:1122102,Linnanmäki (etelä)
46020,46020,0,46020,46020,0,False,SCHEDULED,1631912400,HSL:2215_20210917_La_2_1241,215,HSL:2143251,Laaksolahdenaukio
46140,46071,-69,46140,46073,-67,True,UPDATED,1631912400,HSL:2214_20210917_La_1_1231,214,HSL:2143251,Laaksolahdenaukio
47220,47220,0,47220,47220,0,False,SCHEDULED,1631912400,HSL:2215_20210917_La_2_1301,215,HSL:2143251,Laaksolahdenaukio
47940,47940,0,47940,47940,0,False,SCHEDULED,1631912400,HSL:2214_20210917_La_1_1301,214,HSL:2143251,Laaksolahdenaukio
48420,48420,0,48420,48420,0,False,SCHEDULED,1631912400,HSL:2215_20210917_La_2_1321,215,HSL:2143251,Laaksolahdenaukio
46860,46860,0,46860,46860,0,False,SCHEDULED,1631912400,HSL:2214_20210917_La_2_1300,214,HSL:2143254,Rinnetie
48660,48660,0,48660,48660,0,False,SCHEDULED,1631912400,HSL:2214_20210917_La_2_1330,214,HSL:2143254,Rinnetie
50460,50460,0,50460,50460,0,False,SCHEDULED,1631912400,HSL:2214_20210917_La_2_1400,214,HSL:2143254,Rinnetie
52260,52260,0,52260,52260,0,False,SCHEDULED,1631912400,HSL:2214_20210917_La_2_1430,214,HSL:2143254,Rinnetie
54060,54060,0,54060,54060,0,False,SCHEDULED,1631912400,HSL:2214_20210917_La_2_1500,214,HSL:2143254,Rinnetie
46320,46257,-63,46320,46259,-61,True,UPDATED,1631912400,HSL:2214_20210917_La_1_1231,214,HSL:2143253,Rinnetie
48120,48120,0,48120,48120,0,False,SCHEDULED,1631912400,HSL:2214_20210917_La_1_1301,214,HSL:2143253,Rinnetie
49920,49920,0,49920,49920,0,False,SCHEDULED,1631912400,HSL:2214_20210917_La_1_1331,214,HSL:2143253,Rinnetie
51720,51720,0,51720,51720,0,False,SCHEDULED,1631912400,HSL:2214_20210917_La_1_1401,214,HSL:2143253,Rinnetie
53520,53520,0,53520,53520,0,False,SCHEDULED,1631912400,HSL:2214_20210917_La_1_1431,214,HSL:2143253,Rinnetie
46380,46291,-89,46380,46292,-88,True,UPDATED,1631912400,HSL:2214_20210917_La_1_1231,214,HSL:2143256,Jupperinaukio
46800,46800,0,46800,46800,0,False,SCHEDULED,1631912400,HSL:2214_20210917_La_2_1300,214,HSL:2143256,Jupperinaukio
48180,48180,0,48180,48180,0,False,SCHEDULED,1631912400,HSL:2214_20210917_La_1_1301,214,HSL:2143256,Jupperinaukio
48600,48600,0,48600,48600,0,False,SCHEDULED,1631912400,HSL:2214_20210917_La_2_1330,214,HSL:2143256,Jupperinaukio
49980,49980,0,49980,49980,0,False,SCHEDULED,1631912400,HSL:2214_20210917_La_1_1331,214,HSL:2143256,Jupperinaukio
45660,45744,84,45660,45747,87,True,UPDATED,1631912400,HSL:2115_20210917_La_2_1234,115,HSL:2214206,Orioninristi
48360,48360,0,48360,48360,0,False,SCHEDULED,1631912400,HSL:2115_20210917_La_2_1319,115,HSL:2214206,Orioninristi
50640,50640,0,50640,50640,0,False,SCHEDULED,1631912400,HSL:2115_20210917_La_2_1357,115,HSL:2214206,Orioninristi
52860,52860,0,52860,52860,0,False,SCHEDULED,1631912400,HSL:2115_20210917_La_2_1434,115,HSL:2214206,Orioninristi
55200,55200,0,55200,55200,0,False,SCHEDULED,1631912400,HSL:2115_20210917_La_2_1513,115,HSL:2214206,Orioninristi
45600,45672,72,45600,45679,79,True,UPDATED,1631912400,HSL:2115_20210917_La_2_1234,115,HSL:2214208,Orion
48300,48300,0,48300,48300,0,False,SCHEDULED,1631912400,HSL:2115_20210917_La_2_1319,115,HSL:2214208,Orion
50580,50580,0,50580,50580,0,False,SCHEDULED,1631912400,HSL:2115_20210917_La_2_1357,115,HSL:2214208,Orion
52800,52800,0,52800,52800,0,False,SCHEDULED,1631912400,HSL:2115_20210917_La_2_1434,115,HSL:2214208,Orion
55140,55140,0,55140,55140,0,False,SCHEDULED,1631912400,HSL:2115_20210917_La_2_1513,115,HSL:2214208,Orion
47160,47160,0,47160,47160,0,False,SCHEDULED,1631912400,HSL:2115_20210917_La_1_1300,115,HSL:2214203,Lukupuronpuisto
49800,49800,0,49800,49800,0,False,SCHEDULED,1631912400,HSL:2115_20210917_La_1_1344,115,HSL:2214203,Lukupuronpuisto
51660,51660,0,51660,51660,0,False,SCHEDULED,1631912400,HSL:2115_20210917_La_1_1415,115,HSL:2214203,Lukupuronpuisto
54300,54300,0,54300,54300,0,False,SCHEDULED,1631912400,HSL:2115_20210917_La_1_1459,115,HSL:2214203,Lukupuronpuisto
56220,56220,0,56220,56220,0,False,SCHEDULED,1631912400,HSL:2115_20210917_La_1_1531,115,HSL:2214203,Lukupuronpuisto
45540,45610,70,45540,45613,73,True,UPDATED,1631912400,HSL:2115_20210917_La_2_1234,115,HSL:2214204,Lukupuronportti
48240,48240,0,48240,48240,0,False,SCHEDULED,1631912400,HSL:2115_20210917_La_2_1319,115,HSL:2214204,Lukupuronportti
50520,50520,0,50520,50520,0,False,SCHEDULED,1631912400,HSL:2115_20210917_La_2_1357,115,HSL:2214204,Lukupuronportti
52740,52740,0,52740,52740,0,False,SCHEDULED,1631912400,HSL:2115_20210917_La_2_1434,115,HSL:2214204,Lukupuronportti
55080,55080,0,55080,55080,0,False,SCHEDULED,1631912400,HSL:2115_20210917_La_2_1513,115,HSL:2214204,Lukupuronportti
45360,45389,29,45360,45397,37,True,UPDATED,1631912400,HSL:1071_20210917_La_2_1232,71,HSL:1383181,Rapakivenkaari
45960,45960,0,45960,45960,0,False,SCHEDULED,1631912400,HSL:1071_20210917_La_2_1242,71,HSL:1383181,Rapakivenkaari
46560,46560,0,46560,46560,0,False,SCHEDULED,1631912400,HSL:1071_20210917_La_2_1252,71,HSL:1383181,Rapakivenkaari
47160,47160,0,47160,47160,0,False,SCHEDULED,1631912400,HSL:1071_20210917_La_2_1302,71,HSL:1383181,Rapakivenkaari
47760,47760,0,47760,47760,0,False,SCHEDULED,1631912400,HSL:1071_20210917_La_2_1312,71,HSL:1383181,Rapakivenkaari
45420,45516,96,45420,45531,111,True,UPDATED,1631912400,HSL:2542_20210917_La_1_1229,542,HSL:2411249,Kipparinmäki
45540,45612,72,45540,45619,79,True,UPDATED,1631912400,HSL:2124_20210917_La_1_1217,124,HSL:2411249,Kipparinmäki
45600,45725,125,45600,45725,125,True,UPDATED,1631912400,HSL:2125_20210917_La_1_1210,125,HSL:2411249,Kipparinmäki
45840,45817,-23,45840,45827,-13,True,UPDATED,1631912400,HSL:2146_20210917_La_1_1231,146,HSL:2411249,Kipparinmäki
45600,45859,259,45600,45868,268,True,UPDATED,1631912400,HSL:2543_20210917_La_1_1155,543,HSL:2411249,Kipparinmäki
45720,45802,82,45720,45802,82,True,UPDATED,1631912400,HSL:1071_20210917_La_1_1208,71,HSL:1383180,Rapakivenkaari
46320,46277,-43,46320,46277,-43,True,UPDATED,1631912400,HSL:1071_20210917_La_1_1218,71,HSL:1383180,Rapakivenkaari
46920,47022,102,46920,47022,102,True,UPDATED,1631912400,HSL:1071_20210917_La_1_1228,71,HSL:1383180,Rapakivenkaari
47520,47520,0,47520,47520,0,False,SCHEDULED,1631912400,HSL:1071_20210917_La_1_1238,71,HSL:1383180,Rapakivenkaari
48120,48120,0,48120,48120,0,False,SCHEDULED,1631912400,HSL:1071_20210917_La_1_1248,71,HSL:1383180,Rapakivenkaari
45300,45357,57,45300,45365,65,True,UPDATED,1631912400,HSL:2550_20210917_La_2_1219,550,HSL:2118264,Säteri
45900,45947,47,45900,45962,62,True,UPDATED,1631912400,HSL:2550_20210917_La_2_1229,550,HSL:2118264,Säteri
46500,46500,0,46500,46500,0,False,SCHEDULED,1631912400,HSL:2550_20210917_La_2_1239,550,HSL:2118264,Säteri
47100,47100,0,47100,47100,0,False,SCHEDULED,1631912400,HSL:2550_20210917_La_2_1249,550,HSL:2118264,Säteri
47700,47700,0,47700,47700,0,False,SCHEDULED,1631912400,HSL:2550_20210917_La_2_1259,550,HSL:2118264,Säteri
45540,45620,80,45540,45620,80,True,UPDATED,1631912400,HSL:3001K_20210917_La_1_1211,K,HSL:4810501,Korso
46140,46246,106,46140,46246,106,True,UPDATED,1631912400,HSL:3001K_20210917_La_1_1221,K,HSL:4810501,Korso
46740,46832,92,46740,46832,92,True,UPDATED,1631912400,HSL:3001K_20210917_La_1_1231,K,HSL:4810501,Korso
47340,47340,0,47340,47340,0,False,SCHEDULED,1631912400,HSL:3001K_20210917_La_1_1241,K,HSL:4810501,Korso
47940,47940,0,47940,47940,0,False,SCHEDULED,1631912400,HSL:3001K_20210917_La_1_1251,K,HSL:4810501,Korso
45840,45840,0,45840,45840,0,False,SCHEDULED,1631912400,HSL:2146_20210917_La_2_1238,146,HSL:2411240,Espoonlahden uimah.
46020,46020,0,46020,46020,0,False,SCHEDULED,1631912400,HSL:2124_20210917_La_2_1233,124,HSL:2411240,Espoonlahden uimah.
46740,46740,0,46740,46740,0,False,SCHEDULED,1631912400,HSL:2146_20210917_La_2_1253,146,HSL:2411240,Espoonlahden uimah.
46920,46920,0,46920,46920,0,False,SCHEDULED,1631912400,HSL:2124K_20210917_La_2_1248,124K,HSL:2411240,Espoonlahden uimah.
47640,47640,0,47640,47640,0,False,SCHEDULED,1631912400,HSL:2146_20210917_La_2_1308,146,HSL:2411240,Espoonlahden uimah.
45300,45419,119,45300,45419,119,True,UPDATED,1631912400,HSL:1023_20210917_La_1_1223,23,HSL:1122134,Porvoonkatu
46500,46500,0,46500,46500,0,False,SCHEDULED,1631912400,HSL:1023_20210917_La_1_1243,23,HSL:1122134,Porvoonkatu
47700,47700,0,47700,47700,0,False,SCHEDULED,1631912400,HSL:1023_20210917_La_1_1303,23,HSL:1122134,Porvoonkatu
48900,48900,0,48900,48900,0,False,SCHEDULED,1631912400,HSL:1023_20210917_La_1_1323,23,HSL:1122134,Porvoonkatu
50100,50100,0,50100,50100,0,False,SCHEDULED,1631912400,HSL:1023_20210917_La_1_1343,23,HSL:1122134,Porvoonkatu
45660,45762,102,45660,45781,121,True,UPDATED,1631912400,HSL:1023_20210917_La_2_1213,23,HSL:1122135,Porvoonkatu
46860,46896,36,46860,46896,36,True,UPDATED,1631912400,HSL:1023_20210917_La_2_1233,23,HSL:1122135,Porvoonkatu
48060,48060,0,48060,48060,0,False,SCHEDULED,1631912400,HSL:1023_20210917_La_2_1253,23,HSL:1122135,Porvoonkatu
49260,49260,0,49260,49260,0,False,SCHEDULED,1631912400,HSL:1023_20210917_La_2_1313,23,HSL:1122135,Porvoonkatu
50460,50460,0,50460,50460,0,False,SCHEDULED,1631912400,HSL:1023_20210917_La_2_1333,23,HSL:1122135,Porvoonkatu
49920,49920,0,49920,49920,0,False,SCHEDULED,1631912400,HSL:7192V_20210917_La_2_1315,192V,HSL:1310225,Lahnalahdentie
61260,61260,0,61260,61260,0,False,SCHEDULED,1631912400,HSL:7192V_20210917_La_2_1623,192V,HSL:1310225,Lahnalahdentie
64320,64320,0,64320,64320,0,False,SCHEDULED,1631912400,HSL:7192V_20210917_La_2_1715,192V,HSL:1310225,Lahnalahdentie
82320,82320,0,82320,82320,0,False,SCHEDULED,1631912400,HSL:7192V_20210917_La_2_2215,192V,HSL:1310225,Lahnalahdentie
86880,86880,0,86880,86880,0,False,SCHEDULED,1631912400,HSL:2112N_20210917_La_2_2345,112N,HSL:1310225,Lahnalahdentie
46380,46380,0,46380,46380,0,False,SCHEDULED,1631912400,HSL:1023_20210917_La_1_1243,23,HSL:1122132,Kulttuuritalo
47580,47580,0,47580,47580,0,False,SCHEDULED,1631912400,HSL:1023_20210917_La_1_1303,23,HSL:1122132,Kulttuuritalo
48780,48780,0,48780,48780,0,False,SCHEDULED,1631912400,HSL:1023_20210917_La_1_1323,23,HSL:1122132,Kulttuuritalo
49980,49980,0,49980,49980,0,False,SCHEDULED,1631912400,HSL:1023_20210917_La_1_1343,23,HSL:1122132,Kulttuuritalo
51180,51180,0,51180,51180,0,False,SCHEDULED,1631912400,HSL:1023_20210917_La_1_1403,23,HSL:1122132,Kulttuuritalo
45720,45825,105,45720,45831,111,True,UPDATED,1631912400,HSL:1023_20210917_La_2_1213,23,HSL:1122133,Kulttuuritalo
46920,46956,36,46920,46956,36,True,UPDATED,1631912400,HSL:1023_20210917_La_2_1233,23,HSL:1122133,Kulttuuritalo
48120,48120,0,48120,48120,0,False,SCHEDULED,1631912400,HSL:1023_20210917_La_2_1253,23,HSL:1122133,Kulttuuritalo
49320,49320,0,49320,49320,0,False,SCHEDULED,1631912400,HSL:1023_20210917_La_2_1313,23,HSL:1122133,Kulttuuritalo
50520,50520,0,50520,50520,0,False,SCHEDULED,1631912400,HSL:1023_20210917_La_2_1333,23,HSL:1122133,Kulttuuritalo
45540,45521,-19,45540,45534,-6,True,UPDATED,1631912400,HSL:2114_20210917_La_1_1223,114,HSL:2131249,Kutojantie
45960,46053,93,45960,46053,93,True,UPDATED,1631912400,HSL:2532_20210917_La_1_1224,532,HSL:2131249,Kutojantie
46440,46440,0,46440,46440,0,False,SCHEDULED,1631912400,HSL:2114_20210917_La_1_1238,114,HSL:2131249,Kutojantie
46620,46662,42,46620,46668,48,True,UPDATED,1631912400,HSL:2543_20210917_La_2_1222,543,HSL:2131249,Kutojantie
46860,46860,0,46860,46860,0,False,SCHEDULED,1631912400,HSL:2532_20210917_La_1_1239,532,HSL:2131249,Kutojantie
45240,45322,82,45240,45350,110,True,UPDATED,1631912400,HSL:1006_20210917_La_1_1216,6,HSL:1111427,Hakaniemi
45600,45634,34,45600,45664,64,True,UPDATED,1631912400,HSL:1007_20210917_La_1_1218,7,HSL:1111427,Hakaniemi
45960,45988,28,45960,46016,56,True,UPDATED,1631912400,HSL:1006_20210917_La_1_1228,6,HSL:1111427,Hakaniemi
46320,46304,-16,46320,46329,9,True,UPDATED,1631912400,HSL:1007_20210917_La_1_1230,7,HSL:1111427,Hakaniemi
46680,46680,0,46680,46680,0,True,UPDATED,1631912400,HSL:1006_20210917_La_1_1240,6,HSL:1111427,Hakaniemi
45540,45558,18,45540,45564,24,True,UPDATED,1631912400,HSL:2114_20210917_La_1_1223,114,HSL:2131247,Nihtisillankuja
45960,46121,161,45960,46127,167,True,UPDATED,1631912400,HSL:2532_20210917_La_1_1224,532,HSL:2131247,Nihtisillankuja
46440,46440,0,46440,46440,0,False,SCHEDULED,1631912400,HSL:2114_20210917_La_1_1238,114,HSL:2131247,Nihtisillankuja
46620,46703,83,46620,46704,84,True,UPDATED,1631912400,HSL:2543_20210917_La_2_1222,543,HSL:2131247,Nihtisillankuja
46860,46860,0,46860,46860,0,False,SCHEDULED,1631912400,HSL:2532_20210917_La_1_1239,532,HSL:2131247,Nihtisillankuja
45360,45367,7,45360,45427,67,True,UPDATED,1631912400,HSL:1003_20210917_La_1_1216,3,HSL:1111428,Hakaniemi
45600,45700,100,45600,45700,100,True,UPDATED,1631912400,HSL:1001_20210917_La_1_1222,1,HSL:1111428,Hakaniemi
45720,45682,-38,45720,45737,17,True,UPDATED,1631912400,HSL:1009_20210917_La_1_1222,9,HSL:1111428,Hakaniemi
46080,46117,37,46080,46176,96,True,UPDATED,1631912400,HSL:1003_20210917_La_1_1228,3,HSL:1111428,Hakaniemi
46380,46380,0,46380,46380,0,True,UPDATED,1631912400,HSL:1001_20210917_La_1_1235,1,HSL:1111428,Hakaniemi
45480,45446,-34,45480,45446,-34,True,UPDATED,1631912400,HSL:2114_20210917_La_2_1225,114,HSL:2131248,Kutojantie
45480,45498,18,45480,45502,22,True,UPDATED,1631912400,HSL:2543_20210917_La_1_1225,543,HSL:2131248,Kutojantie
46020,46020,0,46020,46020,0,True,UPDATED,1631912400,HSL:2532_20210917_La_2_1234,532,HSL:2131248,Kutojantie
46380,46380,0,46380,46380,0,False,SCHEDULED,1631912400,HSL:2114_20210917_La_2_1240,114,HSL:2131248,Kutojantie
46920,46920,0,46920,46920,0,False,SCHEDULED,1631912400,HSL:2532_20210917_La_2_1249,532,HSL:2131248,Kutojantie
45300,45280,-20,45300,45343,43,True,UPDATED,1631912400,HSL:1003_20210917_La_2_1217,3,HSL:1111429,Hakaniemi
45600,45611,11,45600,45679,79,True,UPDATED,1631912400,HSL:1009_20210917_La_2_1225,9,HSL:1111429,Hakaniemi
45780,45951,171,45780,45951,171,True,UPDATED,1631912400,HSL:1001_20210917_La_2_1221,1,HSL:1111429,Hakaniemi
46020,46009,-11,46020,46095,75,True,UPDATED,1631912400,HSL:1003_20210917_La_2_1229,3,HSL:1111429,Hakaniemi
46320,46320,0,46320,46320,0,False,SCHEDULED,1631912400,HSL:1009_20210917_La_2_1237,9,HSL:1111429,Hakaniemi
46140,46140,0,46140,46140,0,True,UPDATED,1631912400,HSL:2215_20210917_La_1_1236,215,HSL:2143270,Palokunnanpuisto
46980,46980,0,46980,46980,0,False,SCHEDULED,1631912400,HSL:2214_20210917_La_2_1300,214,HSL:2143270,Palokunnanpuisto
47340,47340,0,47340,47340,0,False,SCHEDULED,1631912400,HSL:2215_20210917_La_1_1256,215,HSL:2143270,Palokunnanpuisto
48540,48540,0,48540,48540,0,False,SCHEDULED,1631912400,HSL:2215_20210917_La_1_1316,215,HSL:2143270,Palokunnanpuisto
48780,48780,0,48780,48780,0,False,SCHEDULED,1631912400,HSL:2214_20210917_La_2_1330,214,HSL:2143270,Palokunnanpuisto
46260,46260,0,46260,46260,0,True,UPDATED,1631912400,HSL:2215_20210917_La_1_1236,215,HSL:2143272,Neljäs huvilatie
47460,47460,0,47460,47460,0,False,SCHEDULED,1631912400,HSL:2215_20210917_La_1_1256,215,HSL:2143272,Neljäs huvilatie
48660,48660,0,48660,48660,0,False,SCHEDULED,1631912400,HSL:2215_20210917_La_1_1316,215,HSL:2143272,Neljäs huvilatie
49860,49860,0,49860,49860,0,False,SCHEDULED,1631912400,HSL:2215_20210917_La_1_1336,215,HSL:2143272,Neljäs huvilatie
51060,51060,0,51060,51060,0,False,SCHEDULED,1631912400,HSL:2215_20210917_La_1_1356,215,HSL:2143272,Neljäs huvilatie
45720,45717,-3,45720,45721,1,True,UPDATED,1631912400,HSL:2114_20210917_La_1_1223,114,HSL:2131241,Lansantorppa
46620,46620,0,46620,46620,0,False,SCHEDULED,1631912400,HSL:2114_20210917_La_1_1238,114,HSL:2131241,Lansantorppa
47520,47520,0,47520,47520,0,False,SCHEDULED,1631912400,HSL:2114_20210917_La_1_1253,114,HSL:2131241,Lansantorppa
48420,48420,0,48420,48420,0,False,SCHEDULED,1631912400,HSL:2114_20210917_La_1_1308,114,HSL:2131241,Lansantorppa
49320,49320,0,49320,49320,0,False,SCHEDULED,1631912400,HSL:2114_20210917_La_1_1323,114,HSL:2131241,Lansantorppa
46200,46200,0,46200,46200,0,False,SCHEDULED,1631912400,HSL:2114_20210917_La_2_1240,114,HSL:2131242,Nuijavuori
47100,47100,0,47100,47100,0,False,SCHEDULED,1631912400,HSL:2114_20210917_La_2_1255,114,HSL:2131242,Nuijavuori
48000,48000,0,48000,48000,0,False,SCHEDULED,1631912400,HSL:2114_20210917_La_2_1310,114,HSL:2131242,Nuijavuori
48900,48900,0,48900,48900,0,False,SCHEDULED,1631912400,HSL:2114_20210917_La_2_1325,114,HSL:2131242,Nuijavuori
49800,49800,0,49800,49800,0,False,SCHEDULED,1631912400,HSL:2114_20210917_La_2_1340,114,HSL:2131242,Nuijavuori
46020,46020,0,46020,46020,0,False,SCHEDULED,1631912400,HSL:2113_20210917_La_2_1244,113,HSL:2118276,Majurinpolku
46320,46320,0,46320,46320,0,False,SCHEDULED,1631912400,HSL:2502_20210917_La_2_1248,502,HSL:2118276,Majurinpolku
46920,46920,0,46920,46920,0,False,SCHEDULED,1631912400,HSL:2113_20210917_La_2_1259,113,HSL:2118276,Majurinpolku
47520,47520,0,47520,47520,0,False,SCHEDULED,1631912400,HSL:2502_20210917_La_2_1308,502,HSL:2118276,Majurinpolku
47820,47820,0,47820,47820,0,False,SCHEDULED,1631912400,HSL:2113_20210917_La_2_1314,113,HSL:2118276,Majurinpolku
46140,46140,0,46140,46140,0,False,SCHEDULED,1631912400,HSL:2114_20210917_La_2_1240,114,HSL:2131240,Lansantorppa
47040,47040,0,47040,47040,0,False,SCHEDULED,1631912400,HSL:2114_20210917_La_2_1255,114,HSL:2131240,Lansantorppa
47940,47940,0,47940,47940,0,False,SCHEDULED,1631912400,HSL:2114_20210917_La_2_1310,114,HSL:2131240,Lansantorppa
48840,48840,0,48840,48840,0,False,SCHEDULED,1631912400,HSL:2114_20210917_La_2_1325,114,HSL:2131240,Lansantorppa
49740,49740,0,49740,49740,0,False,SCHEDULED,1631912400,HSL:2114_20210917_La_2_1340,114,HSL:2131240,Lansantorppa
45960,45960,0,45960,45960,0,False,SCHEDULED,1631912400,HSL:2113_20210917_La_2_1244,113,HSL:2118278,Perkkaankuja
46260,46260,0,46260,46260,0,False,SCHEDULED,1631912400,HSL:2502_20210917_La_2_1248,502,HSL:2118278,Perkkaankuja
46380,46380,0,46380,46380,0,False,SCHEDULED,1631912400,HSL:2202_20210917_La_2_1239,202,HSL:2118278,Perkkaankuja
46860,46860,0,46860,46860,0,False,SCHEDULED,1631912400,HSL:2113_20210917_La_2_1259,113,HSL:2118278,Perkkaankuja
47460,47460,0,47460,47460,0,False,SCHEDULED,1631912400,HSL:2502_20210917_La_2_1308,502,HSL:2118278,Perkkaankuja
45660,45655,-5,45660,45664,4,True,UPDATED,1631912400,HSL:2114_20210917_La_1_1223,114,HSL:2131245,Nihtimäki
46560,46560,0,46560,46560,0,False,SCHEDULED,1631912400,HSL:2114_20210917_La_1_1238,114,HSL:2131245,Nihtimäki
47460,47460,0,47460,47460,0,False,SCHEDULED,1631912400,HSL:2114_20210917_La_1_1253,114,HSL:2131245,Nihtimäki
48360,48360,0,48360,48360,0,False,SCHEDULED,1631912400,HSL:2114_20210917_La_1_1308,114,HSL:2131245,Nihtimäki
49260,49260,0,49260,49260,0,False,SCHEDULED,1631912400,HSL:2114_20210917_La_1_1323,114,HSL:2131245,Nihtimäki
45420,45399,-21,45420,45407,-13,True,UPDATED,1631912400,HSL:2114_20210917_La_2_1225,114,HSL:2131246,Nihtisillankuja
45420,45448,28,45420,45454,34,True,UPDATED,1631912400,HSL:2543_20210917_La_1_1225,543,HSL:2131246,Nihtisillankuja
45960,45960,0,45960,45960,0,True,UPDATED,1631912400,HSL:2532_20210917_La_2_1234,532,HSL:2131246,Nihtisillankuja
46320,46320,0,46320,46320,0,False,SCHEDULED,1631912400,HSL:2114_20210917_La_2_1240,114,HSL:2131246,Nihtisillankuja
46860,46860,0,46860,46860,0,False,SCHEDULED,1631912400,HSL:2532_20210917_La_2_1249,532,HSL:2131246,Nihtisillankuja
45960,45960,0,45960,45960,0,True,UPDATED,1631912400,HSL:2113_20210917_La_1_1227,113,HSL:2118277,Majurinpolku
46380,46380,0,46380,46380,0,False,SCHEDULED,1631912400,HSL:2502_20210917_La_1_1227,502,HSL:2118277,Majurinpolku
46860,46860,0,46860,46860,0,False,SCHEDULED,1631912400,HSL:2113_20210917_La_1_1242,113,HSL:2118277,Majurinpolku
47580,47580,0,47580,47580,0,False,SCHEDULED,1631912400,HSL:2502_20210917_La_1_1246,502,HSL:2118277,Majurinpolku
47760,47760,0,47760,47760,0,False,SCHEDULED,1631912400,HSL:2113_20210917_La_1_1257,113,HSL:2118277,Majurinpolku
45660,45664,4,45660,45675,15,True,UPDATED,1631912400,HSL:2114_20210917_La_1_1223,114,HSL:2131243,Nuijavuori
46560,46560,0,46560,46560,0,False,SCHEDULED,1631912400,HSL:2114_20210917_La_1_1238,114,HSL:2131243,Nuijavuori
47460,47460,0,47460,47460,0,False,SCHEDULED,1631912400,HSL:2114_20210917_La_1_1253,114,HSL:2131243,Nuijavuori
48360,48360,0,48360,48360,0,False,SCHEDULED,1631912400,HSL:2114_20210917_La_1_1308,114,HSL:2131243,Nuijavuori
49260,49260,0,49260,49260,0,False,SCHEDULED,1631912400,HSL:2114_20210917_La_1_1323,114,HSL:2131243,Nuijavuori
45360,45337,-23,45360,45345,-15,True,UPDATED,1631912400,HSL:2114_20210917_La_2_1225,114,HSL:2131244,Nihtimäki
45900,45900,0,45900,45900,0,True,UPDATED,1631912400,HSL:2532_20210917_La_2_1234,532,HSL:2131244,Nihtimäki
46260,46260,0,46260,46260,0,False,SCHEDULED,1631912400,HSL:2114_20210917_La_2_1240,114,HSL:2131244,Nihtimäki
46800,46800,0,46800,46800,0,False,SCHEDULED,1631912400,HSL:2532_20210917_La_2_1249,532,HSL:2131244,Nihtimäki
47160,47160,0,47160,47160,0,False,SCHEDULED,1631912400,HSL:2114_20210917_La_2_1255,114,HSL:2131244,Nihtimäki
45540,45668,128,45540,45688,148,True,UPDATED,1631912400,HSL:2542_20210917_La_2_1207,542,HSL:2411252,Merenkulkija
45780,45780,0,45780,45780,0,False,SCHEDULED,1631912400,HSL:2146_20210917_La_2_1238,146,HSL:2411252,Merenkulkija
45960,45960,0,45960,45960,0,False,SCHEDULED,1631912400,HSL:2124_20210917_La_2_1233,124,HSL:2411252,Merenkulkija
46440,46516,76,46440,46539,99,True,UPDATED,1631912400,HSL:2542_20210917_La_2_1222,542,HSL:2411252,Merenkulkija
46560,46560,0,46560,46560,0,False,SCHEDULED,1631912400,HSL:2543_20210917_La_2_1252,543,HSL:2411252,Merenkulkija
45480,45588,108,45480,45592,112,True,UPDATED,1631912400,HSL:1023_20210917_La_2_1213,23,HSL:1122127,Savonkatu
45660,46063,403,45660,46075,415,True,UPDATED,1631912400,HSL:1069_20210917_La_2_1142,69,HSL:1122127,Savonkatu
46620,46620,0,46620,46620,0,False,SCHEDULED,1631912400,HSL:7848_20210917_La_2_1205,848,HSL:1122127,Savonkatu
46680,46716,36,46680,46716,36,True,UPDATED,1631912400,HSL:1023_20210917_La_2_1233,23,HSL:1122127,Savonkatu
46860,46952,92,46860,46958,98,True,UPDATED,1631912400,HSL:1069_20210917_La_2_1202,69,HSL:1122127,Savonkatu
45360,45449,89,45360,45468,108,True,UPDATED,1631912400,HSL:2542_20210917_La_1_1229,542,HSL:2411251,Merenkulkija
45480,45543,63,45480,45566,86,True,UPDATED,1631912400,HSL:2124_20210917_La_1_1217,124,HSL:2411251,Merenkulkija
45540,45664,124,45540,45664,124,True,UPDATED,1631912400,HSL:2125_20210917_La_1_1210,125,HSL:2411251,Merenkulkija
45780,45760,-20,45780,45772,-8,True,UPDATED,1631912400,HSL:2146_20210917_La_1_1231,146,HSL:2411251,Merenkulkija
45540,45823,283,45540,45834,294,True,UPDATED,1631912400,HSL:2543_20210917_La_1_1155,543,HSL:2411251,Merenkulkija
94260,94260,0,94260,94260,0,False,SCHEDULED,1631912400,HSL:1023N_20210917_La_2_2603,23N,HSL:1122128,Savonkatu
95460,95460,0,95460,95460,0,False,SCHEDULED,1631912400,HSL:1023N_20210917_La_2_2623,23N,HSL:1122128,Savonkatu
96660,96660,0,96660,96660,0,False,SCHEDULED,1631912400,HSL:1023N_20210917_La_2_2643,23N,HSL:1122128,Savonkatu
97860,97860,0,97860,97860,0,False,SCHEDULED,1631912400,HSL:1023N_20210917_La_2_2703,23N,HSL:1122128,Savonkatu
99060,99060,0,99060,99060,0,False,SCHEDULED,1631912400,HSL:1023N_20210917_La_2_2723,23N,HSL:1122128,Savonkatu
45540,45540,0,45540,45540,0,False,SCHEDULED,1631912400,HSL:2147_20210917_La_2_1233,147,HSL:2411254,Laurinlahdentie
46440,46440,0,46440,46440,0,False,SCHEDULED,1631912400,HSL:2147_20210917_La_2_1248,147,HSL:2411254,Laurinlahdentie
47340,47340,0,47340,47340,0,False,SCHEDULED,1631912400,HSL:2147_20210917_La_2_1303,147,HSL:2411254,Laurinlahdentie
48240,48240,0,48240,48240,0,False,SCHEDULED,1631912400,HSL:2147_20210917_La_2_1318,147,HSL:2411254,Laurinlahdentie
49140,49140,0,49140,49140,0,False,SCHEDULED,1631912400,HSL:2147_20210917_La_2_1333,147,HSL:2411254,Laurinlahdentie
45360,45415,55,45360,45424,64,True,UPDATED,1631912400,HSL:1071_20210917_La_1_1208,71,HSL:1383179,Pihlajistontie
45240,45693,453,45240,45693,453,True,UPDATED,1631912400,HSL:1506_20210917_La_2_1154,506,HSL:1383179,Pihlajistontie
45960,45917,-43,45960,45917,-43,True,UPDATED,1631912400,HSL:1071_20210917_La_1_1218,71,HSL:1383179,Pihlajistontie
46560,46638,78,46560,46638,78,True,UPDATED,1631912400,HSL:1071_20210917_La_1_1228,71,HSL:1383179,Pihlajistontie
46440,46766,326,46440,46766,326,True,UPDATED,1631912400,HSL:1506_20210917_La_2_1214,506,HSL:1383179,Pihlajistontie
45480,45491,11,45480,45503,23,True,UPDATED,1631912400,HSL:2147_20210917_La_1_1223,147,HSL:2411253,Laurinlahdentie
46380,46380,0,46380,46380,0,False,SCHEDULED,1631912400,HSL:2147_20210917_La_1_1238,147,HSL:2411253,Laurinlahdentie
47280,47280,0,47280,47280,0,False,SCHEDULED,1631912400,HSL:2147_20210917_La_1_1253,147,HSL:2411253,Laurinlahdentie
48180,48180,0,48180,48180,0,False,SCHEDULED,1631912400,HSL:2147_20210917_La_1_1308,147,HSL:2411253,Laurinlahdentie
49140,49140,0,49140,49140,0,False,SCHEDULED,1631912400,HSL:2147_20210917_La_1_1323,147,HSL:2411253,Laurinlahdentie
45300,45795,495,45300,45813,513,True,UPDATED,1631912400,HSL:2510_20210917_La_2_1202,510,HSL:1122126,Sipoonkatu
45720,45843,123,45720,45860,140,True,UPDATED,1631912400,HSL:1500_20210917_La_2_1221,500,HSL:1122126,Sipoonkatu
46200,46372,172,46200,46388,188,True,UPDATED,1631912400,HSL:2510_20210917_La_2_1217,510,HSL:1122126,Sipoonkatu
46620,46620,0,46620,46620,0,False,SCHEDULED,1631912400,HSL:1500_20210917_La_2_1236,500,HSL:1122126,Sipoonkatu
47100,47190,90,47100,47204,104,True,UPDATED,1631912400,HSL:2510_20210917_La_2_1232,510,HSL:1122126,Sipoonkatu
45480,45621,141,45480,45633,153,True,UPDATED,1631912400,HSL:2542_20210917_La_2_1207,542,HSL:2411250,Kipparinmäki
45720,45720,0,45720,45720,0,False,SCHEDULED,1631912400,HSL:2146_20210917_La_2_1238,146,HSL:2411250,Kipparinmäki
45900,45900,0,45900,45900,0,False,SCHEDULED,1631912400,HSL:2124_20210917_La_2_1233,124,HSL:2411250,Kipparinmäki
46380,46470,90,46380,46481,101,True,UPDATED,1631912400,HSL:2542_20210917_La_2_1222,542,HSL:2411250,Kipparinmäki
46500,46500,0,46500,46500,0,False,SCHEDULED,1631912400,HSL:2543_20210917_La_2_1252,543,HSL:2411250,Kipparinmäki
45000,45366,366,45000,45398,398,True,UPDATED,1631912400,HSL:4571_20210917_La_2_1141,571,HSL:4680221,Niittytie
46860,46889,29,46860,46892,32,True,UPDATED,1631912400,HSL:4571_20210917_La_2_1211,571,HSL:4680221,Niittytie
48660,48660,0,48660,48660,0,False,SCHEDULED,1631912400,HSL:4571_20210917_La_2_1241,571,HSL:4680221,Niittytie
50460,50460,0,50460,50460,0,False,SCHEDULED,1631912400,HSL:4571_20210917_La_2_1311,571,HSL:4680221,Niittytie
52260,52260,0,52260,52260,0,False,SCHEDULED,1631912400,HSL:4571_20210917_La_2_1341,571,HSL:4680221,Niittytie
45840,45837,-3,45840,45840,0,True,UPDATED,1631912400,HSL:4571_20210917_La_1_1228,571,HSL:4680220,Neitsytkuja
47640,47640,0,47640,47640,0,False,SCHEDULED,1631912400,HSL:4571_20210917_La_1_1258,571,HSL:4680220,Neitsytkuja
49440,49440,0,49440,49440,0,False,SCHEDULED,1631912400,HSL:4571_20210917_La_1_1328,571,HSL:4680220,Neitsytkuja
51240,51240,0,51240,51240,0,False,SCHEDULED,1631912400,HSL:4571_20210917_La_1_1358,571,HSL:4680220,Neitsytkuja
52980,52980,0,52980,52980,0,False,SCHEDULED,1631912400,HSL:4571_20210917_La_1_1428,571,HSL:4680220,Neitsytkuja
45480,45608,128,45480,45611,131,True,UPDATED,1631912400,HSL:2246K_20210917_La_2_1214,246K,HSL:2634260,Lukkarinpuro
49080,49080,0,49080,49080,0,False,SCHEDULED,1631912400,HSL:2246K_20210917_La_2_1314,246K,HSL:2634260,Lukkarinpuro
52680,52680,0,52680,52680,0,False,SCHEDULED,1631912400,HSL:2246K_20210917_La_2_1414,246K,HSL:2634260,Lukkarinpuro
56280,56280,0,56280,56280,0,False,SCHEDULED,1631912400,HSL:2246K_20210917_La_2_1514,246K,HSL:2634260,Lukkarinpuro
59880,59880,0,59880,59880,0,False,SCHEDULED,1631912400,HSL:2246K_20210917_La_2_1614,246K,HSL:2634260,Lukkarinpuro
47400,47400,0,47400,47400,0,False,SCHEDULED,1631912400,HSL:2345N_20210917_La_2_1308,345N,HSL:2724202,Lakistonniitty
51000,51000,0,51000,51000,0,False,SCHEDULED,1631912400,HSL:2345N_20210917_La_2_1408,345N,HSL:2724202,Lakistonniitty
54540,54540,0,54540,54540,0,False,SCHEDULED,1631912400,HSL:2345N_20210917_La_2_1507,345N,HSL:2724202,Lakistonniitty
58140,58140,0,58140,58140,0,False,SCHEDULED,1631912400,HSL:2345N_20210917_La_2_1607,345N,HSL:2724202,Lakistonniitty
61740,61740,0,61740,61740,0,False,SCHEDULED,1631912400,HSL:2345N_20210917_La_2_1707,345N,HSL:2724202,Lakistonniitty
46860,46953,93,46860,46953,93,True,UPDATED,1631912400,HSL:2345N_20210917_La_1_1205,345N,HSL:2724201,Lakistonniitty
50460,50460,0,50460,50460,0,False,SCHEDULED,1631912400,HSL:2345N_20210917_La_1_1305,345N,HSL:2724201,Lakistonniitty
54000,54000,0,54000,54000,0,False,SCHEDULED,1631912400,HSL:2345N_20210917_La_1_1405,345N,HSL:2724201,Lakistonniitty
57600,57600,0,57600,57600,0,False,SCHEDULED,1631912400,HSL:2345N_20210917_La_1_1505,345N,HSL:2724201,Lakistonniitty
61140,61140,0,61140,61140,0,False,SCHEDULED,1631912400,HSL:2345N_20210917_La_1_1605,345N,HSL:2724201,Lakistonniitty
45240,45368,128,45240,45389,149,True,UPDATED,1631912400,HSL:2246K_20210917_La_2_1214,246K,HSL:2634265,Kellonummi
46620,46620,0,46620,46620,0,False,SCHEDULED,1631912400,HSL:2246K_20210917_La_1_1242,246K,HSL:2634265,Kellonummi
48840,48840,0,48840,48840,0,False,SCHEDULED,1631912400,HSL:2246K_20210917_La_2_1314,246K,HSL:2634265,Kellonummi
50220,50220,0,50220,50220,0,False,SCHEDULED,1631912400,HSL:2246K_20210917_La_1_1342,246K,HSL:2634265,Kellonummi
52440,52440,0,52440,52440,0,False,SCHEDULED,1631912400,HSL:2246K_20210917_La_2_1414,246K,HSL:2634265,Kellonummi
45540,45490,-50,45540,45494,-46,True,UPDATED,1631912400,HSL:4576_20210917_La_2_1201,576,HSL:4680227,Mesikukantie
46080,46042,-38,46080,46045,-35,True,UPDATED,1631912400,HSL:4611_20210917_La_1_1209,611,HSL:4680227,Mesikukantie
47340,47304,-36,47340,47308,-32,True,UPDATED,1631912400,HSL:4611_20210917_La_1_1229,611,HSL:4680227,Mesikukantie
48540,48540,0,48540,48540,0,False,SCHEDULED,1631912400,HSL:4611_20210917_La_1_1249,611,HSL:4680227,Mesikukantie
49140,49140,0,49140,49140,0,False,SCHEDULED,1631912400,HSL:4576_20210917_La_2_1301,576,HSL:4680227,Mesikukantie
45660,45708,48,45660,45709,49,True,UPDATED,1631912400,HSL:4571_20210917_La_1_1228,571,HSL:4680226,Uusitie
47460,47460,0,47460,47460,0,False,SCHEDULED,1631912400,HSL:4571_20210917_La_1_1258,571,HSL:4680226,Uusitie
49260,49260,0,49260,49260,0,False,SCHEDULED,1631912400,HSL:4571_20210917_La_1_1328,571,HSL:4680226,Uusitie
51060,51060,0,51060,51060,0,False,SCHEDULED,1631912400,HSL:4571_20210917_La_1_1358,571,HSL:4680226,Uusitie
52860,52860,0,52860,52860,0,False,SCHEDULED,1631912400,HSL:4571_20210917_La_1_1428,571,HSL:4680226,Uusitie
45360,45385,25,45360,45393,33,True,UPDATED,1631912400,HSL:4611_20210917_La_2_1228,611,HSL:4680228,Mesikukantie
45660,45690,30,45660,45696,36,True,UPDATED,1631912400,HSL:4571_20210917_La_1_1228,571,HSL:4680228,Mesikukantie
45780,45737,-43,45780,45737,-43,True,UPDATED,1631912400,HSL:4570_20210917_La_1_1205,570,HSL:4680228,Mesikukantie
46380,46320,-60,46380,46320,-60,True,UPDATED,1631912400,HSL:4570_20210917_La_1_1215,570,HSL:4680228,Mesikukantie
46560,46560,0,46560,46560,0,False,SCHEDULED,1631912400,HSL:4611_20210917_La_2_1248,611,HSL:4680228,Mesikukantie
46380,46380,0,46380,46380,0,False,SCHEDULED,1631912400,HSL:2246K_20210917_La_1_1242,246K,HSL:2634261,Lukkarinpuro
49980,49980,0,49980,49980,0,False,SCHEDULED,1631912400,HSL:2246K_20210917_La_1_1342,246K,HSL:2634261,Lukkarinpuro
53580,53580,0,53580,53580,0,False,SCHEDULED,1631912400,HSL:2246K_20210917_La_1_1442,246K,HSL:2634261,Lukkarinpuro
57180,57180,0,57180,57180,0,False,SCHEDULED,1631912400,HSL:2246K_20210917_La_1_1542,246K,HSL:2634261,Lukkarinpuro
60780,60780,0,60780,60780,0,False,SCHEDULED,1631912400,HSL:2246K_20210917_La_1_1642,246K,HSL:2634261,Lukkarinpuro
45060,45411,351,45060,45412,352,True,UPDATED,1631912400,HSL:4571_20210917_La_2_1141,571,HSL:4680223,Jäkkitie
46920,46920,0,46920,46950,30,True,UPDATED,1631912400,HSL:4571_20210917_La_2_1211,571,HSL:4680223,Jäkkitie
48720,48720,0,48720,48720,0,False,SCHEDULED,1631912400,HSL:4571_20210917_La_2_1241,571,HSL:4680223,Jäkkitie
50520,50520,0,50520,50520,0,False,SCHEDULED,1631912400,HSL:4571_20210917_La_2_1311,571,HSL:4680223,Jäkkitie
52320,52320,0,52320,52320,0,False,SCHEDULED,1631912400,HSL:4571_20210917_La_2_1341,571,HSL:4680223,Jäkkitie
45780,45794,14,45780,45799,19,True,UPDATED,1631912400,HSL:4571_20210917_La_1_1228,571,HSL:4680222,Niittytie
47580,47580,0,47580,47580,0,False,SCHEDULED,1631912400,HSL:4571_20210917_La_1_1258,571,HSL:4680222,Niittytie
49380,49380,0,49380,49380,0,False,SCHEDULED,1631912400,HSL:4571_20210917_La_1_1328,571,HSL:4680222,Niittytie
51180,51180,0,51180,51180,0,False,SCHEDULED,1631912400,HSL:4571_20210917_La_1_1358,571,HSL:4680222,Niittytie
52920,52920,0,52920,52920,0,False,SCHEDULED,1631912400,HSL:4571_20210917_La_1_1428,571,HSL:4680222,Niittytie
48720,48720,0,48720,48720,0,False,SCHEDULED,1631912400,HSL:2246K_20210917_La_2_1314,246K,HSL:2634262,Kellonummentie
52320,52320,0,52320,52320,0,False,SCHEDULED,1631912400,HSL:2246K_20210917_La_2_1414,246K,HSL:2634262,Kellonummentie
55920,55920,0,55920,55920,0,False,SCHEDULED,1631912400,HSL:2246K_20210917_La_2_1514,246K,HSL:2634262,Kellonummentie
59520,59520,0,59520,59520,0,False,SCHEDULED,1631912400,HSL:2246K_20210917_La_2_1614,246K,HSL:2634262,Kellonummentie
63120,63120,0,63120,63120,0,False,SCHEDULED,1631912400,HSL:2246K_20210917_La_2_1714,246K,HSL:2634262,Kellonummentie
45120,45450,330,45120,45453,333,True,UPDATED,1631912400,HSL:4571_20210917_La_2_1141,571,HSL:4680225,Uusitie
46980,46959,-21,46980,46983,3,True,UPDATED,1631912400,HSL:4571_20210917_La_2_1211,571,HSL:4680225,Uusitie
48780,48780,0,48780,48780,0,False,SCHEDULED,1631912400,HSL:4571_20210917_La_2_1241,571,HSL:4680225,Uusitie
50580,50580,0,50580,50580,0,False,SCHEDULED,1631912400,HSL:4571_20210917_La_2_1311,571,HSL:4680225,Uusitie
52380,52380,0,52380,52380,0,False,SCHEDULED,1631912400,HSL:4571_20210917_La_2_1341,571,HSL:4680225,Uusitie
46500,46500,0,46500,46500,0,False,SCHEDULED,1631912400,HSL:2246K_20210917_La_1_1242,246K,HSL:2634263,Kellonummentie
50100,50100,0,50100,50100,0,False,SCHEDULED,1631912400,HSL:2246K_20210917_La_1_1342,246K,HSL:2634263,Kellonummentie
53700,53700,0,53700,53700,0,False,SCHEDULED,1631912400,HSL:2246K_20210917_La_1_1442,246K,HSL:2634263,Kellonummentie
57300,57300,0,57300,57300,0,False,SCHEDULED,1631912400,HSL:2246K_20210917_La_1_1542,246K,HSL:2634263,Kellonummentie
60900,60900,0,60900,60900,0,False,SCHEDULED,1631912400,HSL:2246K_20210917_La_1_1642,246K,HSL:2634263,Kellonummentie
45720,45735,15,45720,45736,16,True,UPDATED,1631912400,HSL:4571_20210917_La_1_1228,571,HSL:4680224,Jäkkitie
47520,47520,0,47520,47520,0,False,SCHEDULED,1631912400,HSL:4571_20210917_La_1_1258,571,HSL:4680224,Jäkkitie
49320,49320,0,49320,49320,0,False,SCHEDULED,1631912400,HSL:4571_20210917_La_1_1328,571,HSL:4680224,Jäkkitie
51120,51120,0,51120,51120,0,False,SCHEDULED,1631912400,HSL:4571_20210917_La_1_1358,571,HSL:4680224,Jäkkitie
52920,52920,0,52920,52920,0,False,SCHEDULED,1631912400,HSL:4571_20210917_La_1_1428,571,HSL:4680224,Jäkkitie
44940,45311,371,44940,45312,372,True,UPDATED,1631912400,HSL:4571_20210917_La_2_1141,571,HSL:4680219,Neitsytkuja
46800,46830,30,46800,46832,32,True,UPDATED,1631912400,HSL:4571_20210917_La_2_1211,571,HSL:4680219,Neitsytkuja
48600,48600,0,48600,48600,0,False,SCHEDULED,1631912400,HSL:4571_20210917_La_2_1241,571,HSL:4680219,Neitsytkuja
50400,50400,0,50400,50400,0,False,SCHEDULED,1631912400,HSL:4571_20210917_La_2_1311,571,HSL:4680219,Neitsytkuja
52200,52200,0,52200,52200,0,False,SCHEDULED,1631912400,HSL:4571_20210917_La_2_1341,571,HSL:4680219,Neitsytkuja
47460,47460,0,47460,47460,0,False,SCHEDULED,1631912400,HSL:2345N_20210917_La_2_1308,345N,HSL:2724208,Vanha Lakistontie
51060,51060,0,51060,51060,0,False,SCHEDULED,1631912400,HSL:2345N_20210917_La_2_1408,345N,HSL:2724208,Vanha Lakistontie
54600,54600,0,54600,54600,0,False,SCHEDULED,1631912400,HSL:2345N_20210917_La_2_1507,345N,HSL:2724208,Vanha Lakistontie
58200,58200,0,58200,58200,0,False,SCHEDULED,1631912400,HSL:2345N_20210917_La_2_1607,345N,HSL:2724208,Vanha Lakistontie
61800,61800,0,61800,61800,0,False,SCHEDULED,1631912400,HSL:2345N_20210917_La_2_1707,345N,HSL:2724208,Vanha Lakistontie
46800,46893,93,46800,46893,93,True,UPDATED,1631912400,HSL:2345N_20210917_La_1_1205,345N,HSL:2724209,Vanha Lakistontie
50400,50400,0,50400,50400,0,False,SCHEDULED,1631912400,HSL:2345N_20210917_La_1_1305,345N,HSL:2724209,Vanha Lakistontie
53940,53940,0,53940,53940,0,False,SCHEDULED,1631912400,HSL:2345N_20210917_La_1_1405,345N,HSL:2724209,Vanha Lakistontie
57540,57540,0,57540,57540,0,False,SCHEDULED,1631912400,HSL:2345N_20210917_La_1_1505,345N,HSL:2724209,Vanha Lakistontie
61080,61080,0,61080,61080,0,False,SCHEDULED,1631912400,HSL:2345N_20210917_La_1_1605,345N,HSL:2724209,Vanha Lakistontie
45600,45600,0,45600,45600,0,True,UPDATED,1631912400,HSL:1092_20210917_La_1_1234,92,HSL:1454156,Kolsintie
46500,46500,0,46500,46500,0,False,SCHEDULED,1631912400,HSL:1092_20210917_La_1_1249,92,HSL:1454156,Kolsintie
47400,47400,0,47400,47400,0,False,SCHEDULED,1631912400,HSL:1092_20210917_La_1_1304,92,HSL:1454156,Kolsintie
48300,48300,0,48300,48300,0,False,SCHEDULED,1631912400,HSL:1092_20210917_La_1_1319,92,HSL:1454156,Kolsintie
49200,49200,0,49200,49200,0,False,SCHEDULED,1631912400,HSL:1092_20210917_La_1_1334,92,HSL:1454156,Kolsintie
45780,45780,0,45780,45780,0,True,UPDATED,1631912400,HSL:1092_20210917_La_2_1235,92,HSL:1454157,Kolsintie
46680,46680,0,46680,46680,0,False,SCHEDULED,1631912400,HSL:1092_20210917_La_2_1250,92,HSL:1454157,Kolsintie
47580,47580,0,47580,47580,0,False,SCHEDULED,1631912400,HSL:1092_20210917_La_2_1305,92,HSL:1454157,Kolsintie
48480,48480,0,48480,48480,0,False,SCHEDULED,1631912400,HSL:1092_20210917_La_2_1320,92,HSL:1454157,Kolsintie
49380,49380,0,49380,49380,0,False,SCHEDULED,1631912400,HSL:1092_20210917_La_2_1335,92,HSL:1454157,Kolsintie
46140,46230,90,46140,46233,93,True,UPDATED,1631912400,HSL:4445T_20210917_La_1_1230,445T,HSL:4330294,Suosaarentie
51060,51060,0,51060,51060,0,False,SCHEDULED,1631912400,HSL:4445T_20210917_La_2_1355,445T,HSL:4330294,Suosaarentie
56940,56940,0,56940,56940,0,False,SCHEDULED,1631912400,HSL:4445T_20210917_La_1_1530,445T,HSL:4330294,Suosaarentie
61860,61860,0,61860,61860,0,False,SCHEDULED,1631912400,HSL:4445T_20210917_La_2_1655,445T,HSL:4330294,Suosaarentie
67740,67740,0,67740,67740,0,False,SCHEDULED,1631912400,HSL:4445T_20210917_La_1_1830,445T,HSL:4330294,Suosaarentie
47880,47880,0,47880,47880,0,False,SCHEDULED,1631912400,HSL:4576_20210917_La_1_1309,576,HSL:4680210,Kaunokkitie
51480,51480,0,51480,51480,0,False,SCHEDULED,1631912400,HSL:4576_20210917_La_1_1409,576,HSL:4680210,Kaunokkitie
55080,55080,0,55080,55080,0,False,SCHEDULED,1631912400,HSL:4576_20210917_La_1_1509,576,HSL:4680210,Kaunokkitie
58680,58680,0,58680,58680,0,False,SCHEDULED,1631912400,HSL:4576_20210917_La_1_1609,576,HSL:4680210,Kaunokkitie
62280,62280,0,62280,62280,0,False,SCHEDULED,1631912400,HSL:4576_20210917_La_1_1709,576,HSL:4680210,Kaunokkitie
45720,45748,28,45720,45749,29,True,UPDATED,1631912400,HSL:4445T_20210917_La_1_1230,445T,HSL:4330296,Suosaarentie
50640,50640,0,50640,50640,0,False,SCHEDULED,1631912400,HSL:4445T_20210917_La_2_1355,445T,HSL:4330296,Suosaarentie
56520,56520,0,56520,56520,0,False,SCHEDULED,1631912400,HSL:4445T_20210917_La_1_1530,445T,HSL:4330296,Suosaarentie
61440,61440,0,61440,61440,0,False,SCHEDULED,1631912400,HSL:4445T_20210917_La_2_1655,445T,HSL:4330296,Suosaarentie
67320,67320,0,67320,67320,0,False,SCHEDULED,1631912400,HSL:4445T_20210917_La_1_1830,445T,HSL:4330296,Suosaarentie
45720,45772,52,45720,45779,59,True,UPDATED,1631912400,HSL:2124K_20210917_La_1_1232,124K,HSL:2323214,Tähtisateenpuisto
46440,46522,82,46440,46530,90,True,UPDATED,1631912400,HSL:2543_20210917_La_1_1225,543,HSL:2323214,Tähtisateenpuisto
46620,46620,0,46620,46620,0,False,SCHEDULED,1631912400,HSL:2124_20210917_La_1_1247,124,HSL:2323214,Tähtisateenpuisto
47520,47520,0,47520,47520,0,False,SCHEDULED,1631912400,HSL:2124K_20210917_La_1_1302,124K,HSL:2323214,Tähtisateenpuisto
48240,48240,0,48240,48240,0,False,SCHEDULED,1631912400,HSL:2543_20210917_La_1_1255,543,HSL:2323214,Tähtisateenpuisto
46080,46144,64,46080,46144,64,True,UPDATED,1631912400,HSL:4445T_20210917_La_1_1230,445T,HSL:4330297,Seutulan kappeli
51000,51000,0,51000,51000,0,False,SCHEDULED,1631912400,HSL:4445T_20210917_La_2_1355,445T,HSL:4330297,Seutulan kappeli
56880,56880,0,56880,56880,0,False,SCHEDULED,1631912400,HSL:4445T_20210917_La_1_1530,445T,HSL:4330297,Seutulan kappeli
61800,61800,0,61800,61800,0,False,SCHEDULED,1631912400,HSL:4445T_20210917_La_2_1655,445T,HSL:4330297,Seutulan kappeli
67680,67680,0,67680,67680,0,False,SCHEDULED,1631912400,HSL:4445T_20210917_La_1_1830,445T,HSL:4330297,Seutulan kappeli
45780,45864,84,45780,45907,127,True,UPDATED,1631912400,HSL:2124K_20210917_La_2_1218,124K,HSL:2323213,Koronakatu
46680,46680,0,46680,46680,0,False,SCHEDULED,1631912400,HSL:2124_20210917_La_2_1233,124,HSL:2323213,Koronakatu
47580,47580,0,47580,47580,0,False,SCHEDULED,1631912400,HSL:2124K_20210917_La_2_1248,124K,HSL:2323213,Koronakatu
48480,48480,0,48480,48480,0,False,SCHEDULED,1631912400,HSL:2124_20210917_La_2_1303,124,HSL:2323213,Koronakatu
49380,49380,0,49380,49380,0,False,SCHEDULED,1631912400,HSL:2124K_20210917_La_2_1318,124K,HSL:2323213,Koronakatu
51060,51060,0,51060,51060,0,False,SCHEDULED,1631912400,HSL:4445T_20210917_La_2_1355,445T,HSL:4330298,Seutulan urheiluk.
61860,61860,0,61860,61860,0,False,SCHEDULED,1631912400,HSL:4445T_20210917_La_2_1655,445T,HSL:4330298,Seutulan urheiluk.
45660,45709,49,45660,45713,53,True,UPDATED,1631912400,HSL:4445T_20210917_La_1_1230,445T,HSL:4330299,Seutulan urheiluk.
56460,56460,0,56460,56460,0,False,SCHEDULED,1631912400,HSL:4445T_20210917_La_1_1530,445T,HSL:4330299,Seutulan urheiluk.
67260,67260,0,67260,67260,0,False,SCHEDULED,1631912400,HSL:4445T_20210917_La_1_1830,445T,HSL:4330299,Seutulan urheiluk.
45780,45907,127,45780,45943,163,True,UPDATED,1631912400,HSL:2124K_20210917_La_2_1218,124K,HSL:2323211,Piispanportti
46680,46680,0,46680,46680,0,False,SCHEDULED,1631912400,HSL:2124_20210917_La_2_1233,124,HSL:2323211,Piispanportti
47580,47580,0,47580,47580,0,False,SCHEDULED,1631912400,HSL:2124K_20210917_La_2_1248,124K,HSL:2323211,Piispanportti
48480,48480,0,48480,48480,0,False,SCHEDULED,1631912400,HSL:2124_20210917_La_2_1303,124,HSL:2323211,Piispanportti
49380,49380,0,49380,49380,0,False,SCHEDULED,1631912400,HSL:2124K_20210917_La_2_1318,124K,HSL:2323211,Piispanportti
45660,45660,0,45660,45660,0,True,UPDATED,1631912400,HSL:1065_20210917_La_2_1235,65,HSL:1250180,Koskelan sairaala
46860,46860,0,46860,46860,0,False,SCHEDULED,1631912400,HSL:1065_20210917_La_2_1255,65,HSL:1250180,Koskelan sairaala
48060,48060,0,48060,48060,0,False,SCHEDULED,1631912400,HSL:1065_20210917_La_2_1315,65,HSL:1250180,Koskelan sairaala
49260,49260,0,49260,49260,0,False,SCHEDULED,1631912400,HSL:1065_20210917_La_2_1335,65,HSL:1250180,Koskelan sairaala
50460,50460,0,50460,50460,0,False,SCHEDULED,1631912400,HSL:1065_20210917_La_2_1355,65,HSL:1250180,Koskelan sairaala
45180,45505,325,45180,45505,325,True,UPDATED,1631912400,HSL:4571_20210917_La_2_1141,571,HSL:4680215,Mesikukantie
45840,45780,-60,45840,45780,-60,True,UPDATED,1631912400,HSL:4570_20210917_La_2_1224,570,HSL:4680215,Mesikukantie
46440,46440,0,46440,46440,0,True,UPDATED,1631912400,HSL:4570_20210917_La_2_1234,570,HSL:4680215,Mesikukantie
47040,46983,-57,47040,46983,-57,True,UPDATED,1631912400,HSL:4571_20210917_La_2_1211,571,HSL:4680215,Mesikukantie
47040,47040,0,47040,47040,0,False,SCHEDULED,1631912400,HSL:4570_20210917_La_2_1244,570,HSL:4680215,Mesikukantie
48360,48360,0,48360,48360,0,False,SCHEDULED,1631912400,HSL:4623K_20210917_La_2_1303,623K,HSL:4680218,Ilmakehä
51960,51960,0,51960,51960,0,False,SCHEDULED,1631912400,HSL:4623K_20210917_La_2_1403,623K,HSL:4680218,Ilmakehä
55560,55560,0,55560,55560,0,False,SCHEDULED,1631912400,HSL:4623K_20210917_La_2_1503,623K,HSL:4680218,Ilmakehä
59160,59160,0,59160,59160,0,False,SCHEDULED,1631912400,HSL:4623K_20210917_La_2_1603,623K,HSL:4680218,Ilmakehä
62760,62760,0,62760,62760,0,False,SCHEDULED,1631912400,HSL:4623K_20210917_La_2_1703,623K,HSL:4680218,Ilmakehä
48480,48480,0,48480,48480,0,False,SCHEDULED,1631912400,HSL:4623K_20210917_La_1_1300,623K,HSL:4680217,Ilmakehä
52080,52080,0,52080,52080,0,False,SCHEDULED,1631912400,HSL:4623K_20210917_La_1_1400,623K,HSL:4680217,Ilmakehä
55680,55680,0,55680,55680,0,False,SCHEDULED,1631912400,HSL:4623K_20210917_La_1_1500,623K,HSL:4680217,Ilmakehä
59280,59280,0,59280,59280,0,False,SCHEDULED,1631912400,HSL:4623K_20210917_La_1_1600,623K,HSL:4680217,Ilmakehä
62880,62880,0,62880,62880,0,False,SCHEDULED,1631912400,HSL:4623K_20210917_La_1_1700,623K,HSL:4680217,Ilmakehä
47820,47820,0,47820,47820,0,False,SCHEDULED,1631912400,HSL:4576_20210917_La_1_1309,576,HSL:4680212,Kukantie
51420,51420,0,51420,51420,0,False,SCHEDULED,1631912400,HSL:4576_20210917_La_1_1409,576,HSL:4680212,Kukantie
55020,55020,0,55020,55020,0,False,SCHEDULED,1631912400,HSL:4576_20210917_La_1_1509,576,HSL:4680212,Kukantie
58620,58620,0,58620,58620,0,False,SCHEDULED,1631912400,HSL:4576_20210917_La_1_1609,576,HSL:4680212,Kukantie
62220,62220,0,62220,62220,0,False,SCHEDULED,1631912400,HSL:4576_20210917_La_1_1709,576,HSL:4680212,Kukantie
45420,45393,-27,45420,45394,-26,True,UPDATED,1631912400,HSL:4576_20210917_La_2_1201,576,HSL:4680211,Kukantie
49020,49020,0,49020,49020,0,False,SCHEDULED,1631912400,HSL:4576_20210917_La_2_1301,576,HSL:4680211,Kukantie
52680,52680,0,52680,52680,0,False,SCHEDULED,1631912400,HSL:4576_20210917_La_2_1401,576,HSL:4680211,Kukantie
56340,56340,0,56340,56340,0,False,SCHEDULED,1631912400,HSL:4576_20210917_La_2_1501,576,HSL:4680211,Kukantie
59940,59940,0,59940,59940,0,False,SCHEDULED,1631912400,HSL:4576_20210917_La_2_1601,576,HSL:4680211,Kukantie
45360,45348,-12,45360,45349,-11,True,UPDATED,1631912400,HSL:4576_20210917_La_2_1201,576,HSL:4680209,Kaunokkitie
48960,48960,0,48960,48960,0,False,SCHEDULED,1631912400,HSL:4576_20210917_La_2_1301,576,HSL:4680209,Kaunokkitie
52620,52620,0,52620,52620,0,False,SCHEDULED,1631912400,HSL:4576_20210917_La_2_1401,576,HSL:4680209,Kaunokkitie
56280,56280,0,56280,56280,0,False,SCHEDULED,1631912400,HSL:4576_20210917_La_2_1501,576,HSL:4680209,Kaunokkitie
59880,59880,0,59880,59880,0,False,SCHEDULED,1631912400,HSL:4576_20210917_La_2_1601,576,HSL:4680209,Kaunokkitie
46800,46800,0,46800,46800,0,False,SCHEDULED,1631912400,HSL:4574_20210917_La_2_1221,574,HSL:4680208,Koivuhaantie
50400,50400,0,50400,50400,0,False,SCHEDULED,1631912400,HSL:4574_20210917_La_2_1320,574,HSL:4680208,Koivuhaantie
54000,54000,0,54000,54000,0,False,SCHEDULED,1631912400,HSL:4574_20210917_La_2_1420,574,HSL:4680208,Koivuhaantie
57600,57600,0,57600,57600,0,False,SCHEDULED,1631912400,HSL:4574_20210917_La_2_1520,574,HSL:4680208,Koivuhaantie
61260,61260,0,61260,61260,0,False,SCHEDULED,1631912400,HSL:4574_20210917_La_2_1621,574,HSL:4680208,Koivuhaantie
45600,45600,0,45600,45600,0,True,UPDATED,1631912400,HSL:1092_20210917_La_1_1234,92,HSL:1454150,Neulapadontie
46500,46500,0,46500,46500,0,False,SCHEDULED,1631912400,HSL:1092_20210917_La_1_1249,92,HSL:1454150,Neulapadontie
47400,47400,0,47400,47400,0,False,SCHEDULED,1631912400,HSL:1092_20210917_La_1_1304,92,HSL:1454150,Neulapadontie
48300,48300,0,48300,48300,0,False,SCHEDULED,1631912400,HSL:1092_20210917_La_1_1319,92,HSL:1454150,Neulapadontie
49200,49200,0,49200,49200,0,False,SCHEDULED,1631912400,HSL:1092_20210917_La_1_1334,92,HSL:1454150,Neulapadontie
45600,45600,0,45600,45600,0,True,UPDATED,1631912400,HSL:1092_20210917_La_2_1235,92,HSL:1454145,Myllytuvantie
46500,46500,0,46500,46500,0,False,SCHEDULED,1631912400,HSL:1092_20210917_La_2_1250,92,HSL:1454145,Myllytuvantie
47400,47400,0,47400,47400,0,False,SCHEDULED,1631912400,HSL:1092_20210917_La_2_1305,92,HSL:1454145,Myllytuvantie
48300,48300,0,48300,48300,0,False,SCHEDULED,1631912400,HSL:1092_20210917_La_2_1320,92,HSL:1454145,Myllytuvantie
49200,49200,0,49200,49200,0,False,SCHEDULED,1631912400,HSL:1092_20210917_La_2_1335,92,HSL:1454145,Myllytuvantie
45540,45602,62,45540,45610,70,True,UPDATED,1631912400,HSL:2533_20210917_La_1_1233,533,HSL:2323207,Päiväntaite
45660,45767,107,45660,45774,114,True,UPDATED,1631912400,HSL:2531B_20210917_La_1_1229,531B,HSL:2323207,Päiväntaite
45900,45900,0,45900,45900,0,False,SCHEDULED,1631912400,HSL:2532_20210917_La_1_1239,532,HSL:2323207,Päiväntaite
46140,46140,0,46140,46140,0,False,SCHEDULED,1631912400,HSL:2531_20210917_La_1_1236,531,HSL:2323207,Päiväntaite
46440,46440,0,46440,46440,0,False,SCHEDULED,1631912400,HSL:2533_20210917_La_1_1248,533,HSL:2323207,Päiväntaite
46800,46800,0,46800,46800,0,False,SCHEDULED,1631912400,HSL:4574_20210917_La_2_1221,574,HSL:4680241,Metsämäentie
48900,48900,0,48900,48900,0,False,SCHEDULED,1631912400,HSL:4576_20210917_La_2_1301,576,HSL:4680241,Metsämäentie
50400,50400,0,50400,50400,0,False,SCHEDULED,1631912400,HSL:4574_20210917_La_2_1320,574,HSL:4680241,Metsämäentie
52560,52560,0,52560,52560,0,False,SCHEDULED,1631912400,HSL:4576_20210917_La_2_1401,576,HSL:4680241,Metsämäentie
54000,54000,0,54000,54000,0,False,SCHEDULED,1631912400,HSL:4574_20210917_La_2_1420,574,HSL:4680241,Metsämäentie
46440,46414,-26,46440,46415,-25,True,UPDATED,1631912400,HSL:4574_20210917_La_1_1233,574,HSL:4680240,Metsämäentie
47940,47940,0,47940,47940,0,False,SCHEDULED,1631912400,HSL:4576_20210917_La_1_1309,576,HSL:4680240,Metsämäentie
50040,50040,0,50040,50040,0,False,SCHEDULED,1631912400,HSL:4574_20210917_La_1_1333,574,HSL:4680240,Metsämäentie
51540,51540,0,51540,51540,0,False,SCHEDULED,1631912400,HSL:4576_20210917_La_1_1409,576,HSL:4680240,Metsämäentie
53640,53640,0,53640,53640,0,False,SCHEDULED,1631912400,HSL:4574_20210917_La_1_1433,574,HSL:4680240,Metsämäentie
45720,45720,0,45720,45720,0,True,UPDATED,1631912400,HSL:1092_20210917_La_1_1234,92,HSL:1454146,Myllytuvantie
46620,46620,0,46620,46620,0,False,SCHEDULED,1631912400,HSL:1092_20210917_La_1_1249,92,HSL:1454146,Myllytuvantie
47520,47520,0,47520,47520,0,False,SCHEDULED,1631912400,HSL:1092_20210917_La_1_1304,92,HSL:1454146,Myllytuvantie
48420,48420,0,48420,48420,0,False,SCHEDULED,1631912400,HSL:1092_20210917_La_1_1319,92,HSL:1454146,Myllytuvantie
49320,49320,0,49320,49320,0,False,SCHEDULED,1631912400,HSL:1092_20210917_La_1_1334,92,HSL:1454146,Myllytuvantie
45660,45660,0,45660,45660,0,True,UPDATED,1631912400,HSL:1092_20210917_La_2_1235,92,HSL:1454147,Orpaanporras
46560,46560,0,46560,46560,0,False,SCHEDULED,1631912400,HSL:1092_20210917_La_2_1250,92,HSL:1454147,Orpaanporras
47460,47460,0,47460,47460,0,False,SCHEDULED,1631912400,HSL:1092_20210917_La_2_1305,92,HSL:1454147,Orpaanporras
48360,48360,0,48360,48360,0,False,SCHEDULED,1631912400,HSL:1092_20210917_La_2_1320,92,HSL:1454147,Orpaanporras
49260,49260,0,49260,49260,0,False,SCHEDULED,1631912400,HSL:1092_20210917_La_2_1335,92,HSL:1454147,Orpaanporras
45660,45660,0,45660,45660,0,True,UPDATED,1631912400,HSL:1092_20210917_La_1_1234,92,HSL:1454148,Orpaanporras
46560,46560,0,46560,46560,0,False,SCHEDULED,1631912400,HSL:1092_20210917_La_1_1249,92,HSL:1454148,Orpaanporras
47460,47460,0,47460,47460,0,False,SCHEDULED,1631912400,HSL:1092_20210917_La_1_1304,92,HSL:1454148,Orpaanporras
48360,48360,0,48360,48360,0,False,SCHEDULED,1631912400,HSL:1092_20210917_La_1_1319,92,HSL:1454148,Orpaanporras
49260,49260,0,49260,49260,0,False,SCHEDULED,1631912400,HSL:1092_20210917_La_1_1334,92,HSL:1454148,Orpaanporras
45720,45720,0,45720,45720,0,True,UPDATED,1631912400,HSL:1092_20210917_La_2_1235,92,HSL:1454149,Neulapadontie
46620,46620,0,46620,46620,0,False,SCHEDULED,1631912400,HSL:1092_20210917_La_2_1250,92,HSL:1454149,Neulapadontie
47520,47520,0,47520,47520,0,False,SCHEDULED,1631912400,HSL:1092_20210917_La_2_1305,92,HSL:1454149,Neulapadontie
48420,48420,0,48420,48420,0,False,SCHEDULED,1631912400,HSL:1092_20210917_La_2_1320,92,HSL:1454149,Neulapadontie
49320,49320,0,49320,49320,0,False,SCHEDULED,1631912400,HSL:1092_20210917_La_2_1335,92,HSL:1454149,Neulapadontie
49440,49440,0,49440,49440,0,False,SCHEDULED,1631912400,HSL:7192V_20210917_La_2_1315,192V,HSL:2311220,Piispansilta
60780,60780,0,60780,60780,0,False,SCHEDULED,1631912400,HSL:7192V_20210917_La_2_1623,192V,HSL:2311220,Piispansilta
63840,63840,0,63840,63840,0,False,SCHEDULED,1631912400,HSL:7192V_20210917_La_2_1715,192V,HSL:2311220,Piispansilta
81840,81840,0,81840,81840,0,False,SCHEDULED,1631912400,HSL:7192V_20210917_La_2_2215,192V,HSL:2311220,Piispansilta
84120,84120,0,84120,84120,0,False,SCHEDULED,1631912400,HSL:2147N_20210917_La_2_2304,147N,HSL:2311220,Piispansilta
48420,48420,0,48420,48420,0,False,SCHEDULED,1631912400,HSL:4623K_20210917_La_1_1300,623K,HSL:4680249,Köyhämäki
52020,52020,0,52020,52020,0,False,SCHEDULED,1631912400,HSL:4623K_20210917_La_1_1400,623K,HSL:4680249,Köyhämäki
55620,55620,0,55620,55620,0,False,SCHEDULED,1631912400,HSL:4623K_20210917_La_1_1500,623K,HSL:4680249,Köyhämäki
59220,59220,0,59220,59220,0,False,SCHEDULED,1631912400,HSL:4623K_20210917_La_1_1600,623K,HSL:4680249,Köyhämäki
62820,62820,0,62820,62820,0,False,SCHEDULED,1631912400,HSL:4623K_20210917_La_1_1700,623K,HSL:4680249,Köyhämäki
45420,45606,186,45420,45606,186,True,UPDATED,1631912400,HSL:4570_20210917_La_1_1155,570,HSL:4680248,Köyhämäki
46020,46037,17,46020,46037,17,True,UPDATED,1631912400,HSL:4570_20210917_La_1_1205,570,HSL:4680248,Köyhämäki
46620,46620,0,46620,46620,0,True,UPDATED,1631912400,HSL:4570_20210917_La_1_1215,570,HSL:4680248,Köyhämäki
47220,47237,17,47220,47279,59,True,UPDATED,1631912400,HSL:4570_20210917_La_1_1225,570,HSL:4680248,Köyhämäki
47820,47820,0,47820,47820,0,True,UPDATED,1631912400,HSL:4570_20210917_La_1_1235,570,HSL:4680248,Köyhämäki
45720,45720,0,45720,45720,0,True,UPDATED,1631912400,HSL:4570_20210917_La_2_1224,570,HSL:4680245,Köyhämäki
46320,46320,0,46320,46320,0,True,UPDATED,1631912400,HSL:4570_20210917_La_2_1234,570,HSL:4680245,Köyhämäki
46920,46920,0,46920,46920,0,False,SCHEDULED,1631912400,HSL:4570_20210917_La_2_1244,570,HSL:4680245,Köyhämäki
47520,47520,0,47520,47520,0,False,SCHEDULED,1631912400,HSL:4570_20210917_La_2_1254,570,HSL:4680245,Köyhämäki
48120,48120,0,48120,48120,0,False,SCHEDULED,1631912400,HSL:4570_20210917_La_2_1304,570,HSL:4680245,Köyhämäki
48120,48120,0,48120,48120,0,False,SCHEDULED,1631912400,HSL:2246K_20210917_La_2_1314,246K,HSL:2712259,Bodominkartano
51720,51720,0,51720,51720,0,False,SCHEDULED,1631912400,HSL:2246K_20210917_La_2_1414,246K,HSL:2712259,Bodominkartano
55320,55320,0,55320,55320,0,False,SCHEDULED,1631912400,HSL:2246K_20210917_La_2_1514,246K,HSL:2712259,Bodominkartano
58920,58920,0,58920,58920,0,False,SCHEDULED,1631912400,HSL:2246K_20210917_La_2_1614,246K,HSL:2712259,Bodominkartano
62520,62520,0,62520,62520,0,False,SCHEDULED,1631912400,HSL:2246K_20210917_La_2_1714,246K,HSL:2712259,Bodominkartano
45240,45344,104,45240,45346,106,True,UPDATED,1631912400,HSL:2133_20210917_La_1_1224,133,HSL:2323209,Olarinristi
45840,45946,106,45840,45951,111,True,UPDATED,1631912400,HSL:2124K_20210917_La_2_1218,124K,HSL:2323209,Olarinristi
46740,46740,0,46740,46740,0,False,SCHEDULED,1631912400,HSL:2124_20210917_La_2_1233,124,HSL:2323209,Olarinristi
47040,47040,0,47040,47040,0,False,SCHEDULED,1631912400,HSL:2133_20210917_La_1_1254,133,HSL:2323209,Olarinristi
47640,47640,0,47640,47640,0,False,SCHEDULED,1631912400,HSL:2124K_20210917_La_2_1248,124K,HSL:2323209,Olarinristi
45480,45549,69,45540,45549,9,True,UPDATED,1631912400,HSL:4611_20210917_La_2_1228,611,HSL:4680247,Kuriiritie
46680,46680,0,46740,46740,0,False,SCHEDULED,1631912400,HSL:4611_20210917_La_2_1248,611,HSL:4680247,Kuriiritie
47880,47880,0,47940,47940,0,False,SCHEDULED,1631912400,HSL:4611_20210917_La_2_1308,611,HSL:4680247,Kuriiritie
49080,49080,0,49140,49140,0,False,SCHEDULED,1631912400,HSL:4611_20210917_La_2_1328,611,HSL:4680247,Kuriiritie
50280,50280,0,50340,50340,0,False,SCHEDULED,1631912400,HSL:4611_20210917_La_2_1348,611,HSL:4680247,Kuriiritie
45660,45691,31,45660,45696,36,True,UPDATED,1631912400,HSL:2124K_20210917_La_1_1232,124K,HSL:2323208,Olarinkatu
46560,46560,0,46560,46560,0,False,SCHEDULED,1631912400,HSL:2124_20210917_La_1_1247,124,HSL:2323208,Olarinkatu
47460,47460,0,47460,47460,0,False,SCHEDULED,1631912400,HSL:2124K_20210917_La_1_1302,124K,HSL:2323208,Olarinkatu
48360,48360,0,48360,48360,0,False,SCHEDULED,1631912400,HSL:2124_20210917_La_1_1317,124,HSL:2323208,Olarinkatu
49260,49260,0,49260,49260,0,False,SCHEDULED,1631912400,HSL:2124K_20210917_La_1_1332,124K,HSL:2323208,Olarinkatu
47760,47760,0,47760,47760,0,False,SCHEDULED,1631912400,HSL:4576_20210917_La_1_1309,576,HSL:4680246,Peltolantie
51360,51360,0,51360,51360,0,False,SCHEDULED,1631912400,HSL:4576_20210917_La_1_1409,576,HSL:4680246,Peltolantie
54960,54960,0,54960,54960,0,False,SCHEDULED,1631912400,HSL:4576_20210917_La_1_1509,576,HSL:4680246,Peltolantie
58560,58560,0,58560,58560,0,False,SCHEDULED,1631912400,HSL:4576_20210917_La_1_1609,576,HSL:4680246,Peltolantie
62160,62160,0,62160,62160,0,False,SCHEDULED,1631912400,HSL:4576_20210917_La_1_1709,576,HSL:4680246,Peltolantie
45420,45420,0,45420,45420,0,True,UPDATED,1631912400,HSL:1092_20210917_La_2_1235,92,HSL:1454140,Myllypuro (M)
46200,46200,0,46200,46200,0,False,SCHEDULED,1631912400,HSL:1506_20210917_La_1_1250,506,HSL:1454140,Myllypuro (M)
46320,46320,0,46320,46320,0,False,SCHEDULED,1631912400,HSL:1092_20210917_La_2_1250,92,HSL:1454140,Myllypuro (M)
47220,47220,0,47220,47220,0,False,SCHEDULED,1631912400,HSL:1092_20210917_La_2_1305,92,HSL:1454140,Myllypuro (M)
47400,47400,0,47400,47400,0,False,SCHEDULED,1631912400,HSL:1506_20210917_La_1_1310,506,HSL:1454140,Myllypuro (M)
45900,45900,0,45900,45900,0,True,UPDATED,1631912400,HSL:1092_20210917_La_1_1234,92,HSL:1454141,Myllypuro (M)
45900,46216,316,45900,46304,404,True,UPDATED,1631912400,HSL:1506_20210917_La_2_1154,506,HSL:1454141,Myllypuro (M)
46800,46800,0,46800,46800,0,False,SCHEDULED,1631912400,HSL:1092_20210917_La_1_1249,92,HSL:1454141,Myllypuro (M)
47100,47214,114,47100,47250,150,True,UPDATED,1631912400,HSL:1506_20210917_La_2_1214,506,HSL:1454141,Myllypuro (M)
47700,47700,0,47700,47700,0,False,SCHEDULED,1631912400,HSL:1092_20210917_La_1_1304,92,HSL:1454141,Myllypuro (M)
45480,45480,0,45480,45480,0,True,UPDATED,1631912400,HSL:1092_20210917_La_2_1235,92,HSL:1454143,Karistimentie
46260,46260,0,46260,46260,0,False,SCHEDULED,1631912400,HSL:1506_20210917_La_1_1250,506,HSL:1454143,Karistimentie
46380,46380,0,46380,46380,0,False,SCHEDULED,1631912400,HSL:1092_20210917_La_2_1250,92,HSL:1454143,Karistimentie
47280,47280,0,47280,47280,0,False,SCHEDULED,1631912400,HSL:1092_20210917_La_2_1305,92,HSL:1454143,Karistimentie
47460,47460,0,47460,47460,0,False,SCHEDULED,1631912400,HSL:1506_20210917_La_1_1310,506,HSL:1454143,Karistimentie
45840,45840,0,45840,45840,0,True,UPDATED,1631912400,HSL:1092_20210917_La_1_1234,92,HSL:1454144,Karistimentie
45840,46148,308,45840,46159,319,True,UPDATED,1631912400,HSL:1506_20210917_La_2_1154,506,HSL:1454144,Karistimentie
46740,46740,0,46740,46740,0,False,SCHEDULED,1631912400,HSL:1092_20210917_La_1_1249,92,HSL:1454144,Karistimentie
47040,47169,129,47040,47180,140,True,UPDATED,1631912400,HSL:1506_20210917_La_2_1214,506,HSL:1454144,Karistimentie
47640,47640,0,47640,47640,0,False,SCHEDULED,1631912400,HSL:1092_20210917_La_1_1304,92,HSL:1454144,Karistimentie
45660,46046,386,45660,46058,398,True,UPDATED,1631912400,HSL:1506_20210917_La_2_1154,506,HSL:1454134,Hallainvuorentie
46860,47032,172,46860,47041,181,True,UPDATED,1631912400,HSL:1506_20210917_La_2_1214,506,HSL:1454134,Hallainvuorentie
48060,48091,31,48060,48091,31,True,UPDATED,1631912400,HSL:1506_20210917_La_2_1234,506,HSL:1454134,Hallainvuorentie
49260,49260,0,49260,49260,0,False,SCHEDULED,1631912400,HSL:1506_20210917_La_2_1253,506,HSL:1454134,Hallainvuorentie
50460,50460,0,50460,50460,0,False,SCHEDULED,1631912400,HSL:1506_20210917_La_2_1313,506,HSL:1454134,Hallainvuorentie
46380,46380,0,46380,46380,0,False,SCHEDULED,1631912400,HSL:1506_20210917_La_1_1250,506,HSL:1454135,Hallainvuorentie
47580,47580,0,47580,47580,0,False,SCHEDULED,1631912400,HSL:1506_20210917_La_1_1310,506,HSL:1454135,Hallainvuorentie
48780,48780,0,48780,48780,0,False,SCHEDULED,1631912400,HSL:1506_20210917_La_1_1330,506,HSL:1454135,Hallainvuorentie
49980,49980,0,49980,49980,0,False,SCHEDULED,1631912400,HSL:1506_20210917_La_1_1350,506,HSL:1454135,Hallainvuorentie
51180,51180,0,51180,51180,0,False,SCHEDULED,1631912400,HSL:1506_20210917_La_1_1410,506,HSL:1454135,Hallainvuorentie
46320,46320,0,46320,46320,0,False,SCHEDULED,1631912400,HSL:1506_20210917_La_1_1250,506,HSL:1454136,Myllyrengintie
47520,47520,0,47520,47520,0,False,SCHEDULED,1631912400,HSL:1506_20210917_La_1_1310,506,HSL:1454136,Myllyrengintie
48720,48720,0,48720,48720,0,False,SCHEDULED,1631912400,HSL:1506_20210917_La_1_1330,506,HSL:1454136,Myllyrengintie
49920,49920,0,49920,49920,0,False,SCHEDULED,1631912400,HSL:1506_20210917_La_1_1350,506,HSL:1454136,Myllyrengintie
51120,51120,0,51120,51120,0,False,SCHEDULED,1631912400,HSL:1506_20210917_La_1_1410,506,HSL:1454136,Myllyrengintie
45420,45555,135,45420,45571,151,True,UPDATED,1631912400,HSL:2246K_20210917_La_2_1214,246K,HSL:2634270,Oittaanranta
49020,49020,0,49020,49020,0,False,SCHEDULED,1631912400,HSL:2246K_20210917_La_2_1314,246K,HSL:2634270,Oittaanranta
52620,52620,0,52620,52620,0,False,SCHEDULED,1631912400,HSL:2246K_20210917_La_2_1414,246K,HSL:2634270,Oittaanranta
56220,56220,0,56220,56220,0,False,SCHEDULED,1631912400,HSL:2246K_20210917_La_2_1514,246K,HSL:2634270,Oittaanranta
59820,59820,0,59820,59820,0,False,SCHEDULED,1631912400,HSL:2246K_20210917_La_2_1614,246K,HSL:2634270,Oittaanranta
46380,46388,8,46380,46392,12,True,UPDATED,1631912400,HSL:4574_20210917_La_1_1233,574,HSL:4680232,Meiramitie
49980,49980,0,49980,49980,0,False,SCHEDULED,1631912400,HSL:4574_20210917_La_1_1333,574,HSL:4680232,Meiramitie
53580,53580,0,53580,53580,0,False,SCHEDULED,1631912400,HSL:4574_20210917_La_1_1433,574,HSL:4680232,Meiramitie
57120,57120,0,57120,57120,0,False,SCHEDULED,1631912400,HSL:4574_20210917_La_1_1533,574,HSL:4680232,Meiramitie
60720,60720,0,60720,60720,0,False,SCHEDULED,1631912400,HSL:4574_20210917_La_1_1633,574,HSL:4680232,Meiramitie
46860,46860,0,46860,46860,0,False,SCHEDULED,1631912400,HSL:4574_20210917_La_2_1221,574,HSL:4680231,Meiramitie
50460,50460,0,50460,50460,0,False,SCHEDULED,1631912400,HSL:4574_20210917_La_2_1320,574,HSL:4680231,Meiramitie
54060,54060,0,54060,54060,0,False,SCHEDULED,1631912400,HSL:4574_20210917_La_2_1420,574,HSL:4680231,Meiramitie
57660,57660,0,57660,57660,0,False,SCHEDULED,1631912400,HSL:4574_20210917_La_2_1520,574,HSL:4680231,Meiramitie
61320,61320,0,61320,61320,0,False,SCHEDULED,1631912400,HSL:4574_20210917_La_2_1621,574,HSL:4680231,Meiramitie
45780,46084,304,45780,46095,315,True,UPDATED,1631912400,HSL:1506_20210917_La_2_1154,506,HSL:1454137,Myllyrengintie
46980,47088,108,46980,47095,115,True,UPDATED,1631912400,HSL:1506_20210917_La_2_1214,506,HSL:1454137,Myllyrengintie
48180,48211,31,48180,48211,31,True,UPDATED,1631912400,HSL:1506_20210917_La_2_1234,506,HSL:1454137,Myllyrengintie
49380,49380,0,49380,49380,0,False,SCHEDULED,1631912400,HSL:1506_20210917_La_2_1253,506,HSL:1454137,Myllyrengintie
50580,50580,0,50580,50580,0,False,SCHEDULED,1631912400,HSL:1506_20210917_La_2_1313,506,HSL:1454137,Myllyrengintie
46380,46380,0,46380,46380,0,False,SCHEDULED,1631912400,HSL:2246K_20210917_La_1_1242,246K,HSL:2634276,Korsbacka
49980,49980,0,49980,49980,0,False,SCHEDULED,1631912400,HSL:2246K_20210917_La_1_1342,246K,HSL:2634276,Korsbacka
53580,53580,0,53580,53580,0,False,SCHEDULED,1631912400,HSL:2246K_20210917_La_1_1442,246K,HSL:2634276,Korsbacka
57180,57180,0,57180,57180,0,False,SCHEDULED,1631912400,HSL:2246K_20210917_La_1_1542,246K,HSL:2634276,Korsbacka
60780,60780,0,60780,60780,0,False,SCHEDULED,1631912400,HSL:2246K_20210917_La_1_1642,246K,HSL:2634276,Korsbacka
45960,45929,-31,45960,45933,-27,True,UPDATED,1631912400,HSL:4611_20210917_La_1_1209,611,HSL:4680238,Juurakkokuja
47220,47183,-37,47220,47187,-33,True,UPDATED,1631912400,HSL:4611_20210917_La_1_1229,611,HSL:4680238,Juurakkokuja
48420,48420,0,48420,48420,0,False,SCHEDULED,1631912400,HSL:4611_20210917_La_1_1249,611,HSL:4680238,Juurakkokuja
49620,49620,0,49620,49620,0,False,SCHEDULED,1631912400,HSL:4611_20210917_La_1_1309,611,HSL:4680238,Juurakkokuja
50880,50880,0,50880,50880,0,False,SCHEDULED,1631912400,HSL:4611_20210917_La_1_1329,611,HSL:4680238,Juurakkokuja
46740,46740,0,46740,46740,0,False,SCHEDULED,1631912400,HSL:4574_20210917_La_2_1221,574,HSL:4680237,Ilmailutie
48780,48780,0,48780,48780,0,False,SCHEDULED,1631912400,HSL:4576_20210917_La_2_1301,576,HSL:4680237,Ilmailutie
50340,50340,0,50340,50340,0,False,SCHEDULED,1631912400,HSL:4574_20210917_La_2_1320,574,HSL:4680237,Ilmailutie
52440,52440,0,52440,52440,0,False,SCHEDULED,1631912400,HSL:4576_20210917_La_2_1401,576,HSL:4680237,Ilmailutie
53940,53940,0,53940,53940,0,False,SCHEDULED,1631912400,HSL:4574_20210917_La_2_1420,574,HSL:4680237,Ilmailutie
46260,46260,0,46260,46260,0,False,SCHEDULED,1631912400,HSL:2246K_20210917_La_1_1242,246K,HSL:2634277,Tuna
49860,49860,0,49860,49860,0,False,SCHEDULED,1631912400,HSL:2246K_20210917_La_1_1342,246K,HSL:2634277,Tuna
53460,53460,0,53460,53460,0,False,SCHEDULED,1631912400,HSL:2246K_20210917_La_1_1442,246K,HSL:2634277,Tuna
57060,57060,0,57060,57060,0,False,SCHEDULED,1631912400,HSL:2246K_20210917_La_1_1542,246K,HSL:2634277,Tuna
60660,60660,0,60660,60660,0,False,SCHEDULED,1631912400,HSL:2246K_20210917_La_1_1642,246K,HSL:2634277,Tuna
45660,45785,125,45660,45787,127,True,UPDATED,1631912400,HSL:2246K_20210917_La_2_1214,246K,HSL:2634278,Tollinmäki
49260,49260,0,49260,49260,0,False,SCHEDULED,1631912400,HSL:2246K_20210917_La_2_1314,246K,HSL:2634278,Tollinmäki
52860,52860,0,52860,52860,0,False,SCHEDULED,1631912400,HSL:2246K_20210917_La_2_1414,246K,HSL:2634278,Tollinmäki
56460,56460,0,56460,56460,0,False,SCHEDULED,1631912400,HSL:2246K_20210917_La_2_1514,246K,HSL:2634278,Tollinmäki
60060,60060,0,60060,60060,0,False,SCHEDULED,1631912400,HSL:2246K_20210917_La_2_1614,246K,HSL:2634278,Tollinmäki
46200,46200,0,46200,46200,0,False,SCHEDULED,1631912400,HSL:2246K_20210917_La_1_1242,246K,HSL:2634279,Tollinmäki
49800,49800,0,49800,49800,0,False,SCHEDULED,1631912400,HSL:2246K_20210917_La_1_1342,246K,HSL:2634279,Tollinmäki
53400,53400,0,53400,53400,0,False,SCHEDULED,1631912400,HSL:2246K_20210917_La_1_1442,246K,HSL:2634279,Tollinmäki
57000,57000,0,57000,57000,0,False,SCHEDULED,1631912400,HSL:2246K_20210917_La_1_1542,246K,HSL:2634279,Tollinmäki
60600,60600,0,60600,60600,0,False,SCHEDULED,1631912400,HSL:2246K_20210917_La_1_1642,246K,HSL:2634279,Tollinmäki
45480,45498,18,45480,45504,24,True,UPDATED,1631912400,HSL:4611_20210917_La_2_1228,611,HSL:4680239,Juurakkokuja
46680,46680,0,46680,46680,0,False,SCHEDULED,1631912400,HSL:4611_20210917_La_2_1248,611,HSL:4680239,Juurakkokuja
47880,47880,0,47880,47880,0,False,SCHEDULED,1631912400,HSL:4611_20210917_La_2_1308,611,HSL:4680239,Juurakkokuja
49080,49080,0,49080,49080,0,False,SCHEDULED,1631912400,HSL:4611_20210917_La_2_1328,611,HSL:4680239,Juurakkokuja
50280,50280,0,50280,50280,0,False,SCHEDULED,1631912400,HSL:4611_20210917_La_2_1348,611,HSL:4680239,Juurakkokuja
45540,45649,109,45540,45649,109,True,UPDATED,1631912400,HSL:2246K_20210917_La_2_1214,246K,HSL:2634272,Korsbacka
49140,49140,0,49140,49140,0,False,SCHEDULED,1631912400,HSL:2246K_20210917_La_2_1314,246K,HSL:2634272,Korsbacka
52740,52740,0,52740,52740,0,False,SCHEDULED,1631912400,HSL:2246K_20210917_La_2_1414,246K,HSL:2634272,Korsbacka
56340,56340,0,56340,56340,0,False,SCHEDULED,1631912400,HSL:2246K_20210917_La_2_1514,246K,HSL:2634272,Korsbacka
59940,59940,0,59940,59940,0,False,SCHEDULED,1631912400,HSL:2246K_20210917_La_2_1614,246K,HSL:2634272,Korsbacka
48240,48240,0,48240,48240,0,False,SCHEDULED,1631912400,HSL:4623K_20210917_La_2_1303,623K,HSL:4680233,Tuusulantie
51840,51840,0,51840,51840,0,False,SCHEDULED,1631912400,HSL:4623K_20210917_La_2_1403,623K,HSL:4680233,Tuusulantie
55440,55440,0,55440,55440,0,False,SCHEDULED,1631912400,HSL:4623K_20210917_La_2_1503,623K,HSL:4680233,Tuusulantie
59040,59040,0,59040,59040,0,False,SCHEDULED,1631912400,HSL:4623K_20210917_La_2_1603,623K,HSL:4680233,Tuusulantie
62640,62640,0,62640,62640,0,False,SCHEDULED,1631912400,HSL:4623K_20210917_La_2_1703,623K,HSL:4680233,Tuusulantie
45600,45716,116,45600,45716,116,True,UPDATED,1631912400,HSL:2246K_20210917_La_2_1214,246K,HSL:2634274,Tuna
49200,49200,0,49200,49200,0,False,SCHEDULED,1631912400,HSL:2246K_20210917_La_2_1314,246K,HSL:2634274,Tuna
52800,52800,0,52800,52800,0,False,SCHEDULED,1631912400,HSL:2246K_20210917_La_2_1414,246K,HSL:2634274,Tuna
56400,56400,0,56400,56400,0,False,SCHEDULED,1631912400,HSL:2246K_20210917_La_2_1514,246K,HSL:2634274,Tuna
60000,60000,0,60000,60000,0,False,SCHEDULED,1631912400,HSL:2246K_20210917_La_2_1614,246K,HSL:2634274,Tuna
46500,46446,-54,46500,46450,-50,True,UPDATED,1631912400,HSL:4574_20210917_La_1_1233,574,HSL:4680236,Koivulehdontie
48000,48000,0,48000,48000,0,False,SCHEDULED,1631912400,HSL:4576_20210917_La_1_1309,576,HSL:4680236,Koivulehdontie
50100,50100,0,50100,50100,0,False,SCHEDULED,1631912400,HSL:4574_20210917_La_1_1333,574,HSL:4680236,Koivulehdontie
51600,51600,0,51600,51600,0,False,SCHEDULED,1631912400,HSL:4576_20210917_La_1_1409,576,HSL:4680236,Koivulehdontie
53700,53700,0,53700,53700,0,False,SCHEDULED,1631912400,HSL:4574_20210917_La_1_1433,574,HSL:4680236,Koivulehdontie
46740,46740,0,46740,46740,0,False,SCHEDULED,1631912400,HSL:4574_20210917_La_2_1221,574,HSL:4680235,Koivulehdontie
48840,48840,0,48840,48840,0,False,SCHEDULED,1631912400,HSL:4576_20210917_La_2_1301,576,HSL:4680235,Koivulehdontie
50340,50340,0,50340,50340,0,False,SCHEDULED,1631912400,HSL:4574_20210917_La_2_1320,574,HSL:4680235,Koivulehdontie
52500,52500,0,52500,52500,0,False,SCHEDULED,1631912400,HSL:4576_20210917_La_2_1401,576,HSL:4680235,Koivulehdontie
53940,53940,0,53940,53940,0,False,SCHEDULED,1631912400,HSL:4574_20210917_La_2_1420,574,HSL:4680235,Koivulehdontie
46440,46440,0,46440,46440,0,False,SCHEDULED,1631912400,HSL:2246K_20210917_La_1_1242,246K,HSL:2634275,Oittaanranta
50040,50040,0,50040,50040,0,False,SCHEDULED,1631912400,HSL:2246K_20210917_La_1_1342,246K,HSL:2634275,Oittaanranta
53640,53640,0,53640,53640,0,False,SCHEDULED,1631912400,HSL:2246K_20210917_La_1_1442,246K,HSL:2634275,Oittaanranta
57240,57240,0,57240,57240,0,False,SCHEDULED,1631912400,HSL:2246K_20210917_La_1_1542,246K,HSL:2634275,Oittaanranta
60840,60840,0,60840,60840,0,False,SCHEDULED,1631912400,HSL:2246K_20210917_La_1_1642,246K,HSL:2634275,Oittaanranta
45360,45322,-38,45360,45340,-20,True,UPDATED,1631912400,HSL:2533_20210917_La_1_1233,533,HSL:2311219,Tynnyritie
45720,45720,0,45720,45720,0,False,SCHEDULED,1631912400,HSL:2532_20210917_La_1_1239,532,HSL:2311219,Tynnyritie
45900,45900,0,45900,45900,0,True,UPDATED,1631912400,HSL:2111_20210917_La_2_1238,111,HSL:2311219,Tynnyritie
46260,46260,0,46260,46260,0,False,SCHEDULED,1631912400,HSL:2533_20210917_La_1_1248,533,HSL:2311219,Tynnyritie
46620,46620,0,46620,46620,0,False,SCHEDULED,1631912400,HSL:2532_20210917_La_1_1254,532,HSL:2311219,Tynnyritie
45480,45519,39,45480,45547,67,True,UPDATED,1631912400,HSL:2533_20210917_La_1_1233,533,HSL:2311210,Piispanaukio
45600,45662,62,45600,45690,90,True,UPDATED,1631912400,HSL:2531B_20210917_La_1_1229,531B,HSL:2311210,Piispanaukio
45720,45720,0,45720,45720,0,False,SCHEDULED,1631912400,HSL:2159_20210917_La_1_1239,159,HSL:2311210,Piispanaukio
45780,45780,0,45780,45780,0,True,UPDATED,1631912400,HSL:2136_20210917_La_1_1239,136,HSL:2311210,Piispanaukio
45840,45840,0,45840,45840,0,False,SCHEDULED,1631912400,HSL:2165_20210917_La_1_1241,165,HSL:2311210,Piispanaukio
45420,45409,-11,45420,45456,36,True,UPDATED,1631912400,HSL:2531B_20210917_La_2_1231,531B,HSL:2311211,Piispanaukio
45420,45514,94,45420,45551,131,True,UPDATED,1631912400,HSL:2133_20210917_La_2_1224,133,HSL:2311211,Piispanaukio
45360,45532,172,45360,45561,201,True,UPDATED,1631912400,HSL:2532_20210917_La_2_1205,532,HSL:2311211,Piispanaukio
45900,45858,-42,45900,45933,33,True,UPDATED,1631912400,HSL:2531_20210917_La_2_1215,531,HSL:2311211,Piispanaukio
45900,46031,131,45900,46031,131,True,UPDATED,1631912400,HSL:2533_20210917_La_2_1209,533,HSL:2311211,Piispanaukio
45360,45541,181,45360,45552,192,True,UPDATED,1631912400,HSL:2531_20210917_La_2_1200,531,HSL:2311212,Nokkala
45780,45838,58,45780,45846,66,True,UPDATED,1631912400,HSL:2531B_20210917_La_2_1231,531B,HSL:2311212,Nokkala
46260,46285,25,46260,46326,66,True,UPDATED,1631912400,HSL:2531_20210917_La_2_1215,531,HSL:2311212,Nokkala
46680,46680,0,46680,46680,0,False,SCHEDULED,1631912400,HSL:2531B_20210917_La_2_1246,531B,HSL:2311212,Nokkala
47160,47262,102,47160,47270,110,True,UPDATED,1631912400,HSL:2531_20210917_La_2_1230,531,HSL:2311212,Nokkala
45660,45660,0,45660,45660,0,False,SCHEDULED,1631912400,HSL:2531_20210917_La_1_1236,531,HSL:2311213,Nokkala
46140,46140,0,46140,46140,0,False,SCHEDULED,1631912400,HSL:2531B_20210917_La_1_1244,531B,HSL:2311213,Nokkala
46560,46560,0,46560,46560,0,False,SCHEDULED,1631912400,HSL:2531_20210917_La_1_1251,531,HSL:2311213,Nokkala
47040,47040,0,47040,47040,0,False,SCHEDULED,1631912400,HSL:2531B_20210917_La_1_1259,531B,HSL:2311213,Nokkala
47460,47460,0,47460,47460,0,False,SCHEDULED,1631912400,HSL:2531_20210917_La_1_1306,531,HSL:2311213,Nokkala
45420,45595,175,45420,45602,182,True,UPDATED,1631912400,HSL:2531_20210917_La_2_1200,531,HSL:2311214,Nuottaniemi
45840,45879,39,45840,45883,43,True,UPDATED,1631912400,HSL:2531B_20210917_La_2_1231,531B,HSL:2311214,Nuottaniemi
46320,46340,20,46320,46377,57,True,UPDATED,1631912400,HSL:2531_20210917_La_2_1215,531,HSL:2311214,Nuottaniemi
46740,46740,0,46740,46740,0,False,SCHEDULED,1631912400,HSL:2531B_20210917_La_2_1246,531B,HSL:2311214,Nuottaniemi
47220,47317,97,47220,47323,103,True,UPDATED,1631912400,HSL:2531_20210917_La_2_1230,531,HSL:2311214,Nuottaniemi
45900,45900,0,45900,45900,0,False,SCHEDULED,1631912400,HSL:1057_20210917_La_1_1238,57,HSL:1454131,Latokartanonsilmukka
46500,46500,0,46500,46500,0,False,SCHEDULED,1631912400,HSL:1057_20210917_La_1_1248,57,HSL:1454131,Latokartanonsilmukka
47100,47100,0,47100,47100,0,False,SCHEDULED,1631912400,HSL:1057_20210917_La_1_1258,57,HSL:1454131,Latokartanonsilmukka
47700,47700,0,47700,47700,0,False,SCHEDULED,1631912400,HSL:1057_20210917_La_1_1308,57,HSL:1454131,Latokartanonsilmukka
48300,48300,0,48300,48300,0,False,SCHEDULED,1631912400,HSL:1057_20210917_La_1_1318,57,HSL:1454131,Latokartanonsilmukka
45480,45731,251,45480,45731,251,True,UPDATED,1631912400,HSL:1057_20210917_La_2_1207,57,HSL:1454133,Latokartanonsilmukka
46080,46470,390,46080,46470,390,True,UPDATED,1631912400,HSL:1057_20210917_La_2_1217,57,HSL:1454133,Latokartanonsilmukka
46740,46770,30,46740,46828,88,True,UPDATED,1631912400,HSL:1057_20210917_La_2_1227,57,HSL:1454133,Latokartanonsilmukka
47340,47340,0,47340,47340,0,False,SCHEDULED,1631912400,HSL:1057_20210917_La_2_1237,57,HSL:1454133,Latokartanonsilmukka
48000,48000,0,48000,48000,0,False,SCHEDULED,1631912400,HSL:1057_20210917_La_2_1247,57,HSL:1454133,Latokartanonsilmukka
47940,47940,0,47940,47940,0,False,SCHEDULED,1631912400,HSL:4587_20210917_La_1_1234,587,HSL:4870299,Pilkkasiiventie
51660,51660,0,51660,51660,0,False,SCHEDULED,1631912400,HSL:4587_20210917_La_1_1334,587,HSL:4870299,Pilkkasiiventie
55260,55260,0,55260,55260,0,False,SCHEDULED,1631912400,HSL:4587_20210917_La_1_1434,587,HSL:4870299,Pilkkasiiventie
58860,58860,0,58860,58860,0,False,SCHEDULED,1631912400,HSL:4587_20210917_La_1_1534,587,HSL:4870299,Pilkkasiiventie
62460,62460,0,62460,62460,0,False,SCHEDULED,1631912400,HSL:4587_20210917_La_1_1634,587,HSL:4870299,Pilkkasiiventie
48840,48840,0,48840,48840,0,False,SCHEDULED,1631912400,HSL:4587_20210917_La_2_1334,587,HSL:4870298,Pilkkasiiventie
52440,52440,0,52440,52440,0,False,SCHEDULED,1631912400,HSL:4587_20210917_La_2_1434,587,HSL:4870298,Pilkkasiiventie
56040,56040,0,56040,56040,0,False,SCHEDULED,1631912400,HSL:4587_20210917_La_2_1534,587,HSL:4870298,Pilkkasiiventie
59640,59640,0,59640,59640,0,False,SCHEDULED,1631912400,HSL:4587_20210917_La_2_1634,587,HSL:4870298,Pilkkasiiventie
63240,63240,0,63240,63240,0,False,SCHEDULED,1631912400,HSL:4587_20210917_La_2_1734,587,HSL:4870298,Pilkkasiiventie
45180,45328,148,45240,45358,118,True,UPDATED,1631912400,HSL:3001I_20210917_La_1_1206,I,HSL:4530551,Lentoasema
45780,45843,63,45840,45873,33,True,UPDATED,1631912400,HSL:3001I_20210917_La_1_1216,I,HSL:4530551,Lentoasema
46380,46480,100,46440,46510,70,True,UPDATED,1631912400,HSL:3001I_20210917_La_1_1226,I,HSL:4530551,Lentoasema
46980,46980,0,47040,47040,0,False,SCHEDULED,1631912400,HSL:3001I_20210917_La_1_1236,I,HSL:4530551,Lentoasema
47580,47580,0,47640,47640,0,False,SCHEDULED,1631912400,HSL:3001I_20210917_La_1_1246,I,HSL:4530551,Lentoasema
45300,45361,61,45300,45361,61,True,UPDATED,1631912400,HSL:1057_20210917_La_1_1208,57,HSL:1250133,Mäkelänkatu
45300,45704,404,45360,45764,404,True,UPDATED,1631912400,HSL:1069_20210917_La_2_1142,69,HSL:1250133,Mäkelänkatu
45840,45887,47,45900,45914,14,True,UPDATED,1631912400,HSL:1506_20210917_La_1_1210,506,HSL:1250133,Mäkelänkatu
45900,46011,111,45900,46011,111,True,UPDATED,1631912400,HSL:1057_20210917_La_1_1218,57,HSL:1250133,Mäkelänkatu
46200,46200,0,46200,46200,0,False,SCHEDULED,1631912400,HSL:7848_20210917_La_2_1205,848,HSL:1250133,Mäkelänkatu
47280,47280,0,47280,47280,0,False,SCHEDULED,1631912400,HSL:2345N_20210917_La_2_1308,345N,HSL:2724255,Skogby
50880,50880,0,50880,50880,0,False,SCHEDULED,1631912400,HSL:2345N_20210917_La_2_1408,345N,HSL:2724255,Skogby
54420,54420,0,54420,54420,0,False,SCHEDULED,1631912400,HSL:2345N_20210917_La_2_1507,345N,HSL:2724255,Skogby
58020,58020,0,58020,58020,0,False,SCHEDULED,1631912400,HSL:2345N_20210917_La_2_1607,345N,HSL:2724255,Skogby
61620,61620,0,61620,61620,0,False,SCHEDULED,1631912400,HSL:2345N_20210917_La_2_1707,345N,HSL:2724255,Skogby
47340,47340,0,47340,47340,0,False,SCHEDULED,1631912400,HSL:2345N_20210917_La_2_1308,345N,HSL:2724254,Talouskeskus
50940,50940,0,50940,50940,0,False,SCHEDULED,1631912400,HSL:2345N_20210917_La_2_1408,345N,HSL:2724254,Talouskeskus
54480,54480,0,54480,54480,0,False,SCHEDULED,1631912400,HSL:2345N_20210917_La_2_1507,345N,HSL:2724254,Talouskeskus
58080,58080,0,58080,58080,0,False,SCHEDULED,1631912400,HSL:2345N_20210917_La_2_1607,345N,HSL:2724254,Talouskeskus
61680,61680,0,61680,61680,0,False,SCHEDULED,1631912400,HSL:2345N_20210917_La_2_1707,345N,HSL:2724254,Talouskeskus
47340,47340,0,47340,47340,0,False,SCHEDULED,1631912400,HSL:2345N_20210917_La_2_1308,345N,HSL:2724253,Rinnekodin ostoskesk
50940,50940,0,50940,50940,0,False,SCHEDULED,1631912400,HSL:2345N_20210917_La_2_1408,345N,HSL:2724253,Rinnekodin ostoskesk
54480,54480,0,54480,54480,0,False,SCHEDULED,1631912400,HSL:2345N_20210917_La_2_1507,345N,HSL:2724253,Rinnekodin ostoskesk
58080,58080,0,58080,58080,0,False,SCHEDULED,1631912400,HSL:2345N_20210917_La_2_1607,345N,HSL:2724253,Rinnekodin ostoskesk
61680,61680,0,61680,61680,0,False,SCHEDULED,1631912400,HSL:2345N_20210917_La_2_1707,345N,HSL:2724253,Rinnekodin ostoskesk
47340,47340,0,47340,47340,0,False,SCHEDULED,1631912400,HSL:2345N_20210917_La_2_1308,345N,HSL:2724252,Vilkka
50940,50940,0,50940,50940,0,False,SCHEDULED,1631912400,HSL:2345N_20210917_La_2_1408,345N,HSL:2724252,Vilkka
54480,54480,0,54480,54480,0,False,SCHEDULED,1631912400,HSL:2345N_20210917_La_2_1507,345N,HSL:2724252,Vilkka
58080,58080,0,58080,58080,0,False,SCHEDULED,1631912400,HSL:2345N_20210917_La_2_1607,345N,HSL:2724252,Vilkka
61680,61680,0,61680,61680,0,False,SCHEDULED,1631912400,HSL:2345N_20210917_La_2_1707,345N,HSL:2724252,Vilkka
47520,47520,0,47520,47520,0,False,SCHEDULED,1631912400,HSL:2345N_20210917_La_2_1308,345N,HSL:2724257,Mustasilta
51120,51120,0,51120,51120,0,False,SCHEDULED,1631912400,HSL:2345N_20210917_La_2_1408,345N,HSL:2724257,Mustasilta
54720,54720,0,54720,54720,0,False,SCHEDULED,1631912400,HSL:2345N_20210917_La_2_1507,345N,HSL:2724257,Mustasilta
58320,58320,0,58320,58320,0,False,SCHEDULED,1631912400,HSL:2345N_20210917_La_2_1607,345N,HSL:2724257,Mustasilta
61920,61920,0,61920,61920,0,False,SCHEDULED,1631912400,HSL:2345N_20210917_La_2_1707,345N,HSL:2724257,Mustasilta
45540,45528,-12,45540,45528,-12,True,UPDATED,1631912400,HSL:2244_20210917_La_2_1217,244,HSL:2634210,Karhunkynsi
46620,46620,0,46620,46620,0,True,UPDATED,1631912400,HSL:2245A_20210917_La_2_1234,245A,HSL:2634210,Karhunkynsi
48480,48480,0,48480,48480,0,False,SCHEDULED,1631912400,HSL:2245A_20210917_La_2_1304,245A,HSL:2634210,Karhunkynsi
49200,49200,0,49200,49200,0,False,SCHEDULED,1631912400,HSL:2244_20210917_La_2_1318,244,HSL:2634210,Karhunkynsi
50340,50340,0,50340,50340,0,False,SCHEDULED,1631912400,HSL:2245A_20210917_La_2_1335,245A,HSL:2634210,Karhunkynsi
45360,45425,65,45360,45428,68,True,UPDATED,1631912400,HSL:2245A_20210917_La_1_1225,245A,HSL:2634211,Kurutie
46380,46380,0,46380,46380,0,False,SCHEDULED,1631912400,HSL:2244_20210917_La_1_1243,244,HSL:2634211,Kurutie
47220,47220,0,47220,47220,0,False,SCHEDULED,1631912400,HSL:2245A_20210917_La_1_1256,245A,HSL:2634211,Kurutie
48960,48960,0,48960,48960,0,False,SCHEDULED,1631912400,HSL:2245A_20210917_La_1_1325,245A,HSL:2634211,Kurutie
50040,50040,0,50040,50040,0,False,SCHEDULED,1631912400,HSL:2244_20210917_La_1_1344,244,HSL:2634211,Kurutie
45480,45467,-13,45480,45470,-10,True,UPDATED,1631912400,HSL:2244_20210917_La_2_1217,244,HSL:2634212,Kurutie
46620,46620,0,46620,46620,0,True,UPDATED,1631912400,HSL:2245A_20210917_La_2_1234,245A,HSL:2634212,Kurutie
48480,48480,0,48480,48480,0,False,SCHEDULED,1631912400,HSL:2245A_20210917_La_2_1304,245A,HSL:2634212,Kurutie
49140,49140,0,49140,49140,0,False,SCHEDULED,1631912400,HSL:2244_20210917_La_2_1318,244,HSL:2634212,Kurutie
50340,50340,0,50340,50340,0,False,SCHEDULED,1631912400,HSL:2245A_20210917_La_2_1335,245A,HSL:2634212,Kurutie
45360,45447,87,45360,45451,91,True,UPDATED,1631912400,HSL:2245A_20210917_La_1_1225,245A,HSL:2634213,Karhuniityntie
46440,46440,0,46440,46440,0,False,SCHEDULED,1631912400,HSL:2244_20210917_La_1_1243,244,HSL:2634213,Karhuniityntie
47220,47220,0,47220,47220,0,False,SCHEDULED,1631912400,HSL:2245A_20210917_La_1_1256,245A,HSL:2634213,Karhuniityntie
48000,48000,0,48000,48000,0,False,SCHEDULED,1631912400,HSL:6243_20210917_La_1_1310,243,HSL:2634213,Karhuniityntie
48960,48960,0,48960,48960,0,False,SCHEDULED,1631912400,HSL:2245A_20210917_La_1_1325,245A,HSL:2634213,Karhuniityntie
47400,47400,0,47400,47400,0,False,SCHEDULED,1631912400,HSL:2345N_20210917_La_2_1308,345N,HSL:2724251,Åvalla
51000,51000,0,51000,51000,0,False,SCHEDULED,1631912400,HSL:2345N_20210917_La_2_1408,345N,HSL:2724251,Åvalla
54540,54540,0,54540,54540,0,False,SCHEDULED,1631912400,HSL:2345N_20210917_La_2_1507,345N,HSL:2724251,Åvalla
58140,58140,0,58140,58140,0,False,SCHEDULED,1631912400,HSL:2345N_20210917_La_2_1607,345N,HSL:2724251,Åvalla
61740,61740,0,61740,61740,0,False,SCHEDULED,1631912400,HSL:2345N_20210917_La_2_1707,345N,HSL:2724251,Åvalla
46680,46773,93,46680,46773,93,True,UPDATED,1631912400,HSL:2345N_20210917_La_1_1205,345N,HSL:2724250,Mustasilta
50280,50280,0,50280,50280,0,False,SCHEDULED,1631912400,HSL:2345N_20210917_La_1_1305,345N,HSL:2724250,Mustasilta
53820,53820,0,53820,53820,0,False,SCHEDULED,1631912400,HSL:2345N_20210917_La_1_1405,345N,HSL:2724250,Mustasilta
57420,57420,0,57420,57420,0,False,SCHEDULED,1631912400,HSL:2345N_20210917_La_1_1505,345N,HSL:2724250,Mustasilta
61020,61020,0,61020,61020,0,False,SCHEDULED,1631912400,HSL:2345N_20210917_La_1_1605,345N,HSL:2724250,Mustasilta
46080,46080,0,46080,46080,0,False,SCHEDULED,1631912400,HSL:9665K_20210917_La_2_1248,665K,HSL:9620130,Hyökännummi
49680,49680,0,49680,49680,0,False,SCHEDULED,1631912400,HSL:9665K_20210917_La_2_1348,665K,HSL:9620130,Hyökännummi
53280,53280,0,53280,53280,0,False,SCHEDULED,1631912400,HSL:9665K_20210917_La_2_1448,665K,HSL:9620130,Hyökännummi
56880,56880,0,56880,56880,0,False,SCHEDULED,1631912400,HSL:9665K_20210917_La_2_1548,665K,HSL:9620130,Hyökännummi
60540,60540,0,60540,60540,0,False,SCHEDULED,1631912400,HSL:9665K_20210917_La_2_1649,665K,HSL:9620130,Hyökännummi
45420,45422,2,45420,45430,10,True,UPDATED,1631912400,HSL:2244_20210917_La_2_1217,244,HSL:2634214,Karhuniityntie
46560,46560,0,46560,46560,0,True,UPDATED,1631912400,HSL:2245A_20210917_La_2_1234,245A,HSL:2634214,Karhuniityntie
47280,47280,0,47280,47280,0,False,SCHEDULED,1631912400,HSL:6243_20210917_La_2_1246,243,HSL:2634214,Karhuniityntie
48420,48420,0,48420,48420,0,False,SCHEDULED,1631912400,HSL:2245A_20210917_La_2_1304,245A,HSL:2634214,Karhuniityntie
49080,49080,0,49080,49080,0,False,SCHEDULED,1631912400,HSL:2244_20210917_La_2_1318,244,HSL:2634214,Karhuniityntie
48240,48240,0,48240,48240,0,False,SCHEDULED,1631912400,HSL:2246K_20210917_La_2_1314,246K,HSL:2712263,Vihermäentie
51840,51840,0,51840,51840,0,False,SCHEDULED,1631912400,HSL:2246K_20210917_La_2_1414,246K,HSL:2712263,Vihermäentie
55440,55440,0,55440,55440,0,False,SCHEDULED,1631912400,HSL:2246K_20210917_La_2_1514,246K,HSL:2712263,Vihermäentie
59040,59040,0,59040,59040,0,False,SCHEDULED,1631912400,HSL:2246K_20210917_La_2_1614,246K,HSL:2712263,Vihermäentie
62640,62640,0,62640,62640,0,False,SCHEDULED,1631912400,HSL:2246K_20210917_La_2_1714,246K,HSL:2712263,Vihermäentie
48300,48300,0,48300,48300,0,False,SCHEDULED,1631912400,HSL:2246K_20210917_La_2_1314,246K,HSL:2712265,Spångfall
51900,51900,0,51900,51900,0,False,SCHEDULED,1631912400,HSL:2246K_20210917_La_2_1414,246K,HSL:2712265,Spångfall
55500,55500,0,55500,55500,0,False,SCHEDULED,1631912400,HSL:2246K_20210917_La_2_1514,246K,HSL:2712265,Spångfall
59100,59100,0,59100,59100,0,False,SCHEDULED,1631912400,HSL:2246K_20210917_La_2_1614,246K,HSL:2712265,Spångfall
62700,62700,0,62700,62700,0,False,SCHEDULED,1631912400,HSL:2246K_20210917_La_2_1714,246K,HSL:2712265,Spångfall
45240,45415,175,45240,45426,186,True,UPDATED,1631912400,HSL:2532_20210917_La_2_1205,532,HSL:2323253,Meteorinsilta
45720,45729,9,45720,45741,21,True,UPDATED,1631912400,HSL:2531_20210917_La_2_1215,531,HSL:2323253,Meteorinsilta
45780,45911,131,45780,45911,131,True,UPDATED,1631912400,HSL:2533_20210917_La_2_1209,533,HSL:2323253,Meteorinsilta
46140,46115,-25,46140,46127,-13,True,UPDATED,1631912400,HSL:2532_20210917_La_2_1219,532,HSL:2323253,Meteorinsilta
46140,46140,0,46140,46140,0,False,SCHEDULED,1631912400,HSL:2531B_20210917_La_2_1246,531B,HSL:2323253,Meteorinsilta
45600,45677,77,45600,45685,85,True,UPDATED,1631912400,HSL:2533_20210917_La_1_1233,533,HSL:2323252,Meteorinsilta
45720,45818,98,45720,45825,105,True,UPDATED,1631912400,HSL:2531B_20210917_La_1_1229,531B,HSL:2323252,Meteorinsilta
45960,45960,0,45960,45960,0,False,SCHEDULED,1631912400,HSL:2532_20210917_La_1_1239,532,HSL:2323252,Meteorinsilta
46140,46140,0,46140,46140,0,False,SCHEDULED,1631912400,HSL:2531_20210917_La_1_1236,531,HSL:2323252,Meteorinsilta
46500,46500,0,46500,46500,0,False,SCHEDULED,1631912400,HSL:2533_20210917_La_1_1248,533,HSL:2323252,Meteorinsilta
45180,45367,187,45180,45379,199,True,UPDATED,1631912400,HSL:2532_20210917_La_2_1205,532,HSL:2323251,Auringonkatu
45660,45682,22,45660,45729,69,True,UPDATED,1631912400,HSL:2531_20210917_La_2_1215,531,HSL:2323251,Auringonkatu
45720,45851,131,45720,45851,131,True,UPDATED,1631912400,HSL:2533_20210917_La_2_1209,533,HSL:2323251,Auringonkatu
46080,46065,-15,46080,46078,-2,True,UPDATED,1631912400,HSL:2532_20210917_La_2_1219,532,HSL:2323251,Auringonkatu
46080,46080,0,46080,46080,0,False,SCHEDULED,1631912400,HSL:2531B_20210917_La_2_1246,531B,HSL:2323251,Auringonkatu
48180,48180,0,48180,48180,0,False,SCHEDULED,1631912400,HSL:2246K_20210917_La_2_1314,246K,HSL:2712261,Bodom Smeds
51780,51780,0,51780,51780,0,False,SCHEDULED,1631912400,HSL:2246K_20210917_La_2_1414,246K,HSL:2712261,Bodom Smeds
55380,55380,0,55380,55380,0,False,SCHEDULED,1631912400,HSL:2246K_20210917_La_2_1514,246K,HSL:2712261,Bodom Smeds
58980,58980,0,58980,58980,0,False,SCHEDULED,1631912400,HSL:2246K_20210917_La_2_1614,246K,HSL:2712261,Bodom Smeds
62580,62580,0,62580,62580,0,False,SCHEDULED,1631912400,HSL:2246K_20210917_La_2_1714,246K,HSL:2712261,Bodom Smeds
45360,45361,1,45360,45371,11,True,UPDATED,1631912400,HSL:2531_20210917_La_1_1221,531,HSL:2323250,Auringonkatu
45660,45706,46,45660,45717,57,True,UPDATED,1631912400,HSL:2533_20210917_La_1_1233,533,HSL:2323250,Auringonkatu
45840,45902,62,45840,45911,71,True,UPDATED,1631912400,HSL:2531B_20210917_La_1_1229,531B,HSL:2323250,Auringonkatu
46020,46020,0,46020,46020,0,False,SCHEDULED,1631912400,HSL:2532_20210917_La_1_1239,532,HSL:2323250,Auringonkatu
46260,46260,0,46260,46260,0,False,SCHEDULED,1631912400,HSL:2531_20210917_La_1_1236,531,HSL:2323250,Auringonkatu
45960,45960,0,45960,45960,0,False,SCHEDULED,1631912400,HSL:2531B_20210917_La_2_1246,531B,HSL:2323248,Kuunkehrä
45900,45933,33,45900,46030,130,True,UPDATED,1631912400,HSL:2531B_20210917_La_1_1229,531B,HSL:2323248,Kuunkehrä
46800,46800,0,46800,46800,0,False,SCHEDULED,1631912400,HSL:2531B_20210917_La_1_1244,531B,HSL:2323248,Kuunkehrä
46860,46860,0,46860,46860,0,False,SCHEDULED,1631912400,HSL:2531B_20210917_La_2_1301,531B,HSL:2323248,Kuunkehrä
47700,47700,0,47700,47700,0,False,SCHEDULED,1631912400,HSL:2531B_20210917_La_1_1259,531B,HSL:2323248,Kuunkehrä
45540,45569,29,45540,45620,80,True,UPDATED,1631912400,HSL:2531_20210917_La_2_1215,531,HSL:2323247,Kuunsilta
45780,45859,79,45780,45875,95,True,UPDATED,1631912400,HSL:2543_20210917_La_2_1222,543,HSL:2323247,Kuunsilta
45960,45960,0,45960,45960,0,False,SCHEDULED,1631912400,HSL:2531B_20210917_La_2_1246,531B,HSL:2323247,Kuunsilta
46020,46076,56,46020,46097,77,True,UPDATED,1631912400,HSL:2125_20210917_La_2_1230,125,HSL:2323247,Kuunsilta
46440,46556,116,46440,46556,116,True,UPDATED,1631912400,HSL:2531_20210917_La_2_1230,531,HSL:2323247,Kuunsilta
45780,45780,0,45780,45780,0,True,UPDATED,1631912400,HSL:4570_20210917_La_2_1224,570,HSL:4680205,Niittytie
46020,45986,-34,46020,45990,-30,True,UPDATED,1631912400,HSL:4611_20210917_La_1_1209,611,HSL:4680205,Niittytie
46380,46380,0,46380,46380,0,True,UPDATED,1631912400,HSL:4570_20210917_La_2_1234,570,HSL:4680205,Niittytie
46980,46980,0,46980,46980,0,False,SCHEDULED,1631912400,HSL:4570_20210917_La_2_1244,570,HSL:4680205,Niittytie
47280,47231,-49,47280,47235,-45,True,UPDATED,1631912400,HSL:4611_20210917_La_1_1229,611,HSL:4680205,Niittytie
45360,45416,56,45360,45422,62,True,UPDATED,1631912400,HSL:4611_20210917_La_2_1228,611,HSL:4680204,Puutarhatie
45240,45426,186,45240,45426,186,True,UPDATED,1631912400,HSL:4570_20210917_La_1_1155,570,HSL:4680204,Puutarhatie
45900,45917,17,45900,45917,17,True,UPDATED,1631912400,HSL:4570_20210917_La_1_1205,570,HSL:4680204,Puutarhatie
46500,46500,0,46500,46500,0,True,UPDATED,1631912400,HSL:4570_20210917_La_1_1215,570,HSL:4680204,Puutarhatie
46560,46560,0,46560,46560,0,False,SCHEDULED,1631912400,HSL:4611_20210917_La_2_1248,611,HSL:4680204,Puutarhatie
46440,46403,-37,46440,46408,-32,True,UPDATED,1631912400,HSL:4574_20210917_La_1_1233,574,HSL:4680207,Koivuhaantie
50040,50040,0,50040,50040,0,False,SCHEDULED,1631912400,HSL:4574_20210917_La_1_1333,574,HSL:4680207,Koivuhaantie
53640,53640,0,53640,53640,0,False,SCHEDULED,1631912400,HSL:4574_20210917_La_1_1433,574,HSL:4680207,Koivuhaantie
57180,57180,0,57180,57180,0,False,SCHEDULED,1631912400,HSL:4574_20210917_La_1_1533,574,HSL:4680207,Koivuhaantie
60780,60780,0,60780,60780,0,False,SCHEDULED,1631912400,HSL:4574_20210917_La_1_1633,574,HSL:4680207,Koivuhaantie
45300,45426,126,45300,45426,126,True,UPDATED,1631912400,HSL:4570_20210917_La_1_1155,570,HSL:4680206,Niittytie
45960,45977,17,45960,45977,17,True,UPDATED,1631912400,HSL:4570_20210917_La_1_1205,570,HSL:4680206,Niittytie
46560,46560,0,46560,46560,0,True,UPDATED,1631912400,HSL:4570_20210917_La_1_1215,570,HSL:4680206,Niittytie
47160,47177,17,47160,47219,59,True,UPDATED,1631912400,HSL:4570_20210917_La_1_1225,570,HSL:4680206,Niittytie
47760,47760,0,47760,47760,0,True,UPDATED,1631912400,HSL:4570_20210917_La_1_1235,570,HSL:4680206,Niittytie
48600,48600,0,48600,48600,0,False,SCHEDULED,1631912400,HSL:4623K_20210917_La_1_1300,623K,HSL:4680202,Tuusulantie
52200,52200,0,52200,52200,0,False,SCHEDULED,1631912400,HSL:4623K_20210917_La_1_1400,623K,HSL:4680202,Tuusulantie
55800,55800,0,55800,55800,0,False,SCHEDULED,1631912400,HSL:4623K_20210917_La_1_1500,623K,HSL:4680202,Tuusulantie
59400,59400,0,59400,59400,0,False,SCHEDULED,1631912400,HSL:4623K_20210917_La_1_1600,623K,HSL:4680202,Tuusulantie
63000,63000,0,63000,63000,0,False,SCHEDULED,1631912400,HSL:4623K_20210917_La_1_1700,623K,HSL:4680202,Tuusulantie
45060,45397,337,45060,45409,349,True,UPDATED,1631912400,HSL:1506_20210917_La_2_1214,506,HSL:1250111,Kalervonkatu
45060,45427,367,45060,45449,389,True,UPDATED,1631912400,HSL:1057_20210917_La_2_1217,57,HSL:1250111,Kalervonkatu
45480,45545,65,45480,45545,65,True,UPDATED,1631912400,HSL:1065_20210917_La_1_1220,65,HSL:1250111,Kalervonkatu
45720,45747,27,45720,45766,46,True,UPDATED,1631912400,HSL:1057_20210917_La_2_1227,57,HSL:1250111,Kalervonkatu
45780,46021,241,45780,46036,256,True,UPDATED,1631912400,HSL:1069_20210917_La_1_1222,69,HSL:1250111,Kalervonkatu
45120,45452,332,45120,45460,340,True,UPDATED,1631912400,HSL:1506_20210917_La_2_1214,506,HSL:1250113,Olympiakylä
45060,45484,424,45060,45493,433,True,UPDATED,1631912400,HSL:1057_20210917_La_2_1217,57,HSL:1250113,Olympiakylä
45540,45611,71,45540,45623,83,True,UPDATED,1631912400,HSL:1065_20210917_La_1_1220,65,HSL:1250113,Olympiakylä
45720,45809,89,45720,45819,99,True,UPDATED,1631912400,HSL:1057_20210917_La_2_1227,57,HSL:1250113,Olympiakylä
45840,46096,256,45840,46107,267,True,UPDATED,1631912400,HSL:1069_20210917_La_1_1222,69,HSL:1250113,Olympiakylä
45240,45644,404,45240,45679,439,True,UPDATED,1631912400,HSL:1069_20210917_La_2_1142,69,HSL:1250112,Kalervonkatu
45780,45819,39,45780,45833,53,True,UPDATED,1631912400,HSL:1506_20210917_La_1_1210,506,HSL:1250112,Kalervonkatu
45900,45900,0,45900,45900,0,True,UPDATED,1631912400,HSL:1065_20210917_La_2_1235,65,HSL:1250112,Kalervonkatu
45840,45908,68,45840,45951,111,True,UPDATED,1631912400,HSL:1057_20210917_La_1_1218,57,HSL:1250112,Kalervonkatu
46200,46200,0,46200,46200,0,False,SCHEDULED,1631912400,HSL:7848_20210917_La_2_1205,848,HSL:1250112,Kalervonkatu
46380,46380,0,46380,46380,0,False,SCHEDULED,1631912400,HSL:9665K_20210917_La_2_1248,665K,HSL:9620120,Rajalinnantie
49980,49980,0,49980,49980,0,False,SCHEDULED,1631912400,HSL:9665K_20210917_La_2_1348,665K,HSL:9620120,Rajalinnantie
53580,53580,0,53580,53580,0,False,SCHEDULED,1631912400,HSL:9665K_20210917_La_2_1448,665K,HSL:9620120,Rajalinnantie
57180,57180,0,57180,57180,0,False,SCHEDULED,1631912400,HSL:9665K_20210917_La_2_1548,665K,HSL:9620120,Rajalinnantie
60840,60840,0,60840,60840,0,False,SCHEDULED,1631912400,HSL:9665K_20210917_La_2_1649,665K,HSL:9620120,Rajalinnantie
46320,46320,0,46320,46320,0,False,SCHEDULED,1631912400,HSL:9665K_20210917_La_2_1248,665K,HSL:9620121,Tehtaanpelto
49920,49920,0,49920,49920,0,False,SCHEDULED,1631912400,HSL:9665K_20210917_La_2_1348,665K,HSL:9620121,Tehtaanpelto
53520,53520,0,53520,53520,0,False,SCHEDULED,1631912400,HSL:9665K_20210917_La_2_1448,665K,HSL:9620121,Tehtaanpelto
57120,57120,0,57120,57120,0,False,SCHEDULED,1631912400,HSL:9665K_20210917_La_2_1548,665K,HSL:9620121,Tehtaanpelto
60780,60780,0,60780,60780,0,False,SCHEDULED,1631912400,HSL:9665K_20210917_La_2_1649,665K,HSL:9620121,Tehtaanpelto
46320,46320,0,46320,46320,0,False,SCHEDULED,1631912400,HSL:9665K_20210917_La_2_1248,665K,HSL:9620122,Torpparintie
49920,49920,0,49920,49920,0,False,SCHEDULED,1631912400,HSL:9665K_20210917_La_2_1348,665K,HSL:9620122,Torpparintie
53520,53520,0,53520,53520,0,False,SCHEDULED,1631912400,HSL:9665K_20210917_La_2_1448,665K,HSL:9620122,Torpparintie
57120,57120,0,57120,57120,0,False,SCHEDULED,1631912400,HSL:9665K_20210917_La_2_1548,665K,HSL:9620122,Torpparintie
60780,60780,0,60780,60780,0,False,SCHEDULED,1631912400,HSL:9665K_20210917_La_2_1649,665K,HSL:9620122,Torpparintie
48780,48780,0,48780,48780,0,False,SCHEDULED,1631912400,HSL:9665K_20210917_La_1_1256,665K,HSL:9620123,Torpparintie
52380,52380,0,52380,52380,0,False,SCHEDULED,1631912400,HSL:9665K_20210917_La_1_1356,665K,HSL:9620123,Torpparintie
55980,55980,0,55980,55980,0,False,SCHEDULED,1631912400,HSL:9665K_20210917_La_1_1456,665K,HSL:9620123,Torpparintie
59580,59580,0,59580,59580,0,False,SCHEDULED,1631912400,HSL:9665K_20210917_La_1_1556,665K,HSL:9620123,Torpparintie
63180,63180,0,63180,63180,0,False,SCHEDULED,1631912400,HSL:9665K_20210917_La_1_1656,665K,HSL:9620123,Torpparintie
45420,45475,55,45420,45481,61,True,UPDATED,1631912400,HSL:1056_20210917_La_1_1220,56,HSL:1250119,Panuntie
46020,46020,0,46020,46020,0,False,SCHEDULED,1631912400,HSL:1056_20210917_La_1_1230,56,HSL:1250119,Panuntie
46080,46376,296,46080,46376,296,True,UPDATED,1631912400,HSL:1069_20210917_La_1_1222,69,HSL:1250119,Panuntie
46620,46620,0,46620,46620,0,False,SCHEDULED,1631912400,HSL:1056_20210917_La_1_1240,56,HSL:1250119,Panuntie
47220,47220,0,47220,47220,0,False,SCHEDULED,1631912400,HSL:1056_20210917_La_1_1250,56,HSL:1250119,Panuntie
45060,45464,404,45060,45464,404,True,UPDATED,1631912400,HSL:1069_20210917_La_2_1142,69,HSL:1250118,Käpylän paloasema
45660,45660,0,45660,45660,0,False,SCHEDULED,1631912400,HSL:1056_20210917_La_2_1221,56,HSL:1250118,Käpylän paloasema
46260,46265,5,46260,46278,18,True,UPDATED,1631912400,HSL:1069_20210917_La_2_1202,69,HSL:1250118,Käpylän paloasema
46260,46325,65,46260,46325,65,True,UPDATED,1631912400,HSL:1056_20210917_La_2_1231,56,HSL:1250118,Käpylän paloasema
46860,46860,0,46860,46860,0,False,SCHEDULED,1631912400,HSL:1056_20210917_La_2_1241,56,HSL:1250118,Käpylän paloasema
45420,45378,-42,45420,45381,-39,True,UPDATED,1631912400,HSL:9665K_20210917_La_1_1157,665K,HSL:9620125,Ohkolan sairaala
49020,49020,0,49020,49020,0,False,SCHEDULED,1631912400,HSL:9665K_20210917_La_1_1256,665K,HSL:9620125,Ohkolan sairaala
52620,52620,0,52620,52620,0,False,SCHEDULED,1631912400,HSL:9665K_20210917_La_1_1356,665K,HSL:9620125,Ohkolan sairaala
56220,56220,0,56220,56220,0,False,SCHEDULED,1631912400,HSL:9665K_20210917_La_1_1456,665K,HSL:9620125,Ohkolan sairaala
59820,59820,0,59820,59820,0,False,SCHEDULED,1631912400,HSL:9665K_20210917_La_1_1556,665K,HSL:9620125,Ohkolan sairaala
46140,46140,0,46140,46140,0,False,SCHEDULED,1631912400,HSL:9665K_20210917_La_2_1248,665K,HSL:9620126,Ohkolan sairaala
49740,49740,0,49740,49740,0,False,SCHEDULED,1631912400,HSL:9665K_20210917_La_2_1348,665K,HSL:9620126,Ohkolan sairaala
53340,53340,0,53340,53340,0,False,SCHEDULED,1631912400,HSL:9665K_20210917_La_2_1448,665K,HSL:9620126,Ohkolan sairaala
56940,56940,0,56940,56940,0,False,SCHEDULED,1631912400,HSL:9665K_20210917_La_2_1548,665K,HSL:9620126,Ohkolan sairaala
60600,60600,0,60600,60600,0,False,SCHEDULED,1631912400,HSL:9665K_20210917_La_2_1649,665K,HSL:9620126,Ohkolan sairaala
45420,45443,23,45420,45467,47,True,UPDATED,1631912400,HSL:2531_20210917_La_1_1221,531,HSL:2323240,Kuunsilta
45420,45671,251,45420,45694,274,True,UPDATED,1631912400,HSL:2125_20210917_La_1_1225,125,HSL:2323240,Kuunsilta
46320,46320,0,46320,46320,0,False,SCHEDULED,1631912400,HSL:2531_20210917_La_1_1236,531,HSL:2323240,Kuunsilta
46320,46320,0,46320,46320,0,False,SCHEDULED,1631912400,HSL:2125_20210917_La_1_1240,125,HSL:2323240,Kuunsilta
46320,46325,5,46320,46341,21,True,UPDATED,1631912400,HSL:2543_20210917_La_1_1225,543,HSL:2323240,Kuunsilta
45420,45507,87,45420,45532,112,True,UPDATED,1631912400,HSL:1079_20210917_La_2_1158,79,HSL:1454184,Siilitie 13
46020,46029,9,46020,46062,42,True,UPDATED,1631912400,HSL:1079_20210917_La_2_1208,79,HSL:1454184,Siilitie 13
46680,46697,17,46680,46719,39,True,UPDATED,1631912400,HSL:1079_20210917_La_2_1218,79,HSL:1454184,Siilitie 13
47280,47268,-12,47280,47321,41,True,UPDATED,1631912400,HSL:1079_20210917_La_2_1228,79,HSL:1454184,Siilitie 13
47880,47880,0,47880,47880,0,True,UPDATED,1631912400,HSL:1079_20210917_La_2_1238,79,HSL:1454184,Siilitie 13
45420,45404,-16,45420,45409,-11,True,UPDATED,1631912400,HSL:9665K_20210917_La_1_1157,665K,HSL:9620127,Poutalankuja
49020,49020,0,49020,49020,0,False,SCHEDULED,1631912400,HSL:9665K_20210917_La_1_1256,665K,HSL:9620127,Poutalankuja
52620,52620,0,52620,52620,0,False,SCHEDULED,1631912400,HSL:9665K_20210917_La_1_1356,665K,HSL:9620127,Poutalankuja
56220,56220,0,56220,56220,0,False,SCHEDULED,1631912400,HSL:9665K_20210917_La_1_1456,665K,HSL:9620127,Poutalankuja
59820,59820,0,59820,59820,0,False,SCHEDULED,1631912400,HSL:9665K_20210917_La_1_1556,665K,HSL:9620127,Poutalankuja
46140,46140,0,46140,46140,0,False,SCHEDULED,1631912400,HSL:9665K_20210917_La_2_1248,665K,HSL:9620128,Nummelantie
49740,49740,0,49740,49740,0,False,SCHEDULED,1631912400,HSL:9665K_20210917_La_2_1348,665K,HSL:9620128,Nummelantie
53340,53340,0,53340,53340,0,False,SCHEDULED,1631912400,HSL:9665K_20210917_La_2_1448,665K,HSL:9620128,Nummelantie
56940,56940,0,56940,56940,0,False,SCHEDULED,1631912400,HSL:9665K_20210917_La_2_1548,665K,HSL:9620128,Nummelantie
60600,60600,0,60600,60600,0,False,SCHEDULED,1631912400,HSL:9665K_20210917_La_2_1649,665K,HSL:9620128,Nummelantie
45180,45486,306,45180,45490,310,True,UPDATED,1631912400,HSL:1506_20210917_La_2_1214,506,HSL:1250115,Joukolan puisto
45120,45531,411,45120,45546,426,True,UPDATED,1631912400,HSL:1057_20210917_La_2_1217,57,HSL:1250115,Joukolan puisto
45600,45653,53,45600,45663,63,True,UPDATED,1631912400,HSL:1065_20210917_La_1_1220,65,HSL:1250115,Joukolan puisto
45780,45850,70,45780,45862,82,True,UPDATED,1631912400,HSL:1057_20210917_La_2_1227,57,HSL:1250115,Joukolan puisto
45900,46138,238,45900,46148,248,True,UPDATED,1631912400,HSL:1069_20210917_La_1_1222,69,HSL:1250115,Joukolan puisto
45180,45589,409,45180,45597,417,True,UPDATED,1631912400,HSL:1069_20210917_La_2_1142,69,HSL:1250114,Olympiakylä
45720,45754,34,45720,45763,43,True,UPDATED,1631912400,HSL:1506_20210917_La_1_1210,506,HSL:1250114,Olympiakylä
45840,45840,0,45840,45840,0,True,UPDATED,1631912400,HSL:1065_20210917_La_2_1235,65,HSL:1250114,Olympiakylä
45840,45889,49,45840,45893,53,True,UPDATED,1631912400,HSL:1057_20210917_La_1_1218,57,HSL:1250114,Olympiakylä
46140,46140,0,46140,46140,0,False,SCHEDULED,1631912400,HSL:7848_20210917_La_2_1205,848,HSL:1250114,Olympiakylä
45540,45468,-72,45540,45533,-7,True,UPDATED,1631912400,HSL:9665K_20210917_La_1_1157,665K,HSL:9620129,Hyökännummi
49140,49140,0,49140,49140,0,False,SCHEDULED,1631912400,HSL:9665K_20210917_La_1_1256,665K,HSL:9620129,Hyökännummi
52740,52740,0,52740,52740,0,False,SCHEDULED,1631912400,HSL:9665K_20210917_La_1_1356,665K,HSL:9620129,Hyökännummi
56340,56340,0,56340,56340,0,False,SCHEDULED,1631912400,HSL:9665K_20210917_La_1_1456,665K,HSL:9620129,Hyökännummi
59940,59940,0,59940,59940,0,False,SCHEDULED,1631912400,HSL:9665K_20210917_La_1_1556,665K,HSL:9620129,Hyökännummi
45360,45409,49,45360,45441,81,True,UPDATED,1631912400,HSL:1056_20210917_La_1_1220,56,HSL:1250117,Käpylän paloasema
45960,45960,0,45960,45960,0,False,SCHEDULED,1631912400,HSL:1056_20210917_La_1_1230,56,HSL:1250117,Käpylän paloasema
46020,46363,343,46020,46376,356,True,UPDATED,1631912400,HSL:1069_20210917_La_1_1222,69,HSL:1250117,Käpylän paloasema
46560,46560,0,46560,46560,0,False,SCHEDULED,1631912400,HSL:1056_20210917_La_1_1240,56,HSL:1250117,Käpylän paloasema
47160,47160,0,47160,47160,0,False,SCHEDULED,1631912400,HSL:1056_20210917_La_1_1250,56,HSL:1250117,Käpylän paloasema
45180,45576,396,45180,45589,409,True,UPDATED,1631912400,HSL:1069_20210917_La_2_1142,69,HSL:1250116,Joukolan puisto
45660,45720,60,45660,45730,70,True,UPDATED,1631912400,HSL:1506_20210917_La_1_1210,506,HSL:1250116,Joukolan puisto
45780,45780,0,45780,45780,0,True,UPDATED,1631912400,HSL:1065_20210917_La_2_1235,65,HSL:1250116,Joukolan puisto
45780,45858,78,45780,45858,78,True,UPDATED,1631912400,HSL:1057_20210917_La_1_1218,57,HSL:1250116,Joukolan puisto
46080,46080,0,46080,46080,0,False,SCHEDULED,1631912400,HSL:7848_20210917_La_2_1205,848,HSL:1250116,Joukolan puisto
46920,47013,93,46920,47013,93,True,UPDATED,1631912400,HSL:2345N_20210917_La_1_1205,345N,HSL:2724279,Vilkka
50520,50520,0,50520,50520,0,False,SCHEDULED,1631912400,HSL:2345N_20210917_La_1_1305,345N,HSL:2724279,Vilkka
54060,54060,0,54060,54060,0,False,SCHEDULED,1631912400,HSL:2345N_20210917_La_1_1405,345N,HSL:2724279,Vilkka
57660,57660,0,57660,57660,0,False,SCHEDULED,1631912400,HSL:2345N_20210917_La_1_1505,345N,HSL:2724279,Vilkka
61200,61200,0,61200,61200,0,False,SCHEDULED,1631912400,HSL:2345N_20210917_La_1_1605,345N,HSL:2724279,Vilkka
46860,46953,93,46860,46953,93,True,UPDATED,1631912400,HSL:2345N_20210917_La_1_1205,345N,HSL:2724270,Åvalla
50460,50460,0,50460,50460,0,False,SCHEDULED,1631912400,HSL:2345N_20210917_La_1_1305,345N,HSL:2724270,Åvalla
54000,54000,0,54000,54000,0,False,SCHEDULED,1631912400,HSL:2345N_20210917_La_1_1405,345N,HSL:2724270,Åvalla
57600,57600,0,57600,57600,0,False,SCHEDULED,1631912400,HSL:2345N_20210917_La_1_1505,345N,HSL:2724270,Åvalla
61140,61140,0,61140,61140,0,False,SCHEDULED,1631912400,HSL:2345N_20210917_La_1_1605,345N,HSL:2724270,Åvalla
48840,48840,0,48840,48840,0,False,SCHEDULED,1631912400,HSL:9665K_20210917_La_1_1256,665K,HSL:9620110,Kirvesmiehentie
52440,52440,0,52440,52440,0,False,SCHEDULED,1631912400,HSL:9665K_20210917_La_1_1356,665K,HSL:9620110,Kirvesmiehentie
56040,56040,0,56040,56040,0,False,SCHEDULED,1631912400,HSL:9665K_20210917_La_1_1456,665K,HSL:9620110,Kirvesmiehentie
59640,59640,0,59640,59640,0,False,SCHEDULED,1631912400,HSL:9665K_20210917_La_1_1556,665K,HSL:9620110,Kirvesmiehentie
63240,63240,0,63240,63240,0,False,SCHEDULED,1631912400,HSL:9665K_20210917_La_1_1656,665K,HSL:9620110,Kirvesmiehentie
45000,45372,372,45000,45404,404,True,UPDATED,1631912400,HSL:1069_20210917_La_2_1142,69,HSL:1250120,Panuntie
45600,45600,0,45600,45600,0,False,SCHEDULED,1631912400,HSL:1056_20210917_La_2_1221,56,HSL:1250120,Panuntie
46200,46222,22,46200,46225,25,True,UPDATED,1631912400,HSL:1069_20210917_La_2_1202,69,HSL:1250120,Panuntie
46200,46265,65,46200,46265,65,True,UPDATED,1631912400,HSL:1056_20210917_La_2_1231,56,HSL:1250120,Panuntie
46800,46800,0,46800,46800,0,False,SCHEDULED,1631912400,HSL:1056_20210917_La_2_1241,56,HSL:1250120,Panuntie
46320,46320,0,46320,46320,0,False,SCHEDULED,1631912400,HSL:9665K_20210917_La_2_1248,665K,HSL:9620111,Kirvesmiehentie
49920,49920,0,49920,49920,0,False,SCHEDULED,1631912400,HSL:9665K_20210917_La_2_1348,665K,HSL:9620111,Kirvesmiehentie
53520,53520,0,53520,53520,0,False,SCHEDULED,1631912400,HSL:9665K_20210917_La_2_1448,665K,HSL:9620111,Kirvesmiehentie
57120,57120,0,57120,57120,0,False,SCHEDULED,1631912400,HSL:9665K_20210917_La_2_1548,665K,HSL:9620111,Kirvesmiehentie
60780,60780,0,60780,60780,0,False,SCHEDULED,1631912400,HSL:9665K_20210917_La_2_1649,665K,HSL:9620111,Kirvesmiehentie
45360,45342,-18,45360,45346,-14,True,UPDATED,1631912400,HSL:9665K_20210917_La_1_1157,665K,HSL:9620114,Kukkupakka
48960,48960,0,48960,48960,0,False,SCHEDULED,1631912400,HSL:9665K_20210917_La_1_1256,665K,HSL:9620114,Kukkupakka
52560,52560,0,52560,52560,0,False,SCHEDULED,1631912400,HSL:9665K_20210917_La_1_1356,665K,HSL:9620114,Kukkupakka
56160,56160,0,56160,56160,0,False,SCHEDULED,1631912400,HSL:9665K_20210917_La_1_1456,665K,HSL:9620114,Kukkupakka
59760,59760,0,59760,59760,0,False,SCHEDULED,1631912400,HSL:9665K_20210917_La_1_1556,665K,HSL:9620114,Kukkupakka
46200,46200,0,46200,46200,0,False,SCHEDULED,1631912400,HSL:9665K_20210917_La_2_1248,665K,HSL:9620115,Kukkupakka
49800,49800,0,49800,49800,0,False,SCHEDULED,1631912400,HSL:9665K_20210917_La_2_1348,665K,HSL:9620115,Kukkupakka
53400,53400,0,53400,53400,0,False,SCHEDULED,1631912400,HSL:9665K_20210917_La_2_1448,665K,HSL:9620115,Kukkupakka
57000,57000,0,57000,57000,0,False,SCHEDULED,1631912400,HSL:9665K_20210917_La_2_1548,665K,HSL:9620115,Kukkupakka
60660,60660,0,60660,60660,0,False,SCHEDULED,1631912400,HSL:9665K_20210917_La_2_1649,665K,HSL:9620115,Kukkupakka
48780,48780,0,48780,48780,0,False,SCHEDULED,1631912400,HSL:9665K_20210917_La_1_1256,665K,HSL:9620119,Rajalinnantie
52380,52380,0,52380,52380,0,False,SCHEDULED,1631912400,HSL:9665K_20210917_La_1_1356,665K,HSL:9620119,Rajalinnantie
55980,55980,0,55980,55980,0,False,SCHEDULED,1631912400,HSL:9665K_20210917_La_1_1456,665K,HSL:9620119,Rajalinnantie
59580,59580,0,59580,59580,0,False,SCHEDULED,1631912400,HSL:9665K_20210917_La_1_1556,665K,HSL:9620119,Rajalinnantie
63180,63180,0,63180,63180,0,False,SCHEDULED,1631912400,HSL:9665K_20210917_La_1_1656,665K,HSL:9620119,Rajalinnantie
46140,46199,59,46140,46202,62,True,UPDATED,1631912400,HSL:1063_20210917_La_1_1226,63,HSL:1286134,Niittyläntie
46500,46620,120,46500,46620,120,True,UPDATED,1631912400,HSL:1023_20210917_La_1_1223,23,HSL:1286134,Niittyläntie
47340,47340,0,47340,47340,0,False,SCHEDULED,1631912400,HSL:1063_20210917_La_1_1246,63,HSL:1286134,Niittyläntie
47700,47700,0,47700,47700,0,False,SCHEDULED,1631912400,HSL:1023_20210917_La_1_1243,23,HSL:1286134,Niittyläntie
48540,48540,0,48540,48540,0,False,SCHEDULED,1631912400,HSL:1063_20210917_La_1_1306,63,HSL:1286134,Niittyläntie
45720,45756,36,45720,45756,36,True,UPDATED,1631912400,HSL:1023_20210917_La_2_1233,23,HSL:1286135,Niittyläntie
46080,46120,40,46080,46128,48,True,UPDATED,1631912400,HSL:1063_20210917_La_2_1233,63,HSL:1286135,Niittyläntie
46920,46920,0,46920,46920,0,False,SCHEDULED,1631912400,HSL:1023_20210917_La_2_1253,23,HSL:1286135,Niittyläntie
47280,47280,0,47280,47280,0,False,SCHEDULED,1631912400,HSL:1063_20210917_La_2_1253,63,HSL:1286135,Niittyläntie
48120,48120,0,48120,48120,0,False,SCHEDULED,1631912400,HSL:1023_20210917_La_2_1313,23,HSL:1286135,Niittyläntie
46140,46140,0,46140,46140,0,True,UPDATED,1631912400,HSL:2549_20210917_La_1_1235,549,HSL:2161205,Stensinsilta
47040,47040,0,47040,47040,0,False,SCHEDULED,1631912400,HSL:2549_20210917_La_1_1250,549,HSL:2161205,Stensinsilta
47940,47940,0,47940,47940,0,False,SCHEDULED,1631912400,HSL:2549_20210917_La_1_1305,549,HSL:2161205,Stensinsilta
48840,48840,0,48840,48840,0,False,SCHEDULED,1631912400,HSL:2549_20210917_La_1_1320,549,HSL:2161205,Stensinsilta
49740,49740,0,49740,49740,0,False,SCHEDULED,1631912400,HSL:2549_20210917_La_1_1335,549,HSL:2161205,Stensinsilta
45600,45698,98,45600,45709,109,True,UPDATED,1631912400,HSL:2549_20210917_La_2_1229,549,HSL:2161207,Oravamäki
46500,46500,0,46500,46500,0,False,SCHEDULED,1631912400,HSL:2549_20210917_La_2_1244,549,HSL:2161207,Oravamäki
47400,47400,0,47400,47400,0,False,SCHEDULED,1631912400,HSL:2549_20210917_La_2_1259,549,HSL:2161207,Oravamäki
48300,48300,0,48300,48300,0,False,SCHEDULED,1631912400,HSL:2549_20210917_La_2_1314,549,HSL:2161207,Oravamäki
49200,49200,0,49200,49200,0,False,SCHEDULED,1631912400,HSL:2549_20210917_La_2_1329,549,HSL:2161207,Oravamäki
46140,46140,0,46140,46140,0,True,UPDATED,1631912400,HSL:2549_20210917_La_1_1235,549,HSL:2161206,Oravamäki
47040,47040,0,47040,47040,0,False,SCHEDULED,1631912400,HSL:2549_20210917_La_1_1250,549,HSL:2161206,Oravamäki
47940,47940,0,47940,47940,0,False,SCHEDULED,1631912400,HSL:2549_20210917_La_1_1305,549,HSL:2161206,Oravamäki
48840,48840,0,48840,48840,0,False,SCHEDULED,1631912400,HSL:2549_20210917_La_1_1320,549,HSL:2161206,Oravamäki
49740,49740,0,49740,49740,0,False,SCHEDULED,1631912400,HSL:2549_20210917_La_1_1335,549,HSL:2161206,Oravamäki
45300,45340,40,45300,45340,40,True,UPDATED,1631912400,HSL:1052_20210917_La_2_1230,52,HSL:1303114,Lehtisaarentie
45900,45900,0,45900,45900,0,False,SCHEDULED,1631912400,HSL:1052_20210917_La_2_1240,52,HSL:1303114,Lehtisaarentie
45780,45894,114,45780,45917,137,True,UPDATED,1631912400,HSL:2510_20210917_La_2_1232,510,HSL:1303114,Lehtisaarentie
46500,46500,0,46500,46500,0,False,SCHEDULED,1631912400,HSL:1052_20210917_La_2_1250,52,HSL:1303114,Lehtisaarentie
46680,46680,0,46680,46680,0,False,SCHEDULED,1631912400,HSL:2510_20210917_La_2_1247,510,HSL:1303114,Lehtisaarentie
45720,45747,27,45720,45750,30,True,UPDATED,1631912400,HSL:2224_20210917_La_1_1220,224,HSL:2161201,Ymmersta
47520,47520,0,47520,47520,0,False,SCHEDULED,1631912400,HSL:2224_20210917_La_1_1250,224,HSL:2161201,Ymmersta
49320,49320,0,49320,49320,0,False,SCHEDULED,1631912400,HSL:2224_20210917_La_1_1320,224,HSL:2161201,Ymmersta
51120,51120,0,51120,51120,0,False,SCHEDULED,1631912400,HSL:2224_20210917_La_1_1350,224,HSL:2161201,Ymmersta
52920,52920,0,52920,52920,0,False,SCHEDULED,1631912400,HSL:2224_20210917_La_1_1420,224,HSL:2161201,Ymmersta
45960,46095,135,45960,46100,140,True,UPDATED,1631912400,HSL:2224_20210917_La_2_1223,224,HSL:2161202,Ymmersta
47760,47760,0,47760,47760,0,False,SCHEDULED,1631912400,HSL:2224_20210917_La_2_1252,224,HSL:2161202,Ymmersta
49560,49560,0,49560,49560,0,False,SCHEDULED,1631912400,HSL:2224_20210917_La_2_1322,224,HSL:2161202,Ymmersta
51360,51360,0,51360,51360,0,False,SCHEDULED,1631912400,HSL:2224_20210917_La_2_1352,224,HSL:2161202,Ymmersta
53160,53160,0,53160,53160,0,False,SCHEDULED,1631912400,HSL:2224_20210917_La_2_1422,224,HSL:2161202,Ymmersta
47040,47055,15,47040,47057,17,True,UPDATED,1631912400,HSL:4574_20210917_La_1_1233,574,HSL:4510264,Vantaanportti
47340,47340,0,47340,47340,0,False,SCHEDULED,1631912400,HSL:4415_20210917_La_2_1302,415,HSL:4510264,Vantaanportti
50640,50640,0,50640,50640,0,False,SCHEDULED,1631912400,HSL:4574_20210917_La_1_1333,574,HSL:4510264,Vantaanportti
50880,50880,0,50880,50880,0,False,SCHEDULED,1631912400,HSL:4415_20210917_La_2_1401,415,HSL:4510264,Vantaanportti
54240,54240,0,54240,54240,0,False,SCHEDULED,1631912400,HSL:4574_20210917_La_1_1433,574,HSL:4510264,Vantaanportti
45660,46010,350,45660,46011,351,True,UPDATED,1631912400,HSL:4415_20210917_La_1_1202,415,HSL:4510260,Vantaanportti
46140,46140,0,46140,46140,0,False,SCHEDULED,1631912400,HSL:4574_20210917_La_2_1221,574,HSL:4510260,Vantaanportti
49380,49380,0,49380,49380,0,False,SCHEDULED,1631912400,HSL:4415_20210917_La_1_1302,415,HSL:4510260,Vantaanportti
49740,49740,0,49740,49740,0,False,SCHEDULED,1631912400,HSL:4574_20210917_La_2_1320,574,HSL:4510260,Vantaanportti
52980,52980,0,52980,52980,0,False,SCHEDULED,1631912400,HSL:4415_20210917_La_1_1402,415,HSL:4510260,Vantaanportti
45660,46026,366,45660,46027,367,True,UPDATED,1631912400,HSL:4415_20210917_La_1_1202,415,HSL:4510263,Vantaanportti
46140,46140,0,46140,46140,0,False,SCHEDULED,1631912400,HSL:4574_20210917_La_2_1221,574,HSL:4510263,Vantaanportti
49380,49380,0,49380,49380,0,False,SCHEDULED,1631912400,HSL:4415_20210917_La_1_1302,415,HSL:4510263,Vantaanportti
49740,49740,0,49740,49740,0,False,SCHEDULED,1631912400,HSL:4574_20210917_La_2_1320,574,HSL:4510263,Vantaanportti
52980,52980,0,52980,52980,0,False,SCHEDULED,1631912400,HSL:4415_20210917_La_1_1402,415,HSL:4510263,Vantaanportti
45840,45876,36,45840,45876,36,True,UPDATED,1631912400,HSL:1023_20210917_La_2_1233,23,HSL:1286160,Autokuljetuskeskus 1
46200,46231,31,46200,46231,31,True,UPDATED,1631912400,HSL:1063_20210917_La_2_1233,63,HSL:1286160,Autokuljetuskeskus 1
47040,47040,0,47040,47040,0,False,SCHEDULED,1631912400,HSL:1023_20210917_La_2_1253,23,HSL:1286160,Autokuljetuskeskus 1
47400,47400,0,47400,47400,0,False,SCHEDULED,1631912400,HSL:1063_20210917_La_2_1253,63,HSL:1286160,Autokuljetuskeskus 1
48240,48240,0,48240,48240,0,False,SCHEDULED,1631912400,HSL:1023_20210917_La_2_1313,23,HSL:1286160,Autokuljetuskeskus 1
46020,46050,30,46020,46050,30,True,UPDATED,1631912400,HSL:1063_20210917_La_1_1226,63,HSL:1286161,Autokuljetuskeskus 1
46380,46500,120,46380,46500,120,True,UPDATED,1631912400,HSL:1023_20210917_La_1_1223,23,HSL:1286161,Autokuljetuskeskus 1
47220,47220,0,47220,47220,0,False,SCHEDULED,1631912400,HSL:1063_20210917_La_1_1246,63,HSL:1286161,Autokuljetuskeskus 1
47580,47580,0,47580,47580,0,False,SCHEDULED,1631912400,HSL:1023_20210917_La_1_1243,23,HSL:1286161,Autokuljetuskeskus 1
48420,48420,0,48420,48420,0,False,SCHEDULED,1631912400,HSL:1063_20210917_La_1_1306,63,HSL:1286161,Autokuljetuskeskus 1
45360,45360,0,45360,45360,0,True,UPDATED,1631912400,HSL:1092_20210917_La_2_1235,92,HSL:1454123,Alakiventie 5
46260,46260,0,46260,46260,0,False,SCHEDULED,1631912400,HSL:1092_20210917_La_2_1250,92,HSL:1454123,Alakiventie 5
47160,47160,0,47160,47160,0,False,SCHEDULED,1631912400,HSL:1092_20210917_La_2_1305,92,HSL:1454123,Alakiventie 5
48060,48060,0,48060,48060,0,False,SCHEDULED,1631912400,HSL:1092_20210917_La_2_1320,92,HSL:1454123,Alakiventie 5
48960,48960,0,48960,48960,0,False,SCHEDULED,1631912400,HSL:1092_20210917_La_2_1335,92,HSL:1454123,Alakiventie 5
45960,45960,0,45960,45960,0,True,UPDATED,1631912400,HSL:1092_20210917_La_1_1234,92,HSL:1454124,Alakiventie 5
46860,46860,0,46860,46860,0,False,SCHEDULED,1631912400,HSL:1092_20210917_La_1_1249,92,HSL:1454124,Alakiventie 5
47760,47760,0,47760,47760,0,False,SCHEDULED,1631912400,HSL:1092_20210917_La_1_1304,92,HSL:1454124,Alakiventie 5
48660,48660,0,48660,48660,0,False,SCHEDULED,1631912400,HSL:1092_20210917_La_1_1319,92,HSL:1454124,Alakiventie 5
49560,49560,0,49560,49560,0,False,SCHEDULED,1631912400,HSL:1092_20210917_La_1_1334,92,HSL:1454124,Alakiventie 5
45840,45876,36,45840,45880,40,True,UPDATED,1631912400,HSL:1094_20210917_La_2_1233,94,HSL:1454127,Lallukankuja
46740,46740,0,46740,46740,0,False,SCHEDULED,1631912400,HSL:1094_20210917_La_2_1248,94,HSL:1454127,Lallukankuja
47640,47640,0,47640,47640,0,False,SCHEDULED,1631912400,HSL:1094_20210917_La_2_1303,94,HSL:1454127,Lallukankuja
48540,48540,0,48540,48540,0,False,SCHEDULED,1631912400,HSL:1094_20210917_La_2_1318,94,HSL:1454127,Lallukankuja
49440,49440,0,49440,49440,0,False,SCHEDULED,1631912400,HSL:1094_20210917_La_2_1333,94,HSL:1454127,Lallukankuja
46020,46020,0,46020,46020,0,True,UPDATED,1631912400,HSL:1092_20210917_La_1_1234,92,HSL:1454128,Alakiventie
46200,46200,0,46200,46200,0,False,SCHEDULED,1631912400,HSL:1092_20210917_La_2_1250,92,HSL:1454128,Alakiventie
46920,46920,0,46920,46920,0,False,SCHEDULED,1631912400,HSL:1092_20210917_La_1_1249,92,HSL:1454128,Alakiventie
47100,47100,0,47100,47100,0,False,SCHEDULED,1631912400,HSL:1092_20210917_La_2_1305,92,HSL:1454128,Alakiventie
47820,47820,0,47820,47820,0,False,SCHEDULED,1631912400,HSL:1092_20210917_La_1_1304,92,HSL:1454128,Alakiventie
45360,45352,-8,45360,45366,6,True,UPDATED,1631912400,HSL:1554_20210917_La_2_1210,554,HSL:1454129,Kivikontie
45600,45835,235,45600,45850,250,True,UPDATED,1631912400,HSL:4560_20210917_La_2_1205,560,HSL:1454129,Kivikontie
46020,46154,134,46020,46171,151,True,UPDATED,1631912400,HSL:4561_20210917_La_2_1205,561,HSL:1454129,Kivikontie
46200,46223,23,46200,46236,36,True,UPDATED,1631912400,HSL:4560_20210917_La_2_1215,560,HSL:1454129,Kivikontie
46560,46559,-1,46560,46572,12,True,UPDATED,1631912400,HSL:1554_20210917_La_2_1230,554,HSL:1454129,Kivikontie
45660,45700,40,45660,45705,45,True,UPDATED,1631912400,HSL:1056_20210917_La_1_1220,56,HSL:1286180,Autokuljetuskeskus 2
45780,45816,36,45780,45816,36,True,UPDATED,1631912400,HSL:1023_20210917_La_2_1233,23,HSL:1286180,Autokuljetuskeskus 2
46140,46196,56,46140,46199,59,True,UPDATED,1631912400,HSL:1063_20210917_La_2_1233,63,HSL:1286180,Autokuljetuskeskus 2
46260,46260,0,46260,46260,0,False,SCHEDULED,1631912400,HSL:1056_20210917_La_1_1230,56,HSL:1286180,Autokuljetuskeskus 2
46860,46860,0,46860,46860,0,False,SCHEDULED,1631912400,HSL:1056_20210917_La_1_1240,56,HSL:1286180,Autokuljetuskeskus 2
45360,45544,184,45360,45567,207,True,UPDATED,1631912400,HSL:2550_20210917_La_2_1159,550,HSL:1286181,Hämeenlinnanväylä
45960,46065,105,45960,46088,128,True,UPDATED,1631912400,HSL:2550_20210917_La_2_1209,550,HSL:1286181,Hämeenlinnanväylä
46560,46648,88,46560,46689,129,True,UPDATED,1631912400,HSL:2550_20210917_La_2_1219,550,HSL:1286181,Hämeenlinnanväylä
47160,47200,40,47160,47261,101,True,UPDATED,1631912400,HSL:2550_20210917_La_2_1229,550,HSL:1286181,Hämeenlinnanväylä
47760,47760,0,47760,47760,0,False,SCHEDULED,1631912400,HSL:2550_20210917_La_2_1239,550,HSL:1286181,Hämeenlinnanväylä
45360,45451,91,45360,45454,94,True,UPDATED,1631912400,HSL:2550_20210917_La_1_1231,550,HSL:1454120,Myllärintie
45960,45960,0,45960,45960,0,True,UPDATED,1631912400,HSL:2550_20210917_La_1_1241,550,HSL:1454120,Myllärintie
46560,46560,0,46560,46560,0,False,SCHEDULED,1631912400,HSL:2550_20210917_La_1_1251,550,HSL:1454120,Myllärintie
47160,47160,0,47160,47160,0,False,SCHEDULED,1631912400,HSL:2550_20210917_La_1_1301,550,HSL:1454120,Myllärintie
47760,47760,0,47760,47760,0,False,SCHEDULED,1631912400,HSL:2550_20210917_La_1_1311,550,HSL:1454120,Myllärintie
45000,45361,361,45000,45371,371,True,UPDATED,1631912400,HSL:2550_20210917_La_2_1129,550,HSL:1454121,Myllärintie
45600,45872,272,45600,45872,272,True,UPDATED,1631912400,HSL:2550_20210917_La_2_1139,550,HSL:1454121,Myllärintie
46200,46763,563,46200,46769,569,True,UPDATED,1631912400,HSL:2550_20210917_La_2_1149,550,HSL:1454121,Myllärintie
46860,47113,253,46860,47121,261,True,UPDATED,1631912400,HSL:2550_20210917_La_2_1159,550,HSL:1454121,Myllärintie
47460,47632,172,47460,47638,178,True,UPDATED,1631912400,HSL:2550_20210917_La_2_1209,550,HSL:1454121,Myllärintie
45540,45504,-36,45540,45515,-25,True,UPDATED,1631912400,HSL:1554_20210917_La_2_1210,554,HSL:1454112,Liikuntamylly
46200,46329,129,46200,46341,141,True,UPDATED,1631912400,HSL:4561_20210917_La_2_1205,561,HSL:1454112,Liikuntamylly
46740,46751,11,46740,46762,22,True,UPDATED,1631912400,HSL:1554_20210917_La_2_1230,554,HSL:1454112,Liikuntamylly
47400,47400,0,47400,47400,0,False,SCHEDULED,1631912400,HSL:4561_20210917_La_2_1224,561,HSL:1454112,Liikuntamylly
47940,47940,0,47940,47940,0,False,SCHEDULED,1631912400,HSL:1554_20210917_La_2_1250,554,HSL:1454112,Liikuntamylly
48480,48480,0,48480,48480,0,False,SCHEDULED,1631912400,HSL:4623K_20210917_La_2_1303,623K,HSL:4680252,Kirkonkylän etl.
52080,52080,0,52080,52080,0,False,SCHEDULED,1631912400,HSL:4623K_20210917_La_2_1403,623K,HSL:4680252,Kirkonkylän etl.
55680,55680,0,55680,55680,0,False,SCHEDULED,1631912400,HSL:4623K_20210917_La_2_1503,623K,HSL:4680252,Kirkonkylän etl.
59280,59280,0,59280,59280,0,False,SCHEDULED,1631912400,HSL:4623K_20210917_La_2_1603,623K,HSL:4680252,Kirkonkylän etl.
62880,62880,0,62880,62880,0,False,SCHEDULED,1631912400,HSL:4623K_20210917_La_2_1703,623K,HSL:4680252,Kirkonkylän etl.
48360,48360,0,48360,48360,0,False,SCHEDULED,1631912400,HSL:4623K_20210917_La_1_1300,623K,HSL:4680251,Kirkonkylän etl.
51960,51960,0,51960,51960,0,False,SCHEDULED,1631912400,HSL:4623K_20210917_La_1_1400,623K,HSL:4680251,Kirkonkylän etl.
55560,55560,0,55560,55560,0,False,SCHEDULED,1631912400,HSL:4623K_20210917_La_1_1500,623K,HSL:4680251,Kirkonkylän etl.
59160,59160,0,59160,59160,0,False,SCHEDULED,1631912400,HSL:4623K_20210917_La_1_1600,623K,HSL:4680251,Kirkonkylän etl.
62760,62760,0,62760,62760,0,False,SCHEDULED,1631912400,HSL:4623K_20210917_La_1_1700,623K,HSL:4680251,Kirkonkylän etl.
45480,45586,106,45480,45595,115,True,UPDATED,1631912400,HSL:1554_20210917_La_1_1233,554,HSL:1454113,Kurkimäki
46080,46080,0,46080,46080,0,False,SCHEDULED,1631912400,HSL:4561_20210917_La_1_1243,561,HSL:1454113,Kurkimäki
46680,46680,0,46680,46680,0,False,SCHEDULED,1631912400,HSL:1554_20210917_La_1_1253,554,HSL:1454113,Kurkimäki
47280,47280,0,47280,47280,0,False,SCHEDULED,1631912400,HSL:4561_20210917_La_1_1303,561,HSL:1454113,Kurkimäki
47880,47880,0,47880,47880,0,False,SCHEDULED,1631912400,HSL:1554_20210917_La_1_1313,554,HSL:1454113,Kurkimäki
45480,45438,-42,45480,45447,-33,True,UPDATED,1631912400,HSL:1554_20210917_La_2_1210,554,HSL:1454114,Kurkimäki
45660,45901,241,45660,45923,263,True,UPDATED,1631912400,HSL:4560_20210917_La_2_1205,560,HSL:1454114,Kurkimäki
46260,46251,-9,46260,46251,-9,True,UPDATED,1631912400,HSL:4560_20210917_La_2_1215,560,HSL:1454114,Kurkimäki
46140,46242,102,46140,46256,116,True,UPDATED,1631912400,HSL:4561_20210917_La_2_1205,561,HSL:1454114,Kurkimäki
46680,46694,14,46680,46704,24,True,UPDATED,1631912400,HSL:1554_20210917_La_2_1230,554,HSL:1454114,Kurkimäki
46020,46020,0,46020,46020,0,False,SCHEDULED,1631912400,HSL:1094_20210917_La_1_1242,94,HSL:1454115,Lallukankuja
46920,46920,0,46920,46920,0,False,SCHEDULED,1631912400,HSL:1094_20210917_La_1_1257,94,HSL:1454115,Lallukankuja
47820,47820,0,47820,47820,0,False,SCHEDULED,1631912400,HSL:1094_20210917_La_1_1312,94,HSL:1454115,Lallukankuja
48780,48780,0,48780,48780,0,False,SCHEDULED,1631912400,HSL:1094_20210917_La_1_1327,94,HSL:1454115,Lallukankuja
49680,49680,0,49680,49680,0,False,SCHEDULED,1631912400,HSL:1094_20210917_La_1_1342,94,HSL:1454115,Lallukankuja
45360,45461,101,45360,45467,107,True,UPDATED,1631912400,HSL:1554_20210917_La_1_1233,554,HSL:1454116,Kukkaniityntie
45960,45960,0,45960,45960,0,False,SCHEDULED,1631912400,HSL:4561_20210917_La_1_1243,561,HSL:1454116,Kukkaniityntie
45960,45960,0,45960,45960,0,False,SCHEDULED,1631912400,HSL:1094_20210917_La_1_1242,94,HSL:1454116,Kukkaniityntie
46560,46560,0,46560,46560,0,False,SCHEDULED,1631912400,HSL:1554_20210917_La_1_1253,554,HSL:1454116,Kukkaniityntie
46860,46860,0,46860,46860,0,False,SCHEDULED,1631912400,HSL:1094_20210917_La_1_1257,94,HSL:1454116,Kukkaniityntie
45600,45566,-34,45600,45571,-29,True,UPDATED,1631912400,HSL:1554_20210917_La_2_1210,554,HSL:1454117,Kukkaniityntie
45900,45978,78,45900,45982,82,True,UPDATED,1631912400,HSL:1094_20210917_La_2_1233,94,HSL:1454117,Kukkaniityntie
46260,46400,140,46260,46407,147,True,UPDATED,1631912400,HSL:4561_20210917_La_2_1205,561,HSL:1454117,Kukkaniityntie
46800,46800,0,46800,46800,0,False,SCHEDULED,1631912400,HSL:1094_20210917_La_2_1248,94,HSL:1454117,Kukkaniityntie
46800,46817,17,46800,46821,21,True,UPDATED,1631912400,HSL:1554_20210917_La_2_1230,554,HSL:1454117,Kukkaniityntie
45420,45420,0,45420,45420,0,False,SCHEDULED,1631912400,HSL:1056_20210917_La_2_1221,56,HSL:1286179,Autokuljetuskeskus 2
46020,45995,-25,46020,46005,-15,True,UPDATED,1631912400,HSL:1056_20210917_La_2_1231,56,HSL:1286179,Autokuljetuskeskus 2
46080,46165,85,46080,46168,88,True,UPDATED,1631912400,HSL:1063_20210917_La_1_1226,63,HSL:1286179,Autokuljetuskeskus 2
46440,46560,120,46440,46560,120,True,UPDATED,1631912400,HSL:1023_20210917_La_1_1223,23,HSL:1286179,Autokuljetuskeskus 2
46620,46620,0,46620,46620,0,False,SCHEDULED,1631912400,HSL:1056_20210917_La_2_1241,56,HSL:1286179,Autokuljetuskeskus 2
45540,45540,0,45540,45540,0,True,UPDATED,1631912400,HSL:1092_20210917_La_1_1234,92,HSL:1454118,Mamsellimyllynkatu
46440,46440,0,46440,46440,0,False,SCHEDULED,1631912400,HSL:1092_20210917_La_1_1249,92,HSL:1454118,Mamsellimyllynkatu
47340,47340,0,47340,47340,0,False,SCHEDULED,1631912400,HSL:1092_20210917_La_1_1304,92,HSL:1454118,Mamsellimyllynkatu
48240,48240,0,48240,48240,0,False,SCHEDULED,1631912400,HSL:1092_20210917_La_1_1319,92,HSL:1454118,Mamsellimyllynkatu
49140,49140,0,49140,49140,0,False,SCHEDULED,1631912400,HSL:1092_20210917_La_1_1334,92,HSL:1454118,Mamsellimyllynkatu
48420,48420,0,48420,48420,0,False,SCHEDULED,1631912400,HSL:4623K_20210917_La_2_1303,623K,HSL:4680250,Köyhämäki
52020,52020,0,52020,52020,0,False,SCHEDULED,1631912400,HSL:4623K_20210917_La_2_1403,623K,HSL:4680250,Köyhämäki
55620,55620,0,55620,55620,0,False,SCHEDULED,1631912400,HSL:4623K_20210917_La_2_1503,623K,HSL:4680250,Köyhämäki
59220,59220,0,59220,59220,0,False,SCHEDULED,1631912400,HSL:4623K_20210917_La_2_1603,623K,HSL:4680250,Köyhämäki
62820,62820,0,62820,62820,0,False,SCHEDULED,1631912400,HSL:4623K_20210917_La_2_1703,623K,HSL:4680250,Köyhämäki
45840,45840,0,45840,45840,0,True,UPDATED,1631912400,HSL:1092_20210917_La_2_1235,92,HSL:1454119,Mamsellimyllynkatu
46740,46740,0,46740,46740,0,False,SCHEDULED,1631912400,HSL:1092_20210917_La_2_1250,92,HSL:1454119,Mamsellimyllynkatu
47640,47640,0,47640,47640,0,False,SCHEDULED,1631912400,HSL:1092_20210917_La_2_1305,92,HSL:1454119,Mamsellimyllynkatu
48540,48540,0,48540,48540,0,False,SCHEDULED,1631912400,HSL:1092_20210917_La_2_1320,92,HSL:1454119,Mamsellimyllynkatu
49440,49440,0,49440,49440,0,False,SCHEDULED,1631912400,HSL:1092_20210917_La_2_1335,92,HSL:1454119,Mamsellimyllynkatu
47820,47820,0,47820,47820,0,False,SCHEDULED,1631912400,HSL:4576_20210917_La_1_1309,576,HSL:4680259,Apilapuisto
51420,51420,0,51420,51420,0,False,SCHEDULED,1631912400,HSL:4576_20210917_La_1_1409,576,HSL:4680259,Apilapuisto
55020,55020,0,55020,55020,0,False,SCHEDULED,1631912400,HSL:4576_20210917_La_1_1509,576,HSL:4680259,Apilapuisto
58620,58620,0,58620,58620,0,False,SCHEDULED,1631912400,HSL:4576_20210917_La_1_1609,576,HSL:4680259,Apilapuisto
62220,62220,0,62220,62220,0,False,SCHEDULED,1631912400,HSL:4576_20210917_La_1_1709,576,HSL:4680259,Apilapuisto
45420,45405,-15,45420,45407,-13,True,UPDATED,1631912400,HSL:4576_20210917_La_2_1201,576,HSL:4680258,Apilapuisto
49020,49020,0,49020,49020,0,False,SCHEDULED,1631912400,HSL:4576_20210917_La_2_1301,576,HSL:4680258,Apilapuisto
52680,52680,0,52680,52680,0,False,SCHEDULED,1631912400,HSL:4576_20210917_La_2_1401,576,HSL:4680258,Apilapuisto
56340,56340,0,56340,56340,0,False,SCHEDULED,1631912400,HSL:4576_20210917_La_2_1501,576,HSL:4680258,Apilapuisto
59940,59940,0,59940,59940,0,False,SCHEDULED,1631912400,HSL:4576_20210917_La_2_1601,576,HSL:4680258,Apilapuisto
45420,45520,100,45420,45535,115,True,UPDATED,1631912400,HSL:1554_20210917_La_1_1233,554,HSL:1454111,Liikuntamylly
46020,46020,0,46020,46020,0,False,SCHEDULED,1631912400,HSL:4561_20210917_La_1_1243,561,HSL:1454111,Liikuntamylly
46620,46620,0,46620,46620,0,False,SCHEDULED,1631912400,HSL:1554_20210917_La_1_1253,554,HSL:1454111,Liikuntamylly
47220,47220,0,47220,47220,0,False,SCHEDULED,1631912400,HSL:4561_20210917_La_1_1303,561,HSL:1454111,Liikuntamylly
47820,47820,0,47820,47820,0,False,SCHEDULED,1631912400,HSL:1554_20210917_La_1_1313,554,HSL:1454111,Liikuntamylly
46620,46752,132,46620,46761,141,True,UPDATED,1631912400,HSL:4739_20210917_La_2_1226,739,HSL:4960299,Itä-Hakkila
46860,46860,0,46860,46860,0,True,UPDATED,1631912400,HSL:4731_20210917_La_2_1235,731,HSL:4960299,Itä-Hakkila
48000,48038,38,48000,48038,38,True,UPDATED,1631912400,HSL:9788K_20210917_La_2_1225,788K,HSL:4960299,Itä-Hakkila
48660,48660,0,48660,48660,0,False,SCHEDULED,1631912400,HSL:4731_20210917_La_2_1305,731,HSL:4960299,Itä-Hakkila
50220,50220,0,50220,50220,0,False,SCHEDULED,1631912400,HSL:4739_20210917_La_2_1326,739,HSL:4960299,Itä-Hakkila
47040,47040,0,47040,47040,0,False,SCHEDULED,1631912400,HSL:4731_20210917_La_1_1239,731,HSL:4960298,Itä-Hakkila
47700,47700,0,47700,47700,0,False,SCHEDULED,1631912400,HSL:4739_20210917_La_1_1245,739,HSL:4960298,Itä-Hakkila
48840,48840,0,48840,48840,0,False,SCHEDULED,1631912400,HSL:4731_20210917_La_1_1308,731,HSL:4960298,Itä-Hakkila
50640,50640,0,50640,50640,0,False,SCHEDULED,1631912400,HSL:4731_20210917_La_1_1338,731,HSL:4960298,Itä-Hakkila
51300,51300,0,51300,51300,0,False,SCHEDULED,1631912400,HSL:4739_20210917_La_1_1344,739,HSL:4960298,Itä-Hakkila
45480,45616,136,45480,45616,136,True,UPDATED,1631912400,HSL:4717_20210917_La_1_1155,717,HSL:4960296,Kaskipolku
46380,46380,0,46380,46380,0,False,SCHEDULED,1631912400,HSL:4587_20210917_La_1_1234,587,HSL:4960296,Kaskipolku
46680,46733,53,46680,46733,53,True,UPDATED,1631912400,HSL:4717_20210917_La_1_1215,717,HSL:4960296,Kaskipolku
47880,47880,0,47880,47880,0,False,SCHEDULED,1631912400,HSL:4717_20210917_La_1_1235,717,HSL:4960296,Kaskipolku
49080,49080,0,49080,49080,0,False,SCHEDULED,1631912400,HSL:4717_20210917_La_1_1255,717,HSL:4960296,Kaskipolku
48000,48000,0,48000,48000,0,False,SCHEDULED,1631912400,HSL:2246K_20210917_La_2_1314,246K,HSL:2712211,Torskulla
51600,51600,0,51600,51600,0,False,SCHEDULED,1631912400,HSL:2246K_20210917_La_2_1414,246K,HSL:2712211,Torskulla
55200,55200,0,55200,55200,0,False,SCHEDULED,1631912400,HSL:2246K_20210917_La_2_1514,246K,HSL:2712211,Torskulla
58800,58800,0,58800,58800,0,False,SCHEDULED,1631912400,HSL:2246K_20210917_La_2_1614,246K,HSL:2712211,Torskulla
62400,62400,0,62400,62400,0,False,SCHEDULED,1631912400,HSL:2246K_20210917_La_2_1714,246K,HSL:2712211,Torskulla
48180,48180,0,48180,48180,0,False,SCHEDULED,1631912400,HSL:2246K_20210917_La_2_1314,246K,HSL:2712212,Bosmedsinkuja
51780,51780,0,51780,51780,0,False,SCHEDULED,1631912400,HSL:2246K_20210917_La_2_1414,246K,HSL:2712212,Bosmedsinkuja
55380,55380,0,55380,55380,0,False,SCHEDULED,1631912400,HSL:2246K_20210917_La_2_1514,246K,HSL:2712212,Bosmedsinkuja
58980,58980,0,58980,58980,0,False,SCHEDULED,1631912400,HSL:2246K_20210917_La_2_1614,246K,HSL:2712212,Bosmedsinkuja
62580,62580,0,62580,62580,0,False,SCHEDULED,1631912400,HSL:2246K_20210917_La_2_1714,246K,HSL:2712212,Bosmedsinkuja
48000,48000,0,48000,48000,0,False,SCHEDULED,1631912400,HSL:2246K_20210917_La_2_1314,246K,HSL:2712210,Kivipylvääntie
51600,51600,0,51600,51600,0,False,SCHEDULED,1631912400,HSL:2246K_20210917_La_2_1414,246K,HSL:2712210,Kivipylvääntie
55200,55200,0,55200,55200,0,False,SCHEDULED,1631912400,HSL:2246K_20210917_La_2_1514,246K,HSL:2712210,Kivipylvääntie
58800,58800,0,58800,58800,0,False,SCHEDULED,1631912400,HSL:2246K_20210917_La_2_1614,246K,HSL:2712210,Kivipylvääntie
62400,62400,0,62400,62400,0,False,SCHEDULED,1631912400,HSL:2246K_20210917_La_2_1714,246K,HSL:2712210,Kivipylvääntie
45300,45423,123,45300,45426,126,True,UPDATED,1631912400,HSL:4717_20210917_La_1_1155,717,HSL:4960295,Pohjanrinne
46500,46575,75,46500,46578,78,True,UPDATED,1631912400,HSL:4717_20210917_La_1_1215,717,HSL:4960295,Pohjanrinne
47700,47700,0,47700,47700,0,False,SCHEDULED,1631912400,HSL:4717_20210917_La_1_1235,717,HSL:4960295,Pohjanrinne
48900,48900,0,48900,48900,0,False,SCHEDULED,1631912400,HSL:4717_20210917_La_1_1255,717,HSL:4960295,Pohjanrinne
50100,50100,0,50100,50100,0,False,SCHEDULED,1631912400,HSL:4717_20210917_La_1_1315,717,HSL:4960295,Pohjanrinne
45840,45840,0,45840,45840,0,False,SCHEDULED,1631912400,HSL:4717_20210917_La_2_1230,717,HSL:4960294,Pohjanrinne
47040,47040,0,47040,47040,0,False,SCHEDULED,1631912400,HSL:4717_20210917_La_2_1250,717,HSL:4960294,Pohjanrinne
48240,48240,0,48240,48240,0,False,SCHEDULED,1631912400,HSL:4717_20210917_La_2_1310,717,HSL:4960294,Pohjanrinne
49440,49440,0,49440,49440,0,False,SCHEDULED,1631912400,HSL:4717_20210917_La_2_1330,717,HSL:4960294,Pohjanrinne
50640,50640,0,50640,50640,0,False,SCHEDULED,1631912400,HSL:4717_20210917_La_2_1350,717,HSL:4960294,Pohjanrinne
45780,45780,0,45780,45780,0,False,SCHEDULED,1631912400,HSL:4560_20210917_La_1_1216,560,HSL:1454100,Kurkimäki
46380,46428,48,46380,46433,53,True,UPDATED,1631912400,HSL:4560_20210917_La_1_1226,560,HSL:1454100,Kurkimäki
46980,46980,0,46980,46980,0,False,SCHEDULED,1631912400,HSL:4560_20210917_La_1_1236,560,HSL:1454100,Kurkimäki
47580,47580,0,47580,47580,0,False,SCHEDULED,1631912400,HSL:4560_20210917_La_1_1246,560,HSL:1454100,Kurkimäki
48180,48180,0,48180,48180,0,False,SCHEDULED,1631912400,HSL:4560_20210917_La_1_1256,560,HSL:1454100,Kurkimäki
47820,47820,0,47820,47820,0,False,SCHEDULED,1631912400,HSL:4587_20210917_La_1_1234,587,HSL:4870201,Lehmustontie
51540,51540,0,51540,51540,0,False,SCHEDULED,1631912400,HSL:4587_20210917_La_1_1334,587,HSL:4870201,Lehmustontie
55140,55140,0,55140,55140,0,False,SCHEDULED,1631912400,HSL:4587_20210917_La_1_1434,587,HSL:4870201,Lehmustontie
58740,58740,0,58740,58740,0,False,SCHEDULED,1631912400,HSL:4587_20210917_La_1_1534,587,HSL:4870201,Lehmustontie
62340,62340,0,62340,62340,0,False,SCHEDULED,1631912400,HSL:4587_20210917_La_1_1634,587,HSL:4870201,Lehmustontie
45360,45400,40,45360,45400,40,True,UPDATED,1631912400,HSL:4587_20210917_La_2_1234,587,HSL:4870204,Vierumäentie
48960,48960,0,48960,48960,0,False,SCHEDULED,1631912400,HSL:4587_20210917_La_2_1334,587,HSL:4870204,Vierumäentie
52560,52560,0,52560,52560,0,False,SCHEDULED,1631912400,HSL:4587_20210917_La_2_1434,587,HSL:4870204,Vierumäentie
56160,56160,0,56160,56160,0,False,SCHEDULED,1631912400,HSL:4587_20210917_La_2_1534,587,HSL:4870204,Vierumäentie
59760,59760,0,59760,59760,0,False,SCHEDULED,1631912400,HSL:4587_20210917_La_2_1634,587,HSL:4870204,Vierumäentie
47880,47880,0,47880,47880,0,False,SCHEDULED,1631912400,HSL:4587_20210917_La_1_1234,587,HSL:4870203,Vierumäentie
51600,51600,0,51600,51600,0,False,SCHEDULED,1631912400,HSL:4587_20210917_La_1_1334,587,HSL:4870203,Vierumäentie
55200,55200,0,55200,55200,0,False,SCHEDULED,1631912400,HSL:4587_20210917_La_1_1434,587,HSL:4870203,Vierumäentie
58800,58800,0,58800,58800,0,False,SCHEDULED,1631912400,HSL:4587_20210917_La_1_1534,587,HSL:4870203,Vierumäentie
62400,62400,0,62400,62400,0,False,SCHEDULED,1631912400,HSL:4587_20210917_La_1_1634,587,HSL:4870203,Vierumäentie
45360,45400,40,45360,45400,40,True,UPDATED,1631912400,HSL:4587_20210917_La_2_1234,587,HSL:4870206,Haapanatie
48960,48960,0,48960,48960,0,False,SCHEDULED,1631912400,HSL:4587_20210917_La_2_1334,587,HSL:4870206,Haapanatie
52560,52560,0,52560,52560,0,False,SCHEDULED,1631912400,HSL:4587_20210917_La_2_1434,587,HSL:4870206,Haapanatie
56160,56160,0,56160,56160,0,False,SCHEDULED,1631912400,HSL:4587_20210917_La_2_1534,587,HSL:4870206,Haapanatie
59760,59760,0,59760,59760,0,False,SCHEDULED,1631912400,HSL:4587_20210917_La_2_1634,587,HSL:4870206,Haapanatie
47880,47880,0,47880,47880,0,False,SCHEDULED,1631912400,HSL:4587_20210917_La_1_1234,587,HSL:4870205,Haapanatie
51600,51600,0,51600,51600,0,False,SCHEDULED,1631912400,HSL:4587_20210917_La_1_1334,587,HSL:4870205,Haapanatie
55200,55200,0,55200,55200,0,False,SCHEDULED,1631912400,HSL:4587_20210917_La_1_1434,587,HSL:4870205,Haapanatie
58800,58800,0,58800,58800,0,False,SCHEDULED,1631912400,HSL:4587_20210917_La_1_1534,587,HSL:4870205,Haapanatie
62400,62400,0,62400,62400,0,False,SCHEDULED,1631912400,HSL:4587_20210917_La_1_1634,587,HSL:4870205,Haapanatie
45300,45340,40,45300,45340,40,True,UPDATED,1631912400,HSL:4587_20210917_La_2_1234,587,HSL:4870208,Räyskäkuja
48900,48900,0,48900,48900,0,False,SCHEDULED,1631912400,HSL:4587_20210917_La_2_1334,587,HSL:4870208,Räyskäkuja
52500,52500,0,52500,52500,0,False,SCHEDULED,1631912400,HSL:4587_20210917_La_2_1434,587,HSL:4870208,Räyskäkuja
56100,56100,0,56100,56100,0,False,SCHEDULED,1631912400,HSL:4587_20210917_La_2_1534,587,HSL:4870208,Räyskäkuja
59700,59700,0,59700,59700,0,False,SCHEDULED,1631912400,HSL:4587_20210917_La_2_1634,587,HSL:4870208,Räyskäkuja
47940,47940,0,47940,47940,0,False,SCHEDULED,1631912400,HSL:2246K_20210917_La_2_1314,246K,HSL:2712205,Rajanummi
51540,51540,0,51540,51540,0,False,SCHEDULED,1631912400,HSL:2246K_20210917_La_2_1414,246K,HSL:2712205,Rajanummi
55140,55140,0,55140,55140,0,False,SCHEDULED,1631912400,HSL:2246K_20210917_La_2_1514,246K,HSL:2712205,Rajanummi
58740,58740,0,58740,58740,0,False,SCHEDULED,1631912400,HSL:2246K_20210917_La_2_1614,246K,HSL:2712205,Rajanummi
62340,62340,0,62340,62340,0,False,SCHEDULED,1631912400,HSL:2246K_20210917_La_2_1714,246K,HSL:2712205,Rajanummi
47940,47940,0,47940,47940,0,False,SCHEDULED,1631912400,HSL:4587_20210917_La_1_1234,587,HSL:4870207,Räyskäkuja
51660,51660,0,51660,51660,0,False,SCHEDULED,1631912400,HSL:4587_20210917_La_1_1334,587,HSL:4870207,Räyskäkuja
55260,55260,0,55260,55260,0,False,SCHEDULED,1631912400,HSL:4587_20210917_La_1_1434,587,HSL:4870207,Räyskäkuja
58860,58860,0,58860,58860,0,False,SCHEDULED,1631912400,HSL:4587_20210917_La_1_1534,587,HSL:4870207,Räyskäkuja
62460,62460,0,62460,62460,0,False,SCHEDULED,1631912400,HSL:4587_20210917_La_1_1634,587,HSL:4870207,Räyskäkuja
48000,48000,0,48000,48000,0,False,SCHEDULED,1631912400,HSL:4587_20210917_La_1_1234,587,HSL:4870209,Ruokkitie
48840,48840,0,48840,48840,0,False,SCHEDULED,1631912400,HSL:4587_20210917_La_2_1334,587,HSL:4870209,Ruokkitie
51720,51720,0,51720,51720,0,False,SCHEDULED,1631912400,HSL:4587_20210917_La_1_1334,587,HSL:4870209,Ruokkitie
52440,52440,0,52440,52440,0,False,SCHEDULED,1631912400,HSL:4587_20210917_La_2_1434,587,HSL:4870209,Ruokkitie
55320,55320,0,55320,55320,0,False,SCHEDULED,1631912400,HSL:4587_20210917_La_1_1434,587,HSL:4870209,Ruokkitie
48060,48060,0,48060,48060,0,False,SCHEDULED,1631912400,HSL:2246K_20210917_La_2_1314,246K,HSL:2712207,Kivipylväs
51660,51660,0,51660,51660,0,False,SCHEDULED,1631912400,HSL:2246K_20210917_La_2_1414,246K,HSL:2712207,Kivipylväs
55260,55260,0,55260,55260,0,False,SCHEDULED,1631912400,HSL:2246K_20210917_La_2_1514,246K,HSL:2712207,Kivipylväs
58860,58860,0,58860,58860,0,False,SCHEDULED,1631912400,HSL:2246K_20210917_La_2_1614,246K,HSL:2712207,Kivipylväs
62460,62460,0,62460,62460,0,False,SCHEDULED,1631912400,HSL:2246K_20210917_La_2_1714,246K,HSL:2712207,Kivipylväs
47940,47940,0,47940,47940,0,False,SCHEDULED,1631912400,HSL:2246K_20210917_La_2_1314,246K,HSL:2712203,Brödtorp
51540,51540,0,51540,51540,0,False,SCHEDULED,1631912400,HSL:2246K_20210917_La_2_1414,246K,HSL:2712203,Brödtorp
55140,55140,0,55140,55140,0,False,SCHEDULED,1631912400,HSL:2246K_20210917_La_2_1514,246K,HSL:2712203,Brödtorp
58740,58740,0,58740,58740,0,False,SCHEDULED,1631912400,HSL:2246K_20210917_La_2_1614,246K,HSL:2712203,Brödtorp
62340,62340,0,62340,62340,0,False,SCHEDULED,1631912400,HSL:2246K_20210917_La_2_1714,246K,HSL:2712203,Brödtorp
45240,45365,125,45240,45377,137,True,UPDATED,1631912400,HSL:4717_20210917_La_1_1155,717,HSL:4960235,Koulutie
46440,46505,65,46440,46506,66,True,UPDATED,1631912400,HSL:4717_20210917_La_1_1215,717,HSL:4960235,Koulutie
47640,47640,0,47640,47640,0,False,SCHEDULED,1631912400,HSL:4717_20210917_La_1_1235,717,HSL:4960235,Koulutie
48840,48840,0,48840,48840,0,False,SCHEDULED,1631912400,HSL:4717_20210917_La_1_1255,717,HSL:4960235,Koulutie
50040,50040,0,50040,50040,0,False,SCHEDULED,1631912400,HSL:4717_20210917_La_1_1315,717,HSL:4960235,Koulutie
45420,45556,136,45420,45556,136,True,UPDATED,1631912400,HSL:4717_20210917_La_1_1155,717,HSL:4960234,Pavi
46380,46380,0,46380,46380,0,False,SCHEDULED,1631912400,HSL:4587_20210917_La_1_1234,587,HSL:4960234,Pavi
46620,46673,53,46620,46673,53,True,UPDATED,1631912400,HSL:4717_20210917_La_1_1215,717,HSL:4960234,Pavi
47820,47820,0,47820,47820,0,False,SCHEDULED,1631912400,HSL:4717_20210917_La_1_1235,717,HSL:4960234,Pavi
49020,49020,0,49020,49020,0,False,SCHEDULED,1631912400,HSL:4717_20210917_La_1_1255,717,HSL:4960234,Pavi
46620,46625,5,46620,46633,13,True,UPDATED,1631912400,HSL:4571_20210917_La_2_1211,571,HSL:4510207,Tammiston kauppatie
48420,48420,0,48420,48420,0,False,SCHEDULED,1631912400,HSL:4571_20210917_La_2_1241,571,HSL:4510207,Tammiston kauppatie
50220,50220,0,50220,50220,0,False,SCHEDULED,1631912400,HSL:4571_20210917_La_2_1311,571,HSL:4510207,Tammiston kauppatie
52020,52020,0,52020,52020,0,False,SCHEDULED,1631912400,HSL:4571_20210917_La_2_1341,571,HSL:4510207,Tammiston kauppatie
53760,53760,0,53760,53760,0,False,SCHEDULED,1631912400,HSL:4571_20210917_La_2_1411,571,HSL:4510207,Tammiston kauppatie
45240,45426,186,45240,45436,196,True,UPDATED,1631912400,HSL:4561_20210917_La_1_1203,561,HSL:4510206,Muuntotie
46080,46118,38,46080,46118,38,True,UPDATED,1631912400,HSL:4571_20210917_La_1_1228,571,HSL:4510206,Muuntotie
46500,46569,69,46500,46577,77,True,UPDATED,1631912400,HSL:4561_20210917_La_1_1223,561,HSL:4510206,Muuntotie
47700,47700,0,47700,47700,0,False,SCHEDULED,1631912400,HSL:4561_20210917_La_1_1243,561,HSL:4510206,Muuntotie
47880,47880,0,47880,47880,0,False,SCHEDULED,1631912400,HSL:4571_20210917_La_1_1258,571,HSL:4510206,Muuntotie
45660,45660,0,45660,45660,0,False,SCHEDULED,1631912400,HSL:4561_20210917_La_2_1224,561,HSL:4510209,Tammiston kauppatie
46860,46860,0,46860,46860,0,False,SCHEDULED,1631912400,HSL:4561_20210917_La_2_1244,561,HSL:4510209,Tammiston kauppatie
48060,48060,0,48060,48060,0,False,SCHEDULED,1631912400,HSL:4561_20210917_La_2_1304,561,HSL:4510209,Tammiston kauppatie
49320,49320,0,49320,49320,0,False,SCHEDULED,1631912400,HSL:4561_20210917_La_2_1324,561,HSL:4510209,Tammiston kauppatie
50520,50520,0,50520,50520,0,False,SCHEDULED,1631912400,HSL:4561_20210917_La_2_1344,561,HSL:4510209,Tammiston kauppatie
45180,45382,202,45180,45391,211,True,UPDATED,1631912400,HSL:4561_20210917_La_1_1203,561,HSL:4510208,Tammiston kauppatie
46020,46082,62,46020,46095,75,True,UPDATED,1631912400,HSL:4571_20210917_La_1_1228,571,HSL:4510208,Tammiston kauppatie
46440,46515,75,46440,46524,84,True,UPDATED,1631912400,HSL:4561_20210917_La_1_1223,561,HSL:4510208,Tammiston kauppatie
47640,47640,0,47640,47640,0,False,SCHEDULED,1631912400,HSL:4561_20210917_La_1_1243,561,HSL:4510208,Tammiston kauppatie
47820,47820,0,47820,47820,0,False,SCHEDULED,1631912400,HSL:4571_20210917_La_1_1258,571,HSL:4510208,Tammiston kauppatie
45300,45436,136,45360,45496,136,True,UPDATED,1631912400,HSL:4717_20210917_La_1_1155,717,HSL:4960230,Kolohonganreitti
46500,46578,78,46560,46613,53,True,UPDATED,1631912400,HSL:4717_20210917_La_1_1215,717,HSL:4960230,Kolohonganreitti
46560,46685,125,46560,46685,125,True,UPDATED,1631912400,HSL:4739_20210917_La_2_1226,739,HSL:4960230,Kolohonganreitti
47700,47700,0,47760,47760,0,False,SCHEDULED,1631912400,HSL:4717_20210917_La_1_1235,717,HSL:4960230,Kolohonganreitti
48900,48900,0,48960,48960,0,False,SCHEDULED,1631912400,HSL:4717_20210917_La_1_1255,717,HSL:4960230,Kolohonganreitti
45540,45540,0,45540,45540,0,False,SCHEDULED,1631912400,HSL:4561_20210917_La_2_1224,561,HSL:4510203,Veromäen koulu
46500,46473,-27,46500,46483,-17,True,UPDATED,1631912400,HSL:4571_20210917_La_2_1211,571,HSL:4510203,Veromäen koulu
46740,46740,0,46740,46740,0,False,SCHEDULED,1631912400,HSL:4561_20210917_La_2_1244,561,HSL:4510203,Veromäen koulu
47940,47940,0,47940,47940,0,False,SCHEDULED,1631912400,HSL:4561_20210917_La_2_1304,561,HSL:4510203,Veromäen koulu
48300,48300,0,48300,48300,0,False,SCHEDULED,1631912400,HSL:4571_20210917_La_2_1241,571,HSL:4510203,Veromäen koulu
45600,45964,364,45600,45975,375,True,UPDATED,1631912400,HSL:4415_20210917_La_1_1202,415,HSL:4510202,Väinö Tannerin tie
46080,46080,0,46080,46080,0,False,SCHEDULED,1631912400,HSL:4574_20210917_La_2_1221,574,HSL:4510202,Väinö Tannerin tie
49320,49320,0,49320,49320,0,False,SCHEDULED,1631912400,HSL:4415_20210917_La_1_1302,415,HSL:4510202,Väinö Tannerin tie
49680,49680,0,49680,49680,0,False,SCHEDULED,1631912400,HSL:4574_20210917_La_2_1320,574,HSL:4510202,Väinö Tannerin tie
52920,52920,0,52920,52920,0,False,SCHEDULED,1631912400,HSL:4415_20210917_La_1_1402,415,HSL:4510202,Väinö Tannerin tie
45600,45600,0,45600,45600,0,False,SCHEDULED,1631912400,HSL:4561_20210917_La_2_1224,561,HSL:4510205,Muuntotie
46560,46555,-5,46560,46563,3,True,UPDATED,1631912400,HSL:4571_20210917_La_2_1211,571,HSL:4510205,Muuntotie
46800,46800,0,46800,46800,0,False,SCHEDULED,1631912400,HSL:4561_20210917_La_2_1244,561,HSL:4510205,Muuntotie
48000,48000,0,48000,48000,0,False,SCHEDULED,1631912400,HSL:4561_20210917_La_2_1304,561,HSL:4510205,Muuntotie
48360,48360,0,48360,48360,0,False,SCHEDULED,1631912400,HSL:4571_20210917_La_2_1241,571,HSL:4510205,Muuntotie
45420,45588,168,45420,45597,177,True,UPDATED,1631912400,HSL:4561_20210917_La_1_1203,561,HSL:4510204,Veromäen koulu
46200,46203,3,46200,46209,9,True,UPDATED,1631912400,HSL:4571_20210917_La_1_1228,571,HSL:4510204,Veromäen koulu
46680,46679,-1,46680,46684,4,True,UPDATED,1631912400,HSL:4561_20210917_La_1_1223,561,HSL:4510204,Veromäen koulu
47880,47880,0,47880,47880,0,False,SCHEDULED,1631912400,HSL:4561_20210917_La_1_1243,561,HSL:4510204,Veromäen koulu
48000,48000,0,48000,48000,0,False,SCHEDULED,1631912400,HSL:4571_20210917_La_1_1258,571,HSL:4510204,Veromäen koulu
45360,45360,0,45360,45360,0,False,SCHEDULED,1631912400,HSL:4561_20210917_La_2_1224,561,HSL:4510201,Väinö Tannerin tie
45840,45805,-35,45840,45805,-35,True,UPDATED,1631912400,HSL:4614_20210917_La_2_1234,614,HSL:4510201,Väinö Tannerin tie
46380,46327,-53,46380,46367,-13,True,UPDATED,1631912400,HSL:4571_20210917_La_2_1211,571,HSL:4510201,Väinö Tannerin tie
46560,46560,0,46560,46560,0,False,SCHEDULED,1631912400,HSL:4561_20210917_La_2_1244,561,HSL:4510201,Väinö Tannerin tie
46740,46740,0,46740,46740,0,False,SCHEDULED,1631912400,HSL:4615_20210917_La_2_1249,615,HSL:4510201,Väinö Tannerin tie
46080,46080,0,46080,46080,0,False,SCHEDULED,1631912400,HSL:4587_20210917_La_1_1234,587,HSL:4960239,Riimukuja
46260,46321,61,46260,46328,68,True,UPDATED,1631912400,HSL:4717_20210917_La_1_1215,717,HSL:4960239,Riimukuja
47460,47460,0,47460,47460,0,False,SCHEDULED,1631912400,HSL:4717_20210917_La_1_1235,717,HSL:4960239,Riimukuja
48660,48660,0,48660,48660,0,False,SCHEDULED,1631912400,HSL:4717_20210917_La_1_1255,717,HSL:4960239,Riimukuja
49740,49740,0,49740,49740,0,False,SCHEDULED,1631912400,HSL:4587_20210917_La_1_1334,587,HSL:4960239,Riimukuja
45840,45840,0,45840,45840,0,False,SCHEDULED,1631912400,HSL:4717_20210917_La_2_1230,717,HSL:4960238,Koulutie
47040,47040,0,47040,47040,0,False,SCHEDULED,1631912400,HSL:4717_20210917_La_2_1250,717,HSL:4960238,Koulutie
48240,48240,0,48240,48240,0,False,SCHEDULED,1631912400,HSL:4717_20210917_La_2_1310,717,HSL:4960238,Koulutie
49440,49440,0,49440,49440,0,False,SCHEDULED,1631912400,HSL:4717_20210917_La_2_1330,717,HSL:4960238,Koulutie
50640,50640,0,50640,50640,0,False,SCHEDULED,1631912400,HSL:4717_20210917_La_2_1350,717,HSL:4960238,Koulutie
45600,45735,135,45660,45764,104,True,UPDATED,1631912400,HSL:1095_20210917_La_1_1225,95,HSL:1473223,Mellunmäki (M)
46500,46500,0,46560,46560,0,True,UPDATED,1631912400,HSL:1095_20210917_La_1_1240,95,HSL:1473223,Mellunmäki (M)
47400,47400,0,47460,47460,0,False,SCHEDULED,1631912400,HSL:1095_20210917_La_1_1255,95,HSL:1473223,Mellunmäki (M)
48300,48300,0,48360,48360,0,False,SCHEDULED,1631912400,HSL:1095_20210917_La_1_1310,95,HSL:1473223,Mellunmäki (M)
49200,49200,0,49260,49260,0,False,SCHEDULED,1631912400,HSL:1095_20210917_La_1_1325,95,HSL:1473223,Mellunmäki (M)
45600,45600,0,45600,45600,0,False,SCHEDULED,1631912400,HSL:1097V_20210917_La_2_1240,97V,HSL:1473221,Mellunmäki (M)
46560,46560,0,46560,46560,0,False,SCHEDULED,1631912400,HSL:1097_20210917_La_2_1256,97,HSL:1473221,Mellunmäki (M)
47400,47400,0,47400,47400,0,False,SCHEDULED,1631912400,HSL:1097V_20210917_La_2_1310,97V,HSL:1473221,Mellunmäki (M)
48360,48360,0,48360,48360,0,False,SCHEDULED,1631912400,HSL:1097_20210917_La_2_1326,97,HSL:1473221,Mellunmäki (M)
49200,49200,0,49200,49200,0,False,SCHEDULED,1631912400,HSL:1097V_20210917_La_2_1340,97V,HSL:1473221,Mellunmäki (M)
46020,45984,-36,46020,46025,5,True,UPDATED,1631912400,HSL:1002_20210917_La_2_1229,2,HSL:1130441,Sammonkatu
46740,46740,0,46740,46740,0,False,SCHEDULED,1631912400,HSL:1002_20210917_La_2_1241,2,HSL:1130441,Sammonkatu
47460,47460,0,47460,47460,0,False,SCHEDULED,1631912400,HSL:1002_20210917_La_2_1253,2,HSL:1130441,Sammonkatu
48180,48180,0,48180,48180,0,False,SCHEDULED,1631912400,HSL:1002_20210917_La_2_1305,2,HSL:1130441,Sammonkatu
48900,48900,0,48900,48900,0,False,SCHEDULED,1631912400,HSL:1002_20210917_La_2_1317,2,HSL:1130441,Sammonkatu
45960,45960,0,45960,45960,0,False,SCHEDULED,1631912400,HSL:4717_20210917_La_2_1230,717,HSL:4960226,Äimäkuja
47100,47140,40,47100,47140,40,True,UPDATED,1631912400,HSL:4587_20210917_La_2_1234,587,HSL:4960226,Äimäkuja
47160,47160,0,47160,47160,0,False,SCHEDULED,1631912400,HSL:4717_20210917_La_2_1250,717,HSL:4960226,Äimäkuja
48360,48360,0,48360,48360,0,False,SCHEDULED,1631912400,HSL:4717_20210917_La_2_1310,717,HSL:4960226,Äimäkuja
49560,49560,0,49560,49560,0,False,SCHEDULED,1631912400,HSL:4717_20210917_La_2_1330,717,HSL:4960226,Äimäkuja
45480,45440,-40,45480,45472,-8,True,UPDATED,1631912400,HSL:1002_20210917_La_1_1223,2,HSL:1130442,Apollonkatu
45780,45799,19,45780,45832,52,True,UPDATED,1631912400,HSL:1008_20210917_La_1_1233,8,HSL:1130442,Apollonkatu
46200,46200,0,46200,46200,0,True,UPDATED,1631912400,HSL:1002_20210917_La_1_1235,2,HSL:1130442,Apollonkatu
46500,46500,0,46500,46500,0,False,SCHEDULED,1631912400,HSL:1008_20210917_La_1_1245,8,HSL:1130442,Apollonkatu
46920,46920,0,46920,46920,0,False,SCHEDULED,1631912400,HSL:1002_20210917_La_1_1247,2,HSL:1130442,Apollonkatu
46200,46200,0,46200,46200,0,False,SCHEDULED,1631912400,HSL:4587_20210917_La_1_1234,587,HSL:4960225,Palttinatie
46380,46443,63,46380,46445,65,True,UPDATED,1631912400,HSL:4717_20210917_La_1_1215,717,HSL:4960225,Palttinatie
47580,47580,0,47580,47580,0,False,SCHEDULED,1631912400,HSL:4717_20210917_La_1_1235,717,HSL:4960225,Palttinatie
48780,48780,0,48780,48780,0,False,SCHEDULED,1631912400,HSL:4717_20210917_La_1_1255,717,HSL:4960225,Palttinatie
49800,49800,0,49800,49800,0,False,SCHEDULED,1631912400,HSL:4587_20210917_La_1_1334,587,HSL:4960225,Palttinatie
45480,45480,0,45480,45480,0,True,UPDATED,1631912400,HSL:1008_20210917_La_2_1235,8,HSL:1130443,Apollonkatu
45900,45872,-28,45900,45924,24,True,UPDATED,1631912400,HSL:1002_20210917_La_2_1229,2,HSL:1130443,Apollonkatu
46200,46200,0,46200,46200,0,False,SCHEDULED,1631912400,HSL:1008_20210917_La_2_1247,8,HSL:1130443,Apollonkatu
46620,46620,0,46620,46620,0,False,SCHEDULED,1631912400,HSL:1002_20210917_La_2_1241,2,HSL:1130443,Apollonkatu
46920,46920,0,46920,46920,0,False,SCHEDULED,1631912400,HSL:1008_20210917_La_2_1259,8,HSL:1130443,Apollonkatu
45960,45960,0,45960,45960,0,False,SCHEDULED,1631912400,HSL:4717_20210917_La_2_1230,717,HSL:4960224,Palttinatie
47100,47140,40,47100,47140,40,True,UPDATED,1631912400,HSL:4587_20210917_La_2_1234,587,HSL:4960224,Palttinatie
47160,47160,0,47160,47160,0,False,SCHEDULED,1631912400,HSL:4717_20210917_La_2_1250,717,HSL:4960224,Palttinatie
48360,48360,0,48360,48360,0,False,SCHEDULED,1631912400,HSL:4717_20210917_La_2_1310,717,HSL:4960224,Palttinatie
49560,49560,0,49560,49560,0,False,SCHEDULED,1631912400,HSL:4717_20210917_La_2_1330,717,HSL:4960224,Palttinatie
46200,46200,0,46200,46200,0,False,SCHEDULED,1631912400,HSL:4587_20210917_La_1_1234,587,HSL:4960223,Loimitie
46380,46445,65,46380,46445,65,True,UPDATED,1631912400,HSL:4717_20210917_La_1_1215,717,HSL:4960223,Loimitie
47580,47580,0,47580,47580,0,False,SCHEDULED,1631912400,HSL:4717_20210917_La_1_1235,717,HSL:4960223,Loimitie
48780,48780,0,48780,48780,0,False,SCHEDULED,1631912400,HSL:4717_20210917_La_1_1255,717,HSL:4960223,Loimitie
49860,49860,0,49860,49860,0,False,SCHEDULED,1631912400,HSL:4587_20210917_La_1_1334,587,HSL:4960223,Loimitie
45900,45900,0,45900,45900,0,False,SCHEDULED,1631912400,HSL:4717_20210917_La_2_1230,717,HSL:4960222,Loimitie
47040,47080,40,47040,47080,40,True,UPDATED,1631912400,HSL:4587_20210917_La_2_1234,587,HSL:4960222,Loimitie
47100,47100,0,47100,47100,0,False,SCHEDULED,1631912400,HSL:4717_20210917_La_2_1250,717,HSL:4960222,Loimitie
48300,48300,0,48300,48300,0,False,SCHEDULED,1631912400,HSL:4717_20210917_La_2_1310,717,HSL:4960222,Loimitie
49500,49500,0,49500,49500,0,False,SCHEDULED,1631912400,HSL:4717_20210917_La_2_1330,717,HSL:4960222,Loimitie
45660,45660,0,45660,45660,0,False,SCHEDULED,1631912400,HSL:4717_20210917_La_2_1230,717,HSL:4960221,Pavi
46860,46860,0,46860,46860,0,False,SCHEDULED,1631912400,HSL:4717_20210917_La_2_1250,717,HSL:4960221,Pavi
46920,46960,40,46920,46960,40,True,UPDATED,1631912400,HSL:4587_20210917_La_2_1234,587,HSL:4960221,Pavi
48060,48060,0,48060,48060,0,False,SCHEDULED,1631912400,HSL:4717_20210917_La_2_1310,717,HSL:4960221,Pavi
49260,49260,0,49260,49260,0,False,SCHEDULED,1631912400,HSL:4717_20210917_La_2_1330,717,HSL:4960221,Pavi
45540,45581,41,45540,45624,84,True,UPDATED,1631912400,HSL:2542_20210917_La_1_1214,542,HSL:2615215,Söderskog
45600,45768,168,45600,45768,168,True,UPDATED,1631912400,HSL:2134_20210917_La_1_1224,134,HSL:2615215,Söderskog
45900,45957,57,45900,45957,57,True,UPDATED,1631912400,HSL:2531_20210917_La_1_1221,531,HSL:2615215,Söderskog
46500,46500,0,46500,46500,0,True,UPDATED,1631912400,HSL:2136_20210917_La_1_1239,136,HSL:2615215,Söderskog
46440,46505,65,46440,46505,65,True,UPDATED,1631912400,HSL:2542_20210917_La_1_1229,542,HSL:2615215,Söderskog
45240,45339,99,45240,45347,107,True,UPDATED,1631912400,HSL:4717_20210917_La_1_1155,717,HSL:4960220,Itä-Hakkilan koulu
46260,46260,0,46260,46260,0,False,SCHEDULED,1631912400,HSL:4587_20210917_La_1_1234,587,HSL:4960220,Itä-Hakkilan koulu
46440,46499,59,46440,46505,65,True,UPDATED,1631912400,HSL:4717_20210917_La_1_1215,717,HSL:4960220,Itä-Hakkilan koulu
47640,47640,0,47640,47640,0,False,SCHEDULED,1631912400,HSL:4717_20210917_La_1_1235,717,HSL:4960220,Itä-Hakkilan koulu
48840,48840,0,48840,48840,0,False,SCHEDULED,1631912400,HSL:4717_20210917_La_1_1255,717,HSL:4960220,Itä-Hakkilan koulu
45900,45910,10,45900,45910,10,True,UPDATED,1631912400,HSL:4614_20210917_La_2_1234,614,HSL:4510219,Point
46800,46800,0,46800,46800,0,False,SCHEDULED,1631912400,HSL:4615_20210917_La_2_1249,615,HSL:4510219,Point
47700,47700,0,47700,47700,0,False,SCHEDULED,1631912400,HSL:4614_20210917_La_2_1304,614,HSL:4510219,Point
48600,48600,0,48600,48600,0,False,SCHEDULED,1631912400,HSL:4615_20210917_La_2_1319,615,HSL:4510219,Point
49500,49500,0,49500,49500,0,False,SCHEDULED,1631912400,HSL:4614_20210917_La_2_1334,614,HSL:4510219,Point
45360,45336,-24,45360,45352,-8,True,UPDATED,1631912400,HSL:1002_20210917_La_1_1223,2,HSL:1130440,Sammonkatu
46080,46080,0,46080,46080,0,True,UPDATED,1631912400,HSL:1002_20210917_La_1_1235,2,HSL:1130440,Sammonkatu
46800,46800,0,46800,46800,0,False,SCHEDULED,1631912400,HSL:1002_20210917_La_1_1247,2,HSL:1130440,Sammonkatu
47520,47520,0,47520,47520,0,False,SCHEDULED,1631912400,HSL:1002_20210917_La_1_1259,2,HSL:1130440,Sammonkatu
48240,48240,0,48240,48240,0,False,SCHEDULED,1631912400,HSL:1002_20210917_La_1_1311,2,HSL:1130440,Sammonkatu
45420,45483,63,45420,45524,104,True,UPDATED,1631912400,HSL:2542_20210917_La_2_1222,542,HSL:2615216,Söderskog
45900,46003,103,45900,46003,103,True,UPDATED,1631912400,HSL:2531_20210917_La_2_1230,531,HSL:2615216,Söderskog
45960,46050,90,45960,46051,91,True,UPDATED,1631912400,HSL:2134_20210917_La_2_1232,134,HSL:2615216,Söderskog
46320,46320,0,46320,46320,0,False,SCHEDULED,1631912400,HSL:2542_20210917_La_2_1237,542,HSL:2615216,Söderskog
46800,46800,0,46800,46800,0,False,SCHEDULED,1631912400,HSL:2531_20210917_La_2_1245,531,HSL:2615216,Söderskog
45540,45846,306,45540,45853,313,True,UPDATED,1631912400,HSL:4415_20210917_La_1_1202,415,HSL:4510214,Backas
49260,49260,0,49260,49260,0,False,SCHEDULED,1631912400,HSL:4415_20210917_La_1_1302,415,HSL:4510214,Backas
52860,52860,0,52860,52860,0,False,SCHEDULED,1631912400,HSL:4415_20210917_La_1_1402,415,HSL:4510214,Backas
56520,56520,0,56520,56520,0,False,SCHEDULED,1631912400,HSL:4415_20210917_La_1_1502,415,HSL:4510214,Backas
60120,60120,0,60120,60120,0,False,SCHEDULED,1631912400,HSL:4415_20210917_La_1_1602,415,HSL:4510214,Backas
46080,46089,9,46080,46092,12,True,UPDATED,1631912400,HSL:4614_20210917_La_1_1210,614,HSL:4510213,Sandbackanraitti
46440,46515,75,46440,46520,80,True,UPDATED,1631912400,HSL:4571_20210917_La_1_1228,571,HSL:4510213,Sandbackanraitti
47520,47520,0,47520,47520,0,False,SCHEDULED,1631912400,HSL:4415_20210917_La_2_1302,415,HSL:4510213,Sandbackanraitti
47880,47880,0,47880,47880,0,False,SCHEDULED,1631912400,HSL:4614_20210917_La_1_1240,614,HSL:4510213,Sandbackanraitti
48240,48240,0,48240,48240,0,False,SCHEDULED,1631912400,HSL:4571_20210917_La_1_1258,571,HSL:4510213,Sandbackanraitti
46800,46800,0,46800,46800,0,False,SCHEDULED,1631912400,HSL:2543_20210917_La_1_1255,543,HSL:2112269,Salmintie
48600,48600,0,48600,48600,0,False,SCHEDULED,1631912400,HSL:2543_20210917_La_1_1325,543,HSL:2112269,Salmintie
50400,50400,0,50400,50400,0,False,SCHEDULED,1631912400,HSL:2543_20210917_La_1_1355,543,HSL:2112269,Salmintie
52200,52200,0,52200,52200,0,False,SCHEDULED,1631912400,HSL:2543_20210917_La_1_1425,543,HSL:2112269,Salmintie
54000,54000,0,54000,54000,0,False,SCHEDULED,1631912400,HSL:2543_20210917_La_1_1455,543,HSL:2112269,Salmintie
45960,45924,-36,45960,45946,-14,True,UPDATED,1631912400,HSL:4614_20210917_La_1_1210,614,HSL:4510216,Pakkalankuja
45780,45966,186,45780,45966,186,True,UPDATED,1631912400,HSL:4570_20210917_La_1_1155,570,HSL:4510216,Pakkalankuja
46320,46341,21,46320,46367,47,True,UPDATED,1631912400,HSL:4571_20210917_La_1_1228,571,HSL:4510216,Pakkalankuja
46440,46457,17,46440,46457,17,True,UPDATED,1631912400,HSL:4570_20210917_La_1_1205,570,HSL:4510216,Pakkalankuja
46800,46698,-102,46800,46827,27,True,UPDATED,1631912400,HSL:4615_20210917_La_1_1225,615,HSL:4510216,Pakkalankuja
45780,45780,0,45780,45780,0,True,UPDATED,1631912400,HSL:4570_20210917_La_2_1234,570,HSL:4510215,Antaksentie
45960,45960,0,45960,45960,0,False,SCHEDULED,1631912400,HSL:4574_20210917_La_2_1221,574,HSL:4510215,Antaksentie
46380,46380,0,46380,46380,0,False,SCHEDULED,1631912400,HSL:4570_20210917_La_2_1244,570,HSL:4510215,Antaksentie
46620,46620,0,46620,46620,0,False,SCHEDULED,1631912400,HSL:4615_20210917_La_2_1249,615,HSL:4510215,Antaksentie
46980,46980,0,46980,46980,0,False,SCHEDULED,1631912400,HSL:4570_20210917_La_2_1254,570,HSL:4510215,Antaksentie
47460,47460,0,47460,47460,0,False,SCHEDULED,1631912400,HSL:4415_20210917_La_2_1302,415,HSL:4510210,Lentoasemantie
51060,51060,0,51060,51060,0,False,SCHEDULED,1631912400,HSL:4415_20210917_La_2_1401,415,HSL:4510210,Lentoasemantie
54660,54660,0,54660,54660,0,False,SCHEDULED,1631912400,HSL:4415_20210917_La_2_1501,415,HSL:4510210,Lentoasemantie
58260,58260,0,58260,58260,0,False,SCHEDULED,1631912400,HSL:4415_20210917_La_2_1601,415,HSL:4510210,Lentoasemantie
61920,61920,0,61920,61920,0,False,SCHEDULED,1631912400,HSL:4415_20210917_La_2_1702,415,HSL:4510210,Lentoasemantie
46740,46740,0,46740,46740,0,False,SCHEDULED,1631912400,HSL:2543_20210917_La_1_1255,543,HSL:2112267,Leirikatu
48540,48540,0,48540,48540,0,False,SCHEDULED,1631912400,HSL:2543_20210917_La_1_1325,543,HSL:2112267,Leirikatu
50340,50340,0,50340,50340,0,False,SCHEDULED,1631912400,HSL:2543_20210917_La_1_1355,543,HSL:2112267,Leirikatu
52140,52140,0,52140,52140,0,False,SCHEDULED,1631912400,HSL:2543_20210917_La_1_1425,543,HSL:2112267,Leirikatu
53940,53940,0,53940,53940,0,False,SCHEDULED,1631912400,HSL:2543_20210917_La_1_1455,543,HSL:2112267,Leirikatu
45360,45345,-15,45360,45345,-15,True,UPDATED,1631912400,HSL:2543_20210917_La_2_1152,543,HSL:2112266,Impilahdentie
47160,47083,-77,47160,47083,-77,True,UPDATED,1631912400,HSL:2543_20210917_La_2_1222,543,HSL:2112266,Impilahdentie
48960,48960,0,48960,48960,0,False,SCHEDULED,1631912400,HSL:2543_20210917_La_2_1252,543,HSL:2112266,Impilahdentie
50760,50760,0,50760,50760,0,False,SCHEDULED,1631912400,HSL:2543_20210917_La_2_1322,543,HSL:2112266,Impilahdentie
52560,52560,0,52560,52560,0,False,SCHEDULED,1631912400,HSL:2543_20210917_La_2_1352,543,HSL:2112266,Impilahdentie
45660,45682,22,45660,45684,24,True,UPDATED,1631912400,HSL:1008_20210917_La_1_1233,8,HSL:1130446,Arkadiankatu
46380,46380,0,46380,46380,0,False,SCHEDULED,1631912400,HSL:1008_20210917_La_1_1245,8,HSL:1130446,Arkadiankatu
47100,47100,0,47100,47100,0,False,SCHEDULED,1631912400,HSL:1008_20210917_La_1_1257,8,HSL:1130446,Arkadiankatu
47820,47820,0,47820,47820,0,False,SCHEDULED,1631912400,HSL:1008_20210917_La_1_1309,8,HSL:1130446,Arkadiankatu
48540,48540,0,48540,48540,0,False,SCHEDULED,1631912400,HSL:1008_20210917_La_1_1321,8,HSL:1130446,Arkadiankatu
45420,45556,136,45420,45556,136,True,UPDATED,1631912400,HSL:4717_20210917_La_1_1155,717,HSL:4960229,Kivipyykintie
46620,46673,53,46620,46673,53,True,UPDATED,1631912400,HSL:4717_20210917_La_1_1215,717,HSL:4960229,Kivipyykintie
46560,46685,125,46560,46685,125,True,UPDATED,1631912400,HSL:4739_20210917_La_2_1226,739,HSL:4960229,Kivipyykintie
47820,47820,0,47820,47820,0,False,SCHEDULED,1631912400,HSL:4717_20210917_La_1_1235,717,HSL:4960229,Kivipyykintie
49020,49020,0,49020,49020,0,False,SCHEDULED,1631912400,HSL:4717_20210917_La_1_1255,717,HSL:4960229,Kivipyykintie
45600,45600,0,45600,45600,0,True,UPDATED,1631912400,HSL:1008_20210917_La_2_1235,8,HSL:1130447,Arkadiankatu
46320,46320,0,46320,46320,0,False,SCHEDULED,1631912400,HSL:1008_20210917_La_2_1247,8,HSL:1130447,Arkadiankatu
47040,47040,0,47040,47040,0,False,SCHEDULED,1631912400,HSL:1008_20210917_La_2_1259,8,HSL:1130447,Arkadiankatu
47760,47760,0,47760,47760,0,False,SCHEDULED,1631912400,HSL:1008_20210917_La_2_1311,8,HSL:1130447,Arkadiankatu
48480,48480,0,48480,48480,0,False,SCHEDULED,1631912400,HSL:1008_20210917_La_2_1323,8,HSL:1130447,Arkadiankatu
46680,46680,0,46680,46680,0,False,SCHEDULED,1631912400,HSL:2543_20210917_La_1_1255,543,HSL:2112265,Impilahdentie
48480,48480,0,48480,48480,0,False,SCHEDULED,1631912400,HSL:2543_20210917_La_1_1325,543,HSL:2112265,Impilahdentie
50280,50280,0,50280,50280,0,False,SCHEDULED,1631912400,HSL:2543_20210917_La_1_1355,543,HSL:2112265,Impilahdentie
52080,52080,0,52080,52080,0,False,SCHEDULED,1631912400,HSL:2543_20210917_La_1_1425,543,HSL:2112265,Impilahdentie
53880,53880,0,53880,53880,0,False,SCHEDULED,1631912400,HSL:2543_20210917_La_1_1455,543,HSL:2112265,Impilahdentie
45480,45815,335,45480,45819,339,True,UPDATED,1631912400,HSL:4415_20210917_La_1_1202,415,HSL:4510212,Sandbackanraitti
49200,49200,0,49200,49200,0,False,SCHEDULED,1631912400,HSL:4415_20210917_La_1_1302,415,HSL:4510212,Sandbackanraitti
52800,52800,0,52800,52800,0,False,SCHEDULED,1631912400,HSL:4415_20210917_La_1_1402,415,HSL:4510212,Sandbackanraitti
56460,56460,0,56460,56460,0,False,SCHEDULED,1631912400,HSL:4415_20210917_La_1_1502,415,HSL:4510212,Sandbackanraitti
60060,60060,0,60060,60060,0,False,SCHEDULED,1631912400,HSL:4415_20210917_La_1_1602,415,HSL:4510212,Sandbackanraitti
46140,46140,0,46140,46140,0,False,SCHEDULED,1631912400,HSL:4587_20210917_La_1_1234,587,HSL:4960227,Kanneltie
46320,46375,55,46320,46387,67,True,UPDATED,1631912400,HSL:4717_20210917_La_1_1215,717,HSL:4960227,Kanneltie
47520,47520,0,47520,47520,0,False,SCHEDULED,1631912400,HSL:4717_20210917_La_1_1235,717,HSL:4960227,Kanneltie
48720,48720,0,48720,48720,0,False,SCHEDULED,1631912400,HSL:4717_20210917_La_1_1255,717,HSL:4960227,Kanneltie
49800,49800,0,49800,49800,0,False,SCHEDULED,1631912400,HSL:4587_20210917_La_1_1334,587,HSL:4960227,Kanneltie
45300,45419,119,45300,45423,123,True,UPDATED,1631912400,HSL:2113_20210917_La_2_1229,113,HSL:2112263,Säteri
45840,45861,21,45840,45872,32,True,UPDATED,1631912400,HSL:2550_20210917_La_1_1152,550,HSL:2112263,Säteri
46200,46200,0,46200,46200,0,False,SCHEDULED,1631912400,HSL:2113_20210917_La_2_1244,113,HSL:2112263,Säteri
46440,46532,92,46440,46543,103,True,UPDATED,1631912400,HSL:2550_20210917_La_1_1202,550,HSL:2112263,Säteri
47040,47074,34,47040,47074,34,True,UPDATED,1631912400,HSL:2550_20210917_La_1_1212,550,HSL:2112263,Säteri
45360,45412,52,45420,45513,93,True,UPDATED,1631912400,HSL:2550_20210917_La_2_1219,550,HSL:2112262,Leppävaaran asema
45840,45840,0,45840,45840,0,False,SCHEDULED,1631912400,HSL:2553K_20210917_La_2_1242,553K,HSL:2112262,Leppävaaran asema
45960,46009,49,46020,46053,33,True,UPDATED,1631912400,HSL:2550_20210917_La_2_1229,550,HSL:2112262,Leppävaaran asema
46560,46560,0,46620,46620,0,False,SCHEDULED,1631912400,HSL:2550_20210917_La_2_1239,550,HSL:2112262,Leppävaaran asema
47040,47040,0,47040,47040,0,False,SCHEDULED,1631912400,HSL:2553K_20210917_La_2_1302,553K,HSL:2112262,Leppävaaran asema
45720,45683,-37,45780,45799,19,True,UPDATED,1631912400,HSL:2550_20210917_La_1_1152,550,HSL:2112261,Leppävaaran asema
46380,46248,-132,46380,46261,-119,True,UPDATED,1631912400,HSL:2553K_20210917_La_1_1150,553K,HSL:2112261,Leppävaaran asema
46320,46403,83,46380,46474,94,True,UPDATED,1631912400,HSL:2550_20210917_La_1_1202,550,HSL:2112261,Leppävaaran asema
46920,46940,20,46980,47006,26,True,UPDATED,1631912400,HSL:2550_20210917_La_1_1212,550,HSL:2112261,Leppävaaran asema
47580,47577,-3,47580,47577,-3,True,UPDATED,1631912400,HSL:2553K_20210917_La_1_1209,553K,HSL:2112261,Leppävaaran asema
45840,45898,58,45840,45906,66,True,UPDATED,1631912400,HSL:2202_20210917_La_1_1238,202,HSL:2112260,Linnoitustie
47580,47580,0,47580,47580,0,False,SCHEDULED,1631912400,HSL:2202_20210917_La_1_1307,202,HSL:2112260,Linnoitustie
49440,49440,0,49440,49440,0,False,SCHEDULED,1631912400,HSL:2202_20210917_La_1_1338,202,HSL:2112260,Linnoitustie
51180,51180,0,51180,51180,0,False,SCHEDULED,1631912400,HSL:2202_20210917_La_1_1407,202,HSL:2112260,Linnoitustie
53040,53040,0,53040,53040,0,False,SCHEDULED,1631912400,HSL:2202_20210917_La_1_1438,202,HSL:2112260,Linnoitustie
46680,46680,0,46680,46680,0,False,SCHEDULED,1631912400,HSL:9665K_20210917_La_2_1248,665K,HSL:9511012,Tiltaltinkuja
50280,50280,0,50280,50280,0,False,SCHEDULED,1631912400,HSL:9665K_20210917_La_2_1348,665K,HSL:9511012,Tiltaltinkuja
53880,53880,0,53880,53880,0,False,SCHEDULED,1631912400,HSL:9665K_20210917_La_2_1448,665K,HSL:9511012,Tiltaltinkuja
57480,57480,0,57480,57480,0,False,SCHEDULED,1631912400,HSL:9665K_20210917_La_2_1548,665K,HSL:9511012,Tiltaltinkuja
61140,61140,0,61140,61140,0,False,SCHEDULED,1631912400,HSL:9665K_20210917_La_2_1649,665K,HSL:9511012,Tiltaltinkuja
48540,48540,0,48540,48540,0,False,SCHEDULED,1631912400,HSL:9665K_20210917_La_1_1256,665K,HSL:9511011,Lempinkuja
52140,52140,0,52140,52140,0,False,SCHEDULED,1631912400,HSL:9665K_20210917_La_1_1356,665K,HSL:9511011,Lempinkuja
55740,55740,0,55740,55740,0,False,SCHEDULED,1631912400,HSL:9665K_20210917_La_1_1456,665K,HSL:9511011,Lempinkuja
59340,59340,0,59340,59340,0,False,SCHEDULED,1631912400,HSL:9665K_20210917_La_1_1556,665K,HSL:9511011,Lempinkuja
62940,62940,0,62940,62940,0,False,SCHEDULED,1631912400,HSL:9665K_20210917_La_1_1656,665K,HSL:9511011,Lempinkuja
27240,27240,0,27240,27240,0,False,SCHEDULED,1631998800,HSL:9665A1_20210917_Su_1_0708,665A,HSL:9511013,Tuottajakatu
46740,46740,0,46740,46740,0,False,SCHEDULED,1631912400,HSL:2202_20210917_La_2_1239,202,HSL:2112257,Linnoitustie
48600,48600,0,48600,48600,0,False,SCHEDULED,1631912400,HSL:2202_20210917_La_2_1310,202,HSL:2112257,Linnoitustie
50340,50340,0,50340,50340,0,False,SCHEDULED,1631912400,HSL:2202_20210917_La_2_1339,202,HSL:2112257,Linnoitustie
52200,52200,0,52200,52200,0,False,SCHEDULED,1631912400,HSL:2202_20210917_La_2_1410,202,HSL:2112257,Linnoitustie
53940,53940,0,53940,53940,0,False,SCHEDULED,1631912400,HSL:2202_20210917_La_2_1439,202,HSL:2112257,Linnoitustie
46740,46740,0,46740,46740,0,False,SCHEDULED,1631912400,HSL:9665K_20210917_La_2_1248,665K,HSL:9511010,Nummenvaara
50340,50340,0,50340,50340,0,False,SCHEDULED,1631912400,HSL:9665K_20210917_La_2_1348,665K,HSL:9511010,Nummenvaara
53940,53940,0,53940,53940,0,False,SCHEDULED,1631912400,HSL:9665K_20210917_La_2_1448,665K,HSL:9511010,Nummenvaara
57540,57540,0,57540,57540,0,False,SCHEDULED,1631912400,HSL:9665K_20210917_La_2_1548,665K,HSL:9511010,Nummenvaara
61200,61200,0,61200,61200,0,False,SCHEDULED,1631912400,HSL:9665K_20210917_La_2_1649,665K,HSL:9511010,Nummenvaara
46020,46020,0,46080,46080,0,True,UPDATED,1631912400,HSL:9642_20210917_La_2_1238,642,HSL:9651201,Lahela
49620,49620,0,49680,49680,0,False,SCHEDULED,1631912400,HSL:9642_20210917_La_2_1338,642,HSL:9651201,Lahela
53220,53220,0,53280,53280,0,False,SCHEDULED,1631912400,HSL:9642_20210917_La_2_1438,642,HSL:9651201,Lahela
56820,56820,0,56880,56880,0,False,SCHEDULED,1631912400,HSL:9642_20210917_La_2_1538,642,HSL:9651201,Lahela
60420,60420,0,60480,60480,0,False,SCHEDULED,1631912400,HSL:9642_20210917_La_2_1638,642,HSL:9651201,Lahela
45420,45422,2,45420,45442,22,True,UPDATED,1631912400,HSL:31M1_20210917_La_2_1222,M1,HSL:1100602,Kalasatama
45660,45706,46,45660,45726,66,True,UPDATED,1631912400,HSL:31M2_20210917_La_2_1226,M2,HSL:1100602,Kalasatama
45840,45892,52,45840,45912,72,True,UPDATED,1631912400,HSL:31M1_20210917_La_2_1230,M1,HSL:1100602,Kalasatama
46080,46123,43,46080,46143,63,True,UPDATED,1631912400,HSL:31M2_20210917_La_2_1234,M2,HSL:1100602,Kalasatama
46320,46144,-176,46320,46164,-156,True,UPDATED,1631912400,HSL:31M1_20210917_La_2_1237,M1,HSL:1100602,Kalasatama
45360,45468,108,45360,45468,108,True,UPDATED,1631912400,HSL:9642_20210917_La_1_1216,642,HSL:9651202,Lahela
48960,48960,0,48960,48960,0,False,SCHEDULED,1631912400,HSL:9642_20210917_La_1_1316,642,HSL:9651202,Lahela
52560,52560,0,52560,52560,0,False,SCHEDULED,1631912400,HSL:9642_20210917_La_1_1416,642,HSL:9651202,Lahela
56160,56160,0,56160,56160,0,False,SCHEDULED,1631912400,HSL:9642_20210917_La_1_1516,642,HSL:9651202,Lahela
59760,59760,0,59760,59760,0,False,SCHEDULED,1631912400,HSL:9642_20210917_La_1_1616,642,HSL:9651202,Lahela
46200,46200,0,46200,46200,0,True,UPDATED,1631912400,HSL:9642_20210917_La_2_1238,642,HSL:9651205,Sänkimaa
49800,49800,0,49800,49800,0,False,SCHEDULED,1631912400,HSL:9642_20210917_La_2_1338,642,HSL:9651205,Sänkimaa
53400,53400,0,53400,53400,0,False,SCHEDULED,1631912400,HSL:9642_20210917_La_2_1438,642,HSL:9651205,Sänkimaa
57000,57000,0,57000,57000,0,False,SCHEDULED,1631912400,HSL:9642_20210917_La_2_1538,642,HSL:9651205,Sänkimaa
60600,60600,0,60600,60600,0,False,SCHEDULED,1631912400,HSL:9642_20210917_La_2_1638,642,HSL:9651205,Sänkimaa
45420,45528,108,45420,45528,108,True,UPDATED,1631912400,HSL:9642_20210917_La_1_1216,642,HSL:9651206,Vuohennokantie
49020,49020,0,49020,49020,0,False,SCHEDULED,1631912400,HSL:9642_20210917_La_1_1316,642,HSL:9651206,Vuohennokantie
52620,52620,0,52620,52620,0,False,SCHEDULED,1631912400,HSL:9642_20210917_La_1_1416,642,HSL:9651206,Vuohennokantie
56220,56220,0,56220,56220,0,False,SCHEDULED,1631912400,HSL:9642_20210917_La_1_1516,642,HSL:9651206,Vuohennokantie
59820,59820,0,59820,59820,0,False,SCHEDULED,1631912400,HSL:9642_20210917_La_1_1616,642,HSL:9651206,Vuohennokantie
45300,45414,114,45300,45414,114,True,UPDATED,1631912400,HSL:9642_20210917_La_1_1216,642,HSL:9651204,Sänkimaa
48900,48900,0,48900,48900,0,False,SCHEDULED,1631912400,HSL:9642_20210917_La_1_1316,642,HSL:9651204,Sänkimaa
52500,52500,0,52500,52500,0,False,SCHEDULED,1631912400,HSL:9642_20210917_La_1_1416,642,HSL:9651204,Sänkimaa
56100,56100,0,56100,56100,0,False,SCHEDULED,1631912400,HSL:9642_20210917_La_1_1516,642,HSL:9651204,Sänkimaa
59700,59700,0,59700,59700,0,False,SCHEDULED,1631912400,HSL:9642_20210917_La_1_1616,642,HSL:9651204,Sänkimaa
45360,45385,25,45360,45405,45,True,UPDATED,1631912400,HSL:31M2_20210917_La_1_1216,M2,HSL:1100601,Kalasatama
45600,45618,18,45600,45638,38,True,UPDATED,1631912400,HSL:31M1_20210917_La_1_1214,M1,HSL:1100601,Kalasatama
45840,45825,-15,45840,45845,5,True,UPDATED,1631912400,HSL:31M2_20210917_La_1_1223,M2,HSL:1100601,Kalasatama
46020,46056,36,46020,46076,56,True,UPDATED,1631912400,HSL:31M1_20210917_La_1_1221,M1,HSL:1100601,Kalasatama
46260,46281,21,46260,46301,41,True,UPDATED,1631912400,HSL:31M2_20210917_La_1_1231,M2,HSL:1100601,Kalasatama
46440,46565,125,46500,46625,125,True,UPDATED,1631912400,HSL:4739_20210917_La_2_1226,739,HSL:4960241,Merkkipuuntie
50040,50040,0,50100,50100,0,False,SCHEDULED,1631912400,HSL:4739_20210917_La_2_1326,739,HSL:4960241,Merkkipuuntie
53640,53640,0,53700,53700,0,False,SCHEDULED,1631912400,HSL:4739_20210917_La_2_1426,739,HSL:4960241,Merkkipuuntie
57240,57240,0,57300,57300,0,False,SCHEDULED,1631912400,HSL:4739_20210917_La_2_1526,739,HSL:4960241,Merkkipuuntie
60840,60840,0,60900,60900,0,False,SCHEDULED,1631912400,HSL:4739_20210917_La_2_1626,739,HSL:4960241,Merkkipuuntie
45900,45900,0,45900,45900,0,False,SCHEDULED,1631912400,HSL:7192V_20210917_La_1_1240,192V,HSL:1201229,Länsiväylä
63660,63660,0,63660,63660,0,False,SCHEDULED,1631912400,HSL:7192V_20210917_La_1_1740,192V,HSL:1201229,Länsiväylä
83220,83220,0,83220,83220,0,False,SCHEDULED,1631912400,HSL:7192V_20210917_La_1_2305,192V,HSL:1201229,Länsiväylä
85860,85860,0,85860,85860,0,False,SCHEDULED,1631912400,HSL:2146N_20210917_La_1_2347,146N,HSL:1201229,Länsiväylä
86700,86700,0,86700,86700,0,False,SCHEDULED,1631912400,HSL:2147N_20210917_La_1_2402,147N,HSL:1201229,Länsiväylä
46020,46020,0,46020,46020,0,True,UPDATED,1631912400,HSL:9642_20210917_La_2_1238,642,HSL:9651207,Vuohennokantie
49620,49620,0,49620,49620,0,False,SCHEDULED,1631912400,HSL:9642_20210917_La_2_1338,642,HSL:9651207,Vuohennokantie
53220,53220,0,53220,53220,0,False,SCHEDULED,1631912400,HSL:9642_20210917_La_2_1438,642,HSL:9651207,Vuohennokantie
56820,56820,0,56820,56820,0,False,SCHEDULED,1631912400,HSL:9642_20210917_La_2_1538,642,HSL:9651207,Vuohennokantie
60420,60420,0,60420,60420,0,False,SCHEDULED,1631912400,HSL:9642_20210917_La_2_1638,642,HSL:9651207,Vuohennokantie
46020,46020,0,46020,46020,0,False,SCHEDULED,1631912400,HSL:4717_20210917_La_2_1230,717,HSL:4960240,Riimukuja
47160,47200,40,47160,47200,40,True,UPDATED,1631912400,HSL:4587_20210917_La_2_1234,587,HSL:4960240,Riimukuja
47220,47220,0,47220,47220,0,False,SCHEDULED,1631912400,HSL:4717_20210917_La_2_1250,717,HSL:4960240,Riimukuja
48420,48420,0,48420,48420,0,False,SCHEDULED,1631912400,HSL:4717_20210917_La_2_1310,717,HSL:4960240,Riimukuja
49620,49620,0,49620,49620,0,False,SCHEDULED,1631912400,HSL:4717_20210917_La_2_1330,717,HSL:4960240,Riimukuja
45840,45840,0,45840,45840,0,False,SCHEDULED,1631912400,HSL:4574_20210917_La_2_1221,574,HSL:4510247,Tuulensuuntie
49440,49440,0,49440,49440,0,False,SCHEDULED,1631912400,HSL:4574_20210917_La_2_1320,574,HSL:4510247,Tuulensuuntie
53040,53040,0,53040,53040,0,False,SCHEDULED,1631912400,HSL:4574_20210917_La_2_1420,574,HSL:4510247,Tuulensuuntie
56580,56580,0,56580,56580,0,False,SCHEDULED,1631912400,HSL:4574_20210917_La_2_1520,574,HSL:4510247,Tuulensuuntie
60240,60240,0,60240,60240,0,False,SCHEDULED,1631912400,HSL:4574_20210917_La_2_1621,574,HSL:4510247,Tuulensuuntie
46680,46656,-24,46680,46711,31,True,UPDATED,1631912400,HSL:4571_20210917_La_2_1211,571,HSL:4510249,Isopelto
48480,48480,0,48480,48480,0,False,SCHEDULED,1631912400,HSL:4571_20210917_La_2_1241,571,HSL:4510249,Isopelto
50280,50280,0,50280,50280,0,False,SCHEDULED,1631912400,HSL:4571_20210917_La_2_1311,571,HSL:4510249,Isopelto
52080,52080,0,52080,52080,0,False,SCHEDULED,1631912400,HSL:4571_20210917_La_2_1341,571,HSL:4510249,Isopelto
53820,53820,0,53820,53820,0,False,SCHEDULED,1631912400,HSL:4571_20210917_La_2_1411,571,HSL:4510249,Isopelto
48360,48360,0,48360,48360,0,False,SCHEDULED,1631912400,HSL:4623K_20210917_La_1_1300,623K,HSL:4510248,Isopelto
51960,51960,0,51960,51960,0,False,SCHEDULED,1631912400,HSL:4623K_20210917_La_1_1400,623K,HSL:4510248,Isopelto
55560,55560,0,55560,55560,0,False,SCHEDULED,1631912400,HSL:4623K_20210917_La_1_1500,623K,HSL:4510248,Isopelto
59160,59160,0,59160,59160,0,False,SCHEDULED,1631912400,HSL:4623K_20210917_La_1_1600,623K,HSL:4510248,Isopelto
62760,62760,0,62760,62760,0,False,SCHEDULED,1631912400,HSL:4623K_20210917_La_1_1700,623K,HSL:4510248,Isopelto
45540,45563,23,45540,45572,32,True,UPDATED,1631912400,HSL:2543_20210917_La_2_1152,543,HSL:2112232,Sokerilinnantie
47340,47315,-25,47340,47322,-18,True,UPDATED,1631912400,HSL:2543_20210917_La_2_1222,543,HSL:2112232,Sokerilinnantie
49140,49140,0,49140,49140,0,False,SCHEDULED,1631912400,HSL:2543_20210917_La_2_1252,543,HSL:2112232,Sokerilinnantie
50940,50940,0,50940,50940,0,False,SCHEDULED,1631912400,HSL:2543_20210917_La_2_1322,543,HSL:2112232,Sokerilinnantie
52740,52740,0,52740,52740,0,False,SCHEDULED,1631912400,HSL:2543_20210917_La_2_1352,543,HSL:2112232,Sokerilinnantie
45480,45519,39,45480,45525,45,True,UPDATED,1631912400,HSL:2543_20210917_La_2_1152,543,HSL:2112231,Säterinkatu
47280,47267,-13,47280,47272,-8,True,UPDATED,1631912400,HSL:2543_20210917_La_2_1222,543,HSL:2112231,Säterinkatu
49080,49080,0,49080,49080,0,False,SCHEDULED,1631912400,HSL:2543_20210917_La_2_1252,543,HSL:2112231,Säterinkatu
50880,50880,0,50880,50880,0,False,SCHEDULED,1631912400,HSL:2543_20210917_La_2_1322,543,HSL:2112231,Säterinkatu
52680,52680,0,52680,52680,0,False,SCHEDULED,1631912400,HSL:2543_20210917_La_2_1352,543,HSL:2112231,Säterinkatu
47220,47220,0,47220,47220,0,False,SCHEDULED,1631912400,HSL:9665K_20210917_La_1_1256,665K,HSL:9523001,Kallio-kuninkala
50820,50820,0,50820,50820,0,False,SCHEDULED,1631912400,HSL:9665K_20210917_La_1_1356,665K,HSL:9523001,Kallio-kuninkala
54420,54420,0,54420,54420,0,False,SCHEDULED,1631912400,HSL:9665K_20210917_La_1_1456,665K,HSL:9523001,Kallio-kuninkala
58020,58020,0,58020,58020,0,False,SCHEDULED,1631912400,HSL:9665K_20210917_La_1_1556,665K,HSL:9523001,Kallio-kuninkala
61620,61620,0,61620,61620,0,False,SCHEDULED,1631912400,HSL:9665K_20210917_La_1_1656,665K,HSL:9523001,Kallio-kuninkala
48060,48060,0,48060,48060,0,False,SCHEDULED,1631912400,HSL:9665K_20210917_La_2_1248,665K,HSL:9523000,Ainola
51660,51660,0,51660,51660,0,False,SCHEDULED,1631912400,HSL:9665K_20210917_La_2_1348,665K,HSL:9523000,Ainola
55260,55260,0,55260,55260,0,False,SCHEDULED,1631912400,HSL:9665K_20210917_La_2_1448,665K,HSL:9523000,Ainola
58860,58860,0,58860,58860,0,False,SCHEDULED,1631912400,HSL:9665K_20210917_La_2_1548,665K,HSL:9523000,Ainola
62460,62460,0,62460,62460,0,False,SCHEDULED,1631912400,HSL:9665K_20210917_La_2_1649,665K,HSL:9523000,Ainola
48480,48480,0,48480,48480,0,False,SCHEDULED,1631912400,HSL:9665K_20210917_La_1_1256,665K,HSL:9511009,Nummenvaara
52080,52080,0,52080,52080,0,False,SCHEDULED,1631912400,HSL:9665K_20210917_La_1_1356,665K,HSL:9511009,Nummenvaara
55680,55680,0,55680,55680,0,False,SCHEDULED,1631912400,HSL:9665K_20210917_La_1_1456,665K,HSL:9511009,Nummenvaara
59280,59280,0,59280,59280,0,False,SCHEDULED,1631912400,HSL:9665K_20210917_La_1_1556,665K,HSL:9511009,Nummenvaara
62880,62880,0,62880,62880,0,False,SCHEDULED,1631912400,HSL:9665K_20210917_La_1_1656,665K,HSL:9511009,Nummenvaara
46800,46800,0,46800,46800,0,False,SCHEDULED,1631912400,HSL:9665K_20210917_La_2_1248,665K,HSL:9511008,Emalikuja
50400,50400,0,50400,50400,0,False,SCHEDULED,1631912400,HSL:9665K_20210917_La_2_1348,665K,HSL:9511008,Emalikuja
54000,54000,0,54000,54000,0,False,SCHEDULED,1631912400,HSL:9665K_20210917_La_2_1448,665K,HSL:9511008,Emalikuja
57600,57600,0,57600,57600,0,False,SCHEDULED,1631912400,HSL:9665K_20210917_La_2_1548,665K,HSL:9511008,Emalikuja
61260,61260,0,61260,61260,0,False,SCHEDULED,1631912400,HSL:9665K_20210917_La_2_1649,665K,HSL:9511008,Emalikuja
48360,48360,0,48360,48360,0,False,SCHEDULED,1631912400,HSL:9665K_20210917_La_1_1256,665K,HSL:9511005,Wursti
51960,51960,0,51960,51960,0,False,SCHEDULED,1631912400,HSL:9665K_20210917_La_1_1356,665K,HSL:9511005,Wursti
55560,55560,0,55560,55560,0,False,SCHEDULED,1631912400,HSL:9665K_20210917_La_1_1456,665K,HSL:9511005,Wursti
59160,59160,0,59160,59160,0,False,SCHEDULED,1631912400,HSL:9665K_20210917_La_1_1556,665K,HSL:9511005,Wursti
62760,62760,0,62760,62760,0,False,SCHEDULED,1631912400,HSL:9665K_20210917_La_1_1656,665K,HSL:9511005,Wursti
48540,48540,0,48540,48540,0,False,SCHEDULED,1631912400,HSL:9665K_20210917_La_1_1256,665K,HSL:9511004,Sorapolku
52140,52140,0,52140,52140,0,False,SCHEDULED,1631912400,HSL:9665K_20210917_La_1_1356,665K,HSL:9511004,Sorapolku
55740,55740,0,55740,55740,0,False,SCHEDULED,1631912400,HSL:9665K_20210917_La_1_1456,665K,HSL:9511004,Sorapolku
59340,59340,0,59340,59340,0,False,SCHEDULED,1631912400,HSL:9665K_20210917_La_1_1556,665K,HSL:9511004,Sorapolku
62940,62940,0,62940,62940,0,False,SCHEDULED,1631912400,HSL:9665K_20210917_La_1_1656,665K,HSL:9511004,Sorapolku
46620,46620,0,46620,46620,0,False,SCHEDULED,1631912400,HSL:2543_20210917_La_1_1255,543,HSL:2112229,Säterinkatu
48420,48420,0,48420,48420,0,False,SCHEDULED,1631912400,HSL:2543_20210917_La_1_1325,543,HSL:2112229,Säterinkatu
50220,50220,0,50220,50220,0,False,SCHEDULED,1631912400,HSL:2543_20210917_La_1_1355,543,HSL:2112229,Säterinkatu
52020,52020,0,52020,52020,0,False,SCHEDULED,1631912400,HSL:2543_20210917_La_1_1425,543,HSL:2112229,Säterinkatu
53820,53820,0,53820,53820,0,False,SCHEDULED,1631912400,HSL:2543_20210917_La_1_1455,543,HSL:2112229,Säterinkatu
48420,48420,0,48420,48420,0,False,SCHEDULED,1631912400,HSL:9665K_20210917_La_1_1256,665K,HSL:9511007,Emalikuja
52020,52020,0,52020,52020,0,False,SCHEDULED,1631912400,HSL:9665K_20210917_La_1_1356,665K,HSL:9511007,Emalikuja
55620,55620,0,55620,55620,0,False,SCHEDULED,1631912400,HSL:9665K_20210917_La_1_1456,665K,HSL:9511007,Emalikuja
59220,59220,0,59220,59220,0,False,SCHEDULED,1631912400,HSL:9665K_20210917_La_1_1556,665K,HSL:9511007,Emalikuja
62820,62820,0,62820,62820,0,False,SCHEDULED,1631912400,HSL:9665K_20210917_La_1_1656,665K,HSL:9511007,Emalikuja
46860,46860,0,46860,46860,0,False,SCHEDULED,1631912400,HSL:9665K_20210917_La_2_1248,665K,HSL:9511006,Wursti
50460,50460,0,50460,50460,0,False,SCHEDULED,1631912400,HSL:9665K_20210917_La_2_1348,665K,HSL:9511006,Wursti
54060,54060,0,54060,54060,0,False,SCHEDULED,1631912400,HSL:9665K_20210917_La_2_1448,665K,HSL:9511006,Wursti
57660,57660,0,57660,57660,0,False,SCHEDULED,1631912400,HSL:9665K_20210917_La_2_1548,665K,HSL:9511006,Wursti
61320,61320,0,61320,61320,0,False,SCHEDULED,1631912400,HSL:9665K_20210917_La_2_1649,665K,HSL:9511006,Wursti
47400,47423,23,47400,47427,27,True,UPDATED,1631912400,HSL:4574_20210917_La_1_1233,574,HSL:4510258,Osumapuisto
51000,51000,0,51000,51000,0,False,SCHEDULED,1631912400,HSL:4574_20210917_La_1_1333,574,HSL:4510258,Osumapuisto
54600,54600,0,54600,54600,0,False,SCHEDULED,1631912400,HSL:4574_20210917_La_1_1433,574,HSL:4510258,Osumapuisto
58140,58140,0,58140,58140,0,False,SCHEDULED,1631912400,HSL:4574_20210917_La_1_1533,574,HSL:4510258,Osumapuisto
61740,61740,0,61740,61740,0,False,SCHEDULED,1631912400,HSL:4574_20210917_La_1_1633,574,HSL:4510258,Osumapuisto
46560,46560,0,46560,46560,0,False,SCHEDULED,1631912400,HSL:9665K_20210917_La_2_1248,665K,HSL:9511001,Hiesukatu
50160,50160,0,50160,50160,0,False,SCHEDULED,1631912400,HSL:9665K_20210917_La_2_1348,665K,HSL:9511001,Hiesukatu
53760,53760,0,53760,53760,0,False,SCHEDULED,1631912400,HSL:9665K_20210917_La_2_1448,665K,HSL:9511001,Hiesukatu
57360,57360,0,57360,57360,0,False,SCHEDULED,1631912400,HSL:9665K_20210917_La_2_1548,665K,HSL:9511001,Hiesukatu
61020,61020,0,61020,61020,0,False,SCHEDULED,1631912400,HSL:9665K_20210917_La_2_1649,665K,HSL:9511001,Hiesukatu
45780,45805,25,45780,45815,35,True,UPDATED,1631912400,HSL:2202_20210917_La_1_1238,202,HSL:2112226,Ruusutorppa
47520,47520,0,47520,47520,0,False,SCHEDULED,1631912400,HSL:2202_20210917_La_1_1307,202,HSL:2112226,Ruusutorppa
49380,49380,0,49380,49380,0,False,SCHEDULED,1631912400,HSL:2202_20210917_La_1_1338,202,HSL:2112226,Ruusutorppa
51120,51120,0,51120,51120,0,False,SCHEDULED,1631912400,HSL:2202_20210917_La_1_1407,202,HSL:2112226,Ruusutorppa
52980,52980,0,52980,52980,0,False,SCHEDULED,1631912400,HSL:2202_20210917_La_1_1438,202,HSL:2112226,Ruusutorppa
45660,45601,-59,45660,45601,-59,True,UPDATED,1631912400,HSL:4614_20210917_La_2_1234,614,HSL:4510257,Lautamiehenpolku
45480,45783,303,45480,45789,309,True,UPDATED,1631912400,HSL:4415_20210917_La_1_1202,415,HSL:4510257,Lautamiehenpolku
46200,46125,-75,46200,46130,-70,True,UPDATED,1631912400,HSL:4571_20210917_La_2_1211,571,HSL:4510257,Lautamiehenpolku
47460,47460,0,47460,47460,0,False,SCHEDULED,1631912400,HSL:4614_20210917_La_2_1304,614,HSL:4510257,Lautamiehenpolku
48000,48000,0,48000,48000,0,False,SCHEDULED,1631912400,HSL:4571_20210917_La_2_1241,571,HSL:4510257,Lautamiehenpolku
46620,46620,0,46620,46620,0,False,SCHEDULED,1631912400,HSL:9665K_20210917_La_2_1248,665K,HSL:9511003,Kiillekatu
50220,50220,0,50220,50220,0,False,SCHEDULED,1631912400,HSL:9665K_20210917_La_2_1348,665K,HSL:9511003,Kiillekatu
53820,53820,0,53820,53820,0,False,SCHEDULED,1631912400,HSL:9665K_20210917_La_2_1448,665K,HSL:9511003,Kiillekatu
57420,57420,0,57420,57420,0,False,SCHEDULED,1631912400,HSL:9665K_20210917_La_2_1548,665K,HSL:9511003,Kiillekatu
61080,61080,0,61080,61080,0,False,SCHEDULED,1631912400,HSL:9665K_20210917_La_2_1649,665K,HSL:9511003,Kiillekatu
48600,48600,0,48600,48600,0,False,SCHEDULED,1631912400,HSL:9665K_20210917_La_1_1256,665K,HSL:9511002,Soranummi
52200,52200,0,52200,52200,0,False,SCHEDULED,1631912400,HSL:9665K_20210917_La_1_1356,665K,HSL:9511002,Soranummi
55800,55800,0,55800,55800,0,False,SCHEDULED,1631912400,HSL:9665K_20210917_La_1_1456,665K,HSL:9511002,Soranummi
59400,59400,0,59400,59400,0,False,SCHEDULED,1631912400,HSL:9665K_20210917_La_1_1556,665K,HSL:9511002,Soranummi
63000,63000,0,63000,63000,0,False,SCHEDULED,1631912400,HSL:9665K_20210917_La_1_1656,665K,HSL:9511002,Soranummi
45780,45749,-31,45780,45749,-31,True,UPDATED,1631912400,HSL:4614_20210917_La_2_1234,614,HSL:4510254,Osuustie
46020,46020,0,46020,46020,0,False,SCHEDULED,1631912400,HSL:4574_20210917_La_2_1221,574,HSL:4510254,Osuustie
46320,46269,-51,46320,46276,-44,True,UPDATED,1631912400,HSL:4571_20210917_La_2_1211,571,HSL:4510254,Osuustie
46680,46680,0,46680,46680,0,False,SCHEDULED,1631912400,HSL:4615_20210917_La_2_1249,615,HSL:4510254,Osuustie
47580,47580,0,47580,47580,0,False,SCHEDULED,1631912400,HSL:4614_20210917_La_2_1304,614,HSL:4510254,Osuustie
47100,47076,-24,47100,47083,-17,True,UPDATED,1631912400,HSL:2543_20210917_La_2_1222,543,HSL:2112222,Salmintie
48900,48900,0,48900,48900,0,False,SCHEDULED,1631912400,HSL:2543_20210917_La_2_1252,543,HSL:2112222,Salmintie
50700,50700,0,50700,50700,0,False,SCHEDULED,1631912400,HSL:2543_20210917_La_2_1322,543,HSL:2112222,Salmintie
52500,52500,0,52500,52500,0,False,SCHEDULED,1631912400,HSL:2543_20210917_La_2_1352,543,HSL:2112222,Salmintie
54300,54300,0,54300,54300,0,False,SCHEDULED,1631912400,HSL:2543_20210917_La_2_1422,543,HSL:2112222,Salmintie
45900,45900,0,45900,45900,0,False,SCHEDULED,1631912400,HSL:4574_20210917_La_2_1221,574,HSL:4510253,Antaksenpolku
49500,49500,0,49500,49500,0,False,SCHEDULED,1631912400,HSL:4574_20210917_La_2_1320,574,HSL:4510253,Antaksenpolku
53100,53100,0,53100,53100,0,False,SCHEDULED,1631912400,HSL:4574_20210917_La_2_1420,574,HSL:4510253,Antaksenpolku
56640,56640,0,56640,56640,0,False,SCHEDULED,1631912400,HSL:4574_20210917_La_2_1520,574,HSL:4510253,Antaksenpolku
60300,60300,0,60300,60300,0,False,SCHEDULED,1631912400,HSL:4574_20210917_La_2_1621,574,HSL:4510253,Antaksenpolku
46080,46103,23,46080,46105,25,True,UPDATED,1631912400,HSL:4614_20210917_La_1_1210,614,HSL:4510256,Lautamiehenpolku
46500,46520,20,46500,46523,23,True,UPDATED,1631912400,HSL:4571_20210917_La_1_1228,571,HSL:4510256,Lautamiehenpolku
47520,47520,0,47520,47520,0,False,SCHEDULED,1631912400,HSL:4415_20210917_La_2_1302,415,HSL:4510256,Lautamiehenpolku
47880,47880,0,47880,47880,0,False,SCHEDULED,1631912400,HSL:4614_20210917_La_1_1240,614,HSL:4510256,Lautamiehenpolku
48300,48300,0,48300,48300,0,False,SCHEDULED,1631912400,HSL:4571_20210917_La_1_1258,571,HSL:4510256,Lautamiehenpolku
46020,45984,-36,46020,45991,-29,True,UPDATED,1631912400,HSL:4614_20210917_La_1_1210,614,HSL:4510255,Osuustie
46380,46399,19,46380,46406,26,True,UPDATED,1631912400,HSL:4571_20210917_La_1_1228,571,HSL:4510255,Osuustie
46860,46827,-33,46860,46872,12,True,UPDATED,1631912400,HSL:4615_20210917_La_1_1225,615,HSL:4510255,Osuustie
47160,47217,57,47160,47223,63,True,UPDATED,1631912400,HSL:4574_20210917_La_1_1233,574,HSL:4510255,Osuustie
47820,47820,0,47820,47820,0,False,SCHEDULED,1631912400,HSL:4614_20210917_La_1_1240,614,HSL:4510255,Osuustie
46020,46011,-9,46020,46017,-3,True,UPDATED,1631912400,HSL:4571_20210917_La_1_1228,571,HSL:4510250,Isopelto
47820,47820,0,47820,47820,0,False,SCHEDULED,1631912400,HSL:4571_20210917_La_1_1258,571,HSL:4510250,Isopelto
49620,49620,0,49620,49620,0,False,SCHEDULED,1631912400,HSL:4571_20210917_La_1_1328,571,HSL:4510250,Isopelto
51420,51420,0,51420,51420,0,False,SCHEDULED,1631912400,HSL:4571_20210917_La_1_1358,571,HSL:4510250,Isopelto
53160,53160,0,53160,53160,0,False,SCHEDULED,1631912400,HSL:4571_20210917_La_1_1428,571,HSL:4510250,Isopelto
45900,46086,186,45900,46086,186,True,UPDATED,1631912400,HSL:4570_20210917_La_1_1155,570,HSL:4510251,Pakkalanrinne
46560,46577,17,46560,46577,17,True,UPDATED,1631912400,HSL:4570_20210917_La_1_1205,570,HSL:4510251,Pakkalanrinne
46860,46872,12,46860,46916,56,True,UPDATED,1631912400,HSL:4615_20210917_La_1_1225,615,HSL:4510251,Pakkalanrinne
47160,47160,0,47160,47160,0,True,UPDATED,1631912400,HSL:4570_20210917_La_1_1215,570,HSL:4510251,Pakkalanrinne
47220,47269,49,47220,47272,52,True,UPDATED,1631912400,HSL:4574_20210917_La_1_1233,574,HSL:4510251,Pakkalanrinne
46680,46792,112,46680,46793,113,True,UPDATED,1631912400,HSL:4739_20210917_La_2_1226,739,HSL:4960215,Kaskelankuja
46920,46920,0,46920,46920,0,True,UPDATED,1631912400,HSL:4731_20210917_La_2_1235,731,HSL:4960215,Kaskelankuja
48060,48098,38,48060,48098,38,True,UPDATED,1631912400,HSL:9788K_20210917_La_2_1225,788K,HSL:4960215,Kaskelankuja
48720,48720,0,48720,48720,0,False,SCHEDULED,1631912400,HSL:4731_20210917_La_2_1305,731,HSL:4960215,Kaskelankuja
50280,50280,0,50280,50280,0,False,SCHEDULED,1631912400,HSL:4739_20210917_La_2_1326,739,HSL:4960215,Kaskelankuja
46980,46980,0,46980,46980,0,False,SCHEDULED,1631912400,HSL:4731_20210917_La_1_1239,731,HSL:4960214,Kaskelankuja
47640,47640,0,47640,47640,0,False,SCHEDULED,1631912400,HSL:4739_20210917_La_1_1245,739,HSL:4960214,Kaskelankuja
48780,48780,0,48780,48780,0,False,SCHEDULED,1631912400,HSL:4731_20210917_La_1_1308,731,HSL:4960214,Kaskelankuja
50580,50580,0,50580,50580,0,False,SCHEDULED,1631912400,HSL:4731_20210917_La_1_1338,731,HSL:4960214,Kaskelankuja
51240,51240,0,51240,51240,0,False,SCHEDULED,1631912400,HSL:4739_20210917_La_1_1344,739,HSL:4960214,Kaskelankuja
45840,45871,31,45840,45871,31,True,UPDATED,1631912400,HSL:4736_20210917_La_1_1218,736,HSL:4960213,Kontiomäentie
49440,49440,0,49440,49440,0,False,SCHEDULED,1631912400,HSL:4736_20210917_La_1_1318,736,HSL:4960213,Kontiomäentie
53040,53040,0,53040,53040,0,False,SCHEDULED,1631912400,HSL:4736_20210917_La_1_1418,736,HSL:4960213,Kontiomäentie
56700,56700,0,56700,56700,0,False,SCHEDULED,1631912400,HSL:4736_20210917_La_1_1518,736,HSL:4960213,Kontiomäentie
60300,60300,0,60300,60300,0,False,SCHEDULED,1631912400,HSL:4736_20210917_La_1_1618,736,HSL:4960213,Kontiomäentie
45900,45947,47,45900,45947,47,True,UPDATED,1631912400,HSL:4614_20210917_La_2_1234,614,HSL:4510229,Oolannintie
46800,46800,0,46800,46800,0,False,SCHEDULED,1631912400,HSL:4615_20210917_La_2_1249,615,HSL:4510229,Oolannintie
47700,47700,0,47700,47700,0,False,SCHEDULED,1631912400,HSL:4614_20210917_La_2_1304,614,HSL:4510229,Oolannintie
48600,48600,0,48600,48600,0,False,SCHEDULED,1631912400,HSL:4615_20210917_La_2_1319,615,HSL:4510229,Oolannintie
49500,49500,0,49500,49500,0,False,SCHEDULED,1631912400,HSL:4614_20210917_La_2_1334,614,HSL:4510229,Oolannintie
48540,48540,0,48540,48540,0,False,SCHEDULED,1631912400,HSL:4736_20210917_La_2_1256,736,HSL:4960211,Kontiomäentie
52140,52140,0,52140,52140,0,False,SCHEDULED,1631912400,HSL:4736_20210917_La_2_1356,736,HSL:4960211,Kontiomäentie
55740,55740,0,55740,55740,0,False,SCHEDULED,1631912400,HSL:4736_20210917_La_2_1456,736,HSL:4960211,Kontiomäentie
59340,59340,0,59340,59340,0,False,SCHEDULED,1631912400,HSL:4736_20210917_La_2_1556,736,HSL:4960211,Kontiomäentie
62940,62940,0,62940,62940,0,False,SCHEDULED,1631912400,HSL:4736_20210917_La_2_1656,736,HSL:4960211,Kontiomäentie
47280,47330,50,47280,47336,56,True,UPDATED,1631912400,HSL:4574_20210917_La_1_1233,574,HSL:4510228,Antaksenpolku
50880,50880,0,50880,50880,0,False,SCHEDULED,1631912400,HSL:4574_20210917_La_1_1333,574,HSL:4510228,Antaksenpolku
54480,54480,0,54480,54480,0,False,SCHEDULED,1631912400,HSL:4574_20210917_La_1_1433,574,HSL:4510228,Antaksenpolku
58020,58020,0,58020,58020,0,False,SCHEDULED,1631912400,HSL:4574_20210917_La_1_1533,574,HSL:4510228,Antaksenpolku
61620,61620,0,61620,61620,0,False,SCHEDULED,1631912400,HSL:4574_20210917_La_1_1633,574,HSL:4510228,Antaksenpolku
45720,45754,34,45720,45757,37,True,UPDATED,1631912400,HSL:2202_20210917_La_1_1238,202,HSL:2112218,Masalantie
47460,47460,0,47460,47460,0,False,SCHEDULED,1631912400,HSL:2202_20210917_La_1_1307,202,HSL:2112218,Masalantie
49320,49320,0,49320,49320,0,False,SCHEDULED,1631912400,HSL:2202_20210917_La_1_1338,202,HSL:2112218,Masalantie
51060,51060,0,51060,51060,0,False,SCHEDULED,1631912400,HSL:2202_20210917_La_1_1407,202,HSL:2112218,Masalantie
52920,52920,0,52920,52920,0,False,SCHEDULED,1631912400,HSL:2202_20210917_La_1_1438,202,HSL:2112218,Masalantie
45780,45846,66,45780,45850,70,True,UPDATED,1631912400,HSL:2202_20210917_La_1_1238,202,HSL:2112216,Säterinrinne
47520,47520,0,47520,47520,0,False,SCHEDULED,1631912400,HSL:2202_20210917_La_1_1307,202,HSL:2112216,Säterinrinne
49380,49380,0,49380,49380,0,False,SCHEDULED,1631912400,HSL:2202_20210917_La_1_1338,202,HSL:2112216,Säterinrinne
51120,51120,0,51120,51120,0,False,SCHEDULED,1631912400,HSL:2202_20210917_La_1_1407,202,HSL:2112216,Säterinrinne
52980,52980,0,52980,52980,0,False,SCHEDULED,1631912400,HSL:2202_20210917_La_1_1438,202,HSL:2112216,Säterinrinne
45720,45652,-68,45720,45652,-68,True,UPDATED,1631912400,HSL:4614_20210917_La_2_1234,614,HSL:4510225,Sandbackanraitti
46260,46178,-82,46260,46182,-78,True,UPDATED,1631912400,HSL:4571_20210917_La_2_1211,571,HSL:4510225,Sandbackanraitti
47520,47520,0,47520,47520,0,False,SCHEDULED,1631912400,HSL:4614_20210917_La_2_1304,614,HSL:4510225,Sandbackanraitti
48060,48060,0,48060,48060,0,False,SCHEDULED,1631912400,HSL:4571_20210917_La_2_1241,571,HSL:4510225,Sandbackanraitti
49320,49320,0,49320,49320,0,False,SCHEDULED,1631912400,HSL:4614_20210917_La_2_1334,614,HSL:4510225,Sandbackanraitti
45300,45581,281,45300,45589,289,True,UPDATED,1631912400,HSL:5565_20210917_La_2_1212,565,HSL:4100210,Linnaistentie
45900,45877,-23,45900,45877,-23,True,UPDATED,1631912400,HSL:2321_20210917_La_2_1229,321,HSL:4100210,Linnaistentie
47160,47160,0,47160,47160,0,False,SCHEDULED,1631912400,HSL:5565_20210917_La_2_1242,565,HSL:4100210,Linnaistentie
47340,47340,0,47340,47340,0,False,SCHEDULED,1631912400,HSL:2321_20210917_La_2_1253,321,HSL:4100210,Linnaistentie
48960,48960,0,48960,48960,0,False,SCHEDULED,1631912400,HSL:5565_20210917_La_2_1312,565,HSL:4100210,Linnaistentie
45540,45714,174,45540,45735,195,True,UPDATED,1631912400,HSL:4561_20210917_La_1_1203,561,HSL:4510224,Tasetie
45900,45900,0,45900,45900,0,True,UPDATED,1631912400,HSL:4570_20210917_La_2_1234,570,HSL:4510224,Tasetie
46500,46500,0,46500,46500,0,False,SCHEDULED,1631912400,HSL:4570_20210917_La_2_1244,570,HSL:4510224,Tasetie
46800,46791,-9,46800,46811,11,True,UPDATED,1631912400,HSL:4561_20210917_La_1_1223,561,HSL:4510224,Tasetie
47100,47100,0,47100,47100,0,False,SCHEDULED,1631912400,HSL:4570_20210917_La_2_1254,570,HSL:4510224,Tasetie
46440,46440,0,46440,46440,0,False,SCHEDULED,1631912400,HSL:7848_20210917_La_1_1218,848,HSL:9213232,Boxin Shell
50040,50040,0,50040,50040,0,False,SCHEDULED,1631912400,HSL:7848_20210917_La_1_1318,848,HSL:9213232,Boxin Shell
53640,53640,0,53640,53640,0,False,SCHEDULED,1631912400,HSL:7848_20210917_La_1_1418,848,HSL:9213232,Boxin Shell
57420,57420,0,57420,57420,0,False,SCHEDULED,1631912400,HSL:7848_20210917_La_1_1518,848,HSL:9213232,Boxin Shell
60840,60840,0,60840,60840,0,False,SCHEDULED,1631912400,HSL:7848_20210917_La_1_1618,848,HSL:9213232,Boxin Shell
45900,45900,0,45900,45900,0,False,SCHEDULED,1631912400,HSL:4555B_20210917_La_2_1235,555B,HSL:4100211,Hämeenkyläntie
47700,47700,0,47700,47700,0,False,SCHEDULED,1631912400,HSL:4555B_20210917_La_2_1305,555B,HSL:4100211,Hämeenkyläntie
49500,49500,0,49500,49500,0,False,SCHEDULED,1631912400,HSL:4555B_20210917_La_2_1335,555B,HSL:4100211,Hämeenkyläntie
51300,51300,0,51300,51300,0,False,SCHEDULED,1631912400,HSL:4555B_20210917_La_2_1405,555B,HSL:4100211,Hämeenkyläntie
53100,53100,0,53100,53100,0,False,SCHEDULED,1631912400,HSL:4555B_20210917_La_2_1435,555B,HSL:4100211,Hämeenkyläntie
46740,46740,0,46740,46740,0,False,SCHEDULED,1631912400,HSL:2202_20210917_La_2_1239,202,HSL:2112214,Säterinrinne
48600,48600,0,48600,48600,0,False,SCHEDULED,1631912400,HSL:2202_20210917_La_2_1310,202,HSL:2112214,Säterinrinne
50340,50340,0,50340,50340,0,False,SCHEDULED,1631912400,HSL:2202_20210917_La_2_1339,202,HSL:2112214,Säterinrinne
52200,52200,0,52200,52200,0,False,SCHEDULED,1631912400,HSL:2202_20210917_La_2_1410,202,HSL:2112214,Säterinrinne
53940,53940,0,53940,53940,0,False,SCHEDULED,1631912400,HSL:2202_20210917_La_2_1439,202,HSL:2112214,Säterinrinne
45660,45846,186,45720,45906,186,True,UPDATED,1631912400,HSL:4570_20210917_La_1_1155,570,HSL:4510227,Jumbo
46320,46281,-39,46380,46397,17,True,UPDATED,1631912400,HSL:4570_20210917_La_1_1205,570,HSL:4510227,Jumbo
46500,46500,0,46500,46500,0,False,SCHEDULED,1631912400,HSL:4561_20210917_La_2_1244,561,HSL:4510227,Jumbo
46920,46938,18,46980,46980,0,True,UPDATED,1631912400,HSL:4570_20210917_La_1_1215,570,HSL:4510227,Jumbo
47520,47537,17,47580,47639,59,True,UPDATED,1631912400,HSL:4570_20210917_La_1_1225,570,HSL:4510227,Jumbo
45660,45682,22,45660,45696,36,True,UPDATED,1631912400,HSL:2543_20210917_La_2_1152,543,HSL:2112213,Leppävaaran asema
47460,47429,-31,47460,47429,-31,True,UPDATED,1631912400,HSL:2543_20210917_La_2_1222,543,HSL:2112213,Leppävaaran asema
49260,49260,0,49260,49260,0,False,SCHEDULED,1631912400,HSL:2543_20210917_La_2_1252,543,HSL:2112213,Leppävaaran asema
51060,51060,0,51060,51060,0,False,SCHEDULED,1631912400,HSL:2543_20210917_La_2_1322,543,HSL:2112213,Leppävaaran asema
52860,52860,0,52860,52860,0,False,SCHEDULED,1631912400,HSL:2543_20210917_La_2_1352,543,HSL:2112213,Leppävaaran asema
45360,45294,-66,45420,45420,0,True,UPDATED,1631912400,HSL:4570_20210917_La_2_1224,570,HSL:4510226,Jumbo
45600,45735,135,45600,45735,135,True,UPDATED,1631912400,HSL:4561_20210917_La_1_1203,561,HSL:4510226,Jumbo
45960,45960,0,46020,46020,0,True,UPDATED,1631912400,HSL:4570_20210917_La_2_1234,570,HSL:4510226,Jumbo
46560,46560,0,46620,46620,0,False,SCHEDULED,1631912400,HSL:4570_20210917_La_2_1244,570,HSL:4510226,Jumbo
46860,46846,-14,46860,46872,12,True,UPDATED,1631912400,HSL:4561_20210917_La_1_1223,561,HSL:4510226,Jumbo
45480,45628,148,45480,45640,160,True,UPDATED,1631912400,HSL:4561_20210917_La_1_1203,561,HSL:4510221,Lentoasemantie
45840,45836,-4,45840,45845,5,True,UPDATED,1631912400,HSL:4614_20210917_La_1_1210,614,HSL:4510221,Lentoasemantie
45540,45883,343,45540,45909,369,True,UPDATED,1631912400,HSL:4415_20210917_La_1_1202,415,HSL:4510221,Lentoasemantie
46260,46239,-21,46260,46265,5,True,UPDATED,1631912400,HSL:4571_20210917_La_1_1228,571,HSL:4510221,Lentoasemantie
46740,46652,-88,46740,46652,-88,True,UPDATED,1631912400,HSL:4615_20210917_La_1_1225,615,HSL:4510221,Lentoasemantie
45900,45900,0,45900,45900,0,False,SCHEDULED,1631912400,HSL:4717_20210917_La_2_1230,717,HSL:4960219,Itä-Hakkilan koulu
47040,47080,40,47040,47080,40,True,UPDATED,1631912400,HSL:4587_20210917_La_2_1234,587,HSL:4960219,Itä-Hakkilan koulu
47100,47100,0,47100,47100,0,False,SCHEDULED,1631912400,HSL:4717_20210917_La_2_1250,717,HSL:4960219,Itä-Hakkilan koulu
48300,48300,0,48300,48300,0,False,SCHEDULED,1631912400,HSL:4717_20210917_La_2_1310,717,HSL:4960219,Itä-Hakkilan koulu
49500,49500,0,49500,49500,0,False,SCHEDULED,1631912400,HSL:4717_20210917_La_2_1330,717,HSL:4960219,Itä-Hakkilan koulu
45480,45480,0,45480,45480,0,False,SCHEDULED,1631912400,HSL:4561_20210917_La_2_1224,561,HSL:4510220,Lentoasemantie
46440,46433,-7,46440,46443,3,True,UPDATED,1631912400,HSL:4571_20210917_La_2_1211,571,HSL:4510220,Lentoasemantie
46680,46680,0,46680,46680,0,False,SCHEDULED,1631912400,HSL:4561_20210917_La_2_1244,561,HSL:4510220,Lentoasemantie
47880,47880,0,47880,47880,0,False,SCHEDULED,1631912400,HSL:4561_20210917_La_2_1304,561,HSL:4510220,Lentoasemantie
48240,48240,0,48240,48240,0,False,SCHEDULED,1631912400,HSL:4571_20210917_La_2_1241,571,HSL:4510220,Lentoasemantie
45720,45720,0,45780,45780,0,False,SCHEDULED,1631912400,HSL:4717_20210917_La_2_1230,717,HSL:4960218,Kivipyykintie
46920,46920,0,46980,46980,0,False,SCHEDULED,1631912400,HSL:4717_20210917_La_2_1250,717,HSL:4960218,Kivipyykintie
47760,47760,0,47820,47820,0,False,SCHEDULED,1631912400,HSL:4739_20210917_La_1_1245,739,HSL:4960218,Kivipyykintie
48120,48120,0,48180,48180,0,False,SCHEDULED,1631912400,HSL:4717_20210917_La_2_1310,717,HSL:4960218,Kivipyykintie
49320,49320,0,49380,49380,0,False,SCHEDULED,1631912400,HSL:4717_20210917_La_2_1330,717,HSL:4960218,Kivipyykintie
45720,45669,-51,45720,45669,-51,True,UPDATED,1631912400,HSL:4614_20210917_La_2_1234,614,HSL:4510223,Lautamiehentie
46260,46198,-62,46260,46205,-55,True,UPDATED,1631912400,HSL:4571_20210917_La_2_1211,571,HSL:4510223,Lautamiehentie
47520,47520,0,47520,47520,0,False,SCHEDULED,1631912400,HSL:4614_20210917_La_2_1304,614,HSL:4510223,Lautamiehentie
48060,48060,0,48060,48060,0,False,SCHEDULED,1631912400,HSL:4571_20210917_La_2_1241,571,HSL:4510223,Lautamiehentie
49320,49320,0,49320,49320,0,False,SCHEDULED,1631912400,HSL:4614_20210917_La_2_1334,614,HSL:4510223,Lautamiehentie
46800,46800,0,46800,46800,0,True,UPDATED,1631912400,HSL:4731_20210917_La_2_1235,731,HSL:4960217,Mittapuisto
47940,47978,38,47940,47978,38,True,UPDATED,1631912400,HSL:9788K_20210917_La_2_1225,788K,HSL:4960217,Mittapuisto
48600,48600,0,48600,48600,0,False,SCHEDULED,1631912400,HSL:4731_20210917_La_2_1305,731,HSL:4960217,Mittapuisto
50400,50400,0,50400,50400,0,False,SCHEDULED,1631912400,HSL:4731_20210917_La_2_1335,731,HSL:4960217,Mittapuisto
52200,52200,0,52200,52200,0,False,SCHEDULED,1631912400,HSL:4731_20210917_La_2_1405,731,HSL:4960217,Mittapuisto
47040,47040,0,47040,47040,0,False,SCHEDULED,1631912400,HSL:4731_20210917_La_1_1239,731,HSL:4960216,Mittapuisto
48840,48840,0,48840,48840,0,False,SCHEDULED,1631912400,HSL:4731_20210917_La_1_1308,731,HSL:4960216,Mittapuisto
50640,50640,0,50640,50640,0,False,SCHEDULED,1631912400,HSL:4731_20210917_La_1_1338,731,HSL:4960216,Mittapuisto
52440,52440,0,52440,52440,0,False,SCHEDULED,1631912400,HSL:4731_20210917_La_1_1408,731,HSL:4960216,Mittapuisto
52800,52800,0,52800,52800,0,False,SCHEDULED,1631912400,HSL:9787K_20210917_La_1_1410,787K,HSL:4960216,Mittapuisto
46020,46039,19,46020,46048,28,True,UPDATED,1631912400,HSL:4614_20210917_La_1_1210,614,HSL:4510222,Lautamiehentie
46440,46436,-4,46440,46446,6,True,UPDATED,1631912400,HSL:4571_20210917_La_1_1228,571,HSL:4510222,Lautamiehentie
47820,47820,0,47820,47820,0,False,SCHEDULED,1631912400,HSL:4614_20210917_La_1_1240,614,HSL:4510222,Lautamiehentie
48240,48240,0,48240,48240,0,False,SCHEDULED,1631912400,HSL:4571_20210917_La_1_1258,571,HSL:4510222,Lautamiehentie
49680,49680,0,49680,49680,0,False,SCHEDULED,1631912400,HSL:4614_20210917_La_1_1310,614,HSL:4510222,Lautamiehentie
54660,54660,0,54660,54660,0,False,SCHEDULED,1631912400,HSL:9787K_20210917_La_1_1410,787K,HSL:9225208,Annanbackantie
54660,54660,0,54660,54660,0,False,SCHEDULED,1631912400,HSL:9787K_20210917_La_1_1410,787K,HSL:9225209,Brantaksentie
54600,54600,0,54600,54600,0,False,SCHEDULED,1631912400,HSL:9787K_20210917_La_1_1410,787K,HSL:9225206,Linnantie
56940,56940,0,56940,56940,0,False,SCHEDULED,1631912400,HSL:9787B_20210917_La_2_1535,787B,HSL:9225207,Linnantie
57000,57000,0,57000,57000,0,False,SCHEDULED,1631912400,HSL:9787B_20210917_La_2_1535,787B,HSL:9225204,Broaksentie
54540,54540,0,54540,54540,0,False,SCHEDULED,1631912400,HSL:9787K_20210917_La_1_1410,787K,HSL:9225205,Broaksentie
57000,57000,0,57000,57000,0,False,SCHEDULED,1631912400,HSL:9787B_20210917_La_2_1535,787B,HSL:9225202,Viljan
54540,54540,0,54540,54540,0,False,SCHEDULED,1631912400,HSL:9787K_20210917_La_1_1410,787K,HSL:9225203,Viljan
56880,56880,0,56880,56880,0,False,SCHEDULED,1631912400,HSL:9787B_20210917_La_2_1535,787B,HSL:9225201,Annanbackantie
45060,45333,273,45060,45338,278,True,UPDATED,1631912400,HSL:5565_20210917_La_1_1208,565,HSL:4100207,Hämeenkyläntie
46740,46845,105,46740,46845,105,True,UPDATED,1631912400,HSL:2321_20210917_La_1_1229,321,HSL:4100207,Hämeenkyläntie
46860,46860,0,46860,46860,0,True,UPDATED,1631912400,HSL:5565_20210917_La_1_1238,565,HSL:4100207,Hämeenkyläntie
48180,48180,0,48180,48180,0,False,SCHEDULED,1631912400,HSL:2321_20210917_La_1_1253,321,HSL:4100207,Hämeenkyläntie
48660,48660,0,48660,48660,0,False,SCHEDULED,1631912400,HSL:5565_20210917_La_1_1308,565,HSL:4100207,Hämeenkyläntie
46620,46620,0,46620,46620,0,False,SCHEDULED,1631912400,HSL:7848_20210917_La_1_1218,848,HSL:9213229,Kilpilahdentie
50220,50220,0,50220,50220,0,False,SCHEDULED,1631912400,HSL:7848_20210917_La_1_1318,848,HSL:9213229,Kilpilahdentie
53820,53820,0,53820,53820,0,False,SCHEDULED,1631912400,HSL:7848_20210917_La_1_1418,848,HSL:9213229,Kilpilahdentie
57660,57660,0,57660,57660,0,False,SCHEDULED,1631912400,HSL:7848_20210917_La_1_1518,848,HSL:9213229,Kilpilahdentie
61020,61020,0,61020,61020,0,False,SCHEDULED,1631912400,HSL:7848_20210917_La_1_1618,848,HSL:9213229,Kilpilahdentie
45180,45318,138,45180,45350,170,True,UPDATED,1631912400,HSL:2542_20210917_La_2_1222,542,HSL:2615233,Samaria
45660,45819,159,45660,45825,165,True,UPDATED,1631912400,HSL:2531_20210917_La_2_1230,531,HSL:2615233,Samaria
45780,45853,73,45780,45861,81,True,UPDATED,1631912400,HSL:2134_20210917_La_2_1232,134,HSL:2615233,Samaria
46080,46080,0,46080,46080,0,False,SCHEDULED,1631912400,HSL:2542_20210917_La_2_1237,542,HSL:2615233,Samaria
46560,46560,0,46560,46560,0,False,SCHEDULED,1631912400,HSL:2531_20210917_La_2_1245,531,HSL:2615233,Samaria
45120,45399,279,45120,45399,279,True,UPDATED,1631912400,HSL:5565_20210917_La_1_1208,565,HSL:4100209,Linnaistentie
46920,46920,0,46920,46920,0,True,UPDATED,1631912400,HSL:5565_20210917_La_1_1238,565,HSL:4100209,Linnaistentie
46860,46943,83,46860,46946,86,True,UPDATED,1631912400,HSL:2321_20210917_La_1_1229,321,HSL:4100209,Linnaistentie
48300,48300,0,48300,48300,0,False,SCHEDULED,1631912400,HSL:2321_20210917_La_1_1253,321,HSL:4100209,Linnaistentie
48720,48720,0,48720,48720,0,False,SCHEDULED,1631912400,HSL:5565_20210917_La_1_1308,565,HSL:4100209,Linnaistentie
48000,48000,0,48000,48000,0,False,SCHEDULED,1631912400,HSL:7848_20210917_La_2_1305,848,HSL:9213228,Kilpilahdentie
51600,51600,0,51600,51600,0,False,SCHEDULED,1631912400,HSL:7848_20210917_La_2_1405,848,HSL:9213228,Kilpilahdentie
55200,55200,0,55200,55200,0,False,SCHEDULED,1631912400,HSL:7848_20210917_La_2_1505,848,HSL:9213228,Kilpilahdentie
58800,58800,0,58800,58800,0,False,SCHEDULED,1631912400,HSL:7848_20210917_La_2_1605,848,HSL:9213228,Kilpilahdentie
62400,62400,0,62400,62400,0,False,SCHEDULED,1631912400,HSL:7848_20210917_La_2_1705,848,HSL:9213228,Kilpilahdentie
46320,46320,0,46320,46320,0,False,SCHEDULED,1631912400,HSL:4587_20210917_La_1_1234,587,HSL:4960202,Kehruukuja
49920,49920,0,49920,49920,0,False,SCHEDULED,1631912400,HSL:4587_20210917_La_1_1334,587,HSL:4960202,Kehruukuja
53520,53520,0,53520,53520,0,False,SCHEDULED,1631912400,HSL:4587_20210917_La_1_1434,587,HSL:4960202,Kehruukuja
57120,57120,0,57120,57120,0,False,SCHEDULED,1631912400,HSL:4587_20210917_La_1_1534,587,HSL:4960202,Kehruukuja
60720,60720,0,60720,60720,0,False,SCHEDULED,1631912400,HSL:4587_20210917_La_1_1634,587,HSL:4960202,Kehruukuja
46980,47020,40,46980,47020,40,True,UPDATED,1631912400,HSL:4587_20210917_La_2_1234,587,HSL:4960201,Kehruukuja
50640,50640,0,50640,50640,0,False,SCHEDULED,1631912400,HSL:4587_20210917_La_2_1334,587,HSL:4960201,Kehruukuja
54300,54300,0,54300,54300,0,False,SCHEDULED,1631912400,HSL:4587_20210917_La_2_1434,587,HSL:4960201,Kehruukuja
57840,57840,0,57840,57840,0,False,SCHEDULED,1631912400,HSL:4587_20210917_La_2_1534,587,HSL:4960201,Kehruukuja
61380,61380,0,61380,61380,0,False,SCHEDULED,1631912400,HSL:4587_20210917_La_2_1634,587,HSL:4960201,Kehruukuja
46860,46860,0,46860,46860,0,False,SCHEDULED,1631912400,HSL:2543_20210917_La_1_1255,543,HSL:2112209,Hirsalantie
48660,48660,0,48660,48660,0,False,SCHEDULED,1631912400,HSL:2543_20210917_La_1_1325,543,HSL:2112209,Hirsalantie
50460,50460,0,50460,50460,0,False,SCHEDULED,1631912400,HSL:2543_20210917_La_1_1355,543,HSL:2112209,Hirsalantie
52260,52260,0,52260,52260,0,False,SCHEDULED,1631912400,HSL:2543_20210917_La_1_1425,543,HSL:2112209,Hirsalantie
54060,54060,0,54060,54060,0,False,SCHEDULED,1631912400,HSL:2543_20210917_La_1_1455,543,HSL:2112209,Hirsalantie
45660,45660,0,45660,45710,50,True,UPDATED,1631912400,HSL:2542_20210917_La_1_1214,542,HSL:2615236,Lugnet
45660,45828,168,45660,45828,168,True,UPDATED,1631912400,HSL:2134_20210917_La_1_1224,134,HSL:2615236,Lugnet
46020,46035,15,46020,46040,20,True,UPDATED,1631912400,HSL:2531_20210917_La_1_1221,531,HSL:2615236,Lugnet
46560,46560,0,46560,46560,0,True,UPDATED,1631912400,HSL:2136_20210917_La_1_1239,136,HSL:2615236,Lugnet
46560,46604,44,46560,46612,52,True,UPDATED,1631912400,HSL:2542_20210917_La_1_1229,542,HSL:2615236,Lugnet
46560,46560,0,46560,46560,0,False,SCHEDULED,1631912400,HSL:7848_20210917_La_1_1218,848,HSL:9213225,Lekmäentie
50160,50160,0,50160,50160,0,False,SCHEDULED,1631912400,HSL:7848_20210917_La_1_1318,848,HSL:9213225,Lekmäentie
53760,53760,0,53760,53760,0,False,SCHEDULED,1631912400,HSL:7848_20210917_La_1_1418,848,HSL:9213225,Lekmäentie
57540,57540,0,57540,57540,0,False,SCHEDULED,1631912400,HSL:7848_20210917_La_1_1518,848,HSL:9213225,Lekmäentie
60960,60960,0,60960,60960,0,False,SCHEDULED,1631912400,HSL:7848_20210917_La_1_1618,848,HSL:9213225,Lekmäentie
45540,45540,0,45540,45540,0,False,SCHEDULED,1631912400,HSL:4561_20210917_La_2_1224,561,HSL:4510239,Pilotti
46560,46521,-39,46560,46529,-31,True,UPDATED,1631912400,HSL:4571_20210917_La_2_1211,571,HSL:4510239,Pilotti
46740,46740,0,46740,46740,0,False,SCHEDULED,1631912400,HSL:4561_20210917_La_2_1244,561,HSL:4510239,Pilotti
47940,47940,0,47940,47940,0,False,SCHEDULED,1631912400,HSL:4561_20210917_La_2_1304,561,HSL:4510239,Pilotti
48360,48360,0,48360,48360,0,False,SCHEDULED,1631912400,HSL:4571_20210917_La_2_1241,571,HSL:4510239,Pilotti
48060,48060,0,48060,48060,0,False,SCHEDULED,1631912400,HSL:7848_20210917_La_2_1305,848,HSL:9213224,Lekmäentie
51660,51660,0,51660,51660,0,False,SCHEDULED,1631912400,HSL:7848_20210917_La_2_1405,848,HSL:9213224,Lekmäentie
55260,55260,0,55260,55260,0,False,SCHEDULED,1631912400,HSL:7848_20210917_La_2_1505,848,HSL:9213224,Lekmäentie
58860,58860,0,58860,58860,0,False,SCHEDULED,1631912400,HSL:7848_20210917_La_2_1605,848,HSL:9213224,Lekmäentie
62460,62460,0,62460,62460,0,False,SCHEDULED,1631912400,HSL:7848_20210917_La_2_1705,848,HSL:9213224,Lekmäentie
46800,46800,0,46800,46800,0,False,SCHEDULED,1631912400,HSL:2202_20210917_La_2_1239,202,HSL:2112205,Ruusutorppa
48660,48660,0,48660,48660,0,False,SCHEDULED,1631912400,HSL:2202_20210917_La_2_1310,202,HSL:2112205,Ruusutorppa
50400,50400,0,50400,50400,0,False,SCHEDULED,1631912400,HSL:2202_20210917_La_2_1339,202,HSL:2112205,Ruusutorppa
52260,52260,0,52260,52260,0,False,SCHEDULED,1631912400,HSL:2202_20210917_La_2_1410,202,HSL:2112205,Ruusutorppa
54000,54000,0,54000,54000,0,False,SCHEDULED,1631912400,HSL:2202_20210917_La_2_1439,202,HSL:2112205,Ruusutorppa
46500,46500,0,46500,46500,0,False,SCHEDULED,1631912400,HSL:7848_20210917_La_1_1218,848,HSL:9213222,Kiviaidantie
50100,50100,0,50100,50100,0,False,SCHEDULED,1631912400,HSL:7848_20210917_La_1_1318,848,HSL:9213222,Kiviaidantie
53700,53700,0,53700,53700,0,False,SCHEDULED,1631912400,HSL:7848_20210917_La_1_1418,848,HSL:9213222,Kiviaidantie
57540,57540,0,57540,57540,0,False,SCHEDULED,1631912400,HSL:7848_20210917_La_1_1518,848,HSL:9213222,Kiviaidantie
60900,60900,0,60900,60900,0,False,SCHEDULED,1631912400,HSL:7848_20210917_La_1_1618,848,HSL:9213222,Kiviaidantie
48060,48060,0,48060,48060,0,False,SCHEDULED,1631912400,HSL:7848_20210917_La_2_1305,848,HSL:9213220,Kiviaidantie
51660,51660,0,51660,51660,0,False,SCHEDULED,1631912400,HSL:7848_20210917_La_2_1405,848,HSL:9213220,Kiviaidantie
55260,55260,0,55260,55260,0,False,SCHEDULED,1631912400,HSL:7848_20210917_La_2_1505,848,HSL:9213220,Kiviaidantie
58860,58860,0,58860,58860,0,False,SCHEDULED,1631912400,HSL:7848_20210917_La_2_1605,848,HSL:9213220,Kiviaidantie
62460,62460,0,62460,62460,0,False,SCHEDULED,1631912400,HSL:7848_20210917_La_2_1705,848,HSL:9213220,Kiviaidantie
45600,45845,245,45600,45848,248,True,UPDATED,1631912400,HSL:4561_20210917_La_1_1203,561,HSL:4510238,Valuuttapolku
46860,46909,49,46860,46920,60,True,UPDATED,1631912400,HSL:4561_20210917_La_1_1223,561,HSL:4510238,Valuuttapolku
48060,48060,0,48060,48060,0,False,SCHEDULED,1631912400,HSL:4561_20210917_La_1_1243,561,HSL:4510238,Valuuttapolku
49320,49320,0,49320,49320,0,False,SCHEDULED,1631912400,HSL:4561_20210917_La_1_1303,561,HSL:4510238,Valuuttapolku
50520,50520,0,50520,50520,0,False,SCHEDULED,1631912400,HSL:4561_20210917_La_1_1323,561,HSL:4510238,Valuuttapolku
46740,46740,0,46740,46740,0,False,SCHEDULED,1631912400,HSL:2202_20210917_La_2_1239,202,HSL:2112203,Linnoitustie
48600,48600,0,48600,48600,0,False,SCHEDULED,1631912400,HSL:2202_20210917_La_2_1310,202,HSL:2112203,Linnoitustie
50340,50340,0,50340,50340,0,False,SCHEDULED,1631912400,HSL:2202_20210917_La_2_1339,202,HSL:2112203,Linnoitustie
52200,52200,0,52200,52200,0,False,SCHEDULED,1631912400,HSL:2202_20210917_La_2_1410,202,HSL:2112203,Linnoitustie
53940,53940,0,53940,53940,0,False,SCHEDULED,1631912400,HSL:2202_20210917_La_2_1439,202,HSL:2112203,Linnoitustie
45300,45467,167,45300,45475,175,True,UPDATED,1631912400,HSL:4561_20210917_La_1_1203,561,HSL:4510237,Pilotti
46140,46150,10,46140,46161,21,True,UPDATED,1631912400,HSL:4571_20210917_La_1_1228,571,HSL:4510237,Pilotti
46560,46608,48,46560,46616,56,True,UPDATED,1631912400,HSL:4561_20210917_La_1_1223,561,HSL:4510237,Pilotti
47760,47760,0,47760,47760,0,False,SCHEDULED,1631912400,HSL:4561_20210917_La_1_1243,561,HSL:4510237,Pilotti
47940,47940,0,47940,47940,0,False,SCHEDULED,1631912400,HSL:4571_20210917_La_1_1258,571,HSL:4510237,Pilotti
45960,46006,46,45960,46006,46,True,UPDATED,1631912400,HSL:4614_20210917_La_2_1234,614,HSL:4510232,Mamsellintie
46860,46860,0,46860,46860,0,False,SCHEDULED,1631912400,HSL:4615_20210917_La_2_1249,615,HSL:4510232,Mamsellintie
47760,47760,0,47760,47760,0,False,SCHEDULED,1631912400,HSL:4614_20210917_La_2_1304,614,HSL:4510232,Mamsellintie
48660,48660,0,48660,48660,0,False,SCHEDULED,1631912400,HSL:4615_20210917_La_2_1319,615,HSL:4510232,Mamsellintie
49560,49560,0,49560,49560,0,False,SCHEDULED,1631912400,HSL:4614_20210917_La_2_1334,614,HSL:4510232,Mamsellintie
45660,45660,0,45660,45660,0,False,SCHEDULED,1631912400,HSL:4717_20210917_La_2_1230,717,HSL:4960208,Kaskipolku
46860,46860,0,46860,46860,0,False,SCHEDULED,1631912400,HSL:4717_20210917_La_2_1250,717,HSL:4960208,Kaskipolku
46860,46900,40,46860,46900,40,True,UPDATED,1631912400,HSL:4587_20210917_La_2_1234,587,HSL:4960208,Kaskipolku
48060,48060,0,48060,48060,0,False,SCHEDULED,1631912400,HSL:4717_20210917_La_2_1310,717,HSL:4960208,Kaskipolku
49260,49260,0,49260,49260,0,False,SCHEDULED,1631912400,HSL:4717_20210917_La_2_1330,717,HSL:4960208,Kaskipolku
48480,48480,0,48480,48480,0,False,SCHEDULED,1631912400,HSL:4736_20210917_La_2_1256,736,HSL:4960207,Pohjankuja
52080,52080,0,52080,52080,0,False,SCHEDULED,1631912400,HSL:4736_20210917_La_2_1356,736,HSL:4960207,Pohjankuja
55680,55680,0,55680,55680,0,False,SCHEDULED,1631912400,HSL:4736_20210917_La_2_1456,736,HSL:4960207,Pohjankuja
59280,59280,0,59280,59280,0,False,SCHEDULED,1631912400,HSL:4736_20210917_La_2_1556,736,HSL:4960207,Pohjankuja
62880,62880,0,62880,62880,0,False,SCHEDULED,1631912400,HSL:4736_20210917_La_2_1656,736,HSL:4960207,Pohjankuja
45720,45723,3,45720,45723,3,True,UPDATED,1631912400,HSL:4614_20210917_La_1_1210,614,HSL:4510231,Herttuankuja
46620,46528,-92,46620,46528,-92,True,UPDATED,1631912400,HSL:4615_20210917_La_1_1225,615,HSL:4510231,Herttuankuja
47520,47520,0,47520,47520,0,False,SCHEDULED,1631912400,HSL:4614_20210917_La_1_1240,614,HSL:4510231,Herttuankuja
48420,48420,0,48420,48420,0,False,SCHEDULED,1631912400,HSL:4615_20210917_La_1_1255,615,HSL:4510231,Herttuankuja
49380,49380,0,49380,49380,0,False,SCHEDULED,1631912400,HSL:4614_20210917_La_1_1310,614,HSL:4510231,Herttuankuja
47880,47880,0,47880,47880,0,False,SCHEDULED,1631912400,HSL:4739_20210917_La_1_1245,739,HSL:4960206,Merkkipuuntie
51480,51480,0,51480,51480,0,False,SCHEDULED,1631912400,HSL:4739_20210917_La_1_1344,739,HSL:4960206,Merkkipuuntie
55080,55080,0,55080,55080,0,False,SCHEDULED,1631912400,HSL:4739_20210917_La_1_1444,739,HSL:4960206,Merkkipuuntie
58740,58740,0,58740,58740,0,False,SCHEDULED,1631912400,HSL:4739_20210917_La_1_1544,739,HSL:4960206,Merkkipuuntie
62400,62400,0,62400,62400,0,False,SCHEDULED,1631912400,HSL:4739_20210917_La_1_1645,739,HSL:4960206,Merkkipuuntie
45720,45686,-34,45720,45686,-34,True,UPDATED,1631912400,HSL:4614_20210917_La_1_1210,614,HSL:4510233,Kavaljeerintie
46560,46470,-90,46560,46470,-90,True,UPDATED,1631912400,HSL:4615_20210917_La_1_1225,615,HSL:4510233,Kavaljeerintie
47520,47520,0,47520,47520,0,False,SCHEDULED,1631912400,HSL:4614_20210917_La_1_1240,614,HSL:4510233,Kavaljeerintie
48360,48360,0,48360,48360,0,False,SCHEDULED,1631912400,HSL:4615_20210917_La_1_1255,615,HSL:4510233,Kavaljeerintie
49320,49320,0,49320,49320,0,False,SCHEDULED,1631912400,HSL:4614_20210917_La_1_1310,614,HSL:4510233,Kavaljeerintie
45240,45300,60,45240,45328,88,True,UPDATED,1631912400,HSL:2531_20210917_La_1_1206,531,HSL:2615230,Samaria
45780,45777,-3,45780,45801,21,True,UPDATED,1631912400,HSL:2542_20210917_La_1_1214,542,HSL:2615230,Samaria
46140,46166,26,46140,46172,32,True,UPDATED,1631912400,HSL:2531_20210917_La_1_1221,531,HSL:2615230,Samaria
46680,46710,30,46680,46725,45,True,UPDATED,1631912400,HSL:2542_20210917_La_1_1229,542,HSL:2615230,Samaria
46620,46724,104,46620,46728,108,True,UPDATED,1631912400,HSL:2224_20210917_La_1_1220,224,HSL:2615230,Samaria
45780,45774,-6,45780,45774,-6,True,UPDATED,1631912400,HSL:4614_20210917_La_1_1210,614,HSL:4510230,Oolannintie
46680,46586,-94,46680,46586,-94,True,UPDATED,1631912400,HSL:4615_20210917_La_1_1225,615,HSL:4510230,Oolannintie
47580,47580,0,47580,47580,0,False,SCHEDULED,1631912400,HSL:4614_20210917_La_1_1240,614,HSL:4510230,Oolannintie
48480,48480,0,48480,48480,0,False,SCHEDULED,1631912400,HSL:4615_20210917_La_1_1255,615,HSL:4510230,Oolannintie
49440,49440,0,49440,49440,0,False,SCHEDULED,1631912400,HSL:4614_20210917_La_1_1310,614,HSL:4510230,Oolannintie
56700,56700,0,56700,56700,0,False,SCHEDULED,1631912400,HSL:9787B_20210917_La_2_1535,787B,HSL:9225217,Lövkoskentie
54840,54840,0,54840,54840,0,False,SCHEDULED,1631912400,HSL:9787K_20210917_La_1_1410,787K,HSL:9225218,Lövkoskentie
54780,54780,0,54780,54780,0,False,SCHEDULED,1631912400,HSL:9787K_20210917_La_1_1410,787K,HSL:9225215,Högbacka
56760,56760,0,56760,56760,0,False,SCHEDULED,1631912400,HSL:9787B_20210917_La_2_1535,787B,HSL:9225216,Högbacka
56820,56820,0,56820,56820,0,False,SCHEDULED,1631912400,HSL:9787B_20210917_La_2_1535,787B,HSL:9225213,Kotivalli
54720,54720,0,54720,54720,0,False,SCHEDULED,1631912400,HSL:9787K_20210917_La_1_1410,787K,HSL:9225214,Kotivalli
56820,56820,0,56820,56820,0,False,SCHEDULED,1631912400,HSL:9787B_20210917_La_2_1535,787B,HSL:9225211,Holstaksentie
45300,45401,101,45300,45451,151,True,UPDATED,1631912400,HSL:2542_20210917_La_2_1222,542,HSL:2615239,Lugnet
45780,45921,141,45780,45930,150,True,UPDATED,1631912400,HSL:2531_20210917_La_2_1230,531,HSL:2615239,Lugnet
45900,45962,62,45900,45973,73,True,UPDATED,1631912400,HSL:2134_20210917_La_2_1232,134,HSL:2615239,Lugnet
46200,46200,0,46200,46200,0,False,SCHEDULED,1631912400,HSL:2542_20210917_La_2_1237,542,HSL:2615239,Lugnet
46680,46680,0,46680,46680,0,False,SCHEDULED,1631912400,HSL:2531_20210917_La_2_1245,531,HSL:2615239,Lugnet
54720,54720,0,54720,54720,0,False,SCHEDULED,1631912400,HSL:9787K_20210917_La_1_1410,787K,HSL:9225212,Holstaksentie
56880,56880,0,56880,56880,0,False,SCHEDULED,1631912400,HSL:9787B_20210917_La_2_1535,787B,HSL:9225210,Brantaksentie
46320,46268,-52,46320,46276,-44,True,UPDATED,1631912400,HSL:1067_20210917_La_1_1216,67,HSL:1352139,Asessorintie
47520,47520,0,47520,47520,0,False,SCHEDULED,1631912400,HSL:1067_20210917_La_1_1236,67,HSL:1352139,Asessorintie
48720,48720,0,48720,48720,0,False,SCHEDULED,1631912400,HSL:1067_20210917_La_1_1256,67,HSL:1352139,Asessorintie
49920,49920,0,49920,49920,0,False,SCHEDULED,1631912400,HSL:1067_20210917_La_1_1316,67,HSL:1352139,Asessorintie
51180,51180,0,51180,51180,0,False,SCHEDULED,1631912400,HSL:1067_20210917_La_1_1336,67,HSL:1352139,Asessorintie
46980,47073,93,46980,47073,93,True,UPDATED,1631912400,HSL:2345N_20210917_La_1_1205,345N,HSL:2724285,Skogby
50580,50580,0,50580,50580,0,False,SCHEDULED,1631912400,HSL:2345N_20210917_La_1_1305,345N,HSL:2724285,Skogby
54120,54120,0,54120,54120,0,False,SCHEDULED,1631912400,HSL:2345N_20210917_La_1_1405,345N,HSL:2724285,Skogby
57720,57720,0,57720,57720,0,False,SCHEDULED,1631912400,HSL:2345N_20210917_La_1_1505,345N,HSL:2724285,Skogby
61260,61260,0,61260,61260,0,False,SCHEDULED,1631912400,HSL:2345N_20210917_La_1_1605,345N,HSL:2724285,Skogby
48120,48120,0,48120,48120,0,False,SCHEDULED,1631912400,HSL:7848_20210917_La_2_1305,848,HSL:9213213,Box
51720,51720,0,51720,51720,0,False,SCHEDULED,1631912400,HSL:7848_20210917_La_2_1405,848,HSL:9213213,Box
55320,55320,0,55320,55320,0,False,SCHEDULED,1631912400,HSL:7848_20210917_La_2_1505,848,HSL:9213213,Box
58920,58920,0,58920,58920,0,False,SCHEDULED,1631912400,HSL:7848_20210917_La_2_1605,848,HSL:9213213,Box
62520,62520,0,62520,62520,0,False,SCHEDULED,1631912400,HSL:7848_20210917_La_2_1705,848,HSL:9213213,Box
46440,46440,0,46440,46440,0,False,SCHEDULED,1631912400,HSL:7848_20210917_La_1_1218,848,HSL:9213212,Poikiksentie
50040,50040,0,50040,50040,0,False,SCHEDULED,1631912400,HSL:7848_20210917_La_1_1318,848,HSL:9213212,Poikiksentie
53640,53640,0,53640,53640,0,False,SCHEDULED,1631912400,HSL:7848_20210917_La_1_1418,848,HSL:9213212,Poikiksentie
57360,57360,0,57360,57360,0,False,SCHEDULED,1631912400,HSL:7848_20210917_La_1_1518,848,HSL:9213212,Poikiksentie
60840,60840,0,60840,60840,0,False,SCHEDULED,1631912400,HSL:7848_20210917_La_1_1618,848,HSL:9213212,Poikiksentie
46920,47013,93,46920,47013,93,True,UPDATED,1631912400,HSL:2345N_20210917_La_1_1205,345N,HSL:2724280,Rinnekodin ostoskesk
50520,50520,0,50520,50520,0,False,SCHEDULED,1631912400,HSL:2345N_20210917_La_1_1305,345N,HSL:2724280,Rinnekodin ostoskesk
54060,54060,0,54060,54060,0,False,SCHEDULED,1631912400,HSL:2345N_20210917_La_1_1405,345N,HSL:2724280,Rinnekodin ostoskesk
57660,57660,0,57660,57660,0,False,SCHEDULED,1631912400,HSL:2345N_20210917_La_1_1505,345N,HSL:2724280,Rinnekodin ostoskesk
61200,61200,0,61200,61200,0,False,SCHEDULED,1631912400,HSL:2345N_20210917_La_1_1605,345N,HSL:2724280,Rinnekodin ostoskesk
48120,48120,0,48120,48120,0,False,SCHEDULED,1631912400,HSL:7848_20210917_La_2_1305,848,HSL:9213210,Poikiksentie
51720,51720,0,51720,51720,0,False,SCHEDULED,1631912400,HSL:7848_20210917_La_2_1405,848,HSL:9213210,Poikiksentie
55320,55320,0,55320,55320,0,False,SCHEDULED,1631912400,HSL:7848_20210917_La_2_1505,848,HSL:9213210,Poikiksentie
58920,58920,0,58920,58920,0,False,SCHEDULED,1631912400,HSL:7848_20210917_La_2_1605,848,HSL:9213210,Poikiksentie
62520,62520,0,62520,62520,0,False,SCHEDULED,1631912400,HSL:7848_20210917_La_2_1705,848,HSL:9213210,Poikiksentie
46200,46189,-11,46200,46189,-11,True,UPDATED,1631912400,HSL:1067_20210917_La_1_1216,67,HSL:1352134,Sihteerintie
47400,47400,0,47400,47400,0,False,SCHEDULED,1631912400,HSL:1067_20210917_La_1_1236,67,HSL:1352134,Sihteerintie
48600,48600,0,48600,48600,0,False,SCHEDULED,1631912400,HSL:1067_20210917_La_1_1256,67,HSL:1352134,Sihteerintie
49800,49800,0,49800,49800,0,False,SCHEDULED,1631912400,HSL:1067_20210917_La_1_1316,67,HSL:1352134,Sihteerintie
51060,51060,0,51060,51060,0,False,SCHEDULED,1631912400,HSL:1067_20210917_La_1_1336,67,HSL:1352134,Sihteerintie
46020,46020,0,46020,46020,0,False,SCHEDULED,1631912400,HSL:1067_20210917_La_2_1244,67,HSL:1352137,Käräjätuvantie
47220,47220,0,47220,47220,0,False,SCHEDULED,1631912400,HSL:1067_20210917_La_2_1304,67,HSL:1352137,Käräjätuvantie
48420,48420,0,48420,48420,0,False,SCHEDULED,1631912400,HSL:1067_20210917_La_2_1324,67,HSL:1352137,Käräjätuvantie
49620,49620,0,49620,49620,0,False,SCHEDULED,1631912400,HSL:1067_20210917_La_2_1344,67,HSL:1352137,Käräjätuvantie
50820,50820,0,50820,50820,0,False,SCHEDULED,1631912400,HSL:1067_20210917_La_2_1404,67,HSL:1352137,Käräjätuvantie
45960,45960,0,45960,45960,0,False,SCHEDULED,1631912400,HSL:1067_20210917_La_2_1244,67,HSL:1352138,Viskaalintie 32
47160,47160,0,47160,47160,0,False,SCHEDULED,1631912400,HSL:1067_20210917_La_2_1304,67,HSL:1352138,Viskaalintie 32
48360,48360,0,48360,48360,0,False,SCHEDULED,1631912400,HSL:1067_20210917_La_2_1324,67,HSL:1352138,Viskaalintie 32
49560,49560,0,49560,49560,0,False,SCHEDULED,1631912400,HSL:1067_20210917_La_2_1344,67,HSL:1352138,Viskaalintie 32
50760,50760,0,50760,50760,0,False,SCHEDULED,1631912400,HSL:1067_20210917_La_2_1404,67,HSL:1352138,Viskaalintie 32
46980,47073,93,46980,47073,93,True,UPDATED,1631912400,HSL:2345N_20210917_La_1_1205,345N,HSL:2724283,Kumpukuja
50580,50580,0,50580,50580,0,False,SCHEDULED,1631912400,HSL:2345N_20210917_La_1_1305,345N,HSL:2724283,Kumpukuja
54120,54120,0,54120,54120,0,False,SCHEDULED,1631912400,HSL:2345N_20210917_La_1_1405,345N,HSL:2724283,Kumpukuja
57720,57720,0,57720,57720,0,False,SCHEDULED,1631912400,HSL:2345N_20210917_La_1_1505,345N,HSL:2724283,Kumpukuja
61260,61260,0,61260,61260,0,False,SCHEDULED,1631912400,HSL:2345N_20210917_La_1_1605,345N,HSL:2724283,Kumpukuja
46020,46020,0,46020,46020,0,False,SCHEDULED,1631912400,HSL:1067_20210917_La_2_1244,67,HSL:1352135,Sihteerintie
47220,47220,0,47220,47220,0,False,SCHEDULED,1631912400,HSL:1067_20210917_La_2_1304,67,HSL:1352135,Sihteerintie
48420,48420,0,48420,48420,0,False,SCHEDULED,1631912400,HSL:1067_20210917_La_2_1324,67,HSL:1352135,Sihteerintie
49620,49620,0,49620,49620,0,False,SCHEDULED,1631912400,HSL:1067_20210917_La_2_1344,67,HSL:1352135,Sihteerintie
50820,50820,0,50820,50820,0,False,SCHEDULED,1631912400,HSL:1067_20210917_La_2_1404,67,HSL:1352135,Sihteerintie
46260,46217,-43,46260,46218,-42,True,UPDATED,1631912400,HSL:1067_20210917_La_1_1216,67,HSL:1352136,Käräjätuvantie
47460,47460,0,47460,47460,0,False,SCHEDULED,1631912400,HSL:1067_20210917_La_1_1236,67,HSL:1352136,Käräjätuvantie
48660,48660,0,48660,48660,0,False,SCHEDULED,1631912400,HSL:1067_20210917_La_1_1256,67,HSL:1352136,Käräjätuvantie
49860,49860,0,49860,49860,0,False,SCHEDULED,1631912400,HSL:1067_20210917_La_1_1316,67,HSL:1352136,Käräjätuvantie
51120,51120,0,51120,51120,0,False,SCHEDULED,1631912400,HSL:1067_20210917_La_1_1336,67,HSL:1352136,Käräjätuvantie
46920,47013,93,46920,47013,93,True,UPDATED,1631912400,HSL:2345N_20210917_La_1_1205,345N,HSL:2724281,Talouskeskus
50520,50520,0,50520,50520,0,False,SCHEDULED,1631912400,HSL:2345N_20210917_La_1_1305,345N,HSL:2724281,Talouskeskus
54060,54060,0,54060,54060,0,False,SCHEDULED,1631912400,HSL:2345N_20210917_La_1_1405,345N,HSL:2724281,Talouskeskus
57660,57660,0,57660,57660,0,False,SCHEDULED,1631912400,HSL:2345N_20210917_La_1_1505,345N,HSL:2724281,Talouskeskus
61200,61200,0,61200,61200,0,False,SCHEDULED,1631912400,HSL:2345N_20210917_La_1_1605,345N,HSL:2724281,Talouskeskus
48720,48720,0,48720,48720,0,False,SCHEDULED,1631912400,HSL:9665K_20210917_La_1_1256,665K,HSL:9620100,Alatalontie
52320,52320,0,52320,52320,0,False,SCHEDULED,1631912400,HSL:9665K_20210917_La_1_1356,665K,HSL:9620100,Alatalontie
55920,55920,0,55920,55920,0,False,SCHEDULED,1631912400,HSL:9665K_20210917_La_1_1456,665K,HSL:9620100,Alatalontie
59520,59520,0,59520,59520,0,False,SCHEDULED,1631912400,HSL:9665K_20210917_La_1_1556,665K,HSL:9620100,Alatalontie
63120,63120,0,63120,63120,0,False,SCHEDULED,1631912400,HSL:9665K_20210917_La_1_1656,665K,HSL:9620100,Alatalontie
46440,46440,0,46440,46440,0,False,SCHEDULED,1631912400,HSL:9665K_20210917_La_2_1248,665K,HSL:9620101,Alatalontie
50040,50040,0,50040,50040,0,False,SCHEDULED,1631912400,HSL:9665K_20210917_La_2_1348,665K,HSL:9620101,Alatalontie
53640,53640,0,53640,53640,0,False,SCHEDULED,1631912400,HSL:9665K_20210917_La_2_1448,665K,HSL:9620101,Alatalontie
57240,57240,0,57240,57240,0,False,SCHEDULED,1631912400,HSL:9665K_20210917_La_2_1548,665K,HSL:9620101,Alatalontie
60900,60900,0,60900,60900,0,False,SCHEDULED,1631912400,HSL:9665K_20210917_La_2_1649,665K,HSL:9620101,Alatalontie
45420,45412,-8,45420,45468,48,True,UPDATED,1631912400,HSL:1071_20210917_La_2_1222,71,HSL:1364102,Hernepellontie
45900,45944,44,45900,45944,44,True,UPDATED,1631912400,HSL:1506_20210917_La_1_1230,506,HSL:1364102,Hernepellontie
46020,46044,24,46020,46064,44,True,UPDATED,1631912400,HSL:1071_20210917_La_2_1232,71,HSL:1364102,Hernepellontie
46620,46620,0,46620,46620,0,False,SCHEDULED,1631912400,HSL:1071_20210917_La_2_1242,71,HSL:1364102,Hernepellontie
47100,47100,0,47100,47100,0,False,SCHEDULED,1631912400,HSL:1506_20210917_La_1_1250,506,HSL:1364102,Hernepellontie
44880,45333,453,44880,45333,453,True,UPDATED,1631912400,HSL:1506_20210917_La_2_1154,506,HSL:1364101,Hernepellontie
45600,45557,-43,45600,45557,-43,True,UPDATED,1631912400,HSL:1071_20210917_La_1_1218,71,HSL:1364101,Hernepellontie
46200,46332,132,46200,46332,132,True,UPDATED,1631912400,HSL:1071_20210917_La_1_1228,71,HSL:1364101,Hernepellontie
46080,46419,339,46080,46419,339,True,UPDATED,1631912400,HSL:1506_20210917_La_2_1214,506,HSL:1364101,Hernepellontie
46800,46800,0,46800,46800,0,False,SCHEDULED,1631912400,HSL:1071_20210917_La_1_1238,71,HSL:1364101,Hernepellontie
45360,45359,-1,45360,45408,48,True,UPDATED,1631912400,HSL:1071_20210917_La_2_1222,71,HSL:1364104,Bysantinkuja
45840,45884,44,45840,45884,44,True,UPDATED,1631912400,HSL:1506_20210917_La_1_1230,506,HSL:1364104,Bysantinkuja
45960,45988,28,45960,45998,38,True,UPDATED,1631912400,HSL:1071_20210917_La_2_1232,71,HSL:1364104,Bysantinkuja
46560,46560,0,46560,46560,0,False,SCHEDULED,1631912400,HSL:1071_20210917_La_2_1242,71,HSL:1364104,Bysantinkuja
47040,47040,0,47040,47040,0,False,SCHEDULED,1631912400,HSL:1506_20210917_La_1_1250,506,HSL:1364104,Bysantinkuja
44940,45393,453,44940,45393,453,True,UPDATED,1631912400,HSL:1506_20210917_La_2_1154,506,HSL:1364103,Bysantinkuja
45660,45617,-43,45660,45617,-43,True,UPDATED,1631912400,HSL:1071_20210917_La_1_1218,71,HSL:1364103,Bysantinkuja
46260,46407,147,46260,46407,147,True,UPDATED,1631912400,HSL:1071_20210917_La_1_1228,71,HSL:1364103,Bysantinkuja
46140,46479,339,46140,46479,339,True,UPDATED,1631912400,HSL:1506_20210917_La_2_1214,506,HSL:1364103,Bysantinkuja
46860,46860,0,46860,46860,0,False,SCHEDULED,1631912400,HSL:1071_20210917_La_1_1238,71,HSL:1364103,Bysantinkuja
45780,45824,44,45780,45824,44,True,UPDATED,1631912400,HSL:1506_20210917_La_1_1230,506,HSL:1364106,Kiviteltankatu
45900,45907,7,45900,45926,26,True,UPDATED,1631912400,HSL:1071_20210917_La_2_1232,71,HSL:1364106,Kiviteltankatu
46500,46500,0,46500,46500,0,False,SCHEDULED,1631912400,HSL:1071_20210917_La_2_1242,71,HSL:1364106,Kiviteltankatu
46980,46980,0,46980,46980,0,False,SCHEDULED,1631912400,HSL:1506_20210917_La_1_1250,506,HSL:1364106,Kiviteltankatu
47100,47100,0,47100,47100,0,False,SCHEDULED,1631912400,HSL:1071_20210917_La_2_1252,71,HSL:1364106,Kiviteltankatu
48900,48900,0,48900,48900,0,False,SCHEDULED,1631912400,HSL:9665K_20210917_La_1_1256,665K,HSL:9620108,Kellokoski
52500,52500,0,52500,52500,0,False,SCHEDULED,1631912400,HSL:9665K_20210917_La_1_1356,665K,HSL:9620108,Kellokoski
56100,56100,0,56100,56100,0,False,SCHEDULED,1631912400,HSL:9665K_20210917_La_1_1456,665K,HSL:9620108,Kellokoski
59700,59700,0,59700,59700,0,False,SCHEDULED,1631912400,HSL:9665K_20210917_La_1_1556,665K,HSL:9620108,Kellokoski
63300,63300,0,63300,63300,0,False,SCHEDULED,1631912400,HSL:9665K_20210917_La_1_1656,665K,HSL:9620108,Kellokoski
46260,46260,0,46260,46260,0,False,SCHEDULED,1631912400,HSL:9665K_20210917_La_2_1248,665K,HSL:9620109,Kellokoski
49860,49860,0,49860,49860,0,False,SCHEDULED,1631912400,HSL:9665K_20210917_La_2_1348,665K,HSL:9620109,Kellokoski
53460,53460,0,53460,53460,0,False,SCHEDULED,1631912400,HSL:9665K_20210917_La_2_1448,665K,HSL:9620109,Kellokoski
57060,57060,0,57060,57060,0,False,SCHEDULED,1631912400,HSL:9665K_20210917_La_2_1548,665K,HSL:9620109,Kellokoski
60720,60720,0,60720,60720,0,False,SCHEDULED,1631912400,HSL:9665K_20210917_La_2_1649,665K,HSL:9620109,Kellokoski
45060,45513,453,45060,45513,453,True,UPDATED,1631912400,HSL:1506_20210917_La_2_1154,506,HSL:1364105,Kiviteltankatu
45780,45737,-43,45780,45737,-43,True,UPDATED,1631912400,HSL:1071_20210917_La_1_1218,71,HSL:1364105,Kiviteltankatu
46380,46484,104,46380,46484,104,True,UPDATED,1631912400,HSL:1071_20210917_La_1_1228,71,HSL:1364105,Kiviteltankatu
46260,46599,339,46260,46599,339,True,UPDATED,1631912400,HSL:1506_20210917_La_2_1214,506,HSL:1364105,Kiviteltankatu
46980,46980,0,46980,46980,0,False,SCHEDULED,1631912400,HSL:1071_20210917_La_1_1238,71,HSL:1364105,Kiviteltankatu
48180,48180,0,48180,48180,0,False,SCHEDULED,1631912400,HSL:7848_20210917_La_2_1305,848,HSL:9213207,Grönkulla
51780,51780,0,51780,51780,0,False,SCHEDULED,1631912400,HSL:7848_20210917_La_2_1405,848,HSL:9213207,Grönkulla
55380,55380,0,55380,55380,0,False,SCHEDULED,1631912400,HSL:7848_20210917_La_2_1505,848,HSL:9213207,Grönkulla
58980,58980,0,58980,58980,0,False,SCHEDULED,1631912400,HSL:7848_20210917_La_2_1605,848,HSL:9213207,Grönkulla
62580,62580,0,62580,62580,0,False,SCHEDULED,1631912400,HSL:7848_20210917_La_2_1705,848,HSL:9213207,Grönkulla
46380,46380,0,46380,46380,0,False,SCHEDULED,1631912400,HSL:7848_20210917_La_1_1218,848,HSL:9213206,Grönkulla
49980,49980,0,49980,49980,0,False,SCHEDULED,1631912400,HSL:7848_20210917_La_1_1318,848,HSL:9213206,Grönkulla
53580,53580,0,53580,53580,0,False,SCHEDULED,1631912400,HSL:7848_20210917_La_1_1418,848,HSL:9213206,Grönkulla
57300,57300,0,57300,57300,0,False,SCHEDULED,1631912400,HSL:7848_20210917_La_1_1518,848,HSL:9213206,Grönkulla
60780,60780,0,60780,60780,0,False,SCHEDULED,1631912400,HSL:7848_20210917_La_1_1618,848,HSL:9213206,Grönkulla
46320,46320,0,46320,46320,0,False,SCHEDULED,1631912400,HSL:7848_20210917_La_1_1218,848,HSL:9213204,Salkoftintie
49920,49920,0,49920,49920,0,False,SCHEDULED,1631912400,HSL:7848_20210917_La_1_1318,848,HSL:9213204,Salkoftintie
53520,53520,0,53520,53520,0,False,SCHEDULED,1631912400,HSL:7848_20210917_La_1_1418,848,HSL:9213204,Salkoftintie
57240,57240,0,57240,57240,0,False,SCHEDULED,1631912400,HSL:7848_20210917_La_1_1518,848,HSL:9213204,Salkoftintie
60720,60720,0,60720,60720,0,False,SCHEDULED,1631912400,HSL:7848_20210917_La_1_1618,848,HSL:9213204,Salkoftintie
48180,48180,0,48180,48180,0,False,SCHEDULED,1631912400,HSL:7848_20210917_La_2_1305,848,HSL:9213203,Salkoftintie
51780,51780,0,51780,51780,0,False,SCHEDULED,1631912400,HSL:7848_20210917_La_2_1405,848,HSL:9213203,Salkoftintie
55380,55380,0,55380,55380,0,False,SCHEDULED,1631912400,HSL:7848_20210917_La_2_1505,848,HSL:9213203,Salkoftintie
58980,58980,0,58980,58980,0,False,SCHEDULED,1631912400,HSL:7848_20210917_La_2_1605,848,HSL:9213203,Salkoftintie
62580,62580,0,62580,62580,0,False,SCHEDULED,1631912400,HSL:7848_20210917_La_2_1705,848,HSL:9213203,Salkoftintie
45780,45843,63,45780,45843,63,True,UPDATED,1631912400,HSL:4560_20210917_La_1_1156,560,HSL:1352144,Torpparinmäentie
46080,46080,0,46080,46080,0,False,SCHEDULED,1631912400,HSL:1067_20210917_La_2_1244,67,HSL:1352144,Torpparinmäentie
46380,46424,44,46380,46424,44,True,UPDATED,1631912400,HSL:4560_20210917_La_1_1206,560,HSL:1352144,Torpparinmäentie
46980,46980,0,46980,46980,0,False,SCHEDULED,1631912400,HSL:4560_20210917_La_1_1216,560,HSL:1352144,Torpparinmäentie
47280,47280,0,47280,47280,0,False,SCHEDULED,1631912400,HSL:1067_20210917_La_2_1304,67,HSL:1352144,Torpparinmäentie
46380,46302,-78,46380,46317,-63,True,UPDATED,1631912400,HSL:1067_20210917_La_1_1216,67,HSL:1352145,Fallintori
47580,47580,0,47580,47580,0,False,SCHEDULED,1631912400,HSL:1067_20210917_La_1_1236,67,HSL:1352145,Fallintori
48780,48780,0,48780,48780,0,False,SCHEDULED,1631912400,HSL:1067_20210917_La_1_1256,67,HSL:1352145,Fallintori
49980,49980,0,49980,49980,0,False,SCHEDULED,1631912400,HSL:1067_20210917_La_1_1316,67,HSL:1352145,Fallintori
51240,51240,0,51240,51240,0,False,SCHEDULED,1631912400,HSL:1067_20210917_La_1_1336,67,HSL:1352145,Fallintori
45960,45960,0,45960,45960,0,False,SCHEDULED,1631912400,HSL:1067_20210917_La_2_1244,67,HSL:1352142,Asessorintie
47160,47160,0,47160,47160,0,False,SCHEDULED,1631912400,HSL:1067_20210917_La_2_1304,67,HSL:1352142,Asessorintie
48360,48360,0,48360,48360,0,False,SCHEDULED,1631912400,HSL:1067_20210917_La_2_1324,67,HSL:1352142,Asessorintie
49560,49560,0,49560,49560,0,False,SCHEDULED,1631912400,HSL:1067_20210917_La_2_1344,67,HSL:1352142,Asessorintie
50760,50760,0,50760,50760,0,False,SCHEDULED,1631912400,HSL:1067_20210917_La_2_1404,67,HSL:1352142,Asessorintie
45660,45698,38,45660,45710,50,True,UPDATED,1631912400,HSL:4560_20210917_La_2_1225,560,HSL:1352143,Torpparinmäentie
46200,46180,-20,46200,46186,-14,True,UPDATED,1631912400,HSL:1067_20210917_La_1_1216,67,HSL:1352143,Torpparinmäentie
46260,46260,0,46260,46260,0,False,SCHEDULED,1631912400,HSL:4560_20210917_La_2_1235,560,HSL:1352143,Torpparinmäentie
46860,46860,0,46860,46860,0,False,SCHEDULED,1631912400,HSL:4560_20210917_La_2_1245,560,HSL:1352143,Torpparinmäentie
47400,47400,0,47400,47400,0,False,SCHEDULED,1631912400,HSL:1067_20210917_La_1_1236,67,HSL:1352143,Torpparinmäentie
45180,45369,189,45180,45390,210,True,UPDATED,1631912400,HSL:1067_20210917_La_1_1156,67,HSL:1352148,Laamanninpuisto
45840,45840,0,45840,45840,0,False,SCHEDULED,1631912400,HSL:1067_20210917_La_2_1244,67,HSL:1352148,Laamanninpuisto
46440,46365,-75,46440,46544,104,True,UPDATED,1631912400,HSL:1067_20210917_La_1_1216,67,HSL:1352148,Laamanninpuisto
47040,47040,0,47040,47040,0,False,SCHEDULED,1631912400,HSL:1067_20210917_La_2_1304,67,HSL:1352148,Laamanninpuisto
47640,47640,0,47640,47640,0,False,SCHEDULED,1631912400,HSL:1067_20210917_La_1_1236,67,HSL:1352148,Laamanninpuisto
45900,45900,0,45900,45900,0,False,SCHEDULED,1631912400,HSL:1067_20210917_La_2_1244,67,HSL:1352146,Fallintori
47100,47100,0,47100,47100,0,False,SCHEDULED,1631912400,HSL:1067_20210917_La_2_1304,67,HSL:1352146,Fallintori
48300,48300,0,48300,48300,0,False,SCHEDULED,1631912400,HSL:1067_20210917_La_2_1324,67,HSL:1352146,Fallintori
49500,49500,0,49500,49500,0,False,SCHEDULED,1631912400,HSL:1067_20210917_La_2_1344,67,HSL:1352146,Fallintori
50700,50700,0,50700,50700,0,False,SCHEDULED,1631912400,HSL:1067_20210917_La_2_1404,67,HSL:1352146,Fallintori
45720,45690,-30,45720,45690,-30,True,UPDATED,1631912400,HSL:4615_20210917_La_1_1225,615,HSL:1250203,Käpylänaukio
45960,45939,-21,45960,45952,-8,True,UPDATED,1631912400,HSL:4611_20210917_La_1_1229,611,HSL:1250203,Käpylänaukio
46680,46680,0,46680,46680,0,False,SCHEDULED,1631912400,HSL:4614_20210917_La_1_1240,614,HSL:1250203,Käpylänaukio
47160,47160,0,47160,47160,0,False,SCHEDULED,1631912400,HSL:4611_20210917_La_1_1249,611,HSL:1250203,Käpylänaukio
47520,47520,0,47520,47520,0,False,SCHEDULED,1631912400,HSL:4615_20210917_La_1_1255,615,HSL:1250203,Käpylänaukio
45180,45408,228,45180,45408,228,True,UPDATED,1631912400,HSL:2531_20210917_La_2_1200,531,HSL:2311207,Akselinpolku
45600,45675,75,45600,45683,83,True,UPDATED,1631912400,HSL:2531B_20210917_La_2_1231,531B,HSL:2311207,Akselinpolku
46080,46148,68,46080,46157,77,True,UPDATED,1631912400,HSL:2531_20210917_La_2_1215,531,HSL:2311207,Akselinpolku
46500,46500,0,46500,46500,0,False,SCHEDULED,1631912400,HSL:2531B_20210917_La_2_1246,531B,HSL:2311207,Akselinpolku
47040,47137,97,47040,47149,109,True,UPDATED,1631912400,HSL:2531_20210917_La_2_1230,531,HSL:2311207,Akselinpolku
45240,45428,188,45240,45443,203,True,UPDATED,1631912400,HSL:2531_20210917_La_2_1200,531,HSL:2311208,Sepetlahdentie
45660,45733,73,45660,45744,84,True,UPDATED,1631912400,HSL:2531B_20210917_La_2_1231,531B,HSL:2311208,Sepetlahdentie
46140,46181,41,46140,46225,85,True,UPDATED,1631912400,HSL:2531_20210917_La_2_1215,531,HSL:2311208,Sepetlahdentie
46560,46560,0,46560,46560,0,False,SCHEDULED,1631912400,HSL:2531B_20210917_La_2_1246,531B,HSL:2311208,Sepetlahdentie
47040,47149,109,47040,47149,109,True,UPDATED,1631912400,HSL:2531_20210917_La_2_1230,531,HSL:2311208,Sepetlahdentie
45360,45430,70,45360,45451,91,True,UPDATED,1631912400,HSL:2531B_20210917_La_1_1229,531B,HSL:2311209,Sepetlahdentie
45780,45780,0,45780,45780,0,False,SCHEDULED,1631912400,HSL:2531_20210917_La_1_1236,531,HSL:2311209,Sepetlahdentie
46260,46260,0,46260,46260,0,False,SCHEDULED,1631912400,HSL:2531B_20210917_La_1_1244,531B,HSL:2311209,Sepetlahdentie
46680,46680,0,46680,46680,0,False,SCHEDULED,1631912400,HSL:2531_20210917_La_1_1251,531,HSL:2311209,Sepetlahdentie
47160,47160,0,47160,47160,0,False,SCHEDULED,1631912400,HSL:2531B_20210917_La_1_1259,531B,HSL:2311209,Sepetlahdentie
45480,45502,22,45540,45564,24,True,UPDATED,1631912400,HSL:2531B_20210917_La_2_1231,531B,HSL:2311201,Matinkylä (M)
45480,45589,109,45480,45621,141,True,UPDATED,1631912400,HSL:2133_20210917_La_2_1224,133,HSL:2311201,Matinkylä (M)
45420,45621,201,45420,45650,230,True,UPDATED,1631912400,HSL:2532_20210917_La_2_1205,532,HSL:2311201,Matinkylä (M)
46020,45983,-37,46020,46017,-3,True,UPDATED,1631912400,HSL:2111_20210917_La_1_1215,111,HSL:2311201,Matinkylä (M)
45960,45953,-7,46020,46066,46,True,UPDATED,1631912400,HSL:2531_20210917_La_2_1215,531,HSL:2311201,Matinkylä (M)
45180,45349,169,45180,45359,179,True,UPDATED,1631912400,HSL:2531_20210917_La_2_1200,531,HSL:2311205,Anjankuja
45600,45669,69,45600,45675,75,True,UPDATED,1631912400,HSL:2531B_20210917_La_2_1231,531B,HSL:2311205,Anjankuja
46080,46105,25,46080,46145,65,True,UPDATED,1631912400,HSL:2531_20210917_La_2_1215,531,HSL:2311205,Anjankuja
46500,46500,0,46500,46500,0,False,SCHEDULED,1631912400,HSL:2531B_20210917_La_2_1246,531B,HSL:2311205,Anjankuja
46980,47057,77,46980,47065,85,True,UPDATED,1631912400,HSL:2531_20210917_La_2_1230,531,HSL:2311205,Anjankuja
45420,45486,66,45420,45501,81,True,UPDATED,1631912400,HSL:2531B_20210917_La_1_1229,531B,HSL:2311206,Akselinpolku
45840,45840,0,45840,45840,0,False,SCHEDULED,1631912400,HSL:2531_20210917_La_1_1236,531,HSL:2311206,Akselinpolku
46320,46320,0,46320,46320,0,False,SCHEDULED,1631912400,HSL:2531B_20210917_La_1_1244,531B,HSL:2311206,Akselinpolku
46740,46740,0,46740,46740,0,False,SCHEDULED,1631912400,HSL:2531_20210917_La_1_1251,531,HSL:2311206,Akselinpolku
47220,47220,0,47220,47220,0,False,SCHEDULED,1631912400,HSL:2531B_20210917_La_1_1259,531B,HSL:2311206,Akselinpolku
45300,45388,88,45300,45394,94,True,UPDATED,1631912400,HSL:4611_20210917_La_2_1208,611,HSL:1352119,Kuusmiehenkaari
46500,46484,-16,46500,46490,-10,True,UPDATED,1631912400,HSL:4611_20210917_La_2_1228,611,HSL:1352119,Kuusmiehenkaari
47700,47700,0,47700,47700,0,False,SCHEDULED,1631912400,HSL:4611_20210917_La_2_1248,611,HSL:1352119,Kuusmiehenkaari
48900,48900,0,48900,48900,0,False,SCHEDULED,1631912400,HSL:4611_20210917_La_2_1308,611,HSL:1352119,Kuusmiehenkaari
50100,50100,0,50100,50100,0,False,SCHEDULED,1631912400,HSL:4611_20210917_La_2_1328,611,HSL:1352119,Kuusmiehenkaari
48360,48360,0,48360,48360,0,False,SCHEDULED,1631912400,HSL:7192V_20210917_La_1_1240,192V,HSL:6304005,Störsvik th
56820,56820,0,56820,56820,0,False,SCHEDULED,1631912400,HSL:7192T_20210917_La_1_1500,192T,HSL:6304005,Störsvik th
58380,58380,0,58380,58380,0,False,SCHEDULED,1631912400,HSL:7191_20210917_La_1_1605,191,HSL:6304005,Störsvik th
58380,58380,0,58380,58380,0,False,SCHEDULED,1631912400,HSL:6182A_20210917_La_1_1600,182A,HSL:6304005,Störsvik th
65760,65760,0,65760,65760,0,False,SCHEDULED,1631912400,HSL:7192V_20210917_La_1_1740,192V,HSL:6304005,Störsvik th
47880,47880,0,47880,47880,0,False,SCHEDULED,1631912400,HSL:7192V_20210917_La_2_1315,192V,HSL:6304006,Störsvik th
59160,59160,0,59160,59160,0,False,SCHEDULED,1631912400,HSL:7192V_20210917_La_2_1623,192V,HSL:6304006,Störsvik th
60360,60360,0,60360,60360,0,False,SCHEDULED,1631912400,HSL:6182A_20210917_La_2_1630,182A,HSL:6304006,Störsvik th
62280,62280,0,62280,62280,0,False,SCHEDULED,1631912400,HSL:7192V_20210917_La_2_1715,192V,HSL:6304006,Störsvik th
76740,76740,0,76740,76740,0,False,SCHEDULED,1631912400,HSL:7191_20210917_La_2_2113,191,HSL:6304006,Störsvik th
60120,60120,0,60120,60120,0,False,SCHEDULED,1631912400,HSL:6182A_20210917_La_2_1630,182A,HSL:6304007,Sunnanvik tiehaara
40320,40320,0,40320,40320,0,False,SCHEDULED,1631998800,HSL:6182A_20210917_Su_2_1100,182A,HSL:6304007,Sunnanvik tiehaara
58560,58560,0,58560,58560,0,False,SCHEDULED,1631912400,HSL:6182A_20210917_La_1_1600,182A,HSL:6304008,Sunnanvik tiehaara
38760,38760,0,38760,38760,0,False,SCHEDULED,1631998800,HSL:6182A_20210917_Su_1_1030,182A,HSL:6304008,Sunnanvik tiehaara
48720,48720,0,48720,48720,0,False,SCHEDULED,1631912400,HSL:7192V_20210917_La_1_1240,192V,HSL:6304001,Eteläinen Laversinti
57180,57180,0,57180,57180,0,False,SCHEDULED,1631912400,HSL:7192T_20210917_La_1_1500,192T,HSL:6304001,Eteläinen Laversinti
58500,58500,0,58500,58500,0,False,SCHEDULED,1631912400,HSL:7191_20210917_La_1_1605,191,HSL:6304001,Eteläinen Laversinti
65880,65880,0,65880,65880,0,False,SCHEDULED,1631912400,HSL:7192V_20210917_La_1_1740,192V,HSL:6304001,Eteläinen Laversinti
70140,70140,0,70140,70140,0,False,SCHEDULED,1631912400,HSL:7192T_20210917_La_1_1835,192T,HSL:6304001,Eteläinen Laversinti
47820,47820,0,47820,47820,0,False,SCHEDULED,1631912400,HSL:7192V_20210917_La_2_1315,192V,HSL:6304002,Kalliotie
59100,59100,0,59100,59100,0,False,SCHEDULED,1631912400,HSL:7192V_20210917_La_2_1623,192V,HSL:6304002,Kalliotie
60240,60240,0,60240,60240,0,False,SCHEDULED,1631912400,HSL:6182A_20210917_La_2_1630,182A,HSL:6304002,Kalliotie
62220,62220,0,62220,62220,0,False,SCHEDULED,1631912400,HSL:7192V_20210917_La_2_1715,192V,HSL:6304002,Kalliotie
76560,76560,0,76560,76560,0,False,SCHEDULED,1631912400,HSL:7191_20210917_La_2_2113,191,HSL:6304002,Kalliotie
48600,48600,0,48600,48600,0,False,SCHEDULED,1631912400,HSL:7192V_20210917_La_1_1240,192V,HSL:6304003,Kalliotie
57060,57060,0,57060,57060,0,False,SCHEDULED,1631912400,HSL:7192T_20210917_La_1_1500,192T,HSL:6304003,Kalliotie
58440,58440,0,58440,58440,0,False,SCHEDULED,1631912400,HSL:7191_20210917_La_1_1605,191,HSL:6304003,Kalliotie
58500,58500,0,58500,58500,0,False,SCHEDULED,1631912400,HSL:6182A_20210917_La_1_1600,182A,HSL:6304003,Kalliotie
65820,65820,0,65820,65820,0,False,SCHEDULED,1631912400,HSL:7192V_20210917_La_1_1740,192V,HSL:6304003,Kalliotie
58500,58500,0,58500,58500,0,False,SCHEDULED,1631912400,HSL:6182A_20210917_La_1_1600,182A,HSL:6304009,Ruohosuontie
38700,38700,0,38700,38700,0,False,SCHEDULED,1631998800,HSL:6182A_20210917_Su_1_1030,182A,HSL:6304009,Ruohosuontie
45540,45540,0,45540,45540,0,False,SCHEDULED,1631912400,HSL:4731_20210917_La_1_1239,731,HSL:1111301,Hakaniemi
47280,47280,0,47280,47280,0,False,SCHEDULED,1631912400,HSL:4731_20210917_La_1_1308,731,HSL:1111301,Hakaniemi
49080,49080,0,49080,49080,0,False,SCHEDULED,1631912400,HSL:4731_20210917_La_1_1338,731,HSL:1111301,Hakaniemi
50880,50880,0,50880,50880,0,False,SCHEDULED,1631912400,HSL:4731_20210917_La_1_1408,731,HSL:1111301,Hakaniemi
52620,52620,0,52620,52620,0,False,SCHEDULED,1631912400,HSL:4731_20210917_La_1_1437,731,HSL:1111301,Hakaniemi
46260,46284,24,46260,46284,24,True,UPDATED,1631912400,HSL:2553K_20210917_La_2_1203,553K,HSL:1412298,Heikinlaakso
47460,47508,48,47460,47508,48,True,UPDATED,1631912400,HSL:2553K_20210917_La_2_1223,553K,HSL:1412298,Heikinlaakso
48660,48660,0,48660,48660,0,False,SCHEDULED,1631912400,HSL:2553K_20210917_La_2_1242,553K,HSL:1412298,Heikinlaakso
49860,49860,0,49860,49860,0,False,SCHEDULED,1631912400,HSL:2553K_20210917_La_2_1302,553K,HSL:1412298,Heikinlaakso
51060,51060,0,51060,51060,0,False,SCHEDULED,1631912400,HSL:2553K_20210917_La_2_1322,553K,HSL:1412298,Heikinlaakso
47700,47700,0,47700,47700,0,False,SCHEDULED,1631912400,HSL:7192V_20210917_La_2_1315,192V,HSL:6304000,Eteläinen Laversinti
58980,58980,0,58980,58980,0,False,SCHEDULED,1631912400,HSL:7192V_20210917_La_2_1623,192V,HSL:6304000,Eteläinen Laversinti
62100,62100,0,62100,62100,0,False,SCHEDULED,1631912400,HSL:7192V_20210917_La_2_1715,192V,HSL:6304000,Eteläinen Laversinti
76380,76380,0,76380,76380,0,False,SCHEDULED,1631912400,HSL:7191_20210917_La_2_2113,191,HSL:6304000,Eteläinen Laversinti
80100,80100,0,80100,80100,0,False,SCHEDULED,1631912400,HSL:7192V_20210917_La_2_2215,192V,HSL:6304000,Eteläinen Laversinti
45120,45351,231,45120,45389,269,True,UPDATED,1631912400,HSL:2553K_20210917_La_2_1143,553K,HSL:1412296,Korvasienentie
46320,46350,30,46320,46353,33,True,UPDATED,1631912400,HSL:2553K_20210917_La_2_1203,553K,HSL:1412296,Korvasienentie
47520,47559,39,47520,47575,55,True,UPDATED,1631912400,HSL:2553K_20210917_La_2_1223,553K,HSL:1412296,Korvasienentie
48720,48720,0,48720,48720,0,False,SCHEDULED,1631912400,HSL:2553K_20210917_La_2_1242,553K,HSL:1412296,Korvasienentie
49920,49920,0,49920,49920,0,False,SCHEDULED,1631912400,HSL:2553K_20210917_La_2_1302,553K,HSL:1412296,Korvasienentie
45600,45678,78,45600,45721,121,True,UPDATED,1631912400,HSL:1006_20210917_La_1_1216,6,HSL:1220406,Lautatarhankatu
46320,46449,129,46320,46462,142,True,UPDATED,1631912400,HSL:1006_20210917_La_1_1228,6,HSL:1220406,Lautatarhankatu
47040,47040,0,47040,47040,0,True,UPDATED,1631912400,HSL:1006_20210917_La_1_1240,6,HSL:1220406,Lautatarhankatu
47760,47760,0,47760,47760,0,False,SCHEDULED,1631912400,HSL:1006_20210917_La_1_1252,6,HSL:1220406,Lautatarhankatu
48480,48480,0,48480,48480,0,False,SCHEDULED,1631912400,HSL:1006_20210917_La_1_1304,6,HSL:1220406,Lautatarhankatu
45840,45908,68,45840,45976,136,True,UPDATED,1631912400,HSL:1006_20210917_La_1_1216,6,HSL:1220403,Paavalinkirkko
46560,46679,119,46560,46704,144,True,UPDATED,1631912400,HSL:1006_20210917_La_1_1228,6,HSL:1220403,Paavalinkirkko
47280,47280,0,47280,47280,0,True,UPDATED,1631912400,HSL:1006_20210917_La_1_1240,6,HSL:1220403,Paavalinkirkko
48000,48000,0,48000,48000,0,False,SCHEDULED,1631912400,HSL:1006_20210917_La_1_1252,6,HSL:1220403,Paavalinkirkko
48720,48720,0,48720,48720,0,False,SCHEDULED,1631912400,HSL:1006_20210917_La_1_1304,6,HSL:1220403,Paavalinkirkko
45480,45471,-9,45480,45474,-6,True,UPDATED,1631912400,HSL:2125_20210917_La_2_1215,125,HSL:2322247,Gräsantulli
45900,46013,113,45900,46055,155,True,UPDATED,1631912400,HSL:2124K_20210917_La_2_1218,124K,HSL:2322247,Gräsantulli
46380,46437,57,46380,46439,59,True,UPDATED,1631912400,HSL:2125_20210917_La_2_1230,125,HSL:2322247,Gräsantulli
46800,46800,0,46800,46800,0,False,SCHEDULED,1631912400,HSL:2124_20210917_La_2_1233,124,HSL:2322247,Gräsantulli
47280,47280,0,47280,47280,0,False,SCHEDULED,1631912400,HSL:2125_20210917_La_2_1245,125,HSL:2322247,Gräsantulli
46020,46020,0,46020,46020,0,False,SCHEDULED,1631912400,HSL:1006_20210917_La_2_1242,6,HSL:1220404,Paavalinkirkko
46740,46740,0,46740,46740,0,False,SCHEDULED,1631912400,HSL:1006_20210917_La_2_1254,6,HSL:1220404,Paavalinkirkko
47460,47460,0,47460,47460,0,False,SCHEDULED,1631912400,HSL:1006_20210917_La_2_1306,6,HSL:1220404,Paavalinkirkko
48240,48240,0,48240,48240,0,False,SCHEDULED,1631912400,HSL:1006_20210917_La_2_1319,6,HSL:1220404,Paavalinkirkko
48960,48960,0,48960,48960,0,False,SCHEDULED,1631912400,HSL:1006_20210917_La_2_1331,6,HSL:1220404,Paavalinkirkko
45300,45411,111,45300,45411,111,True,UPDATED,1631912400,HSL:2532_20210917_La_1_1224,532,HSL:2322248,Yliskallio
45480,45533,53,45480,45535,55,True,UPDATED,1631912400,HSL:2133_20210917_La_1_1224,133,HSL:2322248,Yliskallio
45840,45877,37,45840,45880,40,True,UPDATED,1631912400,HSL:2533_20210917_La_1_1233,533,HSL:2322248,Yliskallio
45900,46040,140,45900,46041,141,True,UPDATED,1631912400,HSL:2543_20210917_La_2_1222,543,HSL:2322248,Yliskallio
46200,46200,0,46200,46200,0,False,SCHEDULED,1631912400,HSL:2532_20210917_La_1_1239,532,HSL:2322248,Yliskallio
45480,45480,0,45480,45480,0,False,SCHEDULED,1631912400,HSL:1006_20210917_La_2_1230,6,HSL:1220409,Hauhon puisto
46200,46200,0,46200,46200,0,False,SCHEDULED,1631912400,HSL:1006_20210917_La_2_1242,6,HSL:1220409,Hauhon puisto
46920,46920,0,46920,46920,0,False,SCHEDULED,1631912400,HSL:1006_20210917_La_2_1254,6,HSL:1220409,Hauhon puisto
47640,47640,0,47640,47640,0,False,SCHEDULED,1631912400,HSL:1006_20210917_La_2_1306,6,HSL:1220409,Hauhon puisto
48420,48420,0,48420,48420,0,False,SCHEDULED,1631912400,HSL:1006_20210917_La_2_1319,6,HSL:1220409,Hauhon puisto
45540,45540,0,45540,45540,0,False,SCHEDULED,1631912400,HSL:1006_20210917_La_2_1230,6,HSL:1220407,Lautatarhankatu
46260,46260,0,46260,46260,0,False,SCHEDULED,1631912400,HSL:1006_20210917_La_2_1242,6,HSL:1220407,Lautatarhankatu
46980,46980,0,46980,46980,0,False,SCHEDULED,1631912400,HSL:1006_20210917_La_2_1254,6,HSL:1220407,Lautatarhankatu
47700,47700,0,47700,47700,0,False,SCHEDULED,1631912400,HSL:1006_20210917_La_2_1306,6,HSL:1220407,Lautatarhankatu
48480,48480,0,48480,48480,0,False,SCHEDULED,1631912400,HSL:1006_20210917_La_2_1319,6,HSL:1220407,Lautatarhankatu
45660,45725,65,45660,45764,104,True,UPDATED,1631912400,HSL:1006_20210917_La_1_1216,6,HSL:1220408,Hauhon puisto
46380,46507,127,46380,46520,140,True,UPDATED,1631912400,HSL:1006_20210917_La_1_1228,6,HSL:1220408,Hauhon puisto
47100,47100,0,47100,47100,0,True,UPDATED,1631912400,HSL:1006_20210917_La_1_1240,6,HSL:1220408,Hauhon puisto
47820,47820,0,47820,47820,0,False,SCHEDULED,1631912400,HSL:1006_20210917_La_1_1252,6,HSL:1220408,Hauhon puisto
48540,48540,0,48540,48540,0,False,SCHEDULED,1631912400,HSL:1006_20210917_La_1_1304,6,HSL:1220408,Hauhon puisto
45600,45600,0,45600,45600,0,False,SCHEDULED,1631912400,HSL:1009_20210917_La_2_1237,9,HSL:1220402,Jämsänkatu
46320,46320,0,46320,46320,0,False,SCHEDULED,1631912400,HSL:1009_20210917_La_2_1249,9,HSL:1220402,Jämsänkatu
47040,47040,0,47040,47040,0,False,SCHEDULED,1631912400,HSL:1009_20210917_La_2_1301,9,HSL:1220402,Jämsänkatu
47760,47760,0,47760,47760,0,False,SCHEDULED,1631912400,HSL:1009_20210917_La_2_1313,9,HSL:1220402,Jämsänkatu
48480,48480,0,48480,48480,0,False,SCHEDULED,1631912400,HSL:1009_20210917_La_2_1325,9,HSL:1220402,Jämsänkatu
49500,49500,0,49500,49500,0,False,SCHEDULED,1631912400,HSL:7192V_20210917_La_2_1315,192V,HSL:2232280,Matinsolmu
60840,60840,0,60840,60840,0,False,SCHEDULED,1631912400,HSL:7192V_20210917_La_2_1623,192V,HSL:2232280,Matinsolmu
63900,63900,0,63900,63900,0,False,SCHEDULED,1631912400,HSL:7192V_20210917_La_2_1715,192V,HSL:2232280,Matinsolmu
81900,81900,0,81900,81900,0,False,SCHEDULED,1631912400,HSL:7192V_20210917_La_2_2215,192V,HSL:2232280,Matinsolmu
84180,84180,0,84180,84180,0,False,SCHEDULED,1631912400,HSL:2147N_20210917_La_2_2304,147N,HSL:2232280,Matinsolmu
45360,45441,81,45360,45441,81,True,UPDATED,1631912400,HSL:2532_20210917_La_1_1224,532,HSL:2322240,Ylismäenristi
45480,45575,95,45480,45580,100,True,UPDATED,1631912400,HSL:2133_20210917_La_1_1224,133,HSL:2322240,Ylismäenristi
45900,45908,8,45900,45915,15,True,UPDATED,1631912400,HSL:2533_20210917_La_1_1233,533,HSL:2322240,Ylismäenristi
45960,46069,109,45960,46072,112,True,UPDATED,1631912400,HSL:2543_20210917_La_2_1222,543,HSL:2322240,Ylismäenristi
46260,46260,0,46260,46260,0,False,SCHEDULED,1631912400,HSL:2532_20210917_La_1_1239,532,HSL:2322240,Ylismäenristi
45720,45782,62,45720,45793,73,True,UPDATED,1631912400,HSL:2533_20210917_La_1_1233,533,HSL:2322238,Alaportti
45840,45961,121,45840,45967,127,True,UPDATED,1631912400,HSL:2543_20210917_La_2_1222,543,HSL:2322238,Alaportti
46080,46080,0,46080,46080,0,False,SCHEDULED,1631912400,HSL:2532_20210917_La_1_1239,532,HSL:2322238,Alaportti
46140,46188,48,46140,46231,91,True,UPDATED,1631912400,HSL:2125_20210917_La_2_1230,125,HSL:2322238,Alaportti
46620,46620,0,46620,46620,0,False,SCHEDULED,1631912400,HSL:2533_20210917_La_1_1248,533,HSL:2322238,Alaportti
45420,45499,79,45420,45514,94,True,UPDATED,1631912400,HSL:1007_20210917_La_1_1207,7,HSL:1220416,Hattulantie
45540,45753,213,45540,45766,226,True,UPDATED,1631912400,HSL:1001_20210917_La_1_1210,1,HSL:1220416,Hattulantie
46140,46167,27,46140,46195,55,True,UPDATED,1631912400,HSL:1007_20210917_La_1_1218,7,HSL:1220416,Hattulantie
46260,46515,255,46260,46540,280,True,UPDATED,1631912400,HSL:1001_20210917_La_1_1222,1,HSL:1220416,Hattulantie
46860,46896,36,46860,46896,36,True,UPDATED,1631912400,HSL:1007_20210917_La_1_1230,7,HSL:1220416,Hattulantie
45720,45759,39,45720,45759,39,True,UPDATED,1631912400,HSL:1001_20210917_La_2_1233,1,HSL:1220417,Hattulantie
45780,45780,0,45780,45780,0,True,UPDATED,1631912400,HSL:1007_20210917_La_2_1236,7,HSL:1220417,Hattulantie
46440,46440,0,46440,46440,0,False,SCHEDULED,1631912400,HSL:1001_20210917_La_2_1245,1,HSL:1220417,Hattulantie
46500,46500,0,46500,46500,0,False,SCHEDULED,1631912400,HSL:1007_20210917_La_2_1248,7,HSL:1220417,Hattulantie
47160,47160,0,47160,47160,0,False,SCHEDULED,1631912400,HSL:1001_20210917_La_2_1257,1,HSL:1220417,Hattulantie
45420,45563,143,45420,45569,149,True,UPDATED,1631912400,HSL:2533_20210917_La_2_1209,533,HSL:2322239,Ylismäenristi
45780,45835,55,45780,45839,59,True,UPDATED,1631912400,HSL:2532_20210917_La_2_1219,532,HSL:2322239,Ylismäenristi
46140,46127,-13,46140,46127,-13,True,UPDATED,1631912400,HSL:2543_20210917_La_1_1225,543,HSL:2322239,Ylismäenristi
46320,46349,29,46320,46349,29,True,UPDATED,1631912400,HSL:2533_20210917_La_2_1223,533,HSL:2322239,Ylismäenristi
46680,46680,0,46680,46680,0,True,UPDATED,1631912400,HSL:2532_20210917_La_2_1234,532,HSL:2322239,Ylismäenristi
45240,45358,118,45240,45358,118,True,UPDATED,1631912400,HSL:2532_20210917_La_1_1224,532,HSL:2322236,Itäportti
45780,45826,46,45780,45833,53,True,UPDATED,1631912400,HSL:2533_20210917_La_1_1233,533,HSL:2322236,Itäportti
45900,45997,97,45900,45999,99,True,UPDATED,1631912400,HSL:2543_20210917_La_2_1222,543,HSL:2322236,Itäportti
46140,46140,0,46140,46140,0,False,SCHEDULED,1631912400,HSL:2532_20210917_La_1_1239,532,HSL:2322236,Itäportti
46140,46231,91,46140,46236,96,True,UPDATED,1631912400,HSL:2125_20210917_La_2_1230,125,HSL:2322236,Itäportti
45300,45550,250,45300,45563,263,True,UPDATED,1631912400,HSL:2125_20210917_La_1_1225,125,HSL:2322237,Alaportti
45600,45731,131,45600,45731,131,True,UPDATED,1631912400,HSL:2533_20210917_La_2_1209,533,HSL:2322237,Alaportti
45960,45949,-11,45960,45963,3,True,UPDATED,1631912400,HSL:2532_20210917_La_2_1219,532,HSL:2322237,Alaportti
46200,46200,0,46200,46200,0,False,SCHEDULED,1631912400,HSL:2125_20210917_La_1_1240,125,HSL:2322237,Alaportti
46260,46246,-14,46260,46253,-7,True,UPDATED,1631912400,HSL:2543_20210917_La_1_1225,543,HSL:2322237,Alaportti
45240,45491,251,45240,45497,257,True,UPDATED,1631912400,HSL:2125_20210917_La_1_1225,125,HSL:2322234,Ylisrinne
45480,45605,125,45480,45608,128,True,UPDATED,1631912400,HSL:2533_20210917_La_2_1209,533,HSL:2322234,Ylisrinne
45840,45875,35,45840,45879,39,True,UPDATED,1631912400,HSL:2532_20210917_La_2_1219,532,HSL:2322234,Ylisrinne
46140,46140,0,46140,46140,0,False,SCHEDULED,1631912400,HSL:2125_20210917_La_1_1240,125,HSL:2322234,Ylisrinne
46200,46189,-11,46200,46191,-9,True,UPDATED,1631912400,HSL:2543_20210917_La_1_1225,543,HSL:2322234,Ylisrinne
45300,45531,231,45300,45542,242,True,UPDATED,1631912400,HSL:2125_20210917_La_1_1225,125,HSL:2322235,Itäportti
45540,45671,131,45540,45671,131,True,UPDATED,1631912400,HSL:2533_20210917_La_2_1209,533,HSL:2322235,Itäportti
45900,45906,6,45900,45912,12,True,UPDATED,1631912400,HSL:2532_20210917_La_2_1219,532,HSL:2322235,Itäportti
46200,46195,-5,46200,46195,-5,True,UPDATED,1631912400,HSL:2543_20210917_La_1_1225,543,HSL:2322235,Itäportti
46200,46200,0,46200,46200,0,False,SCHEDULED,1631912400,HSL:2125_20210917_La_1_1240,125,HSL:2322235,Itäportti
45300,45339,39,45300,45339,39,True,UPDATED,1631912400,HSL:2125_20210917_La_2_1215,125,HSL:2322232,Ylisrinne
46200,46276,76,46200,46280,80,True,UPDATED,1631912400,HSL:2125_20210917_La_2_1230,125,HSL:2322232,Ylisrinne
46920,46920,0,46920,46920,0,False,SCHEDULED,1631912400,HSL:2133_20210917_La_2_1254,133,HSL:2322232,Ylisrinne
47100,47100,0,47100,47100,0,False,SCHEDULED,1631912400,HSL:2125_20210917_La_2_1245,125,HSL:2322232,Ylisrinne
48000,48000,0,48000,48000,0,False,SCHEDULED,1631912400,HSL:2125_20210917_La_2_1300,125,HSL:2322232,Ylisrinne
45480,45557,77,45480,45568,88,True,UPDATED,1631912400,HSL:1007_20210917_La_1_1207,7,HSL:1220418,Rautalammintie
45600,45799,199,45600,45807,207,True,UPDATED,1631912400,HSL:1001_20210917_La_1_1210,1,HSL:1220418,Rautalammintie
46200,46220,20,46200,46239,39,True,UPDATED,1631912400,HSL:1007_20210917_La_1_1218,7,HSL:1220418,Rautalammintie
46320,46562,242,46320,46573,253,True,UPDATED,1631912400,HSL:1001_20210917_La_1_1222,1,HSL:1220418,Rautalammintie
46920,46956,36,46920,46956,36,True,UPDATED,1631912400,HSL:1007_20210917_La_1_1230,7,HSL:1220418,Rautalammintie
45660,45699,39,45660,45699,39,True,UPDATED,1631912400,HSL:1001_20210917_La_2_1233,1,HSL:1220419,Rautalammintie
45720,45720,0,45720,45720,0,True,UPDATED,1631912400,HSL:1007_20210917_La_2_1236,7,HSL:1220419,Rautalammintie
46380,46380,0,46380,46380,0,False,SCHEDULED,1631912400,HSL:1001_20210917_La_2_1245,1,HSL:1220419,Rautalammintie
46440,46440,0,46440,46440,0,False,SCHEDULED,1631912400,HSL:1007_20210917_La_2_1248,7,HSL:1220419,Rautalammintie
47100,47100,0,47100,47100,0,False,SCHEDULED,1631912400,HSL:1001_20210917_La_2_1257,1,HSL:1220419,Rautalammintie
45780,45800,20,45780,45851,71,True,UPDATED,1631912400,HSL:1006_20210917_La_1_1216,6,HSL:1220410,Vallilan varikko
46500,46588,88,46500,46604,104,True,UPDATED,1631912400,HSL:1006_20210917_La_1_1228,6,HSL:1220410,Vallilan varikko
47220,47220,0,47220,47220,0,True,UPDATED,1631912400,HSL:1006_20210917_La_1_1240,6,HSL:1220410,Vallilan varikko
47940,47940,0,47940,47940,0,False,SCHEDULED,1631912400,HSL:1006_20210917_La_1_1252,6,HSL:1220410,Vallilan varikko
48660,48660,0,48660,48660,0,False,SCHEDULED,1631912400,HSL:1006_20210917_La_1_1304,6,HSL:1220410,Vallilan varikko
46140,46140,0,46140,46140,0,False,SCHEDULED,1631912400,HSL:3002E_20210917_La_2_1235,E,HSL:2131551,Kilo
46980,46980,0,46980,46980,0,False,SCHEDULED,1631912400,HSL:3002U_20210917_La_2_1237,U,HSL:2131551,Kilo
47940,47940,0,47940,47940,0,False,SCHEDULED,1631912400,HSL:3002E_20210917_La_2_1305,E,HSL:2131551,Kilo
48780,48780,0,48780,48780,0,False,SCHEDULED,1631912400,HSL:3002U_20210917_La_2_1307,U,HSL:2131551,Kilo
49740,49740,0,49740,49740,0,False,SCHEDULED,1631912400,HSL:3002E_20210917_La_2_1335,E,HSL:2131551,Kilo
45360,45360,0,45360,45360,0,False,SCHEDULED,1631912400,HSL:1006_20210917_La_2_1230,6,HSL:1220411,Vallilan varikko
46080,46080,0,46080,46080,0,False,SCHEDULED,1631912400,HSL:1006_20210917_La_2_1242,6,HSL:1220411,Vallilan varikko
46800,46800,0,46800,46800,0,False,SCHEDULED,1631912400,HSL:1006_20210917_La_2_1254,6,HSL:1220411,Vallilan varikko
47520,47520,0,47520,47520,0,False,SCHEDULED,1631912400,HSL:1006_20210917_La_2_1306,6,HSL:1220411,Vallilan varikko
48300,48300,0,48300,48300,0,False,SCHEDULED,1631912400,HSL:1006_20210917_La_2_1319,6,HSL:1220411,Vallilan varikko
45600,45552,-48,45600,45553,-47,True,UPDATED,1631912400,HSL:4576_20210917_La_2_1201,576,HSL:4630227,Kaislatie
46200,46138,-62,46200,46141,-59,True,UPDATED,1631912400,HSL:4611_20210917_La_1_1209,611,HSL:4630227,Kaislatie
47460,47397,-63,47460,47400,-60,True,UPDATED,1631912400,HSL:4611_20210917_La_1_1229,611,HSL:4630227,Kaislatie
48660,48660,0,48660,48660,0,False,SCHEDULED,1631912400,HSL:4611_20210917_La_1_1249,611,HSL:4630227,Kaislatie
49200,49200,0,49200,49200,0,False,SCHEDULED,1631912400,HSL:4576_20210917_La_2_1301,576,HSL:4630227,Kaislatie
45120,45505,385,45120,45505,385,True,UPDATED,1631912400,HSL:4571_20210917_La_2_1141,571,HSL:4630228,Rapsitie
45840,45780,-60,45840,45780,-60,True,UPDATED,1631912400,HSL:4570_20210917_La_2_1224,570,HSL:4630228,Rapsitie
46440,46440,0,46440,46440,0,True,UPDATED,1631912400,HSL:4570_20210917_La_2_1234,570,HSL:4630228,Rapsitie
46980,46983,3,46980,46983,3,True,UPDATED,1631912400,HSL:4571_20210917_La_2_1211,571,HSL:4630228,Rapsitie
47040,47040,0,47040,47040,0,False,SCHEDULED,1631912400,HSL:4570_20210917_La_2_1244,570,HSL:4630228,Rapsitie
45180,45432,252,45180,45444,264,True,UPDATED,1631912400,HSL:2125_20210917_La_1_1225,125,HSL:2322230,Lystimäenristi
45420,45483,63,45420,45494,74,True,UPDATED,1631912400,HSL:2133_20210917_La_1_1224,133,HSL:2322230,Lystimäenristi
46080,46080,0,46080,46080,0,False,SCHEDULED,1631912400,HSL:2125_20210917_La_1_1240,125,HSL:2322230,Lystimäenristi
46980,46980,0,46980,46980,0,False,SCHEDULED,1631912400,HSL:2125_20210917_La_1_1255,125,HSL:2322230,Lystimäenristi
47220,47220,0,47220,47220,0,False,SCHEDULED,1631912400,HSL:2133_20210917_La_1_1254,133,HSL:2322230,Lystimäenristi
45420,45436,16,45420,45443,23,True,UPDATED,1631912400,HSL:9641_20210917_La_2_1150,641,HSL:4630225,Tikkurilan jäähalli
45600,45531,-69,45600,45535,-65,True,UPDATED,1631912400,HSL:4624_20210917_La_2_1206,624,HSL:4630225,Tikkurilan jäähalli
45480,45863,383,45480,45868,388,True,UPDATED,1631912400,HSL:4571_20210917_La_2_1141,571,HSL:4630225,Tikkurilan jäähalli
46020,46120,100,46020,46129,109,True,UPDATED,1631912400,HSL:4631_20210917_La_2_1215,631,HSL:4630225,Tikkurilan jäähalli
47220,47233,13,47220,47238,18,True,UPDATED,1631912400,HSL:9641_20210917_La_2_1220,641,HSL:4630225,Tikkurilan jäähalli
45300,45369,69,45300,45373,73,True,UPDATED,1631912400,HSL:4571_20210917_La_1_1228,571,HSL:4630226,Tikkurilan jäähalli
45660,45739,79,45660,45739,79,True,UPDATED,1631912400,HSL:4631_20210917_La_1_1234,631,HSL:4630226,Tikkurilan jäähalli
46560,46560,0,46560,46560,0,False,SCHEDULED,1631912400,HSL:4624_20210917_La_1_1249,624,HSL:4630226,Tikkurilan jäähalli
46620,46620,0,46620,46620,0,False,SCHEDULED,1631912400,HSL:9641_20210917_La_1_1250,641,HSL:4630226,Tikkurilan jäähalli
47100,47100,0,47100,47100,0,False,SCHEDULED,1631912400,HSL:4571_20210917_La_1_1258,571,HSL:4630226,Tikkurilan jäähalli
45360,45354,-6,45360,45358,-2,True,UPDATED,1631912400,HSL:2125_20210917_La_2_1215,125,HSL:2322231,Lystimäenristi
46260,46316,56,46260,46322,62,True,UPDATED,1631912400,HSL:2125_20210917_La_2_1230,125,HSL:2322231,Lystimäenristi
46980,46980,0,46980,46980,0,False,SCHEDULED,1631912400,HSL:2133_20210917_La_2_1254,133,HSL:2322231,Lystimäenristi
47160,47160,0,47160,47160,0,False,SCHEDULED,1631912400,HSL:2125_20210917_La_2_1245,125,HSL:2322231,Lystimäenristi
48060,48060,0,48060,48060,0,False,SCHEDULED,1631912400,HSL:2125_20210917_La_2_1300,125,HSL:2322231,Lystimäenristi
45360,45438,78,45360,45448,88,True,UPDATED,1631912400,HSL:4571_20210917_La_1_1228,571,HSL:4630223,Tikkurilan urheilup.
47160,47160,0,47160,47160,0,False,SCHEDULED,1631912400,HSL:4571_20210917_La_1_1258,571,HSL:4630223,Tikkurilan urheilup.
48960,48960,0,48960,48960,0,False,SCHEDULED,1631912400,HSL:4571_20210917_La_1_1328,571,HSL:4630223,Tikkurilan urheilup.
50760,50760,0,50760,50760,0,False,SCHEDULED,1631912400,HSL:4571_20210917_La_1_1358,571,HSL:4630223,Tikkurilan urheilup.
52560,52560,0,52560,52560,0,False,SCHEDULED,1631912400,HSL:4571_20210917_La_1_1428,571,HSL:4630223,Tikkurilan urheilup.
46260,46291,31,46260,46298,38,True,UPDATED,1631912400,HSL:4574_20210917_La_1_1233,574,HSL:4630224,Tikkurilan urheilup.
49860,49860,0,49860,49860,0,False,SCHEDULED,1631912400,HSL:4574_20210917_La_1_1333,574,HSL:4630224,Tikkurilan urheilup.
53460,53460,0,53460,53460,0,False,SCHEDULED,1631912400,HSL:4574_20210917_La_1_1433,574,HSL:4630224,Tikkurilan urheilup.
57000,57000,0,57000,57000,0,False,SCHEDULED,1631912400,HSL:4574_20210917_La_1_1533,574,HSL:4630224,Tikkurilan urheilup.
60600,60600,0,60600,60600,0,False,SCHEDULED,1631912400,HSL:4574_20210917_La_1_1633,574,HSL:4630224,Tikkurilan urheilup.
45300,45644,344,45300,45649,349,True,UPDATED,1631912400,HSL:4571_20210917_La_2_1141,571,HSL:4630221,Näsiätie
47160,47186,26,47160,47189,29,True,UPDATED,1631912400,HSL:4571_20210917_La_2_1211,571,HSL:4630221,Näsiätie
48960,48960,0,48960,48960,0,False,SCHEDULED,1631912400,HSL:4571_20210917_La_2_1241,571,HSL:4630221,Näsiätie
50760,50760,0,50760,50760,0,False,SCHEDULED,1631912400,HSL:4571_20210917_La_2_1311,571,HSL:4630221,Näsiätie
52560,52560,0,52560,52560,0,False,SCHEDULED,1631912400,HSL:4571_20210917_La_2_1341,571,HSL:4630221,Näsiätie
45420,45505,85,45420,45509,89,True,UPDATED,1631912400,HSL:4571_20210917_La_1_1228,571,HSL:4630222,Näsiätie
47220,47220,0,47220,47220,0,False,SCHEDULED,1631912400,HSL:4571_20210917_La_1_1258,571,HSL:4630222,Näsiätie
49020,49020,0,49020,49020,0,False,SCHEDULED,1631912400,HSL:4571_20210917_La_1_1328,571,HSL:4630222,Näsiätie
50820,50820,0,50820,50820,0,False,SCHEDULED,1631912400,HSL:4571_20210917_La_1_1358,571,HSL:4630222,Näsiätie
52620,52620,0,52620,52620,0,False,SCHEDULED,1631912400,HSL:4571_20210917_La_1_1428,571,HSL:4630222,Näsiätie
45540,45580,40,45540,45583,43,True,UPDATED,1631912400,HSL:4571_20210917_La_1_1228,571,HSL:4630220,Rantakukankuja
47340,47340,0,47340,47340,0,False,SCHEDULED,1631912400,HSL:4571_20210917_La_1_1258,571,HSL:4630220,Rantakukankuja
49140,49140,0,49140,49140,0,False,SCHEDULED,1631912400,HSL:4571_20210917_La_1_1328,571,HSL:4630220,Rantakukankuja
50940,50940,0,50940,50940,0,False,SCHEDULED,1631912400,HSL:4571_20210917_La_1_1358,571,HSL:4630220,Rantakukankuja
52740,52740,0,52740,52740,0,False,SCHEDULED,1631912400,HSL:4571_20210917_La_1_1428,571,HSL:4630220,Rantakukankuja
45540,45579,39,45540,45579,39,True,UPDATED,1631912400,HSL:1001_20210917_La_2_1233,1,HSL:1220427,Uintikeskus
45600,45600,0,45600,45600,0,True,UPDATED,1631912400,HSL:1007_20210917_La_2_1236,7,HSL:1220427,Uintikeskus
46260,46260,0,46260,46260,0,False,SCHEDULED,1631912400,HSL:1001_20210917_La_2_1245,1,HSL:1220427,Uintikeskus
46320,46320,0,46320,46320,0,False,SCHEDULED,1631912400,HSL:1007_20210917_La_2_1248,7,HSL:1220427,Uintikeskus
46980,46980,0,46980,46980,0,False,SCHEDULED,1631912400,HSL:1001_20210917_La_2_1257,1,HSL:1220427,Uintikeskus
45660,45660,0,45660,45660,0,False,SCHEDULED,1631912400,HSL:1009_20210917_La_2_1237,9,HSL:1220428,Pasilan konepaja
46440,46440,0,46440,46440,0,False,SCHEDULED,1631912400,HSL:1009_20210917_La_2_1249,9,HSL:1220428,Pasilan konepaja
47160,47160,0,47160,47160,0,False,SCHEDULED,1631912400,HSL:1009_20210917_La_2_1301,9,HSL:1220428,Pasilan konepaja
47880,47880,0,47880,47880,0,False,SCHEDULED,1631912400,HSL:1009_20210917_La_2_1313,9,HSL:1220428,Pasilan konepaja
48540,48540,0,48540,48540,0,False,SCHEDULED,1631912400,HSL:1009_20210917_La_2_1325,9,HSL:1220428,Pasilan konepaja
45840,45879,39,45840,45879,39,True,UPDATED,1631912400,HSL:1001_20210917_La_2_1233,1,HSL:1220425,Vallilan kirjasto
45900,45900,0,45900,45900,0,True,UPDATED,1631912400,HSL:1007_20210917_La_2_1236,7,HSL:1220425,Vallilan kirjasto
46560,46560,0,46560,46560,0,False,SCHEDULED,1631912400,HSL:1001_20210917_La_2_1245,1,HSL:1220425,Vallilan kirjasto
46620,46620,0,46620,46620,0,False,SCHEDULED,1631912400,HSL:1007_20210917_La_2_1248,7,HSL:1220425,Vallilan kirjasto
47280,47280,0,47280,47280,0,False,SCHEDULED,1631912400,HSL:1001_20210917_La_2_1257,1,HSL:1220425,Vallilan kirjasto
45600,45681,81,45600,45681,81,True,UPDATED,1631912400,HSL:1007_20210917_La_1_1207,7,HSL:1220426,Uintikeskus
45720,45930,210,45720,45949,229,True,UPDATED,1631912400,HSL:1001_20210917_La_1_1210,1,HSL:1220426,Uintikeskus
46320,46342,22,46320,46383,63,True,UPDATED,1631912400,HSL:1007_20210917_La_1_1218,7,HSL:1220426,Uintikeskus
46440,46664,224,46440,46687,247,True,UPDATED,1631912400,HSL:1001_20210917_La_1_1222,1,HSL:1220426,Uintikeskus
47040,47076,36,47040,47076,36,True,UPDATED,1631912400,HSL:1007_20210917_La_1_1230,7,HSL:1220426,Uintikeskus
45600,45593,-7,45600,45615,15,True,UPDATED,1631912400,HSL:1009_20210917_La_1_1210,9,HSL:1220429,Pasilan konepaja
46320,46316,-4,46320,46338,18,True,UPDATED,1631912400,HSL:1009_20210917_La_1_1222,9,HSL:1220429,Pasilan konepaja
47040,47226,186,47040,47239,199,True,UPDATED,1631912400,HSL:1009_20210917_La_1_1234,9,HSL:1220429,Pasilan konepaja
47760,47760,0,47760,47760,0,False,SCHEDULED,1631912400,HSL:1009_20210917_La_1_1246,9,HSL:1220429,Pasilan konepaja
48480,48480,0,48480,48480,0,False,SCHEDULED,1631912400,HSL:1009_20210917_La_1_1258,9,HSL:1220429,Pasilan konepaja
45540,45643,103,45540,45643,103,True,UPDATED,1631912400,HSL:1007_20210917_La_1_1207,7,HSL:1220420,Mäkelänrinne
45660,45840,180,45660,45858,198,True,UPDATED,1631912400,HSL:1001_20210917_La_1_1210,1,HSL:1220420,Mäkelänrinne
46260,46271,11,46260,46299,39,True,UPDATED,1631912400,HSL:1007_20210917_La_1_1218,7,HSL:1220420,Mäkelänrinne
46380,46597,217,46380,46620,240,True,UPDATED,1631912400,HSL:1001_20210917_La_1_1222,1,HSL:1220420,Mäkelänrinne
46980,47016,36,46980,47016,36,True,UPDATED,1631912400,HSL:1007_20210917_La_1_1230,7,HSL:1220420,Mäkelänrinne
45240,45333,93,45240,45430,190,True,UPDATED,1631912400,HSL:1001_20210917_La_2_1221,1,HSL:1220423,Lautatarhankatu
45960,45960,0,45960,45960,0,True,UPDATED,1631912400,HSL:1007_20210917_La_2_1236,7,HSL:1220423,Lautatarhankatu
45960,45999,39,45960,45999,39,True,UPDATED,1631912400,HSL:1001_20210917_La_2_1233,1,HSL:1220423,Lautatarhankatu
46680,46680,0,46680,46680,0,False,SCHEDULED,1631912400,HSL:1007_20210917_La_2_1248,7,HSL:1220423,Lautatarhankatu
46680,46680,0,46680,46680,0,False,SCHEDULED,1631912400,HSL:1001_20210917_La_2_1245,1,HSL:1220423,Lautatarhankatu
45300,45407,107,45300,45418,118,True,UPDATED,1631912400,HSL:1007_20210917_La_1_1207,7,HSL:1220424,Vallilan kirjasto
45420,45709,289,45420,45709,289,True,UPDATED,1631912400,HSL:1001_20210917_La_1_1210,1,HSL:1220424,Vallilan kirjasto
46020,46078,58,46020,46090,70,True,UPDATED,1631912400,HSL:1007_20210917_La_1_1218,7,HSL:1220424,Vallilan kirjasto
46140,46294,154,46140,46318,178,True,UPDATED,1631912400,HSL:1001_20210917_La_1_1222,1,HSL:1220424,Vallilan kirjasto
46740,46771,31,46740,46776,36,True,UPDATED,1631912400,HSL:1007_20210917_La_1_1230,7,HSL:1220424,Vallilan kirjasto
45600,45639,39,45600,45639,39,True,UPDATED,1631912400,HSL:1001_20210917_La_2_1233,1,HSL:1220421,Mäkelänrinne
45660,45660,0,45660,45660,0,True,UPDATED,1631912400,HSL:1007_20210917_La_2_1236,7,HSL:1220421,Mäkelänrinne
46320,46320,0,46320,46320,0,False,SCHEDULED,1631912400,HSL:1001_20210917_La_2_1245,1,HSL:1220421,Mäkelänrinne
46380,46380,0,46380,46380,0,False,SCHEDULED,1631912400,HSL:1007_20210917_La_2_1248,7,HSL:1220421,Mäkelänrinne
47040,47040,0,47040,47040,0,False,SCHEDULED,1631912400,HSL:1001_20210917_La_2_1257,1,HSL:1220421,Mäkelänrinne
45060,45360,300,45060,45361,301,True,UPDATED,1631912400,HSL:2124_20210917_La_2_1203,124,HSL:2322229,Niittykummunsilta
45540,45518,-22,45540,45520,-20,True,UPDATED,1631912400,HSL:2125_20210917_La_2_1215,125,HSL:2322229,Niittykummunsilta
45960,46055,95,45960,46105,145,True,UPDATED,1631912400,HSL:2124K_20210917_La_2_1218,124K,HSL:2322229,Niittykummunsilta
46440,46494,54,46440,46496,56,True,UPDATED,1631912400,HSL:2125_20210917_La_2_1230,125,HSL:2322229,Niittykummunsilta
46860,46860,0,46860,46860,0,False,SCHEDULED,1631912400,HSL:2124_20210917_La_2_1233,124,HSL:2322229,Niittykummunsilta
45240,45351,111,45240,45362,122,True,UPDATED,1631912400,HSL:1007_20210917_La_1_1207,7,HSL:1220422,Lautatarhankatu
45360,45697,337,45360,45709,349,True,UPDATED,1631912400,HSL:1001_20210917_La_1_1210,1,HSL:1220422,Lautatarhankatu
45960,46022,62,45960,46033,73,True,UPDATED,1631912400,HSL:1007_20210917_La_1_1218,7,HSL:1220422,Lautatarhankatu
46080,46247,167,46080,46264,184,True,UPDATED,1631912400,HSL:1001_20210917_La_1_1222,1,HSL:1220422,Lautatarhankatu
46680,46760,80,46680,46771,91,True,UPDATED,1631912400,HSL:1007_20210917_La_1_1230,7,HSL:1220422,Lautatarhankatu
45240,45608,368,45240,45610,370,True,UPDATED,1631912400,HSL:4571_20210917_La_2_1141,571,HSL:4630219,Virmajuurentie
47100,47125,25,47100,47151,51,True,UPDATED,1631912400,HSL:4571_20210917_La_2_1211,571,HSL:4630219,Virmajuurentie
48900,48900,0,48900,48900,0,False,SCHEDULED,1631912400,HSL:4571_20210917_La_2_1241,571,HSL:4630219,Virmajuurentie
50700,50700,0,50700,50700,0,False,SCHEDULED,1631912400,HSL:4571_20210917_La_2_1311,571,HSL:4630219,Virmajuurentie
52500,52500,0,52500,52500,0,False,SCHEDULED,1631912400,HSL:4571_20210917_La_2_1341,571,HSL:4630219,Virmajuurentie
46380,46380,0,46380,46380,0,False,SCHEDULED,1631912400,HSL:4611_20210917_La_2_1248,611,HSL:4630216,Keltamotie
47580,47580,0,47580,47580,0,False,SCHEDULED,1631912400,HSL:4576_20210917_La_1_1309,576,HSL:4630216,Keltamotie
47580,47580,0,47580,47580,0,False,SCHEDULED,1631912400,HSL:4611_20210917_La_2_1308,611,HSL:4630216,Keltamotie
48780,48780,0,48780,48780,0,False,SCHEDULED,1631912400,HSL:4611_20210917_La_2_1328,611,HSL:4630216,Keltamotie
49980,49980,0,49980,49980,0,False,SCHEDULED,1631912400,HSL:4611_20210917_La_2_1348,611,HSL:4630216,Keltamotie
45480,45457,-23,45480,45457,-23,True,UPDATED,1631912400,HSL:1052_20210917_La_1_1156,52,HSL:1303298,Lehtisaarentie
46680,45675,-1005,46680,45675,-1005,True,UPDATED,1631912400,HSL:1052_20210917_La_1_1216,52,HSL:1303298,Lehtisaarentie
46080,46082,2,46080,46082,2,True,UPDATED,1631912400,HSL:1052_20210917_La_1_1206,52,HSL:1303298,Lehtisaarentie
45900,46117,217,45900,46134,234,True,UPDATED,1631912400,HSL:2510_20210917_La_1_1213,510,HSL:1303298,Lehtisaarentie
47280,46265,-1015,47280,46265,-1015,True,UPDATED,1631912400,HSL:1052_20210917_La_1_1226,52,HSL:1303298,Lehtisaarentie
46440,46440,0,46440,46440,0,False,SCHEDULED,1631912400,HSL:4611_20210917_La_2_1248,611,HSL:4630214,Viertolan koulu
47640,47640,0,47640,47640,0,False,SCHEDULED,1631912400,HSL:4576_20210917_La_1_1309,576,HSL:4630214,Viertolan koulu
47640,47640,0,47640,47640,0,False,SCHEDULED,1631912400,HSL:4611_20210917_La_2_1308,611,HSL:4630214,Viertolan koulu
48840,48840,0,48840,48840,0,False,SCHEDULED,1631912400,HSL:4611_20210917_La_2_1328,611,HSL:4630214,Viertolan koulu
50040,50040,0,50040,50040,0,False,SCHEDULED,1631912400,HSL:4611_20210917_La_2_1348,611,HSL:4630214,Viertolan koulu
45660,45594,-66,45660,45596,-64,True,UPDATED,1631912400,HSL:4576_20210917_La_2_1201,576,HSL:4630215,Keltamotie
46260,46159,-101,46260,46161,-99,True,UPDATED,1631912400,HSL:4611_20210917_La_1_1209,611,HSL:4630215,Keltamotie
47520,47420,-100,47520,47422,-98,True,UPDATED,1631912400,HSL:4611_20210917_La_1_1229,611,HSL:4630215,Keltamotie
48720,48720,0,48720,48720,0,False,SCHEDULED,1631912400,HSL:4611_20210917_La_1_1249,611,HSL:4630215,Keltamotie
49260,49260,0,49260,49260,0,False,SCHEDULED,1631912400,HSL:4576_20210917_La_2_1301,576,HSL:4630215,Keltamotie
45300,45351,51,45300,45361,61,True,UPDATED,1631912400,HSL:4611_20210917_La_2_1228,611,HSL:4630212,Osmankäämintie
46500,46500,0,46500,46500,0,False,SCHEDULED,1631912400,HSL:4611_20210917_La_2_1248,611,HSL:4630212,Osmankäämintie
47700,47700,0,47700,47700,0,False,SCHEDULED,1631912400,HSL:4576_20210917_La_1_1309,576,HSL:4630212,Osmankäämintie
47700,47700,0,47700,47700,0,False,SCHEDULED,1631912400,HSL:4611_20210917_La_2_1308,611,HSL:4630212,Osmankäämintie
48900,48900,0,48900,48900,0,False,SCHEDULED,1631912400,HSL:4611_20210917_La_2_1328,611,HSL:4630212,Osmankäämintie
45240,45336,96,45240,45341,101,True,UPDATED,1631912400,HSL:4571_20210917_La_1_1228,571,HSL:4630210,Minttutie
45600,45700,100,45600,45700,100,True,UPDATED,1631912400,HSL:4631_20210917_La_1_1234,631,HSL:4630210,Minttutie
46500,46500,0,46500,46500,0,False,SCHEDULED,1631912400,HSL:4624_20210917_La_1_1249,624,HSL:4630210,Minttutie
46560,46560,0,46560,46560,0,False,SCHEDULED,1631912400,HSL:9641_20210917_La_1_1250,641,HSL:4630210,Minttutie
47040,47040,0,47040,47040,0,False,SCHEDULED,1631912400,HSL:4571_20210917_La_1_1258,571,HSL:4630210,Minttutie
45540,45507,-33,45540,45512,-28,True,UPDATED,1631912400,HSL:4576_20210917_La_2_1201,576,HSL:4630211,Osmankäämintie
46140,46095,-45,46140,46101,-39,True,UPDATED,1631912400,HSL:4611_20210917_La_1_1209,611,HSL:4630211,Osmankäämintie
47400,47346,-54,47400,47354,-46,True,UPDATED,1631912400,HSL:4611_20210917_La_1_1229,611,HSL:4630211,Osmankäämintie
48600,48600,0,48600,48600,0,False,SCHEDULED,1631912400,HSL:4611_20210917_La_1_1249,611,HSL:4630211,Osmankäämintie
49140,49140,0,49140,49140,0,False,SCHEDULED,1631912400,HSL:4576_20210917_La_2_1301,576,HSL:4630211,Osmankäämintie
45240,45521,281,45240,45566,326,True,UPDATED,1631912400,HSL:4411_20210917_La_1_1222,411,HSL:1160206,Ruskeasuo
45480,45553,73,45480,45576,96,True,UPDATED,1631912400,HSL:1040_20210917_La_1_1225,40,HSL:1160206,Ruskeasuo
45600,45619,19,45600,45658,58,True,UPDATED,1631912400,HSL:1063_20210917_La_1_1226,63,HSL:1160206,Ruskeasuo
45660,45660,0,45660,45660,0,False,SCHEDULED,1631912400,HSL:7456A_20210917_La_1_1230,456A,HSL:1160206,Ruskeasuo
45900,45904,4,45900,45941,41,True,UPDATED,1631912400,HSL:2436_20210917_La_1_1232,436,HSL:1160206,Ruskeasuo
45780,45813,33,45780,45820,40,True,UPDATED,1631912400,HSL:2553K_20210917_La_1_1229,553K,HSL:1411119,Nummitie
45720,45862,142,45720,45875,155,True,UPDATED,1631912400,HSL:1075_20210917_La_1_1208,75,HSL:1411119,Nummitie
46380,46380,0,46380,46380,0,False,SCHEDULED,1631912400,HSL:1074_20210917_La_2_1252,74,HSL:1411119,Nummitie
46980,46980,0,46980,46980,0,False,SCHEDULED,1631912400,HSL:2553K_20210917_La_1_1249,553K,HSL:1411119,Nummitie
46920,47217,297,46920,47224,304,True,UPDATED,1631912400,HSL:1075_20210917_La_1_1228,75,HSL:1411119,Nummitie
45720,45720,0,45720,45720,0,True,UPDATED,1631912400,HSL:2112_20210917_La_2_1235,112,HSL:2232230,Haukiverkko
46620,46620,0,46620,46620,0,False,SCHEDULED,1631912400,HSL:2112_20210917_La_2_1250,112,HSL:2232230,Haukiverkko
47520,47520,0,47520,47520,0,False,SCHEDULED,1631912400,HSL:2112_20210917_La_2_1305,112,HSL:2232230,Haukiverkko
48420,48420,0,48420,48420,0,False,SCHEDULED,1631912400,HSL:2112_20210917_La_2_1320,112,HSL:2232230,Haukiverkko
49320,49320,0,49320,49320,0,False,SCHEDULED,1631912400,HSL:2112_20210917_La_2_1335,112,HSL:2232230,Haukiverkko
49560,49560,0,49560,49560,0,False,SCHEDULED,1631912400,HSL:7192V_20210917_La_2_1315,192V,HSL:2232232,Haukilahdensolmu
60900,60900,0,60900,60900,0,False,SCHEDULED,1631912400,HSL:7192V_20210917_La_2_1623,192V,HSL:2232232,Haukilahdensolmu
63960,63960,0,63960,63960,0,False,SCHEDULED,1631912400,HSL:7192V_20210917_La_2_1715,192V,HSL:2232232,Haukilahdensolmu
81960,81960,0,81960,81960,0,False,SCHEDULED,1631912400,HSL:7192V_20210917_La_2_2215,192V,HSL:2232232,Haukilahdensolmu
84240,84240,0,84240,84240,0,False,SCHEDULED,1631912400,HSL:2147N_20210917_La_2_2304,147N,HSL:2232232,Haukilahdensolmu
45120,45410,290,45120,45428,308,True,UPDATED,1631912400,HSL:4411_20210917_La_1_1222,411,HSL:1160202,Tilkka
45360,45433,73,45360,45451,91,True,UPDATED,1631912400,HSL:1040_20210917_La_1_1225,40,HSL:1160202,Tilkka
45480,45507,27,45480,45524,44,True,UPDATED,1631912400,HSL:1063_20210917_La_1_1226,63,HSL:1160202,Tilkka
45540,45540,0,45540,45540,0,False,SCHEDULED,1631912400,HSL:7456A_20210917_La_1_1230,456A,HSL:1160202,Tilkka
45540,45718,178,45540,45718,178,True,UPDATED,1631912400,HSL:1506_20210917_La_1_1150,506,HSL:1160202,Tilkka
45540,45573,33,45600,45619,19,True,UPDATED,1631912400,HSL:2111_20210917_La_1_1215,111,HSL:2232236,Haukilahden keskus
46440,46495,55,46500,46559,59,True,UPDATED,1631912400,HSL:2111_20210917_La_1_1230,111,HSL:2232236,Haukilahden keskus
47340,47340,0,47400,47400,0,False,SCHEDULED,1631912400,HSL:2111_20210917_La_1_1245,111,HSL:2232236,Haukilahden keskus
48240,48240,0,48300,48300,0,False,SCHEDULED,1631912400,HSL:2111_20210917_La_1_1300,111,HSL:2232236,Haukilahden keskus
49140,49140,0,49200,49200,0,False,SCHEDULED,1631912400,HSL:2111_20210917_La_1_1315,111,HSL:2232236,Haukilahden keskus
45420,45505,85,45480,45522,42,True,UPDATED,1631912400,HSL:2111_20210917_La_2_1223,111,HSL:2232237,Haukilahden keskus
46320,46320,0,46380,46380,0,True,UPDATED,1631912400,HSL:2111_20210917_La_2_1238,111,HSL:2232237,Haukilahden keskus
47220,47220,0,47280,47280,0,False,SCHEDULED,1631912400,HSL:2111_20210917_La_2_1253,111,HSL:2232237,Haukilahden keskus
48180,48180,0,48240,48240,0,False,SCHEDULED,1631912400,HSL:2111_20210917_La_2_1308,111,HSL:2232237,Haukilahden keskus
49080,49080,0,49140,49140,0,False,SCHEDULED,1631912400,HSL:2111_20210917_La_2_1323,111,HSL:2232237,Haukilahden keskus
45720,45695,-25,45720,45709,-11,True,UPDATED,1631912400,HSL:2111_20210917_La_1_1215,111,HSL:2232238,Hauenkallio
46620,46641,21,46620,46655,35,True,UPDATED,1631912400,HSL:2111_20210917_La_1_1230,111,HSL:2232238,Hauenkallio
47520,47520,0,47520,47520,0,False,SCHEDULED,1631912400,HSL:2111_20210917_La_1_1245,111,HSL:2232238,Hauenkallio
48420,48420,0,48420,48420,0,False,SCHEDULED,1631912400,HSL:2111_20210917_La_1_1300,111,HSL:2232238,Hauenkallio
49320,49320,0,49320,49320,0,False,SCHEDULED,1631912400,HSL:2111_20210917_La_1_1315,111,HSL:2232238,Hauenkallio
45360,45443,83,45360,45450,90,True,UPDATED,1631912400,HSL:2111_20210917_La_2_1223,111,HSL:2232239,Hauenkallio
46260,46260,0,46260,46260,0,True,UPDATED,1631912400,HSL:2111_20210917_La_2_1238,111,HSL:2232239,Hauenkallio
47160,47160,0,47160,47160,0,False,SCHEDULED,1631912400,HSL:2111_20210917_La_2_1253,111,HSL:2232239,Hauenkallio
48120,48120,0,48120,48120,0,False,SCHEDULED,1631912400,HSL:2111_20210917_La_2_1308,111,HSL:2232239,Hauenkallio
49020,49020,0,49020,49020,0,False,SCHEDULED,1631912400,HSL:2111_20210917_La_2_1323,111,HSL:2232239,Hauenkallio
46080,46080,0,46080,46080,0,False,SCHEDULED,1631912400,HSL:4555B_20210917_La_2_1235,555B,HSL:2117231,Muuttolinnunmäki
47880,47880,0,47880,47880,0,False,SCHEDULED,1631912400,HSL:4555B_20210917_La_2_1305,555B,HSL:2117231,Muuttolinnunmäki
49680,49680,0,49680,49680,0,False,SCHEDULED,1631912400,HSL:4555B_20210917_La_2_1335,555B,HSL:2117231,Muuttolinnunmäki
51480,51480,0,51480,51480,0,False,SCHEDULED,1631912400,HSL:4555B_20210917_La_2_1405,555B,HSL:2117231,Muuttolinnunmäki
53280,53280,0,53280,53280,0,False,SCHEDULED,1631912400,HSL:4555B_20210917_La_2_1435,555B,HSL:2117231,Muuttolinnunmäki
45960,45960,0,45960,45960,0,True,UPDATED,1631912400,HSL:4555B_20210917_La_1_1236,555B,HSL:2117230,Muuttolinnunmäki
47580,47580,0,47580,47580,0,False,SCHEDULED,1631912400,HSL:4555B_20210917_La_1_1303,555B,HSL:2117230,Muuttolinnunmäki
49560,49560,0,49560,49560,0,False,SCHEDULED,1631912400,HSL:4555B_20210917_La_1_1336,555B,HSL:2117230,Muuttolinnunmäki
51180,51180,0,51180,51180,0,False,SCHEDULED,1631912400,HSL:4555B_20210917_La_1_1403,555B,HSL:2117230,Muuttolinnunmäki
53220,53220,0,53220,53220,0,False,SCHEDULED,1631912400,HSL:4555B_20210917_La_1_1436,555B,HSL:2117230,Muuttolinnunmäki
45780,45780,0,45780,45780,0,True,UPDATED,1631912400,HSL:4555B_20210917_La_1_1236,555B,HSL:2117232,Lintuparvenaukio
47400,47400,0,47400,47400,0,False,SCHEDULED,1631912400,HSL:4555B_20210917_La_1_1303,555B,HSL:2117232,Lintuparvenaukio
49380,49380,0,49380,49380,0,False,SCHEDULED,1631912400,HSL:4555B_20210917_La_1_1336,555B,HSL:2117232,Lintuparvenaukio
51000,51000,0,51000,51000,0,False,SCHEDULED,1631912400,HSL:4555B_20210917_La_1_1403,555B,HSL:2117232,Lintuparvenaukio
53040,53040,0,53040,53040,0,False,SCHEDULED,1631912400,HSL:4555B_20210917_La_1_1436,555B,HSL:2117232,Lintuparvenaukio
46200,46200,0,46200,46200,0,False,SCHEDULED,1631912400,HSL:4555B_20210917_La_2_1235,555B,HSL:2117235,Lintuvaaran koulu
48000,48000,0,48000,48000,0,False,SCHEDULED,1631912400,HSL:4555B_20210917_La_2_1305,555B,HSL:2117235,Lintuvaaran koulu
49800,49800,0,49800,49800,0,False,SCHEDULED,1631912400,HSL:4555B_20210917_La_2_1335,555B,HSL:2117235,Lintuvaaran koulu
51600,51600,0,51600,51600,0,False,SCHEDULED,1631912400,HSL:4555B_20210917_La_2_1405,555B,HSL:2117235,Lintuvaaran koulu
53400,53400,0,53400,53400,0,False,SCHEDULED,1631912400,HSL:4555B_20210917_La_2_1435,555B,HSL:2117235,Lintuvaaran koulu
45840,45840,0,45840,45840,0,True,UPDATED,1631912400,HSL:4555B_20210917_La_1_1236,555B,HSL:2117234,Lintuvaaran koulu
47460,47460,0,47460,47460,0,False,SCHEDULED,1631912400,HSL:4555B_20210917_La_1_1303,555B,HSL:2117234,Lintuvaaran koulu
49440,49440,0,49440,49440,0,False,SCHEDULED,1631912400,HSL:4555B_20210917_La_1_1336,555B,HSL:2117234,Lintuvaaran koulu
51060,51060,0,51060,51060,0,False,SCHEDULED,1631912400,HSL:4555B_20210917_La_1_1403,555B,HSL:2117234,Lintuvaaran koulu
53100,53100,0,53100,53100,0,False,SCHEDULED,1631912400,HSL:4555B_20210917_La_1_1436,555B,HSL:2117234,Lintuvaaran koulu
45600,45600,0,45600,45600,0,False,SCHEDULED,1631912400,HSL:2118_20210917_La_1_1232,118,HSL:2322296,Luomannotko
46500,46500,0,46500,46500,0,False,SCHEDULED,1631912400,HSL:2118B_20210917_La_1_1247,118B,HSL:2322296,Luomannotko
47400,47400,0,47400,47400,0,False,SCHEDULED,1631912400,HSL:2118_20210917_La_1_1302,118,HSL:2322296,Luomannotko
48300,48300,0,48300,48300,0,False,SCHEDULED,1631912400,HSL:2118B_20210917_La_1_1317,118B,HSL:2322296,Luomannotko
49200,49200,0,49200,49200,0,False,SCHEDULED,1631912400,HSL:2118_20210917_La_1_1332,118,HSL:2322296,Luomannotko
45780,45820,40,45780,45821,41,True,UPDATED,1631912400,HSL:2553K_20210917_La_1_1229,553K,HSL:1411111,Puistolan raitti
46980,46980,0,46980,46980,0,False,SCHEDULED,1631912400,HSL:2553K_20210917_La_1_1249,553K,HSL:1411111,Puistolan raitti
48120,48120,0,48120,48120,0,False,SCHEDULED,1631912400,HSL:2553K_20210917_La_1_1308,553K,HSL:1411111,Puistolan raitti
49320,49320,0,49320,49320,0,False,SCHEDULED,1631912400,HSL:2553K_20210917_La_1_1328,553K,HSL:1411111,Puistolan raitti
50520,50520,0,50520,50520,0,False,SCHEDULED,1631912400,HSL:2553K_20210917_La_1_1348,553K,HSL:1411111,Puistolan raitti
46140,46155,15,46140,46155,15,True,UPDATED,1631912400,HSL:2553K_20210917_La_2_1203,553K,HSL:1411112,Puistolan raitti
47340,47441,101,47340,47441,101,True,UPDATED,1631912400,HSL:2553K_20210917_La_2_1223,553K,HSL:1411112,Puistolan raitti
48540,48540,0,48540,48540,0,False,SCHEDULED,1631912400,HSL:2553K_20210917_La_2_1242,553K,HSL:1411112,Puistolan raitti
49740,49740,0,49740,49740,0,False,SCHEDULED,1631912400,HSL:2553K_20210917_La_2_1302,553K,HSL:1411112,Puistolan raitti
50940,50940,0,50940,50940,0,False,SCHEDULED,1631912400,HSL:2553K_20210917_La_2_1322,553K,HSL:1411112,Puistolan raitti
45540,45540,0,45540,45540,0,False,SCHEDULED,1631912400,HSL:2118_20210917_La_1_1232,118,HSL:2322294,Luomanvarsi
46440,46440,0,46440,46440,0,False,SCHEDULED,1631912400,HSL:2118B_20210917_La_1_1247,118B,HSL:2322294,Luomanvarsi
47340,47340,0,47340,47340,0,False,SCHEDULED,1631912400,HSL:2118_20210917_La_1_1302,118,HSL:2322294,Luomanvarsi
48240,48240,0,48240,48240,0,False,SCHEDULED,1631912400,HSL:2118B_20210917_La_1_1317,118B,HSL:2322294,Luomanvarsi
49140,49140,0,49140,49140,0,False,SCHEDULED,1631912400,HSL:2118_20210917_La_1_1332,118,HSL:2322294,Luomanvarsi
45300,45316,16,45300,45321,21,True,UPDATED,1631912400,HSL:1075_20210917_La_2_1232,75,HSL:1411110,Karrintie
45900,45887,-13,45900,45887,-13,True,UPDATED,1631912400,HSL:1074_20210917_La_1_1203,74,HSL:1411110,Karrintie
46500,46500,0,46500,46500,0,False,SCHEDULED,1631912400,HSL:1075_20210917_La_2_1252,75,HSL:1411110,Karrintie
47100,47097,-3,47100,47099,-1,True,UPDATED,1631912400,HSL:1074_20210917_La_1_1223,74,HSL:1411110,Karrintie
47700,47700,0,47700,47700,0,False,SCHEDULED,1631912400,HSL:1075_20210917_La_2_1312,75,HSL:1411110,Karrintie
45480,45540,60,45480,45556,76,True,UPDATED,1631912400,HSL:2118_20210917_La_2_1156,118,HSL:2322295,Luomanvarsi
46380,46380,0,46380,46380,0,False,SCHEDULED,1631912400,HSL:2118B_20210917_La_2_1247,118B,HSL:2322295,Luomanvarsi
47280,47358,78,47280,47364,84,True,UPDATED,1631912400,HSL:2118_20210917_La_2_1226,118,HSL:2322295,Luomanvarsi
48180,48180,0,48180,48180,0,False,SCHEDULED,1631912400,HSL:2118B_20210917_La_2_1317,118B,HSL:2322295,Luomanvarsi
49080,49080,0,49080,49080,0,False,SCHEDULED,1631912400,HSL:2118_20210917_La_2_1256,118,HSL:2322295,Luomanvarsi
45300,45588,288,45300,45588,288,True,UPDATED,1631912400,HSL:5565_20210917_La_1_1208,565,HSL:2142210,Laaksolahdenranta
46080,46080,0,46080,46080,0,False,SCHEDULED,1631912400,HSL:2548_20210917_La_2_1245,548,HSL:2142210,Laaksolahdenranta
46980,46980,0,46980,46980,0,False,SCHEDULED,1631912400,HSL:2548_20210917_La_2_1300,548,HSL:2142210,Laaksolahdenranta
47100,47100,0,47100,47100,0,True,UPDATED,1631912400,HSL:5565_20210917_La_1_1238,565,HSL:2142210,Laaksolahdenranta
47100,47149,49,47100,47151,51,True,UPDATED,1631912400,HSL:2321_20210917_La_1_1229,321,HSL:2142210,Laaksolahdenranta
45840,45859,19,45840,45875,35,True,UPDATED,1631912400,HSL:2553K_20210917_La_1_1229,553K,HSL:1411108,Koudantie
47040,47040,0,47040,47040,0,False,SCHEDULED,1631912400,HSL:2553K_20210917_La_1_1249,553K,HSL:1411108,Koudantie
48180,48180,0,48180,48180,0,False,SCHEDULED,1631912400,HSL:2553K_20210917_La_1_1308,553K,HSL:1411108,Koudantie
49380,49380,0,49380,49380,0,False,SCHEDULED,1631912400,HSL:2553K_20210917_La_1_1328,553K,HSL:1411108,Koudantie
50580,50580,0,50580,50580,0,False,SCHEDULED,1631912400,HSL:2553K_20210917_La_1_1348,553K,HSL:1411108,Koudantie
45840,45969,129,45840,45969,129,True,UPDATED,1631912400,HSL:1075_20210917_La_1_1208,75,HSL:1411109,Karrintie
46500,46500,0,46500,46500,0,False,SCHEDULED,1631912400,HSL:1074_20210917_La_2_1252,74,HSL:1411109,Karrintie
47040,47319,279,47040,47319,279,True,UPDATED,1631912400,HSL:1075_20210917_La_1_1228,75,HSL:1411109,Karrintie
47700,47700,0,47700,47700,0,False,SCHEDULED,1631912400,HSL:1074_20210917_La_2_1312,74,HSL:1411109,Karrintie
48240,48240,0,48240,48240,0,False,SCHEDULED,1631912400,HSL:1075_20210917_La_1_1248,75,HSL:1411109,Karrintie
45900,45925,25,45960,45967,7,True,UPDATED,1631912400,HSL:2553K_20210917_La_1_1229,553K,HSL:1411106,Karhekuja
47100,47100,0,47160,47160,0,False,SCHEDULED,1631912400,HSL:2553K_20210917_La_1_1249,553K,HSL:1411106,Karhekuja
48240,48240,0,48300,48300,0,False,SCHEDULED,1631912400,HSL:2553K_20210917_La_1_1308,553K,HSL:1411106,Karhekuja
49440,49440,0,49500,49500,0,False,SCHEDULED,1631912400,HSL:2553K_20210917_La_1_1328,553K,HSL:1411106,Karhekuja
50640,50640,0,50700,50700,0,False,SCHEDULED,1631912400,HSL:2553K_20210917_La_1_1348,553K,HSL:1411106,Karhekuja
46140,46155,15,46140,46155,15,True,UPDATED,1631912400,HSL:2553K_20210917_La_2_1203,553K,HSL:1411107,Koudantie
47340,47427,87,47340,47441,101,True,UPDATED,1631912400,HSL:2553K_20210917_La_2_1223,553K,HSL:1411107,Koudantie
48540,48540,0,48540,48540,0,False,SCHEDULED,1631912400,HSL:2553K_20210917_La_2_1242,553K,HSL:1411107,Koudantie
49740,49740,0,49740,49740,0,False,SCHEDULED,1631912400,HSL:2553K_20210917_La_2_1302,553K,HSL:1411107,Koudantie
50940,50940,0,50940,50940,0,False,SCHEDULED,1631912400,HSL:2553K_20210917_La_2_1322,553K,HSL:1411107,Koudantie
46080,46106,26,46080,46117,37,True,UPDATED,1631912400,HSL:2553K_20210917_La_2_1203,553K,HSL:1411105,Karhekuja
47280,47373,93,47280,47389,109,True,UPDATED,1631912400,HSL:2553K_20210917_La_2_1223,553K,HSL:1411105,Karhekuja
48480,48480,0,48480,48480,0,False,SCHEDULED,1631912400,HSL:2553K_20210917_La_2_1242,553K,HSL:1411105,Karhekuja
49680,49680,0,49680,49680,0,False,SCHEDULED,1631912400,HSL:2553K_20210917_La_2_1302,553K,HSL:1411105,Karhekuja
50880,50880,0,50880,50880,0,False,SCHEDULED,1631912400,HSL:2553K_20210917_La_2_1322,553K,HSL:1411105,Karhekuja
45960,46003,43,45960,46008,48,True,UPDATED,1631912400,HSL:2553K_20210917_La_2_1203,553K,HSL:1411103,Aurinkomäki
47160,47254,94,47160,47254,94,True,UPDATED,1631912400,HSL:2553K_20210917_La_2_1223,553K,HSL:1411103,Aurinkomäki
48360,48360,0,48360,48360,0,False,SCHEDULED,1631912400,HSL:2553K_20210917_La_2_1242,553K,HSL:1411103,Aurinkomäki
49560,49560,0,49560,49560,0,False,SCHEDULED,1631912400,HSL:2553K_20210917_La_2_1302,553K,HSL:1411103,Aurinkomäki
50760,50760,0,50760,50760,0,False,SCHEDULED,1631912400,HSL:2553K_20210917_La_2_1322,553K,HSL:1411103,Aurinkomäki
45360,45620,260,45360,45682,322,True,UPDATED,1631912400,HSL:5565_20210917_La_1_1208,565,HSL:2142206,Lähdepuronpuisto
46200,46200,0,46200,46200,0,False,SCHEDULED,1631912400,HSL:2548_20210917_La_2_1245,548,HSL:2142206,Lähdepuronpuisto
46440,46440,0,46440,46440,0,True,UPDATED,1631912400,HSL:2215_20210917_La_1_1236,215,HSL:2142206,Lähdepuronpuisto
47100,47100,0,47100,47100,0,False,SCHEDULED,1631912400,HSL:2548_20210917_La_2_1300,548,HSL:2142206,Lähdepuronpuisto
47160,47160,0,47160,47160,0,True,UPDATED,1631912400,HSL:5565_20210917_La_1_1238,565,HSL:2142206,Lähdepuronpuisto
45360,45620,260,45360,45620,260,True,UPDATED,1631912400,HSL:5565_20210917_La_1_1208,565,HSL:2142208,Kuttulammentie
46140,46140,0,46140,46140,0,False,SCHEDULED,1631912400,HSL:2548_20210917_La_2_1245,548,HSL:2142208,Kuttulammentie
46380,46380,0,46380,46380,0,True,UPDATED,1631912400,HSL:2215_20210917_La_1_1236,215,HSL:2142208,Kuttulammentie
47040,47040,0,47040,47040,0,False,SCHEDULED,1631912400,HSL:2548_20210917_La_2_1300,548,HSL:2142208,Kuttulammentie
47160,47160,0,47160,47160,0,True,UPDATED,1631912400,HSL:5565_20210917_La_1_1238,565,HSL:2142208,Kuttulammentie
45060,45357,297,45060,45390,330,True,UPDATED,1631912400,HSL:5565_20210917_La_2_1212,565,HSL:2142209,Laaksolahdenranta
45660,45621,-39,45660,45622,-38,True,UPDATED,1631912400,HSL:2321_20210917_La_2_1229,321,HSL:2142209,Laaksolahdenranta
45720,45728,8,45720,45735,15,True,UPDATED,1631912400,HSL:2548_20210917_La_1_1213,548,HSL:2142209,Laaksolahdenranta
46620,46622,2,46620,46623,3,True,UPDATED,1631912400,HSL:2548_20210917_La_1_1228,548,HSL:2142209,Laaksolahdenranta
46920,46920,0,46920,46920,0,False,SCHEDULED,1631912400,HSL:5565_20210917_La_2_1242,565,HSL:2142209,Laaksolahdenranta
45360,45330,-30,45360,45335,-25,True,UPDATED,1631912400,HSL:1074_20210917_La_2_1232,74,HSL:1411101,Puistolan tori
45900,46020,120,45900,46025,125,True,UPDATED,1631912400,HSL:1075_20210917_La_1_1208,75,HSL:1411101,Puistolan tori
46560,46560,0,46560,46560,0,False,SCHEDULED,1631912400,HSL:1074_20210917_La_2_1252,74,HSL:1411101,Puistolan tori
47100,47383,283,47100,47386,286,True,UPDATED,1631912400,HSL:1075_20210917_La_1_1228,75,HSL:1411101,Puistolan tori
47760,47760,0,47760,47760,0,False,SCHEDULED,1631912400,HSL:1074_20210917_La_2_1312,74,HSL:1411101,Puistolan tori
45660,45659,-1,45660,45665,5,True,UPDATED,1631912400,HSL:2111_20210917_La_1_1215,111,HSL:2232240,Hauenkulma
46560,46598,38,46560,46603,43,True,UPDATED,1631912400,HSL:2111_20210917_La_1_1230,111,HSL:2232240,Hauenkulma
47460,47460,0,47460,47460,0,False,SCHEDULED,1631912400,HSL:2111_20210917_La_1_1245,111,HSL:2232240,Hauenkulma
48360,48360,0,48360,48360,0,False,SCHEDULED,1631912400,HSL:2111_20210917_La_1_1300,111,HSL:2232240,Hauenkulma
49260,49260,0,49260,49260,0,False,SCHEDULED,1631912400,HSL:2111_20210917_La_1_1315,111,HSL:2232240,Hauenkulma
45840,45825,-15,45840,45825,-15,True,UPDATED,1631912400,HSL:1074_20210917_La_1_1203,74,HSL:1411131,Terrintie
46380,46380,0,46380,46380,0,False,SCHEDULED,1631912400,HSL:1075_20210917_La_2_1252,75,HSL:1411131,Terrintie
47040,47021,-19,47040,47024,-16,True,UPDATED,1631912400,HSL:1074_20210917_La_1_1223,74,HSL:1411131,Terrintie
47580,47580,0,47580,47580,0,False,SCHEDULED,1631912400,HSL:1075_20210917_La_2_1312,75,HSL:1411131,Terrintie
48240,48240,0,48240,48240,0,False,SCHEDULED,1631912400,HSL:1074_20210917_La_1_1242,74,HSL:1411131,Terrintie
45420,45381,-39,45420,45383,-37,True,UPDATED,1631912400,HSL:1074_20210917_La_2_1232,74,HSL:1411130,Terrintie
45960,46067,107,45960,46070,110,True,UPDATED,1631912400,HSL:1075_20210917_La_1_1208,75,HSL:1411130,Terrintie
46620,46620,0,46620,46620,0,False,SCHEDULED,1631912400,HSL:1074_20210917_La_2_1252,74,HSL:1411130,Terrintie
47160,47386,226,47160,47386,226,True,UPDATED,1631912400,HSL:1075_20210917_La_1_1228,75,HSL:1411130,Terrintie
47820,47820,0,47820,47820,0,False,SCHEDULED,1631912400,HSL:1074_20210917_La_2_1312,74,HSL:1411130,Terrintie
45840,45838,-2,45840,45838,-2,True,UPDATED,1631912400,HSL:1074_20210917_La_1_1203,74,HSL:1411128,Puistolan tori
46440,46440,0,46440,46440,0,False,SCHEDULED,1631912400,HSL:1075_20210917_La_2_1252,75,HSL:1411128,Puistolan tori
47040,47044,4,47040,47049,9,True,UPDATED,1631912400,HSL:1074_20210917_La_1_1223,74,HSL:1411128,Puistolan tori
47640,47640,0,47640,47640,0,False,SCHEDULED,1631912400,HSL:1075_20210917_La_2_1312,75,HSL:1411128,Puistolan tori
48240,48240,0,48240,48240,0,False,SCHEDULED,1631912400,HSL:1074_20210917_La_1_1242,74,HSL:1411128,Puistolan tori
45840,45960,120,45840,45969,129,True,UPDATED,1631912400,HSL:1075_20210917_La_1_1208,75,HSL:1411124,Puistolan kirkko
46500,46500,0,46500,46500,0,False,SCHEDULED,1631912400,HSL:1074_20210917_La_2_1252,74,HSL:1411124,Puistolan kirkko
47040,47314,274,47040,47319,279,True,UPDATED,1631912400,HSL:1075_20210917_La_1_1228,75,HSL:1411124,Puistolan kirkko
47700,47700,0,47700,47700,0,False,SCHEDULED,1631912400,HSL:1074_20210917_La_2_1312,74,HSL:1411124,Puistolan kirkko
48240,48240,0,48240,48240,0,False,SCHEDULED,1631912400,HSL:1075_20210917_La_1_1248,75,HSL:1411124,Puistolan kirkko
45360,45360,0,45360,45368,8,True,UPDATED,1631912400,HSL:1075_20210917_La_2_1232,75,HSL:1411125,Puistolan kirkko
45960,45928,-32,45960,45928,-32,True,UPDATED,1631912400,HSL:1074_20210917_La_1_1203,74,HSL:1411125,Puistolan kirkko
46560,46560,0,46560,46560,0,False,SCHEDULED,1631912400,HSL:1075_20210917_La_2_1252,75,HSL:1411125,Puistolan kirkko
47160,47112,-48,47160,47112,-48,True,UPDATED,1631912400,HSL:1074_20210917_La_1_1223,74,HSL:1411125,Puistolan kirkko
47760,47760,0,47760,47760,0,False,SCHEDULED,1631912400,HSL:1075_20210917_La_2_1312,75,HSL:1411125,Puistolan kirkko
46680,46680,0,46680,46680,0,False,SCHEDULED,1631912400,HSL:3002A_20210917_La_2_1256,A,HSL:2118551,Mäkkylä
48480,48480,0,48480,48480,0,False,SCHEDULED,1631912400,HSL:3002A_20210917_La_2_1326,A,HSL:2118551,Mäkkylä
50280,50280,0,50280,50280,0,False,SCHEDULED,1631912400,HSL:3002A_20210917_La_2_1356,A,HSL:2118551,Mäkkylä
52080,52080,0,52080,52080,0,False,SCHEDULED,1631912400,HSL:3002A_20210917_La_2_1426,A,HSL:2118551,Mäkkylä
53880,53880,0,53880,53880,0,False,SCHEDULED,1631912400,HSL:3002A_20210917_La_2_1456,A,HSL:2118551,Mäkkylä
45660,45660,0,45660,45660,0,False,SCHEDULED,1631912400,HSL:2215_20210917_La_2_1241,215,HSL:2142226,Lähdeaukio
46500,46500,0,46500,46500,0,True,UPDATED,1631912400,HSL:2215_20210917_La_1_1236,215,HSL:2142226,Lähdeaukio
46860,46860,0,46860,46860,0,False,SCHEDULED,1631912400,HSL:2215_20210917_La_2_1301,215,HSL:2142226,Lähdeaukio
47700,47700,0,47700,47700,0,False,SCHEDULED,1631912400,HSL:2215_20210917_La_1_1256,215,HSL:2142226,Lähdeaukio
48060,48060,0,48060,48060,0,False,SCHEDULED,1631912400,HSL:2215_20210917_La_2_1321,215,HSL:2142226,Lähdeaukio
45900,45900,0,45900,45900,0,True,UPDATED,1631912400,HSL:4555B_20210917_La_1_1236,555B,HSL:2117226,Jääskeläntie
47520,47520,0,47520,47520,0,False,SCHEDULED,1631912400,HSL:4555B_20210917_La_1_1303,555B,HSL:2117226,Jääskeläntie
49500,49500,0,49500,49500,0,False,SCHEDULED,1631912400,HSL:4555B_20210917_La_1_1336,555B,HSL:2117226,Jääskeläntie
51120,51120,0,51120,51120,0,False,SCHEDULED,1631912400,HSL:4555B_20210917_La_1_1403,555B,HSL:2117226,Jääskeläntie
53160,53160,0,53160,53160,0,False,SCHEDULED,1631912400,HSL:4555B_20210917_La_1_1436,555B,HSL:2117226,Jääskeläntie
45060,45296,236,45060,45329,269,True,UPDATED,1631912400,HSL:2321_20210917_La_1_1153,321,HSL:2142225,Lähderannanristi
45540,45577,37,45540,45590,50,True,UPDATED,1631912400,HSL:2236_20210917_La_1_1226,236,HSL:2142225,Lähderannanristi
45420,45732,312,45420,45750,330,True,UPDATED,1631912400,HSL:5565_20210917_La_1_1208,565,HSL:2142225,Lähderannanristi
46740,46740,0,46740,46740,0,False,SCHEDULED,1631912400,HSL:2239_20210917_La_1_1246,239,HSL:2142225,Lähderannanristi
47220,47220,0,47220,47220,0,True,UPDATED,1631912400,HSL:5565_20210917_La_1_1238,565,HSL:2142225,Lähderannanristi
45900,45900,0,45900,45900,0,True,UPDATED,1631912400,HSL:4555B_20210917_La_1_1236,555B,HSL:2117228,Paikkalinnuntie
47520,47520,0,47520,47520,0,False,SCHEDULED,1631912400,HSL:4555B_20210917_La_1_1303,555B,HSL:2117228,Paikkalinnuntie
49500,49500,0,49500,49500,0,False,SCHEDULED,1631912400,HSL:4555B_20210917_La_1_1336,555B,HSL:2117228,Paikkalinnuntie
51120,51120,0,51120,51120,0,False,SCHEDULED,1631912400,HSL:4555B_20210917_La_1_1403,555B,HSL:2117228,Paikkalinnuntie
53160,53160,0,53160,53160,0,False,SCHEDULED,1631912400,HSL:4555B_20210917_La_1_1436,555B,HSL:2117228,Paikkalinnuntie
46200,46200,0,46200,46200,0,False,SCHEDULED,1631912400,HSL:4555B_20210917_La_2_1235,555B,HSL:2117227,Jääskeläntie
48000,48000,0,48000,48000,0,False,SCHEDULED,1631912400,HSL:4555B_20210917_La_2_1305,555B,HSL:2117227,Jääskeläntie
49800,49800,0,49800,49800,0,False,SCHEDULED,1631912400,HSL:4555B_20210917_La_2_1335,555B,HSL:2117227,Jääskeläntie
51600,51600,0,51600,51600,0,False,SCHEDULED,1631912400,HSL:4555B_20210917_La_2_1405,555B,HSL:2117227,Jääskeläntie
53400,53400,0,53400,53400,0,False,SCHEDULED,1631912400,HSL:4555B_20210917_La_2_1435,555B,HSL:2117227,Jääskeläntie
46140,46140,0,46140,46140,0,False,SCHEDULED,1631912400,HSL:4555B_20210917_La_2_1235,555B,HSL:2117229,Paikkalinnuntie
47940,47940,0,47940,47940,0,False,SCHEDULED,1631912400,HSL:4555B_20210917_La_2_1305,555B,HSL:2117229,Paikkalinnuntie
49740,49740,0,49740,49740,0,False,SCHEDULED,1631912400,HSL:4555B_20210917_La_2_1335,555B,HSL:2117229,Paikkalinnuntie
51540,51540,0,51540,51540,0,False,SCHEDULED,1631912400,HSL:4555B_20210917_La_2_1405,555B,HSL:2117229,Paikkalinnuntie
53340,53340,0,53340,53340,0,False,SCHEDULED,1631912400,HSL:4555B_20210917_La_2_1435,555B,HSL:2117229,Paikkalinnuntie
45780,45918,138,45780,45926,146,True,UPDATED,1631912400,HSL:1075_20210917_La_1_1208,75,HSL:1411122,Puistolan VPK
46440,46440,0,46440,46440,0,False,SCHEDULED,1631912400,HSL:1074_20210917_La_2_1252,74,HSL:1411122,Puistolan VPK
46980,47266,286,46980,47275,295,True,UPDATED,1631912400,HSL:1075_20210917_La_1_1228,75,HSL:1411122,Puistolan VPK
47640,47640,0,47640,47640,0,False,SCHEDULED,1631912400,HSL:1074_20210917_La_2_1312,74,HSL:1411122,Puistolan VPK
48180,48180,0,48180,48180,0,False,SCHEDULED,1631912400,HSL:1075_20210917_La_1_1248,75,HSL:1411122,Puistolan VPK
45360,45421,61,45360,45428,68,True,UPDATED,1631912400,HSL:1075_20210917_La_2_1232,75,HSL:1411123,Puistolan VPK
46020,45986,-34,46020,45986,-34,True,UPDATED,1631912400,HSL:1074_20210917_La_1_1203,74,HSL:1411123,Puistolan VPK
46560,46560,0,46560,46560,0,False,SCHEDULED,1631912400,HSL:1075_20210917_La_2_1252,75,HSL:1411123,Puistolan VPK
47220,47174,-46,47220,47186,-34,True,UPDATED,1631912400,HSL:1074_20210917_La_1_1223,74,HSL:1411123,Puistolan VPK
47760,47760,0,47760,47760,0,False,SCHEDULED,1631912400,HSL:1075_20210917_La_2_1312,75,HSL:1411123,Puistolan VPK
45480,45423,-57,45480,45426,-54,True,UPDATED,1631912400,HSL:2321_20210917_La_2_1229,321,HSL:2142222,Lipparinne
45960,45960,0,45960,45960,0,False,SCHEDULED,1631912400,HSL:2236B_20210917_La_2_1236,236B,HSL:2142222,Lipparinne
46800,46800,0,46800,46800,0,False,SCHEDULED,1631912400,HSL:5565_20210917_La_2_1242,565,HSL:2142222,Lipparinne
46920,46920,0,46920,46920,0,False,SCHEDULED,1631912400,HSL:2321_20210917_La_2_1253,321,HSL:2142222,Lipparinne
47100,47100,0,47100,47100,0,True,UPDATED,1631912400,HSL:2239_20210917_La_2_1237,239,HSL:2142222,Lipparinne
45060,45329,269,45060,45346,286,True,UPDATED,1631912400,HSL:2321_20210917_La_1_1153,321,HSL:2142221,Lipparinne
45600,45633,33,45600,45638,38,True,UPDATED,1631912400,HSL:2236_20210917_La_1_1226,236,HSL:2142221,Lipparinne
45480,45773,293,45480,45777,297,True,UPDATED,1631912400,HSL:5565_20210917_La_1_1208,565,HSL:2142221,Lipparinne
46800,46800,0,46800,46800,0,False,SCHEDULED,1631912400,HSL:2239_20210917_La_1_1246,239,HSL:2142221,Lipparinne
47280,47280,0,47280,47280,0,True,UPDATED,1631912400,HSL:5565_20210917_La_1_1238,565,HSL:2142221,Lipparinne
45480,45409,-71,45480,45410,-70,True,UPDATED,1631912400,HSL:2321_20210917_La_2_1229,321,HSL:2142224,Kolkekannas
45900,45900,0,45900,45900,0,False,SCHEDULED,1631912400,HSL:2236B_20210917_La_2_1236,236B,HSL:2142224,Kolkekannas
46740,46740,0,46740,46740,0,False,SCHEDULED,1631912400,HSL:5565_20210917_La_2_1242,565,HSL:2142224,Kolkekannas
46920,46920,0,46920,46920,0,False,SCHEDULED,1631912400,HSL:2321_20210917_La_2_1253,321,HSL:2142224,Kolkekannas
47100,47100,0,47100,47100,0,True,UPDATED,1631912400,HSL:2239_20210917_La_2_1237,239,HSL:2142224,Kolkekannas
45120,45379,259,45120,45380,260,True,UPDATED,1631912400,HSL:2321_20210917_La_1_1153,321,HSL:2142223,Kolkekannas
45660,45662,2,45660,45663,3,True,UPDATED,1631912400,HSL:2236_20210917_La_1_1226,236,HSL:2142223,Kolkekannas
45480,45778,298,45480,45779,299,True,UPDATED,1631912400,HSL:5565_20210917_La_1_1208,565,HSL:2142223,Kolkekannas
46860,46860,0,46860,46860,0,False,SCHEDULED,1631912400,HSL:2239_20210917_La_1_1246,239,HSL:2142223,Kolkekannas
47280,47280,0,47280,47280,0,True,UPDATED,1631912400,HSL:5565_20210917_La_1_1238,565,HSL:2142223,Kolkekannas
45300,45375,75,45300,45407,107,True,UPDATED,1631912400,HSL:2553K_20210917_La_2_1203,553K,HSL:1370108,Pukinmäen asema
45600,45644,44,45660,45690,30,True,UPDATED,1631912400,HSL:1069_20210917_La_1_1203,69,HSL:1370108,Pukinmäen asema
46320,46274,-46,46380,46415,35,True,UPDATED,1631912400,HSL:1061_20210917_La_1_1222,61,HSL:1370108,Pukinmäen asema
46500,46601,101,46500,46601,101,True,UPDATED,1631912400,HSL:2553K_20210917_La_2_1223,553K,HSL:1370108,Pukinmäen asema
46800,46991,191,46860,47008,148,True,UPDATED,1631912400,HSL:1069_20210917_La_1_1222,69,HSL:1370108,Pukinmäen asema
45300,45291,-9,45300,45392,92,True,UPDATED,1631912400,HSL:1061_20210917_La_1_1203,61,HSL:1370109,Eskolantie
45780,45812,32,45780,45812,32,True,UPDATED,1631912400,HSL:1069_20210917_La_1_1203,69,HSL:1370109,Eskolantie
46500,46497,-3,46500,46565,65,True,UPDATED,1631912400,HSL:1061_20210917_La_1_1222,61,HSL:1370109,Eskolantie
46980,47162,182,46980,47162,182,True,UPDATED,1631912400,HSL:1069_20210917_La_1_1222,69,HSL:1370109,Eskolantie
47700,47700,0,47700,47700,0,False,SCHEDULED,1631912400,HSL:1061_20210917_La_1_1242,61,HSL:1370109,Eskolantie
45360,45429,69,45420,45453,33,True,UPDATED,1631912400,HSL:1069_20210917_La_2_1202,69,HSL:1370107,Pukinmäen asema
45480,45662,182,45480,45662,182,True,UPDATED,1631912400,HSL:2553K_20210917_La_1_1209,553K,HSL:1370107,Pukinmäen asema
45780,45876,96,45840,45914,74,True,UPDATED,1631912400,HSL:1061_20210917_La_2_1231,61,HSL:1370107,Pukinmäen asema
46560,46604,44,46620,46624,4,True,UPDATED,1631912400,HSL:1069_20210917_La_2_1222,69,HSL:1370107,Pukinmäen asema
46680,46675,-5,46680,46706,26,True,UPDATED,1631912400,HSL:2553K_20210917_La_1_1229,553K,HSL:1370107,Pukinmäen asema
45600,45594,-6,45600,45606,6,True,UPDATED,1631912400,HSL:1069_20210917_La_2_1202,69,HSL:1370104,Isonpellontie
45600,45807,207,45600,45807,207,True,UPDATED,1631912400,HSL:2553K_20210917_La_1_1209,553K,HSL:1370104,Isonpellontie
45960,46035,75,45960,46035,75,True,UPDATED,1631912400,HSL:1061_20210917_La_2_1231,61,HSL:1370104,Isonpellontie
46800,46809,9,46800,46817,17,True,UPDATED,1631912400,HSL:1069_20210917_La_2_1222,69,HSL:1370104,Isonpellontie
46800,46829,29,46800,46845,45,True,UPDATED,1631912400,HSL:2553K_20210917_La_1_1229,553K,HSL:1370104,Isonpellontie
45480,45524,44,45480,45524,44,True,UPDATED,1631912400,HSL:1069_20210917_La_1_1203,69,HSL:1370103,Isonpellontie
46200,46133,-67,46200,46171,-29,True,UPDATED,1631912400,HSL:1061_20210917_La_1_1222,61,HSL:1370103,Isonpellontie
46380,46486,106,46380,46486,106,True,UPDATED,1631912400,HSL:2553K_20210917_La_2_1223,553K,HSL:1370103,Isonpellontie
46680,46984,304,46680,46991,311,True,UPDATED,1631912400,HSL:1069_20210917_La_1_1222,69,HSL:1370103,Isonpellontie
47400,47400,0,47400,47400,0,False,SCHEDULED,1631912400,HSL:1061_20210917_La_1_1242,61,HSL:1370103,Isonpellontie
45240,45375,135,45240,45381,141,True,UPDATED,1631912400,HSL:1073_20210917_La_1_1213,73,HSL:1382113,Hiekkakiventie
45480,45538,58,45480,45544,64,True,UPDATED,1631912400,HSL:1079_20210917_La_1_1211,79,HSL:1382113,Hiekkakiventie
45720,45756,36,45720,45761,41,True,UPDATED,1631912400,HSL:1077_20210917_La_1_1220,77,HSL:1382113,Hiekkakiventie
45840,45835,-5,45840,45839,-1,True,UPDATED,1631912400,HSL:1074_20210917_La_1_1223,74,HSL:1382113,Hiekkakiventie
46080,46110,30,46080,46118,38,True,UPDATED,1631912400,HSL:1079_20210917_La_1_1221,79,HSL:1382113,Hiekkakiventie
45300,45292,-8,45300,45319,19,True,UPDATED,1631912400,HSL:1071_20210917_La_2_1232,71,HSL:1382119,Eskolantie
45420,45599,179,45420,45599,179,True,UPDATED,1631912400,HSL:2553K_20210917_La_1_1209,553K,HSL:1382119,Eskolantie
45900,45900,0,45900,45900,0,False,SCHEDULED,1631912400,HSL:1071_20210917_La_2_1242,71,HSL:1382119,Eskolantie
46500,46500,0,46500,46500,0,False,SCHEDULED,1631912400,HSL:1071_20210917_La_2_1252,71,HSL:1382119,Eskolantie
46620,46615,-5,46620,46643,23,True,UPDATED,1631912400,HSL:2553K_20210917_La_1_1229,553K,HSL:1382119,Eskolantie
45360,45406,46,45360,45410,50,True,UPDATED,1631912400,HSL:4561_20210917_La_1_1223,561,HSL:1382115,Riihenkulma
45300,45468,168,45300,45473,173,True,UPDATED,1631912400,HSL:1073_20210917_La_1_1213,73,HSL:1382115,Riihenkulma
45540,45634,94,45540,45637,97,True,UPDATED,1631912400,HSL:1079_20210917_La_1_1211,79,HSL:1382115,Riihenkulma
45900,45917,17,45900,45920,20,True,UPDATED,1631912400,HSL:1074_20210917_La_1_1223,74,HSL:1382115,Riihenkulma
45900,45942,42,45900,45947,47,True,UPDATED,1631912400,HSL:1554_20210917_La_1_1233,554,HSL:1382115,Riihenkulma
45240,45332,92,45240,45339,99,True,UPDATED,1631912400,HSL:1074_20210917_La_2_1212,74,HSL:1382116,Riihenkulma
45600,45671,71,45600,45718,118,True,UPDATED,1631912400,HSL:1079_20210917_La_2_1218,79,HSL:1382116,Riihenkulma
45600,45769,169,45600,45773,173,True,UPDATED,1631912400,HSL:4561_20210917_La_2_1205,561,HSL:1382116,Riihenkulma
45840,45872,32,45840,45872,32,True,UPDATED,1631912400,HSL:1073_20210917_La_2_1221,73,HSL:1382116,Riihenkulma
46200,46249,49,46200,46252,52,True,UPDATED,1631912400,HSL:1554_20210917_La_2_1230,554,HSL:1382116,Riihenkulma
45360,45392,32,45360,45447,87,True,UPDATED,1631912400,HSL:1061_20210917_La_1_1203,61,HSL:1370111,Kenttätie
46560,46565,5,46560,46621,61,True,UPDATED,1631912400,HSL:1061_20210917_La_1_1222,61,HSL:1370111,Kenttätie
47760,47760,0,47760,47760,0,False,SCHEDULED,1631912400,HSL:1061_20210917_La_1_1242,61,HSL:1370111,Kenttätie
48960,48960,0,48960,48960,0,False,SCHEDULED,1631912400,HSL:1061_20210917_La_1_1302,61,HSL:1370111,Kenttätie
50160,50160,0,50160,50160,0,False,SCHEDULED,1631912400,HSL:1061_20210917_La_1_1322,61,HSL:1370111,Kenttätie
45660,45716,56,45660,45724,64,True,UPDATED,1631912400,HSL:1061_20210917_La_2_1231,61,HSL:1370112,Kenttätie
46440,46446,6,46440,46466,26,True,UPDATED,1631912400,HSL:1069_20210917_La_2_1222,69,HSL:1370112,Kenttätie
46860,46860,0,46860,46860,0,False,SCHEDULED,1631912400,HSL:1061_20210917_La_2_1251,61,HSL:1370112,Kenttätie
47580,47580,0,47580,47580,0,False,SCHEDULED,1631912400,HSL:1069_20210917_La_2_1241,69,HSL:1370112,Kenttätie
48060,48060,0,48060,48060,0,False,SCHEDULED,1631912400,HSL:1061_20210917_La_2_1311,61,HSL:1370112,Kenttätie
45300,45348,48,45300,45374,74,True,UPDATED,1631912400,HSL:1069_20210917_La_2_1202,69,HSL:1370110,Eskolantie
45720,45781,61,45720,45802,82,True,UPDATED,1631912400,HSL:1061_20210917_La_2_1231,61,HSL:1370110,Eskolantie
46500,46524,24,46500,46550,50,True,UPDATED,1631912400,HSL:1069_20210917_La_2_1222,69,HSL:1370110,Eskolantie
46920,46920,0,46920,46920,0,False,SCHEDULED,1631912400,HSL:1061_20210917_La_2_1251,61,HSL:1370110,Eskolantie
47700,47700,0,47700,47700,0,False,SCHEDULED,1631912400,HSL:1069_20210917_La_2_1241,69,HSL:1370110,Eskolantie
45660,45668,8,45660,45668,8,True,UPDATED,1631912400,HSL:3002E_20210917_La_1_1227,E,HSL:2131501,Kilo
46560,46560,0,46560,46560,0,False,SCHEDULED,1631912400,HSL:3002U_20210917_La_1_1242,U,HSL:2131501,Kilo
47460,47460,0,47460,47460,0,False,SCHEDULED,1631912400,HSL:3002E_20210917_La_1_1257,E,HSL:2131501,Kilo
48360,48360,0,48360,48360,0,False,SCHEDULED,1631912400,HSL:3002U_20210917_La_1_1312,U,HSL:2131501,Kilo
49260,49260,0,49260,49260,0,False,SCHEDULED,1631912400,HSL:3002E_20210917_La_1_1327,E,HSL:2131501,Kilo
45780,45780,0,45780,45780,0,True,UPDATED,1631912400,HSL:2112_20210917_La_2_1235,112,HSL:2232202,Pattistenpelto
46680,46680,0,46680,46680,0,False,SCHEDULED,1631912400,HSL:2112_20210917_La_2_1250,112,HSL:2232202,Pattistenpelto
47580,47580,0,47580,47580,0,False,SCHEDULED,1631912400,HSL:2112_20210917_La_2_1305,112,HSL:2232202,Pattistenpelto
48480,48480,0,48480,48480,0,False,SCHEDULED,1631912400,HSL:2112_20210917_La_2_1320,112,HSL:2232202,Pattistenpelto
49380,49380,0,49380,49380,0,False,SCHEDULED,1631912400,HSL:2112_20210917_La_2_1335,112,HSL:2232202,Pattistenpelto
92520,92520,0,92520,92520,0,False,SCHEDULED,1631912400,HSL:9643N_20210917_La_2_2535,643N,HSL:9670303,Huhtariihentie
49800,49800,0,49800,49800,0,False,SCHEDULED,1631912400,HSL:7192V_20210917_La_2_1315,192V,HSL:2232204,Hanasaari
61140,61140,0,61140,61140,0,False,SCHEDULED,1631912400,HSL:7192V_20210917_La_2_1623,192V,HSL:2232204,Hanasaari
64200,64200,0,64200,64200,0,False,SCHEDULED,1631912400,HSL:7192V_20210917_La_2_1715,192V,HSL:2232204,Hanasaari
82200,82200,0,82200,82200,0,False,SCHEDULED,1631912400,HSL:7192V_20210917_La_2_2215,192V,HSL:2232204,Hanasaari
84540,84540,0,84540,84540,0,False,SCHEDULED,1631912400,HSL:2147N_20210917_La_2_2304,147N,HSL:2232204,Hanasaari
46320,46361,41,46320,46377,57,True,UPDATED,1631912400,HSL:1069_20210917_La_2_1222,69,HSL:1370119,Ukkostie
47520,47520,0,47520,47520,0,False,SCHEDULED,1631912400,HSL:1069_20210917_La_2_1241,69,HSL:1370119,Ukkostie
48720,48720,0,48720,48720,0,False,SCHEDULED,1631912400,HSL:1069_20210917_La_2_1301,69,HSL:1370119,Ukkostie
49920,49920,0,49920,49920,0,False,SCHEDULED,1631912400,HSL:1069_20210917_La_2_1321,69,HSL:1370119,Ukkostie
51120,51120,0,51120,51120,0,False,SCHEDULED,1631912400,HSL:1069_20210917_La_2_1341,69,HSL:1370119,Ukkostie
45840,45869,29,45840,45884,44,True,UPDATED,1631912400,HSL:1069_20210917_La_1_1203,69,HSL:1370118,Kenttätie
47040,47187,147,47040,47198,158,True,UPDATED,1631912400,HSL:1069_20210917_La_1_1222,69,HSL:1370118,Kenttätie
48240,48240,0,48240,48240,0,False,SCHEDULED,1631912400,HSL:1069_20210917_La_1_1242,69,HSL:1370118,Kenttätie
49440,49440,0,49440,49440,0,False,SCHEDULED,1631912400,HSL:1069_20210917_La_1_1302,69,HSL:1370118,Kenttätie
50640,50640,0,50640,50640,0,False,SCHEDULED,1631912400,HSL:1069_20210917_La_1_1322,69,HSL:1370118,Kenttätie
45720,45720,0,45720,45720,0,True,UPDATED,1631912400,HSL:2112_20210917_La_2_1235,112,HSL:2232208,Hauenkita
46620,46620,0,46620,46620,0,False,SCHEDULED,1631912400,HSL:2112_20210917_La_2_1250,112,HSL:2232208,Hauenkita
47520,47520,0,47520,47520,0,False,SCHEDULED,1631912400,HSL:2112_20210917_La_2_1305,112,HSL:2232208,Hauenkita
48420,48420,0,48420,48420,0,False,SCHEDULED,1631912400,HSL:2112_20210917_La_2_1320,112,HSL:2232208,Hauenkita
49320,49320,0,49320,49320,0,False,SCHEDULED,1631912400,HSL:2112_20210917_La_2_1335,112,HSL:2232208,Hauenkita
45300,45338,38,45300,45345,45,True,UPDATED,1631912400,HSL:2112_20210917_La_1_1224,112,HSL:2232209,Hauenkita
46200,46200,0,46200,46200,0,False,SCHEDULED,1631912400,HSL:2112_20210917_La_1_1239,112,HSL:2232209,Hauenkita
47100,47100,0,47100,47100,0,False,SCHEDULED,1631912400,HSL:2112_20210917_La_1_1254,112,HSL:2232209,Hauenkita
48000,48000,0,48000,48000,0,False,SCHEDULED,1631912400,HSL:2112_20210917_La_1_1309,112,HSL:2232209,Hauenkita
48900,48900,0,48900,48900,0,False,SCHEDULED,1631912400,HSL:2112_20210917_La_1_1324,112,HSL:2232209,Hauenkita
45420,45447,27,45420,45465,45,True,UPDATED,1631912400,HSL:1061_20210917_La_1_1203,61,HSL:1370113,Pukinmäenkaari
46620,46626,6,46620,46679,59,True,UPDATED,1631912400,HSL:1061_20210917_La_1_1222,61,HSL:1370113,Pukinmäenkaari
47820,47820,0,47820,47820,0,False,SCHEDULED,1631912400,HSL:1061_20210917_La_1_1242,61,HSL:1370113,Pukinmäenkaari
49020,49020,0,49020,49020,0,False,SCHEDULED,1631912400,HSL:1061_20210917_La_1_1302,61,HSL:1370113,Pukinmäenkaari
50220,50220,0,50220,50220,0,False,SCHEDULED,1631912400,HSL:1061_20210917_La_1_1322,61,HSL:1370113,Pukinmäenkaari
45660,45660,0,45660,45660,0,False,SCHEDULED,1631912400,HSL:2202_20210917_La_2_1239,202,HSL:2117202,Lintumetsä
47520,47520,0,47520,47520,0,False,SCHEDULED,1631912400,HSL:2202_20210917_La_2_1310,202,HSL:2117202,Lintumetsä
49260,49260,0,49260,49260,0,False,SCHEDULED,1631912400,HSL:2202_20210917_La_2_1339,202,HSL:2117202,Lintumetsä
51120,51120,0,51120,51120,0,False,SCHEDULED,1631912400,HSL:2202_20210917_La_2_1410,202,HSL:2117202,Lintumetsä
52860,52860,0,52860,52860,0,False,SCHEDULED,1631912400,HSL:2202_20210917_La_2_1439,202,HSL:2117202,Lintumetsä
45540,45624,84,45540,45634,94,True,UPDATED,1631912400,HSL:1061_20210917_La_2_1231,61,HSL:1370114,Pukinmäenkaari
46740,46740,0,46740,46740,0,False,SCHEDULED,1631912400,HSL:1061_20210917_La_2_1251,61,HSL:1370114,Pukinmäenkaari
47940,47940,0,47940,47940,0,False,SCHEDULED,1631912400,HSL:1061_20210917_La_2_1311,61,HSL:1370114,Pukinmäenkaari
49140,49140,0,49140,49140,0,False,SCHEDULED,1631912400,HSL:1061_20210917_La_2_1331,61,HSL:1370114,Pukinmäenkaari
50340,50340,0,50340,50340,0,False,SCHEDULED,1631912400,HSL:1061_20210917_La_2_1351,61,HSL:1370114,Pukinmäenkaari
45300,45395,95,45300,45490,190,True,UPDATED,1631912400,HSL:2202_20210917_La_1_1208,202,HSL:2117204,Helmipöllönmäki
45540,45540,0,45540,45540,0,False,SCHEDULED,1631912400,HSL:2202_20210917_La_2_1239,202,HSL:2117204,Helmipöllönmäki
47100,47083,-17,47100,47083,-17,True,UPDATED,1631912400,HSL:2202_20210917_La_1_1238,202,HSL:2117204,Helmipöllönmäki
47400,47400,0,47400,47400,0,False,SCHEDULED,1631912400,HSL:2202_20210917_La_2_1310,202,HSL:2117204,Helmipöllönmäki
48960,48960,0,48960,48960,0,False,SCHEDULED,1631912400,HSL:2202_20210917_La_1_1307,202,HSL:2117204,Helmipöllönmäki
45180,45283,103,45180,45315,135,True,UPDATED,1631912400,HSL:2202_20210917_La_1_1208,202,HSL:2117203,Lintumetsä
46980,46999,19,46980,47015,35,True,UPDATED,1631912400,HSL:2202_20210917_La_1_1238,202,HSL:2117203,Lintumetsä
48840,48840,0,48840,48840,0,False,SCHEDULED,1631912400,HSL:2202_20210917_La_1_1307,202,HSL:2117203,Lintumetsä
50700,50700,0,50700,50700,0,False,SCHEDULED,1631912400,HSL:2202_20210917_La_1_1338,202,HSL:2117203,Lintumetsä
52440,52440,0,52440,52440,0,False,SCHEDULED,1631912400,HSL:2202_20210917_La_1_1407,202,HSL:2117203,Lintumetsä
45780,45965,185,45780,45970,190,True,UPDATED,1631912400,HSL:4561_20210917_La_2_1205,561,HSL:1382102,Tattariharjuntie
46320,46398,78,46320,46402,82,True,UPDATED,1631912400,HSL:1554_20210917_La_2_1230,554,HSL:1382102,Tattariharjuntie
46980,46980,0,46980,46980,0,False,SCHEDULED,1631912400,HSL:4561_20210917_La_2_1224,561,HSL:1382102,Tattariharjuntie
47520,47520,0,47520,47520,0,False,SCHEDULED,1631912400,HSL:1554_20210917_La_2_1250,554,HSL:1382102,Tattariharjuntie
48180,48180,0,48180,48180,0,False,SCHEDULED,1631912400,HSL:4561_20210917_La_2_1244,561,HSL:1382102,Tattariharjuntie
45600,45600,0,45600,45600,0,False,SCHEDULED,1631912400,HSL:2202_20210917_La_2_1239,202,HSL:2117206,Helmipöllönkatu
47460,47460,0,47460,47460,0,False,SCHEDULED,1631912400,HSL:2202_20210917_La_2_1310,202,HSL:2117206,Helmipöllönkatu
49200,49200,0,49200,49200,0,False,SCHEDULED,1631912400,HSL:2202_20210917_La_2_1339,202,HSL:2117206,Helmipöllönkatu
51060,51060,0,51060,51060,0,False,SCHEDULED,1631912400,HSL:2202_20210917_La_2_1410,202,HSL:2117206,Helmipöllönkatu
52800,52800,0,52800,52800,0,False,SCHEDULED,1631912400,HSL:2202_20210917_La_2_1439,202,HSL:2117206,Helmipöllönkatu
45780,45818,38,45780,45823,43,True,UPDATED,1631912400,HSL:1554_20210917_La_1_1233,554,HSL:1382101,Tattariharjuntie
46440,46440,0,46440,46440,0,False,SCHEDULED,1631912400,HSL:4561_20210917_La_1_1243,561,HSL:1382101,Tattariharjuntie
46980,46980,0,46980,46980,0,False,SCHEDULED,1631912400,HSL:1554_20210917_La_1_1253,554,HSL:1382101,Tattariharjuntie
47640,47640,0,47640,47640,0,False,SCHEDULED,1631912400,HSL:4561_20210917_La_1_1303,561,HSL:1382101,Tattariharjuntie
48180,48180,0,48180,48180,0,False,SCHEDULED,1631912400,HSL:1554_20210917_La_1_1313,554,HSL:1382101,Tattariharjuntie
45240,45347,107,45240,45353,113,True,UPDATED,1631912400,HSL:2202_20210917_La_1_1208,202,HSL:2117205,Helmipöllönkatu
47040,47052,12,47040,47061,21,True,UPDATED,1631912400,HSL:2202_20210917_La_1_1238,202,HSL:2117205,Helmipöllönkatu
48900,48900,0,48900,48900,0,False,SCHEDULED,1631912400,HSL:2202_20210917_La_1_1307,202,HSL:2117205,Helmipöllönkatu
50760,50760,0,50760,50760,0,False,SCHEDULED,1631912400,HSL:2202_20210917_La_1_1338,202,HSL:2117205,Helmipöllönkatu
52500,52500,0,52500,52500,0,False,SCHEDULED,1631912400,HSL:2202_20210917_La_1_1407,202,HSL:2117205,Helmipöllönkatu
45720,45934,214,45720,45938,218,True,UPDATED,1631912400,HSL:4561_20210917_La_2_1205,561,HSL:1382104,Pihlajamäentie
46260,46379,119,46260,46382,122,True,UPDATED,1631912400,HSL:1554_20210917_La_2_1230,554,HSL:1382104,Pihlajamäentie
46920,46920,0,46920,46920,0,False,SCHEDULED,1631912400,HSL:4561_20210917_La_2_1224,561,HSL:1382104,Pihlajamäentie
47460,47460,0,47460,47460,0,False,SCHEDULED,1631912400,HSL:1554_20210917_La_2_1250,554,HSL:1382104,Pihlajamäentie
48120,48120,0,48120,48120,0,False,SCHEDULED,1631912400,HSL:4561_20210917_La_2_1244,561,HSL:1382104,Pihlajamäentie
45900,45925,25,45900,45944,44,True,UPDATED,1631912400,HSL:1069_20210917_La_1_1203,69,HSL:1370120,Ukkostie
47100,47232,132,47100,47243,143,True,UPDATED,1631912400,HSL:1069_20210917_La_1_1222,69,HSL:1370120,Ukkostie
48300,48300,0,48300,48300,0,False,SCHEDULED,1631912400,HSL:1069_20210917_La_1_1242,69,HSL:1370120,Ukkostie
49500,49500,0,49500,49500,0,False,SCHEDULED,1631912400,HSL:1069_20210917_La_1_1302,69,HSL:1370120,Ukkostie
50700,50700,0,50700,50700,0,False,SCHEDULED,1631912400,HSL:1069_20210917_La_1_1322,69,HSL:1370120,Ukkostie
45660,45660,0,45660,45660,0,True,UPDATED,1631912400,HSL:2112_20210917_La_2_1235,112,HSL:2232210,Haukilahdenranta
46560,46560,0,46560,46560,0,False,SCHEDULED,1631912400,HSL:2112_20210917_La_2_1250,112,HSL:2232210,Haukilahdenranta
47460,47460,0,47460,47460,0,False,SCHEDULED,1631912400,HSL:2112_20210917_La_2_1305,112,HSL:2232210,Haukilahdenranta
48360,48360,0,48360,48360,0,False,SCHEDULED,1631912400,HSL:2112_20210917_La_2_1320,112,HSL:2232210,Haukilahdenranta
49260,49260,0,49260,49260,0,False,SCHEDULED,1631912400,HSL:2112_20210917_La_2_1335,112,HSL:2232210,Haukilahdenranta
45360,45374,14,45360,45377,17,True,UPDATED,1631912400,HSL:2112_20210917_La_1_1224,112,HSL:2232211,Haukilahdenranta
46260,46260,0,46260,46260,0,False,SCHEDULED,1631912400,HSL:2112_20210917_La_1_1239,112,HSL:2232211,Haukilahdenranta
47160,47160,0,47160,47160,0,False,SCHEDULED,1631912400,HSL:2112_20210917_La_1_1254,112,HSL:2232211,Haukilahdenranta
48060,48060,0,48060,48060,0,False,SCHEDULED,1631912400,HSL:2112_20210917_La_1_1309,112,HSL:2232211,Haukilahdenranta
48960,48960,0,48960,48960,0,False,SCHEDULED,1631912400,HSL:2112_20210917_La_1_1324,112,HSL:2232211,Haukilahdenranta
45360,45532,172,45360,45540,180,True,UPDATED,1631912400,HSL:2553K_20210917_La_1_1209,553K,HSL:1370121,Ruotutorpankuja
45840,45840,0,45840,45840,0,False,SCHEDULED,1631912400,HSL:1071_20210917_La_2_1242,71,HSL:1370121,Ruotutorpankuja
46440,46440,0,46440,46440,0,False,SCHEDULED,1631912400,HSL:1071_20210917_La_2_1252,71,HSL:1370121,Ruotutorpankuja
46560,46534,-26,46560,46550,-10,True,UPDATED,1631912400,HSL:2553K_20210917_La_1_1229,553K,HSL:1370121,Ruotutorpankuja
47040,47040,0,47040,47040,0,False,SCHEDULED,1631912400,HSL:1071_20210917_La_2_1302,71,HSL:1370121,Ruotutorpankuja
45360,45413,53,45360,45416,56,True,UPDATED,1631912400,HSL:2112_20210917_La_1_1224,112,HSL:2232212,Gäddvikintorppa
46260,46260,0,46260,46260,0,False,SCHEDULED,1631912400,HSL:2112_20210917_La_1_1239,112,HSL:2232212,Gäddvikintorppa
47160,47160,0,47160,47160,0,False,SCHEDULED,1631912400,HSL:2112_20210917_La_1_1254,112,HSL:2232212,Gäddvikintorppa
48060,48060,0,48060,48060,0,False,SCHEDULED,1631912400,HSL:2112_20210917_La_1_1309,112,HSL:2232212,Gäddvikintorppa
48960,48960,0,48960,48960,0,False,SCHEDULED,1631912400,HSL:2112_20210917_La_1_1324,112,HSL:2232212,Gäddvikintorppa
45300,45379,79,45300,45411,111,True,UPDATED,1631912400,HSL:2111_20210917_La_2_1223,111,HSL:2232213,Telamäentie
46200,46200,0,46200,46200,0,True,UPDATED,1631912400,HSL:2111_20210917_La_2_1238,111,HSL:2232213,Telamäentie
47100,47100,0,47100,47100,0,False,SCHEDULED,1631912400,HSL:2111_20210917_La_2_1253,111,HSL:2232213,Telamäentie
48000,48000,0,48000,48000,0,False,SCHEDULED,1631912400,HSL:2111_20210917_La_2_1308,111,HSL:2232213,Telamäentie
48900,48900,0,48900,48900,0,False,SCHEDULED,1631912400,HSL:2111_20210917_La_2_1323,111,HSL:2232213,Telamäentie
45420,45460,40,45420,45465,45,True,UPDATED,1631912400,HSL:2111_20210917_La_1_1215,111,HSL:2232215,Toppelund
46320,46390,70,46320,46394,74,True,UPDATED,1631912400,HSL:2111_20210917_La_1_1230,111,HSL:2232215,Toppelund
47220,47220,0,47220,47220,0,False,SCHEDULED,1631912400,HSL:2111_20210917_La_1_1245,111,HSL:2232215,Toppelund
48120,48120,0,48120,48120,0,False,SCHEDULED,1631912400,HSL:2111_20210917_La_1_1300,111,HSL:2232215,Toppelund
49020,49020,0,49020,49020,0,False,SCHEDULED,1631912400,HSL:2111_20210917_La_1_1315,111,HSL:2232215,Toppelund
45600,45624,24,45600,45629,29,True,UPDATED,1631912400,HSL:2111_20210917_La_2_1223,111,HSL:2232216,Toppelund
46500,46500,0,46500,46500,0,True,UPDATED,1631912400,HSL:2111_20210917_La_2_1238,111,HSL:2232216,Toppelund
47400,47400,0,47400,47400,0,False,SCHEDULED,1631912400,HSL:2111_20210917_La_2_1253,111,HSL:2232216,Toppelund
48360,48360,0,48360,48360,0,False,SCHEDULED,1631912400,HSL:2111_20210917_La_2_1308,111,HSL:2232216,Toppelund
49260,49260,0,49260,49260,0,False,SCHEDULED,1631912400,HSL:2111_20210917_La_2_1323,111,HSL:2232216,Toppelund
45480,45489,9,45480,45498,18,True,UPDATED,1631912400,HSL:2111_20210917_La_1_1215,111,HSL:2232217,Mellstenintie
46380,46419,39,46380,46426,46,True,UPDATED,1631912400,HSL:2111_20210917_La_1_1230,111,HSL:2232217,Mellstenintie
47280,47280,0,47280,47280,0,False,SCHEDULED,1631912400,HSL:2111_20210917_La_1_1245,111,HSL:2232217,Mellstenintie
48180,48180,0,48180,48180,0,False,SCHEDULED,1631912400,HSL:2111_20210917_La_1_1300,111,HSL:2232217,Mellstenintie
49080,49080,0,49080,49080,0,False,SCHEDULED,1631912400,HSL:2111_20210917_La_1_1315,111,HSL:2232217,Mellstenintie
46260,46336,76,46260,46336,76,True,UPDATED,1631912400,HSL:1069_20210917_La_2_1222,69,HSL:1370128,Leppätie
47460,47460,0,47460,47460,0,False,SCHEDULED,1631912400,HSL:1069_20210917_La_2_1241,69,HSL:1370128,Leppätie
48660,48660,0,48660,48660,0,False,SCHEDULED,1631912400,HSL:1069_20210917_La_2_1301,69,HSL:1370128,Leppätie
49860,49860,0,49860,49860,0,False,SCHEDULED,1631912400,HSL:1069_20210917_La_2_1321,69,HSL:1370128,Leppätie
51060,51060,0,51060,51060,0,False,SCHEDULED,1631912400,HSL:1069_20210917_La_2_1341,69,HSL:1370128,Leppätie
45540,45594,54,45540,45599,59,True,UPDATED,1631912400,HSL:2111_20210917_La_2_1223,111,HSL:2232218,Mellstenintie
46440,46440,0,46440,46440,0,True,UPDATED,1631912400,HSL:2111_20210917_La_2_1238,111,HSL:2232218,Mellstenintie
47340,47340,0,47340,47340,0,False,SCHEDULED,1631912400,HSL:2111_20210917_La_2_1253,111,HSL:2232218,Mellstenintie
48300,48300,0,48300,48300,0,False,SCHEDULED,1631912400,HSL:2111_20210917_La_2_1308,111,HSL:2232218,Mellstenintie
49200,49200,0,49200,49200,0,False,SCHEDULED,1631912400,HSL:2111_20210917_La_2_1323,111,HSL:2232218,Mellstenintie
45480,45533,53,45480,45542,62,True,UPDATED,1631912400,HSL:2111_20210917_La_1_1215,111,HSL:2232219,Säynävätie
46380,46457,77,46380,46465,85,True,UPDATED,1631912400,HSL:2111_20210917_La_1_1230,111,HSL:2232219,Säynävätie
47280,47280,0,47280,47280,0,False,SCHEDULED,1631912400,HSL:2111_20210917_La_1_1245,111,HSL:2232219,Säynävätie
48180,48180,0,48180,48180,0,False,SCHEDULED,1631912400,HSL:2111_20210917_La_1_1300,111,HSL:2232219,Säynävätie
49080,49080,0,49080,49080,0,False,SCHEDULED,1631912400,HSL:2111_20210917_La_1_1315,111,HSL:2232219,Säynävätie
45960,46006,46,45960,46036,76,True,UPDATED,1631912400,HSL:3002A_20210917_La_1_1233,A,HSL:2118501,Mäkkylä
47760,47760,0,47760,47760,0,False,SCHEDULED,1631912400,HSL:3002A_20210917_La_1_1303,A,HSL:2118501,Mäkkylä
49560,49560,0,49560,49560,0,False,SCHEDULED,1631912400,HSL:3002A_20210917_La_1_1333,A,HSL:2118501,Mäkkylä
51360,51360,0,51360,51360,0,False,SCHEDULED,1631912400,HSL:3002A_20210917_La_1_1403,A,HSL:2118501,Mäkkylä
53160,53160,0,53160,53160,0,False,SCHEDULED,1631912400,HSL:3002A_20210917_La_1_1433,A,HSL:2118501,Mäkkylä
45540,45551,11,45540,45557,17,True,UPDATED,1631912400,HSL:2111_20210917_La_2_1223,111,HSL:2232220,Säynävätie
46440,46440,0,46440,46440,0,True,UPDATED,1631912400,HSL:2111_20210917_La_2_1238,111,HSL:2232220,Säynävätie
47340,47340,0,47340,47340,0,False,SCHEDULED,1631912400,HSL:2111_20210917_La_2_1253,111,HSL:2232220,Säynävätie
48300,48300,0,48300,48300,0,False,SCHEDULED,1631912400,HSL:2111_20210917_La_2_1308,111,HSL:2232220,Säynävätie
49200,49200,0,49200,49200,0,False,SCHEDULED,1631912400,HSL:2111_20210917_La_2_1323,111,HSL:2232220,Säynävätie
46080,46080,0,46080,46080,0,False,SCHEDULED,1631912400,HSL:2112_20210917_La_1_1239,112,HSL:2232221,Pattistenpelto
46980,46980,0,46980,46980,0,False,SCHEDULED,1631912400,HSL:2112_20210917_La_1_1254,112,HSL:2232221,Pattistenpelto
47880,47880,0,47880,47880,0,False,SCHEDULED,1631912400,HSL:2112_20210917_La_1_1309,112,HSL:2232221,Pattistenpelto
48780,48780,0,48780,48780,0,False,SCHEDULED,1631912400,HSL:2112_20210917_La_1_1324,112,HSL:2232221,Pattistenpelto
49680,49680,0,49680,49680,0,False,SCHEDULED,1631912400,HSL:2112_20210917_La_1_1339,112,HSL:2232221,Pattistenpelto
45900,45900,0,45900,45900,0,True,UPDATED,1631912400,HSL:2112_20210917_La_2_1235,112,HSL:2232223,Kuhatienahde
46800,46800,0,46800,46800,0,False,SCHEDULED,1631912400,HSL:2112_20210917_La_2_1250,112,HSL:2232223,Kuhatienahde
47700,47700,0,47700,47700,0,False,SCHEDULED,1631912400,HSL:2112_20210917_La_2_1305,112,HSL:2232223,Kuhatienahde
48600,48600,0,48600,48600,0,False,SCHEDULED,1631912400,HSL:2112_20210917_La_2_1320,112,HSL:2232223,Kuhatienahde
49500,49500,0,49500,49500,0,False,SCHEDULED,1631912400,HSL:2112_20210917_La_2_1335,112,HSL:2232223,Kuhatienahde
46020,46020,0,46020,46020,0,False,SCHEDULED,1631912400,HSL:2112_20210917_La_1_1239,112,HSL:2232224,Kuhatienahde
46920,46920,0,46920,46920,0,False,SCHEDULED,1631912400,HSL:2112_20210917_La_1_1254,112,HSL:2232224,Kuhatienahde
47820,47820,0,47820,47820,0,False,SCHEDULED,1631912400,HSL:2112_20210917_La_1_1309,112,HSL:2232224,Kuhatienahde
48720,48720,0,48720,48720,0,False,SCHEDULED,1631912400,HSL:2112_20210917_La_1_1324,112,HSL:2232224,Kuhatienahde
49620,49620,0,49620,49620,0,False,SCHEDULED,1631912400,HSL:2112_20210917_La_1_1339,112,HSL:2232224,Kuhatienahde
46020,46020,0,46020,46020,0,False,SCHEDULED,1631912400,HSL:2112_20210917_La_1_1239,112,HSL:2232226,Niittysilta
46920,46920,0,46920,46920,0,False,SCHEDULED,1631912400,HSL:2112_20210917_La_1_1254,112,HSL:2232226,Niittysilta
47820,47820,0,47820,47820,0,False,SCHEDULED,1631912400,HSL:2112_20210917_La_1_1309,112,HSL:2232226,Niittysilta
48720,48720,0,48720,48720,0,False,SCHEDULED,1631912400,HSL:2112_20210917_La_1_1324,112,HSL:2232226,Niittysilta
49620,49620,0,49620,49620,0,False,SCHEDULED,1631912400,HSL:2112_20210917_La_1_1339,112,HSL:2232226,Niittysilta
46140,46140,0,46140,46140,0,False,SCHEDULED,1631912400,HSL:2112_20210917_La_1_1239,112,HSL:2232227,Haukikuja
47040,47040,0,47040,47040,0,False,SCHEDULED,1631912400,HSL:2112_20210917_La_1_1254,112,HSL:2232227,Haukikuja
47940,47940,0,47940,47940,0,False,SCHEDULED,1631912400,HSL:2112_20210917_La_1_1309,112,HSL:2232227,Haukikuja
48840,48840,0,48840,48840,0,False,SCHEDULED,1631912400,HSL:2112_20210917_La_1_1324,112,HSL:2232227,Haukikuja
49740,49740,0,49740,49740,0,False,SCHEDULED,1631912400,HSL:2112_20210917_La_1_1339,112,HSL:2232227,Haukikuja
45780,45780,0,45780,45780,0,True,UPDATED,1631912400,HSL:2112_20210917_La_2_1235,112,HSL:2232228,Haukikuja
46680,46680,0,46680,46680,0,False,SCHEDULED,1631912400,HSL:2112_20210917_La_2_1250,112,HSL:2232228,Haukikuja
47580,47580,0,47580,47580,0,False,SCHEDULED,1631912400,HSL:2112_20210917_La_2_1305,112,HSL:2232228,Haukikuja
48480,48480,0,48480,48480,0,False,SCHEDULED,1631912400,HSL:2112_20210917_La_2_1320,112,HSL:2232228,Haukikuja
49380,49380,0,49380,49380,0,False,SCHEDULED,1631912400,HSL:2112_20210917_La_2_1335,112,HSL:2232228,Haukikuja
45300,45323,23,45300,45329,29,True,UPDATED,1631912400,HSL:2112_20210917_La_1_1224,112,HSL:2232229,Haukiverkko
46200,46200,0,46200,46200,0,False,SCHEDULED,1631912400,HSL:2112_20210917_La_1_1239,112,HSL:2232229,Haukiverkko
47100,47100,0,47100,47100,0,False,SCHEDULED,1631912400,HSL:2112_20210917_La_1_1254,112,HSL:2232229,Haukiverkko
48000,48000,0,48000,48000,0,False,SCHEDULED,1631912400,HSL:2112_20210917_La_1_1309,112,HSL:2232229,Haukiverkko
48900,48900,0,48900,48900,0,False,SCHEDULED,1631912400,HSL:2112_20210917_La_1_1324,112,HSL:2232229,Haukiverkko
46020,46072,52,46020,46072,52,True,UPDATED,1631912400,HSL:4624_20210917_La_1_1219,624,HSL:4720225,Koivutaival
46260,46312,52,46260,46312,52,True,UPDATED,1631912400,HSL:4631_20210917_La_1_1234,631,HSL:4720225,Koivutaival
47820,47820,0,47820,47820,0,False,SCHEDULED,1631912400,HSL:4624_20210917_La_1_1249,624,HSL:4720225,Koivutaival
48060,48060,0,48060,48060,0,False,SCHEDULED,1631912400,HSL:4631_20210917_La_1_1304,631,HSL:4720225,Koivutaival
49620,49620,0,49620,49620,0,False,SCHEDULED,1631912400,HSL:4624_20210917_La_1_1319,624,HSL:4720225,Koivutaival
45240,45412,172,45240,45419,179,True,UPDATED,1631912400,HSL:4631_20210917_La_2_1215,631,HSL:4720227,Kuusitie
46020,46020,0,46020,46020,0,False,SCHEDULED,1631912400,HSL:4624_20210917_La_2_1236,624,HSL:4720227,Kuusitie
47040,47040,0,47040,47040,0,False,SCHEDULED,1631912400,HSL:4631_20210917_La_2_1245,631,HSL:4720227,Kuusitie
47820,47820,0,47820,47820,0,False,SCHEDULED,1631912400,HSL:4624_20210917_La_2_1306,624,HSL:4720227,Kuusitie
48840,48840,0,48840,48840,0,False,SCHEDULED,1631912400,HSL:4631_20210917_La_2_1315,631,HSL:4720227,Kuusitie
46260,46317,57,46260,46319,59,True,UPDATED,1631912400,HSL:4623K_20210917_La_1_1202,623K,HSL:4720222,Peijaksentie
46440,46505,65,46440,46507,67,True,UPDATED,1631912400,HSL:4735_20210917_La_1_1231,735,HSL:4720222,Peijaksentie
47280,47280,0,47280,47280,0,False,SCHEDULED,1631912400,HSL:4587_20210917_La_1_1234,587,HSL:4720222,Peijaksentie
47880,47880,0,47880,47880,0,False,SCHEDULED,1631912400,HSL:4574_20210917_La_2_1221,574,HSL:4720222,Peijaksentie
48240,48240,0,48240,48240,0,False,SCHEDULED,1631912400,HSL:4735_20210917_La_1_1300,735,HSL:4720222,Peijaksentie
46320,46320,0,46320,46320,0,False,SCHEDULED,1631912400,HSL:9973_20210917_La_1_1251,973,HSL:4720224,Ulrikankuja
46680,46789,109,46680,46790,110,True,UPDATED,1631912400,HSL:4735_20210917_La_1_1231,735,HSL:4720224,Ulrikankuja
47340,47340,0,47340,47340,0,False,SCHEDULED,1631912400,HSL:4587_20210917_La_1_1234,587,HSL:4720224,Ulrikankuja
48120,48120,0,48120,48120,0,False,SCHEDULED,1631912400,HSL:9973_20210917_La_1_1321,973,HSL:4720224,Ulrikankuja
48480,48480,0,48480,48480,0,False,SCHEDULED,1631912400,HSL:4735_20210917_La_1_1300,735,HSL:4720224,Ulrikankuja
45300,45328,28,45300,45330,30,True,UPDATED,1631912400,HSL:4574_20210917_La_1_1233,574,HSL:4720223,Peijaksentie
45480,45546,66,45480,45548,68,True,UPDATED,1631912400,HSL:4735_20210917_La_2_1219,735,HSL:4720223,Peijaksentie
45960,46000,40,45960,46000,40,True,UPDATED,1631912400,HSL:4587_20210917_La_2_1234,587,HSL:4720223,Peijaksentie
47100,47100,0,47100,47100,0,False,SCHEDULED,1631912400,HSL:4623K_20210917_La_2_1303,623K,HSL:4720223,Peijaksentie
47280,47280,0,47280,47280,0,False,SCHEDULED,1631912400,HSL:4735_20210917_La_2_1249,735,HSL:4720223,Peijaksentie
45720,45720,0,45720,45720,0,False,SCHEDULED,1631912400,HSL:1009_20210917_La_2_1237,9,HSL:1220430,Kotkankatu
46500,46500,0,46500,46500,0,False,SCHEDULED,1631912400,HSL:1009_20210917_La_2_1249,9,HSL:1220430,Kotkankatu
47220,47220,0,47220,47220,0,False,SCHEDULED,1631912400,HSL:1009_20210917_La_2_1301,9,HSL:1220430,Kotkankatu
47940,47940,0,47940,47940,0,False,SCHEDULED,1631912400,HSL:1009_20210917_La_2_1313,9,HSL:1220430,Kotkankatu
48600,48600,0,48600,48600,0,False,SCHEDULED,1631912400,HSL:1009_20210917_La_2_1325,9,HSL:1220430,Kotkankatu
45540,45538,-2,45540,45578,38,True,UPDATED,1631912400,HSL:1009_20210917_La_1_1210,9,HSL:1220431,Kotkankatu
46260,46234,-26,46260,46259,-1,True,UPDATED,1631912400,HSL:1009_20210917_La_1_1222,9,HSL:1220431,Kotkankatu
46980,47149,169,46980,47167,187,True,UPDATED,1631912400,HSL:1009_20210917_La_1_1234,9,HSL:1220431,Kotkankatu
47700,47700,0,47700,47700,0,False,SCHEDULED,1631912400,HSL:1009_20210917_La_1_1246,9,HSL:1220431,Kotkankatu
48420,48420,0,48420,48420,0,False,SCHEDULED,1631912400,HSL:1009_20210917_La_1_1258,9,HSL:1220431,Kotkankatu
45420,45420,0,45420,45420,0,False,SCHEDULED,1631912400,HSL:1009_20210917_La_2_1237,9,HSL:1220434,Pasilan asema
45960,45956,-4,45960,46007,47,True,UPDATED,1631912400,HSL:1009_20210917_La_1_1210,9,HSL:1220434,Pasilan asema
46140,46140,0,46140,46140,0,False,SCHEDULED,1631912400,HSL:1009_20210917_La_2_1249,9,HSL:1220434,Pasilan asema
46680,46676,-4,46680,46676,-4,True,UPDATED,1631912400,HSL:1009_20210917_La_1_1222,9,HSL:1220434,Pasilan asema
46860,46860,0,46860,46860,0,False,SCHEDULED,1631912400,HSL:1009_20210917_La_2_1301,9,HSL:1220434,Pasilan asema
45360,45393,33,45360,45417,57,True,UPDATED,1631912400,HSL:1009_20210917_La_1_1210,9,HSL:1220435,Fleminginkatu
46080,46091,11,46080,46116,36,True,UPDATED,1631912400,HSL:1009_20210917_La_1_1222,9,HSL:1220435,Fleminginkatu
46800,46976,176,46800,46997,197,True,UPDATED,1631912400,HSL:1009_20210917_La_1_1234,9,HSL:1220435,Fleminginkatu
47520,47520,0,47520,47520,0,False,SCHEDULED,1631912400,HSL:1009_20210917_La_1_1246,9,HSL:1220435,Fleminginkatu
48240,48240,0,48240,48240,0,False,SCHEDULED,1631912400,HSL:1009_20210917_La_1_1258,9,HSL:1220435,Fleminginkatu
45480,45482,2,45480,45504,24,True,UPDATED,1631912400,HSL:1009_20210917_La_1_1210,9,HSL:1220433,Sturenkatu
46200,46204,4,46200,46227,27,True,UPDATED,1631912400,HSL:1009_20210917_La_1_1222,9,HSL:1220433,Sturenkatu
46920,47108,188,46920,47124,204,True,UPDATED,1631912400,HSL:1009_20210917_La_1_1234,9,HSL:1220433,Sturenkatu
47640,47640,0,47640,47640,0,False,SCHEDULED,1631912400,HSL:1009_20210917_La_1_1246,9,HSL:1220433,Sturenkatu
48360,48360,0,48360,48360,0,False,SCHEDULED,1631912400,HSL:1009_20210917_La_1_1258,9,HSL:1220433,Sturenkatu
45480,45493,13,45480,45514,34,True,UPDATED,1631912400,HSL:9641_20210917_La_2_1150,641,HSL:4630209,Minttutie
45660,45584,-76,45660,45587,-73,True,UPDATED,1631912400,HSL:4624_20210917_La_2_1206,624,HSL:4630209,Minttutie
45540,45915,375,45540,45918,378,True,UPDATED,1631912400,HSL:4571_20210917_La_2_1141,571,HSL:4630209,Minttutie
46080,46179,99,46080,46183,103,True,UPDATED,1631912400,HSL:4631_20210917_La_2_1215,631,HSL:4630209,Minttutie
47280,47291,11,47280,47294,14,True,UPDATED,1631912400,HSL:9641_20210917_La_2_1220,641,HSL:4630209,Minttutie
45360,45402,42,45360,45402,42,True,UPDATED,1631912400,HSL:9641_20210917_La_2_1150,641,HSL:4630207,Tikkurilan urheilup.
45540,45490,-50,45540,45497,-43,True,UPDATED,1631912400,HSL:4624_20210917_La_2_1206,624,HSL:4630207,Tikkurilan urheilup.
45420,45749,329,45420,45761,341,True,UPDATED,1631912400,HSL:4571_20210917_La_2_1141,571,HSL:4630207,Tikkurilan urheilup.
45900,46031,131,45900,46041,141,True,UPDATED,1631912400,HSL:4631_20210917_La_2_1215,631,HSL:4630207,Tikkurilan urheilup.
47160,47190,30,47160,47198,38,True,UPDATED,1631912400,HSL:9641_20210917_La_2_1220,641,HSL:4630207,Tikkurilan urheilup.
45720,45804,84,45720,45804,84,True,UPDATED,1631912400,HSL:4631_20210917_La_1_1234,631,HSL:4630208,Tikkurilan urheilup.
46620,46620,0,46620,46620,0,False,SCHEDULED,1631912400,HSL:4624_20210917_La_1_1249,624,HSL:4630208,Tikkurilan urheilup.
46680,46680,0,46680,46680,0,False,SCHEDULED,1631912400,HSL:9641_20210917_La_1_1250,641,HSL:4630208,Tikkurilan urheilup.
46980,46980,0,46980,46980,0,False,SCHEDULED,1631912400,HSL:4574_20210917_La_2_1221,574,HSL:4630208,Tikkurilan urheilup.
47520,47520,0,47520,47520,0,False,SCHEDULED,1631912400,HSL:4631_20210917_La_1_1304,631,HSL:4630208,Tikkurilan urheilup.
45540,45599,59,45540,45599,59,True,UPDATED,1631912400,HSL:4570_20210917_La_2_1214,570,HSL:4630205,Peltolantori
46140,46140,0,46140,46140,0,True,UPDATED,1631912400,HSL:4570_20210917_La_2_1224,570,HSL:4630205,Peltolantori
46740,46740,0,46740,46740,0,True,UPDATED,1631912400,HSL:4570_20210917_La_2_1234,570,HSL:4630205,Peltolantori
47340,47340,0,47340,47340,0,False,SCHEDULED,1631912400,HSL:4570_20210917_La_2_1244,570,HSL:4630205,Peltolantori
47940,47940,0,47940,47940,0,False,SCHEDULED,1631912400,HSL:4570_20210917_La_2_1254,570,HSL:4630205,Peltolantori
45660,45677,17,45660,45677,17,True,UPDATED,1631912400,HSL:4570_20210917_La_1_1205,570,HSL:4630206,Peltolantori
46260,46260,0,46260,46260,0,True,UPDATED,1631912400,HSL:4570_20210917_La_1_1215,570,HSL:4630206,Peltolantori
46860,46877,17,46860,46919,59,True,UPDATED,1631912400,HSL:4570_20210917_La_1_1225,570,HSL:4630206,Peltolantori
47460,47460,0,47460,47460,0,True,UPDATED,1631912400,HSL:4570_20210917_La_1_1235,570,HSL:4630206,Peltolantori
48060,48060,0,48060,48060,0,False,SCHEDULED,1631912400,HSL:4570_20210917_La_1_1245,570,HSL:4630206,Peltolantori
45420,45290,-130,45420,45479,59,True,UPDATED,1631912400,HSL:4570_20210917_La_2_1214,570,HSL:4630201,Lauhatie
46020,46020,0,46020,46020,0,True,UPDATED,1631912400,HSL:4570_20210917_La_2_1224,570,HSL:4630201,Lauhatie
46620,46620,0,46620,46620,0,True,UPDATED,1631912400,HSL:4570_20210917_La_2_1234,570,HSL:4630201,Lauhatie
47220,47220,0,47220,47220,0,False,SCHEDULED,1631912400,HSL:4570_20210917_La_2_1244,570,HSL:4630201,Lauhatie
47820,47820,0,47820,47820,0,False,SCHEDULED,1631912400,HSL:4570_20210917_La_2_1254,570,HSL:4630201,Lauhatie
45720,45737,17,45720,45737,17,True,UPDATED,1631912400,HSL:4570_20210917_La_1_1205,570,HSL:4630202,Lauhatie
46320,46320,0,46320,46320,0,True,UPDATED,1631912400,HSL:4570_20210917_La_1_1215,570,HSL:4630202,Lauhatie
46920,46937,17,46920,46979,59,True,UPDATED,1631912400,HSL:4570_20210917_La_1_1225,570,HSL:4630202,Lauhatie
47520,47520,0,47520,47520,0,True,UPDATED,1631912400,HSL:4570_20210917_La_1_1235,570,HSL:4630202,Lauhatie
48120,48120,0,48120,48120,0,False,SCHEDULED,1631912400,HSL:4570_20210917_La_1_1245,570,HSL:4630202,Lauhatie
45900,45887,-13,45900,45889,-11,True,UPDATED,1631912400,HSL:9973_20210917_La_2_1220,973,HSL:4720204,Ulrikankuja
45900,45940,40,45900,45940,40,True,UPDATED,1631912400,HSL:4587_20210917_La_2_1234,587,HSL:4720204,Ulrikankuja
47040,47040,0,47040,47040,0,False,SCHEDULED,1631912400,HSL:4735_20210917_La_2_1249,735,HSL:4720204,Ulrikankuja
47700,47700,0,47700,47700,0,False,SCHEDULED,1631912400,HSL:9973_20210917_La_2_1250,973,HSL:4720204,Ulrikankuja
48840,48840,0,48840,48840,0,False,SCHEDULED,1631912400,HSL:4735_20210917_La_2_1319,735,HSL:4720204,Ulrikankuja
46320,46320,0,46320,46320,0,False,SCHEDULED,1631912400,HSL:9973_20210917_La_1_1251,973,HSL:4720203,Viidakkopolku
46680,46776,96,46680,46779,99,True,UPDATED,1631912400,HSL:4735_20210917_La_1_1231,735,HSL:4720203,Viidakkopolku
47340,47340,0,47340,47340,0,False,SCHEDULED,1631912400,HSL:4587_20210917_La_1_1234,587,HSL:4720203,Viidakkopolku
48120,48120,0,48120,48120,0,False,SCHEDULED,1631912400,HSL:9973_20210917_La_1_1321,973,HSL:4720203,Viidakkopolku
48480,48480,0,48480,48480,0,False,SCHEDULED,1631912400,HSL:4735_20210917_La_1_1300,735,HSL:4720203,Viidakkopolku
45840,45856,16,45840,45859,19,True,UPDATED,1631912400,HSL:9973_20210917_La_2_1220,973,HSL:4720206,Rekolan asema
45840,45880,40,45840,45880,40,True,UPDATED,1631912400,HSL:4587_20210917_La_2_1234,587,HSL:4720206,Rekolan asema
47040,47040,0,47040,47040,0,False,SCHEDULED,1631912400,HSL:4735_20210917_La_2_1249,735,HSL:4720206,Rekolan asema
47640,47640,0,47640,47640,0,False,SCHEDULED,1631912400,HSL:9973_20210917_La_2_1250,973,HSL:4720206,Rekolan asema
48840,48840,0,48840,48840,0,False,SCHEDULED,1631912400,HSL:4735_20210917_La_2_1319,735,HSL:4720206,Rekolan asema
45240,45428,188,45240,45451,211,True,UPDATED,1631912400,HSL:1004_20210917_La_1_1221,4,HSL:1130432,Kansallismuseo
45540,45615,75,45540,45636,96,True,UPDATED,1631912400,HSL:1010_20210917_La_1_1230,10,HSL:1130432,Kansallismuseo
45840,45814,-26,45840,45814,-26,True,UPDATED,1631912400,HSL:1004_20210917_La_1_1231,4,HSL:1130432,Kansallismuseo
46140,46140,0,46140,46140,0,False,SCHEDULED,1631912400,HSL:1010_20210917_La_1_1240,10,HSL:1130432,Kansallismuseo
46440,46440,0,46440,46440,0,False,SCHEDULED,1631912400,HSL:1004_20210917_La_1_1241,4,HSL:1130432,Kansallismuseo
46380,46380,0,46380,46380,0,False,SCHEDULED,1631912400,HSL:9973_20210917_La_1_1251,973,HSL:4720205,Rekolan asema
46740,46819,79,46740,46821,81,True,UPDATED,1631912400,HSL:4735_20210917_La_1_1231,735,HSL:4720205,Rekolan asema
47400,47400,0,47400,47400,0,False,SCHEDULED,1631912400,HSL:4587_20210917_La_1_1234,587,HSL:4720205,Rekolan asema
48180,48180,0,48180,48180,0,False,SCHEDULED,1631912400,HSL:9973_20210917_La_1_1321,973,HSL:4720205,Rekolan asema
48540,48540,0,48540,48540,0,False,SCHEDULED,1631912400,HSL:4735_20210917_La_1_1300,735,HSL:4720205,Rekolan asema
45420,45500,80,45420,45500,80,True,UPDATED,1631912400,HSL:1010_20210917_La_2_1220,10,HSL:1130433,Kansallismuseo
45720,45710,-10,45720,45732,12,True,UPDATED,1631912400,HSL:1004_20210917_La_2_1225,4,HSL:1130433,Kansallismuseo
46020,46051,31,46020,46051,31,True,UPDATED,1631912400,HSL:1010_20210917_La_2_1230,10,HSL:1130433,Kansallismuseo
46320,46320,0,46320,46320,0,True,UPDATED,1631912400,HSL:1004_20210917_La_2_1235,4,HSL:1130433,Kansallismuseo
46620,46620,0,46620,46620,0,True,UPDATED,1631912400,HSL:1010_20210917_La_2_1240,10,HSL:1130433,Kansallismuseo
45420,45501,81,45420,45508,88,True,UPDATED,1631912400,HSL:4735_20210917_La_2_1219,735,HSL:4720202,Sairaalakatu
45960,46000,40,45960,46000,40,True,UPDATED,1631912400,HSL:4587_20210917_La_2_1234,587,HSL:4720202,Sairaalakatu
47040,47040,0,47040,47040,0,False,SCHEDULED,1631912400,HSL:4623K_20210917_La_2_1303,623K,HSL:4720202,Sairaalakatu
47220,47220,0,47220,47220,0,False,SCHEDULED,1631912400,HSL:4735_20210917_La_2_1249,735,HSL:4720202,Sairaalakatu
48840,48840,0,48840,48840,0,False,SCHEDULED,1631912400,HSL:4574_20210917_La_1_1333,574,HSL:4720202,Sairaalakatu
46260,46319,59,46260,46319,59,True,UPDATED,1631912400,HSL:4623K_20210917_La_1_1202,623K,HSL:4720201,Sairaalakatu
46440,46511,71,46440,46518,78,True,UPDATED,1631912400,HSL:4735_20210917_La_1_1231,735,HSL:4720201,Sairaalakatu
47280,47280,0,47280,47280,0,False,SCHEDULED,1631912400,HSL:4587_20210917_La_1_1234,587,HSL:4720201,Sairaalakatu
47940,47940,0,47940,47940,0,False,SCHEDULED,1631912400,HSL:4574_20210917_La_2_1221,574,HSL:4720201,Sairaalakatu
48240,48240,0,48240,48240,0,False,SCHEDULED,1631912400,HSL:4735_20210917_La_1_1300,735,HSL:4720201,Sairaalakatu
46020,46020,0,46020,46020,0,True,UPDATED,1631912400,HSL:1002_20210917_La_1_1235,2,HSL:1130438,Hanken
46740,46740,0,46740,46740,0,False,SCHEDULED,1631912400,HSL:1002_20210917_La_1_1247,2,HSL:1130438,Hanken
47460,47460,0,47460,47460,0,False,SCHEDULED,1631912400,HSL:1002_20210917_La_1_1259,2,HSL:1130438,Hanken
48180,48180,0,48180,48180,0,False,SCHEDULED,1631912400,HSL:1002_20210917_La_1_1311,2,HSL:1130438,Hanken
48900,48900,0,48900,48900,0,False,SCHEDULED,1631912400,HSL:1002_20210917_La_1_1323,2,HSL:1130438,Hanken
45360,45360,0,45360,45360,0,False,SCHEDULED,1631912400,HSL:1002_20210917_La_2_1217,2,HSL:1130439,Hanken
46080,46089,9,46080,46111,31,True,UPDATED,1631912400,HSL:1002_20210917_La_2_1229,2,HSL:1130439,Hanken
46800,46800,0,46800,46800,0,False,SCHEDULED,1631912400,HSL:1002_20210917_La_2_1241,2,HSL:1130439,Hanken
47520,47520,0,47520,47520,0,False,SCHEDULED,1631912400,HSL:1002_20210917_La_2_1253,2,HSL:1130439,Hanken
48240,48240,0,48240,48240,0,False,SCHEDULED,1631912400,HSL:1002_20210917_La_2_1305,2,HSL:1130439,Hanken
45780,45808,28,45780,45808,28,True,UPDATED,1631912400,HSL:9973_20210917_La_2_1220,973,HSL:4720208,Haxberg
45780,45820,40,45780,45820,40,True,UPDATED,1631912400,HSL:4587_20210917_La_2_1234,587,HSL:4720208,Haxberg
46920,46920,0,46920,46920,0,False,SCHEDULED,1631912400,HSL:4735_20210917_La_2_1249,735,HSL:4720208,Haxberg
47580,47580,0,47580,47580,0,False,SCHEDULED,1631912400,HSL:9973_20210917_La_2_1250,973,HSL:4720208,Haxberg
48720,48720,0,48720,48720,0,False,SCHEDULED,1631912400,HSL:4735_20210917_La_2_1319,735,HSL:4720208,Haxberg
45300,45494,194,45300,45516,216,True,UPDATED,1631912400,HSL:1004_20210917_La_1_1221,4,HSL:1130434,Hesperian puisto
45600,45668,68,45600,45687,87,True,UPDATED,1631912400,HSL:1010_20210917_La_1_1230,10,HSL:1130434,Hesperian puisto
45900,45874,-26,45900,45890,-10,True,UPDATED,1631912400,HSL:1004_20210917_La_1_1231,4,HSL:1130434,Hesperian puisto
46200,46200,0,46200,46200,0,False,SCHEDULED,1631912400,HSL:1010_20210917_La_1_1240,10,HSL:1130434,Hesperian puisto
46500,46500,0,46500,46500,0,False,SCHEDULED,1631912400,HSL:1004_20210917_La_1_1241,4,HSL:1130434,Hesperian puisto
46440,46440,0,46440,46440,0,False,SCHEDULED,1631912400,HSL:9973_20210917_La_1_1251,973,HSL:4720207,Haxberg
46800,46877,77,46800,46877,77,True,UPDATED,1631912400,HSL:4735_20210917_La_1_1231,735,HSL:4720207,Haxberg
47460,47460,0,47460,47460,0,False,SCHEDULED,1631912400,HSL:4587_20210917_La_1_1234,587,HSL:4720207,Haxberg
48240,48240,0,48240,48240,0,False,SCHEDULED,1631912400,HSL:9973_20210917_La_1_1321,973,HSL:4720207,Haxberg
48600,48600,0,48600,48600,0,False,SCHEDULED,1631912400,HSL:4735_20210917_La_1_1300,735,HSL:4720207,Haxberg
45360,45440,80,45360,45440,80,True,UPDATED,1631912400,HSL:1010_20210917_La_2_1220,10,HSL:1130435,Hesperian puisto
45660,45630,-30,45660,45655,-5,True,UPDATED,1631912400,HSL:1004_20210917_La_2_1225,4,HSL:1130435,Hesperian puisto
45960,45991,31,45960,45991,31,True,UPDATED,1631912400,HSL:1010_20210917_La_2_1230,10,HSL:1130435,Hesperian puisto
46260,46260,0,46260,46260,0,True,UPDATED,1631912400,HSL:1004_20210917_La_2_1235,4,HSL:1130435,Hesperian puisto
46560,46560,0,46560,46560,0,True,UPDATED,1631912400,HSL:1010_20210917_La_2_1240,10,HSL:1130435,Hesperian puisto
45960,45960,0,45960,45960,0,True,UPDATED,1631912400,HSL:1002_20210917_La_1_1235,2,HSL:1130436,Luonnontiet.museo
46680,46680,0,46680,46680,0,False,SCHEDULED,1631912400,HSL:1002_20210917_La_1_1247,2,HSL:1130436,Luonnontiet.museo
47400,47400,0,47400,47400,0,False,SCHEDULED,1631912400,HSL:1002_20210917_La_1_1259,2,HSL:1130436,Luonnontiet.museo
48120,48120,0,48120,48120,0,False,SCHEDULED,1631912400,HSL:1002_20210917_La_1_1311,2,HSL:1130436,Luonnontiet.museo
48840,48840,0,48840,48840,0,False,SCHEDULED,1631912400,HSL:1002_20210917_La_1_1323,2,HSL:1130436,Luonnontiet.museo
45360,45421,61,45360,45447,87,True,UPDATED,1631912400,HSL:4735_20210917_La_2_1219,735,HSL:4720209,Peijas
46260,46260,0,46260,46260,0,False,SCHEDULED,1631912400,HSL:9973_20210917_La_1_1251,973,HSL:4720209,Peijas
46980,46980,0,46980,46980,0,False,SCHEDULED,1631912400,HSL:4623K_20210917_La_2_1303,623K,HSL:4720209,Peijas
47160,47160,0,47160,47160,0,False,SCHEDULED,1631912400,HSL:4735_20210917_La_2_1249,735,HSL:4720209,Peijas
48060,48060,0,48060,48060,0,False,SCHEDULED,1631912400,HSL:9973_20210917_La_1_1321,973,HSL:4720209,Peijas
45480,45480,0,45480,45480,0,False,SCHEDULED,1631912400,HSL:1002_20210917_La_2_1217,2,HSL:1130437,Luonnontiet.museo
46200,46145,-55,46200,46179,-21,True,UPDATED,1631912400,HSL:1002_20210917_La_2_1229,2,HSL:1130437,Luonnontiet.museo
46920,46920,0,46920,46920,0,False,SCHEDULED,1631912400,HSL:1002_20210917_La_2_1241,2,HSL:1130437,Luonnontiet.museo
47640,47640,0,47640,47640,0,False,SCHEDULED,1631912400,HSL:1002_20210917_La_2_1253,2,HSL:1130437,Luonnontiet.museo
48360,48360,0,48360,48360,0,False,SCHEDULED,1631912400,HSL:1002_20210917_La_2_1305,2,HSL:1130437,Luonnontiet.museo
46620,46660,40,46620,46669,49,True,UPDATED,1631912400,HSL:4735_20210917_La_1_1231,735,HSL:4720217,Kirurgi
48420,48420,0,48420,48420,0,False,SCHEDULED,1631912400,HSL:4735_20210917_La_1_1300,735,HSL:4720217,Kirurgi
50220,50220,0,50220,50220,0,False,SCHEDULED,1631912400,HSL:4735_20210917_La_1_1330,735,HSL:4720217,Kirurgi
52020,52020,0,52020,52020,0,False,SCHEDULED,1631912400,HSL:4735_20210917_La_1_1400,735,HSL:4720217,Kirurgi
53820,53820,0,53820,53820,0,False,SCHEDULED,1631912400,HSL:4735_20210917_La_1_1430,735,HSL:4720217,Kirurgi
45960,45956,-4,45960,45962,2,True,UPDATED,1631912400,HSL:9973_20210917_La_2_1220,973,HSL:4720216,Peijas
46380,46372,-8,46380,46540,160,True,UPDATED,1631912400,HSL:4623K_20210917_La_1_1202,623K,HSL:4720216,Peijas
46560,46598,38,46560,46615,55,True,UPDATED,1631912400,HSL:4735_20210917_La_1_1231,735,HSL:4720216,Peijas
47760,47760,0,47760,47760,0,False,SCHEDULED,1631912400,HSL:9973_20210917_La_2_1250,973,HSL:4720216,Peijas
48000,48000,0,48000,48000,0,False,SCHEDULED,1631912400,HSL:4574_20210917_La_2_1221,574,HSL:4720216,Peijas
46380,46380,0,46380,46380,0,False,SCHEDULED,1631912400,HSL:9973_20210917_La_1_1251,973,HSL:4720211,Rekolanmäki
46740,46823,83,46740,46830,90,True,UPDATED,1631912400,HSL:4735_20210917_La_1_1231,735,HSL:4720211,Rekolanmäki
47400,47400,0,47400,47400,0,False,SCHEDULED,1631912400,HSL:4587_20210917_La_1_1234,587,HSL:4720211,Rekolanmäki
48180,48180,0,48180,48180,0,False,SCHEDULED,1631912400,HSL:9973_20210917_La_1_1321,973,HSL:4720211,Rekolanmäki
48540,48540,0,48540,48540,0,False,SCHEDULED,1631912400,HSL:4735_20210917_La_1_1300,735,HSL:4720211,Rekolanmäki
45300,45352,52,45300,45366,66,True,UPDATED,1631912400,HSL:4735_20210917_La_2_1219,735,HSL:4720210,Sydäntie
47100,47100,0,47100,47100,0,False,SCHEDULED,1631912400,HSL:4735_20210917_La_2_1249,735,HSL:4720210,Sydäntie
48900,48900,0,48900,48900,0,False,SCHEDULED,1631912400,HSL:4735_20210917_La_2_1319,735,HSL:4720210,Sydäntie
50700,50700,0,50700,50700,0,False,SCHEDULED,1631912400,HSL:4735_20210917_La_2_1349,735,HSL:4720210,Sydäntie
52500,52500,0,52500,52500,0,False,SCHEDULED,1631912400,HSL:4735_20210917_La_2_1419,735,HSL:4720210,Sydäntie
46620,46682,62,46620,46700,80,True,UPDATED,1631912400,HSL:4735_20210917_La_1_1231,735,HSL:4720218,Sydäntie
48420,48420,0,48420,48420,0,False,SCHEDULED,1631912400,HSL:4735_20210917_La_1_1300,735,HSL:4720218,Sydäntie
50220,50220,0,50220,50220,0,False,SCHEDULED,1631912400,HSL:4735_20210917_La_1_1330,735,HSL:4720218,Sydäntie
52020,52020,0,52020,52020,0,False,SCHEDULED,1631912400,HSL:4735_20210917_La_1_1400,735,HSL:4720218,Sydäntie
53820,53820,0,53820,53820,0,False,SCHEDULED,1631912400,HSL:4735_20210917_La_1_1430,735,HSL:4720218,Sydäntie
46080,46094,14,46080,46149,69,True,UPDATED,1631912400,HSL:4739_20210917_La_1_1145,739,HSL:4810294,Tanhurinne
47880,47911,31,47880,47911,31,True,UPDATED,1631912400,HSL:4736_20210917_La_1_1218,736,HSL:4810294,Tanhurinne
49680,49680,0,49680,49680,0,False,SCHEDULED,1631912400,HSL:4739_20210917_La_1_1245,739,HSL:4810294,Tanhurinne
51480,51480,0,51480,51480,0,False,SCHEDULED,1631912400,HSL:4736_20210917_La_1_1318,736,HSL:4810294,Tanhurinne
53280,53280,0,53280,53280,0,False,SCHEDULED,1631912400,HSL:4739_20210917_La_1_1344,739,HSL:4810294,Tanhurinne
46620,46620,0,46620,46620,0,False,SCHEDULED,1631912400,HSL:4736_20210917_La_2_1256,736,HSL:4810295,Tanhurinne
48420,48420,0,48420,48420,0,False,SCHEDULED,1631912400,HSL:4739_20210917_La_2_1326,739,HSL:4810295,Tanhurinne
50220,50220,0,50220,50220,0,False,SCHEDULED,1631912400,HSL:4736_20210917_La_2_1356,736,HSL:4810295,Tanhurinne
52020,52020,0,52020,52020,0,False,SCHEDULED,1631912400,HSL:4739_20210917_La_2_1426,739,HSL:4810295,Tanhurinne
53820,53820,0,53820,53820,0,False,SCHEDULED,1631912400,HSL:4736_20210917_La_2_1456,736,HSL:4810295,Tanhurinne
46320,46733,413,46320,46735,415,True,UPDATED,1631912400,HSL:6173_20210917_La_2_1202,173,HSL:6030225,Autioniityntie
48540,48540,0,48540,48540,0,False,SCHEDULED,1631912400,HSL:6171_20210917_La_2_1306,171,HSL:6030225,Autioniityntie
49980,49980,0,49980,49980,0,False,SCHEDULED,1631912400,HSL:6173_20210917_La_2_1301,173,HSL:6030225,Autioniityntie
52200,52200,0,52200,52200,0,False,SCHEDULED,1631912400,HSL:6171_20210917_La_2_1406,171,HSL:6030225,Autioniityntie
53580,53580,0,53580,53580,0,False,SCHEDULED,1631912400,HSL:6173_20210917_La_2_1401,173,HSL:6030225,Autioniityntie
45540,45578,38,45540,45578,38,True,UPDATED,1631912400,HSL:6171_20210917_La_1_1216,171,HSL:6030226,Ingvalsby
47340,47340,0,47340,47340,0,False,SCHEDULED,1631912400,HSL:6173_20210917_La_1_1251,173,HSL:6030226,Ingvalsby
49080,49080,0,49080,49080,0,False,SCHEDULED,1631912400,HSL:6171_20210917_La_1_1313,171,HSL:6030226,Ingvalsby
50880,50880,0,50880,50880,0,False,SCHEDULED,1631912400,HSL:6173_20210917_La_1_1349,173,HSL:6030226,Ingvalsby
52680,52680,0,52680,52680,0,False,SCHEDULED,1631912400,HSL:6171_20210917_La_1_1413,171,HSL:6030226,Ingvalsby
45660,45673,13,45660,45674,14,True,UPDATED,1631912400,HSL:6171_20210917_La_1_1216,171,HSL:6030223,Jorvaksenkuja
47460,47460,0,47460,47460,0,False,SCHEDULED,1631912400,HSL:6173_20210917_La_1_1251,173,HSL:6030223,Jorvaksenkuja
49140,49140,0,49140,49140,0,False,SCHEDULED,1631912400,HSL:6171_20210917_La_1_1313,171,HSL:6030223,Jorvaksenkuja
50940,50940,0,50940,50940,0,False,SCHEDULED,1631912400,HSL:6173_20210917_La_1_1349,173,HSL:6030223,Jorvaksenkuja
52740,52740,0,52740,52740,0,False,SCHEDULED,1631912400,HSL:6171_20210917_La_1_1413,171,HSL:6030223,Jorvaksenkuja
45600,45624,24,45600,45624,24,True,UPDATED,1631912400,HSL:6171_20210917_La_1_1216,171,HSL:6030224,Autioniityntie
47400,47400,0,47400,47400,0,False,SCHEDULED,1631912400,HSL:6173_20210917_La_1_1251,173,HSL:6030224,Autioniityntie
49140,49140,0,49140,49140,0,False,SCHEDULED,1631912400,HSL:6171_20210917_La_1_1313,171,HSL:6030224,Autioniityntie
50940,50940,0,50940,50940,0,False,SCHEDULED,1631912400,HSL:6173_20210917_La_1_1349,173,HSL:6030224,Autioniityntie
52740,52740,0,52740,52740,0,False,SCHEDULED,1631912400,HSL:6171_20210917_La_1_1413,171,HSL:6030224,Autioniityntie
46260,46651,391,46260,46651,391,True,UPDATED,1631912400,HSL:6173_20210917_La_2_1202,173,HSL:6030222,Jorvaksenkuja
48480,48480,0,48480,48480,0,False,SCHEDULED,1631912400,HSL:6171_20210917_La_2_1306,171,HSL:6030222,Jorvaksenkuja
49920,49920,0,49920,49920,0,False,SCHEDULED,1631912400,HSL:6173_20210917_La_2_1301,173,HSL:6030222,Jorvaksenkuja
52140,52140,0,52140,52140,0,False,SCHEDULED,1631912400,HSL:6171_20210917_La_2_1406,171,HSL:6030222,Jorvaksenkuja
53520,53520,0,53520,53520,0,False,SCHEDULED,1631912400,HSL:6173_20210917_La_2_1401,173,HSL:6030222,Jorvaksenkuja
46200,46200,0,46200,46200,0,True,UPDATED,1631912400,HSL:9642_20210917_La_2_1238,642,HSL:9651102,Inkilä
49800,49800,0,49800,49800,0,False,SCHEDULED,1631912400,HSL:9642_20210917_La_2_1338,642,HSL:9651102,Inkilä
53400,53400,0,53400,53400,0,False,SCHEDULED,1631912400,HSL:9642_20210917_La_2_1438,642,HSL:9651102,Inkilä
57000,57000,0,57000,57000,0,False,SCHEDULED,1631912400,HSL:9642_20210917_La_2_1538,642,HSL:9651102,Inkilä
60600,60600,0,60600,60600,0,False,SCHEDULED,1631912400,HSL:9642_20210917_La_2_1638,642,HSL:9651102,Inkilä
45600,45600,0,45600,45600,0,False,SCHEDULED,1631912400,HSL:1037_20210917_La_2_1233,37,HSL:1333155,Luutnantinpolku
46800,46800,0,46800,46800,0,False,SCHEDULED,1631912400,HSL:1037_20210917_La_2_1253,37,HSL:1333155,Luutnantinpolku
48000,48000,0,48000,48000,0,False,SCHEDULED,1631912400,HSL:1037_20210917_La_2_1313,37,HSL:1333155,Luutnantinpolku
49200,49200,0,49200,49200,0,False,SCHEDULED,1631912400,HSL:1037_20210917_La_2_1333,37,HSL:1333155,Luutnantinpolku
50400,50400,0,50400,50400,0,False,SCHEDULED,1631912400,HSL:1037_20210917_La_2_1353,37,HSL:1333155,Luutnantinpolku
45360,45525,165,45360,45537,177,True,UPDATED,1631912400,HSL:1037_20210917_La_1_1204,37,HSL:1333154,Luutnantinpolku
46560,46583,23,46560,46595,35,True,UPDATED,1631912400,HSL:1037_20210917_La_1_1224,37,HSL:1333154,Luutnantinpolku
47760,47760,0,47760,47760,0,False,SCHEDULED,1631912400,HSL:1037_20210917_La_1_1244,37,HSL:1333154,Luutnantinpolku
48960,48960,0,48960,48960,0,False,SCHEDULED,1631912400,HSL:1037_20210917_La_1_1304,37,HSL:1333154,Luutnantinpolku
50160,50160,0,50160,50160,0,False,SCHEDULED,1631912400,HSL:1037_20210917_La_1_1324,37,HSL:1333154,Luutnantinpolku
45540,45540,0,45540,45540,0,False,SCHEDULED,1631912400,HSL:1037_20210917_La_2_1233,37,HSL:1333153,Malminkartanon as.
46740,46740,0,46740,46740,0,False,SCHEDULED,1631912400,HSL:1037_20210917_La_2_1253,37,HSL:1333153,Malminkartanon as.
47940,47940,0,47940,47940,0,False,SCHEDULED,1631912400,HSL:1037_20210917_La_2_1313,37,HSL:1333153,Malminkartanon as.
49140,49140,0,49140,49140,0,False,SCHEDULED,1631912400,HSL:1037_20210917_La_2_1333,37,HSL:1333153,Malminkartanon as.
50340,50340,0,50340,50340,0,False,SCHEDULED,1631912400,HSL:1037_20210917_La_2_1353,37,HSL:1333153,Malminkartanon as.
45300,45414,114,45300,45414,114,True,UPDATED,1631912400,HSL:9642_20210917_La_1_1216,642,HSL:9651101,Inkilä
48900,48900,0,48900,48900,0,False,SCHEDULED,1631912400,HSL:9642_20210917_La_1_1316,642,HSL:9651101,Inkilä
52500,52500,0,52500,52500,0,False,SCHEDULED,1631912400,HSL:9642_20210917_La_1_1416,642,HSL:9651101,Inkilä
56100,56100,0,56100,56100,0,False,SCHEDULED,1631912400,HSL:9642_20210917_La_1_1516,642,HSL:9651101,Inkilä
59700,59700,0,59700,59700,0,False,SCHEDULED,1631912400,HSL:9642_20210917_La_1_1616,642,HSL:9651101,Inkilä
45420,45600,180,45420,45612,192,True,UPDATED,1631912400,HSL:1037_20210917_La_1_1204,37,HSL:1333152,Malminkartanon as.
46620,46656,36,46620,46668,48,True,UPDATED,1631912400,HSL:1037_20210917_La_1_1224,37,HSL:1333152,Malminkartanon as.
47820,47820,0,47820,47820,0,False,SCHEDULED,1631912400,HSL:1037_20210917_La_1_1244,37,HSL:1333152,Malminkartanon as.
49020,49020,0,49020,49020,0,False,SCHEDULED,1631912400,HSL:1037_20210917_La_1_1304,37,HSL:1333152,Malminkartanon as.
50220,50220,0,50220,50220,0,False,SCHEDULED,1631912400,HSL:1037_20210917_La_1_1324,37,HSL:1333152,Malminkartanon as.
45660,45660,0,45660,45660,0,False,SCHEDULED,1631912400,HSL:1037_20210917_La_2_1233,37,HSL:1333151,Puustellinpolku
46860,46860,0,46860,46860,0,False,SCHEDULED,1631912400,HSL:1037_20210917_La_2_1253,37,HSL:1333151,Puustellinpolku
48060,48060,0,48060,48060,0,False,SCHEDULED,1631912400,HSL:1037_20210917_La_2_1313,37,HSL:1333151,Puustellinpolku
49260,49260,0,49260,49260,0,False,SCHEDULED,1631912400,HSL:1037_20210917_La_2_1333,37,HSL:1333151,Puustellinpolku
50460,50460,0,50460,50460,0,False,SCHEDULED,1631912400,HSL:1037_20210917_La_2_1353,37,HSL:1333151,Puustellinpolku
45300,45446,146,45300,45496,196,True,UPDATED,1631912400,HSL:1037_20210917_La_1_1204,37,HSL:1333150,Puustellinpolku
46500,46546,46,46500,46554,54,True,UPDATED,1631912400,HSL:1037_20210917_La_1_1224,37,HSL:1333150,Puustellinpolku
47700,47700,0,47700,47700,0,False,SCHEDULED,1631912400,HSL:1037_20210917_La_1_1244,37,HSL:1333150,Puustellinpolku
48900,48900,0,48900,48900,0,False,SCHEDULED,1631912400,HSL:1037_20210917_La_1_1304,37,HSL:1333150,Puustellinpolku
50100,50100,0,50100,50100,0,False,SCHEDULED,1631912400,HSL:1037_20210917_La_1_1324,37,HSL:1333150,Puustellinpolku
45660,45690,30,45660,45707,47,True,UPDATED,1631912400,HSL:6171_20210917_La_1_1216,171,HSL:6030218,Kvis
47460,47460,0,47460,47460,0,False,SCHEDULED,1631912400,HSL:6173_20210917_La_1_1251,173,HSL:6030218,Kvis
49200,49200,0,49200,49200,0,False,SCHEDULED,1631912400,HSL:6171_20210917_La_1_1313,171,HSL:6030218,Kvis
51000,51000,0,51000,51000,0,False,SCHEDULED,1631912400,HSL:6173_20210917_La_1_1349,173,HSL:6030218,Kvis
52800,52800,0,52800,52800,0,False,SCHEDULED,1631912400,HSL:6171_20210917_La_1_1413,171,HSL:6030218,Kvis
46260,46648,388,46260,46651,391,True,UPDATED,1631912400,HSL:6173_20210917_La_2_1202,173,HSL:6030217,Kvis
48480,48480,0,48480,48480,0,False,SCHEDULED,1631912400,HSL:6171_20210917_La_2_1306,171,HSL:6030217,Kvis
49920,49920,0,49920,49920,0,False,SCHEDULED,1631912400,HSL:6173_20210917_La_2_1301,173,HSL:6030217,Kvis
52140,52140,0,52140,52140,0,False,SCHEDULED,1631912400,HSL:6171_20210917_La_2_1406,171,HSL:6030217,Kvis
53520,53520,0,53520,53520,0,False,SCHEDULED,1631912400,HSL:6173_20210917_La_2_1401,173,HSL:6030217,Kvis
46200,46609,409,46200,46609,409,True,UPDATED,1631912400,HSL:6173_20210917_La_2_1202,173,HSL:6030214,Stor-Kvis
48420,48420,0,48420,48420,0,False,SCHEDULED,1631912400,HSL:6171_20210917_La_2_1306,171,HSL:6030214,Stor-Kvis
49860,49860,0,49860,49860,0,False,SCHEDULED,1631912400,HSL:6173_20210917_La_2_1301,173,HSL:6030214,Stor-Kvis
52080,52080,0,52080,52080,0,False,SCHEDULED,1631912400,HSL:6171_20210917_La_2_1406,171,HSL:6030214,Stor-Kvis
53460,53460,0,53460,53460,0,False,SCHEDULED,1631912400,HSL:6173_20210917_La_2_1401,173,HSL:6030214,Stor-Kvis
45720,45746,26,45720,45747,27,True,UPDATED,1631912400,HSL:6171_20210917_La_1_1216,171,HSL:6030215,Stor-Kvis
47520,47520,0,47520,47520,0,False,SCHEDULED,1631912400,HSL:6173_20210917_La_1_1251,173,HSL:6030215,Stor-Kvis
49260,49260,0,49260,49260,0,False,SCHEDULED,1631912400,HSL:6171_20210917_La_1_1313,171,HSL:6030215,Stor-Kvis
51060,51060,0,51060,51060,0,False,SCHEDULED,1631912400,HSL:6173_20210917_La_1_1349,173,HSL:6030215,Stor-Kvis
52860,52860,0,52860,52860,0,False,SCHEDULED,1631912400,HSL:6171_20210917_La_1_1413,171,HSL:6030215,Stor-Kvis
45300,45316,16,45300,45316,16,True,UPDATED,1631912400,HSL:1007_20210917_La_1_1230,7,HSL:1040404,Länsilinkki
45660,45607,-53,45660,45631,-29,True,UPDATED,1631912400,HSL:1009_20210917_La_1_1234,9,HSL:1040404,Länsilinkki
46020,46020,0,46020,46020,0,False,SCHEDULED,1631912400,HSL:1007_20210917_La_1_1242,7,HSL:1040404,Länsilinkki
46380,46380,0,46380,46380,0,False,SCHEDULED,1631912400,HSL:1009_20210917_La_1_1246,9,HSL:1040404,Länsilinkki
46740,46740,0,46740,46740,0,False,SCHEDULED,1631912400,HSL:1007_20210917_La_1_1254,7,HSL:1040404,Länsilinkki
45360,45376,16,45360,45376,16,True,UPDATED,1631912400,HSL:1007_20210917_La_1_1230,7,HSL:1040406,Ruoholahden villat
45720,45720,0,45720,45742,22,True,UPDATED,1631912400,HSL:1009_20210917_La_1_1234,9,HSL:1040406,Ruoholahden villat
46080,46080,0,46080,46080,0,False,SCHEDULED,1631912400,HSL:1007_20210917_La_1_1242,7,HSL:1040406,Ruoholahden villat
46440,46440,0,46440,46440,0,False,SCHEDULED,1631912400,HSL:1009_20210917_La_1_1246,9,HSL:1040406,Ruoholahden villat
46800,46800,0,46800,46800,0,False,SCHEDULED,1631912400,HSL:1007_20210917_La_1_1254,7,HSL:1040406,Ruoholahden villat
48120,48120,0,48120,48120,0,False,SCHEDULED,1631912400,HSL:4719K_20210917_La_1_1310,719K,HSL:4900203,Hetbackantie
50820,50820,0,50820,50820,0,False,SCHEDULED,1631912400,HSL:4719K_20210917_La_1_1355,719K,HSL:4900203,Hetbackantie
53520,53520,0,53520,53520,0,False,SCHEDULED,1631912400,HSL:4719K_20210917_La_1_1440,719K,HSL:4900203,Hetbackantie
45120,45315,195,45120,45337,217,True,UPDATED,1631912400,HSL:1007_20210917_La_2_1200,7,HSL:1040405,Länsilinkki
45600,45627,27,45600,45632,32,True,UPDATED,1631912400,HSL:1009_20210917_La_2_1213,9,HSL:1040405,Länsilinkki
45840,45987,147,45840,46037,197,True,UPDATED,1631912400,HSL:1007_20210917_La_2_1212,7,HSL:1040405,Länsilinkki
46320,46348,28,46320,46370,50,True,UPDATED,1631912400,HSL:1009_20210917_La_2_1225,9,HSL:1040405,Länsilinkki
46560,46573,13,46560,46636,76,True,UPDATED,1631912400,HSL:1007_20210917_La_2_1224,7,HSL:1040405,Länsilinkki
48060,48060,0,48060,48060,0,False,SCHEDULED,1631912400,HSL:4719K_20210917_La_1_1310,719K,HSL:4900209,Länsisalmi
50760,50760,0,50760,50760,0,False,SCHEDULED,1631912400,HSL:4719K_20210917_La_1_1355,719K,HSL:4900209,Länsisalmi
53460,53460,0,53460,53460,0,False,SCHEDULED,1631912400,HSL:4719K_20210917_La_1_1440,719K,HSL:4900209,Länsisalmi
48120,48120,0,48120,48120,0,False,SCHEDULED,1631912400,HSL:4719K_20210917_La_1_1310,719K,HSL:4900208,Länsisalmi
50820,50820,0,50820,50820,0,False,SCHEDULED,1631912400,HSL:4719K_20210917_La_1_1355,719K,HSL:4900208,Länsisalmi
53520,53520,0,53520,53520,0,False,SCHEDULED,1631912400,HSL:4719K_20210917_La_1_1440,719K,HSL:4900208,Länsisalmi
45360,45408,48,45360,45412,52,True,UPDATED,1631912400,HSL:1003_20210917_La_1_1228,3,HSL:1040401,Fredrikinkatu
45660,45660,0,45660,45660,0,True,UPDATED,1631912400,HSL:1001_20210917_La_1_1235,1,HSL:1040401,Fredrikinkatu
45960,45960,0,45960,45960,0,True,UPDATED,1631912400,HSL:1006_20210917_La_1_1240,6,HSL:1040401,Fredrikinkatu
46080,46080,0,46080,46080,0,False,SCHEDULED,1631912400,HSL:1003_20210917_La_1_1240,3,HSL:1040401,Fredrikinkatu
46380,46380,0,46380,46380,0,False,SCHEDULED,1631912400,HSL:1001_20210917_La_1_1247,1,HSL:1040401,Fredrikinkatu
47400,47400,0,47400,47400,0,False,SCHEDULED,1631912400,HSL:7192V_20210917_La_1_1240,192V,HSL:6030206,Inkilänportti
55860,55860,0,55860,55860,0,False,SCHEDULED,1631912400,HSL:7192T_20210917_La_1_1500,192T,HSL:6030206,Inkilänportti
64920,64920,0,64920,64920,0,False,SCHEDULED,1631912400,HSL:7192V_20210917_La_1_1740,192V,HSL:6030206,Inkilänportti
68880,68880,0,68880,68880,0,False,SCHEDULED,1631912400,HSL:7192T_20210917_La_1_1835,192T,HSL:6030206,Inkilänportti
84660,84660,0,84660,84660,0,False,SCHEDULED,1631912400,HSL:7192V_20210917_La_1_2305,192V,HSL:6030206,Inkilänportti
48660,48660,0,48660,48660,0,False,SCHEDULED,1631912400,HSL:7192V_20210917_La_2_1315,192V,HSL:6030201,Jorvaksenportti
60000,60000,0,60000,60000,0,False,SCHEDULED,1631912400,HSL:7192V_20210917_La_2_1623,192V,HSL:6030201,Jorvaksenportti
63060,63060,0,63060,63060,0,False,SCHEDULED,1631912400,HSL:7192V_20210917_La_2_1715,192V,HSL:6030201,Jorvaksenportti
81060,81060,0,81060,81060,0,False,SCHEDULED,1631912400,HSL:7192V_20210917_La_2_2215,192V,HSL:6030201,Jorvaksenportti
37800,37800,0,37800,37800,0,False,SCHEDULED,1631998800,HSL:7192_20210917_Su_2_1013,192,HSL:6030201,Jorvaksenportti
47460,47460,0,47460,47460,0,False,SCHEDULED,1631912400,HSL:7192V_20210917_La_1_1240,192V,HSL:6030202,Jorvaksenportti
55980,55980,0,55980,55980,0,False,SCHEDULED,1631912400,HSL:7192T_20210917_La_1_1500,192T,HSL:6030202,Jorvaksenportti
64980,64980,0,64980,64980,0,False,SCHEDULED,1631912400,HSL:7192V_20210917_La_1_1740,192V,HSL:6030202,Jorvaksenportti
68940,68940,0,68940,68940,0,False,SCHEDULED,1631912400,HSL:7192T_20210917_La_1_1835,192T,HSL:6030202,Jorvaksenportti
84720,84720,0,84720,84720,0,False,SCHEDULED,1631912400,HSL:7192V_20210917_La_1_2305,192V,HSL:6030202,Jorvaksenportti
48480,48480,0,48480,48480,0,False,SCHEDULED,1631912400,HSL:4415_20210917_La_1_1302,415,HSL:4180203,Viherkumpu
52080,52080,0,52080,52080,0,False,SCHEDULED,1631912400,HSL:4415_20210917_La_1_1402,415,HSL:4180203,Viherkumpu
55740,55740,0,55740,55740,0,False,SCHEDULED,1631912400,HSL:4415_20210917_La_1_1502,415,HSL:4180203,Viherkumpu
59340,59340,0,59340,59340,0,False,SCHEDULED,1631912400,HSL:4415_20210917_La_1_1602,415,HSL:4180203,Viherkumpu
62880,62880,0,62880,62880,0,False,SCHEDULED,1631912400,HSL:4415_20210917_La_1_1702,415,HSL:4180203,Viherkumpu
45660,45660,0,45660,45660,0,False,SCHEDULED,1631912400,HSL:1037_20210917_La_2_1233,37,HSL:1333136,Renginpolku
46860,46860,0,46860,46860,0,False,SCHEDULED,1631912400,HSL:1037_20210917_La_2_1253,37,HSL:1333136,Renginpolku
48060,48060,0,48060,48060,0,False,SCHEDULED,1631912400,HSL:1037_20210917_La_2_1313,37,HSL:1333136,Renginpolku
49260,49260,0,49260,49260,0,False,SCHEDULED,1631912400,HSL:1037_20210917_La_2_1333,37,HSL:1333136,Renginpolku
50460,50460,0,50460,50460,0,False,SCHEDULED,1631912400,HSL:1037_20210917_La_2_1353,37,HSL:1333136,Renginpolku
45300,45403,103,45300,45446,146,True,UPDATED,1631912400,HSL:1037_20210917_La_1_1204,37,HSL:1333135,Renginpolku
46500,46496,-4,46500,46499,-1,True,UPDATED,1631912400,HSL:1037_20210917_La_1_1224,37,HSL:1333135,Renginpolku
47700,47700,0,47700,47700,0,False,SCHEDULED,1631912400,HSL:1037_20210917_La_1_1244,37,HSL:1333135,Renginpolku
48900,48900,0,48900,48900,0,False,SCHEDULED,1631912400,HSL:1037_20210917_La_1_1304,37,HSL:1333135,Renginpolku
50100,50100,0,50100,50100,0,False,SCHEDULED,1631912400,HSL:1037_20210917_La_1_1324,37,HSL:1333135,Renginpolku
45720,45720,0,45720,45720,0,False,SCHEDULED,1631912400,HSL:1037_20210917_La_2_1233,37,HSL:1333134,Viljelijänkuja
46920,46920,0,46920,46920,0,False,SCHEDULED,1631912400,HSL:1037_20210917_La_2_1253,37,HSL:1333134,Viljelijänkuja
48120,48120,0,48120,48120,0,False,SCHEDULED,1631912400,HSL:1037_20210917_La_2_1313,37,HSL:1333134,Viljelijänkuja
49320,49320,0,49320,49320,0,False,SCHEDULED,1631912400,HSL:1037_20210917_La_2_1333,37,HSL:1333134,Viljelijänkuja
50520,50520,0,50520,50520,0,False,SCHEDULED,1631912400,HSL:1037_20210917_La_2_1353,37,HSL:1333134,Viljelijänkuja
45240,45370,130,45240,45403,163,True,UPDATED,1631912400,HSL:1037_20210917_La_1_1204,37,HSL:1333133,Viljelijänkuja
46440,46450,10,46440,46458,18,True,UPDATED,1631912400,HSL:1037_20210917_La_1_1224,37,HSL:1333133,Viljelijänkuja
47640,47640,0,47640,47640,0,False,SCHEDULED,1631912400,HSL:1037_20210917_La_1_1244,37,HSL:1333133,Viljelijänkuja
48840,48840,0,48840,48840,0,False,SCHEDULED,1631912400,HSL:1037_20210917_La_1_1304,37,HSL:1333133,Viljelijänkuja
50040,50040,0,50040,50040,0,False,SCHEDULED,1631912400,HSL:1037_20210917_La_1_1324,37,HSL:1333133,Viljelijänkuja
47160,47122,-38,47160,47130,-30,True,UPDATED,1631912400,HSL:4571_20210917_La_1_1228,571,HSL:4180211,Perkiöntie
48060,48060,0,48060,48060,0,False,SCHEDULED,1631912400,HSL:4415_20210917_La_2_1302,415,HSL:4180211,Perkiöntie
48960,48960,0,48960,48960,0,False,SCHEDULED,1631912400,HSL:4571_20210917_La_1_1258,571,HSL:4180211,Perkiöntie
50760,50760,0,50760,50760,0,False,SCHEDULED,1631912400,HSL:4571_20210917_La_1_1328,571,HSL:4180211,Perkiöntie
51660,51660,0,51660,51660,0,False,SCHEDULED,1631912400,HSL:4415_20210917_La_2_1401,415,HSL:4180211,Perkiöntie
45420,45420,0,45420,45420,0,False,SCHEDULED,1631912400,HSL:4574_20210917_La_2_1221,574,HSL:4180212,Sofieberg
49020,49020,0,49020,49020,0,False,SCHEDULED,1631912400,HSL:4574_20210917_La_2_1320,574,HSL:4180212,Sofieberg
52620,52620,0,52620,52620,0,False,SCHEDULED,1631912400,HSL:4574_20210917_La_2_1420,574,HSL:4180212,Sofieberg
56160,56160,0,56160,56160,0,False,SCHEDULED,1631912400,HSL:4574_20210917_La_2_1520,574,HSL:4180212,Sofieberg
59820,59820,0,59820,59820,0,False,SCHEDULED,1631912400,HSL:4574_20210917_La_2_1621,574,HSL:4180212,Sofieberg
45780,45780,0,45780,45780,0,False,SCHEDULED,1631912400,HSL:1037_20210917_La_2_1233,37,HSL:1333149,Vuokraajankuja
46980,46980,0,46980,46980,0,False,SCHEDULED,1631912400,HSL:1037_20210917_La_2_1253,37,HSL:1333149,Vuokraajankuja
48180,48180,0,48180,48180,0,False,SCHEDULED,1631912400,HSL:1037_20210917_La_2_1313,37,HSL:1333149,Vuokraajankuja
49380,49380,0,49380,49380,0,False,SCHEDULED,1631912400,HSL:1037_20210917_La_2_1333,37,HSL:1333149,Vuokraajankuja
50580,50580,0,50580,50580,0,False,SCHEDULED,1631912400,HSL:1037_20210917_La_2_1353,37,HSL:1333149,Vuokraajankuja
45180,45315,135,45180,45370,190,True,UPDATED,1631912400,HSL:1037_20210917_La_1_1204,37,HSL:1333148,Vuokraajankuja
46380,46421,41,46380,46427,47,True,UPDATED,1631912400,HSL:1037_20210917_La_1_1224,37,HSL:1333148,Vuokraajankuja
47580,47580,0,47580,47580,0,False,SCHEDULED,1631912400,HSL:1037_20210917_La_1_1244,37,HSL:1333148,Vuokraajankuja
48780,48780,0,48780,48780,0,False,SCHEDULED,1631912400,HSL:1037_20210917_La_1_1304,37,HSL:1333148,Vuokraajankuja
49980,49980,0,49980,49980,0,False,SCHEDULED,1631912400,HSL:1037_20210917_La_1_1324,37,HSL:1333148,Vuokraajankuja
48240,48240,0,48240,48240,0,False,SCHEDULED,1631912400,HSL:4415_20210917_La_2_1302,415,HSL:4180202,Viherkumpu
51840,51840,0,51840,51840,0,False,SCHEDULED,1631912400,HSL:4415_20210917_La_2_1401,415,HSL:4180202,Viherkumpu
55440,55440,0,55440,55440,0,False,SCHEDULED,1631912400,HSL:4415_20210917_La_2_1501,415,HSL:4180202,Viherkumpu
59040,59040,0,59040,59040,0,False,SCHEDULED,1631912400,HSL:4415_20210917_La_2_1601,415,HSL:4180202,Viherkumpu
62640,62640,0,62640,62640,0,False,SCHEDULED,1631912400,HSL:4415_20210917_La_2_1702,415,HSL:4180202,Viherkumpu
45420,45344,-76,45420,45356,-64,True,UPDATED,1631912400,HSL:4571_20210917_La_1_1159,571,HSL:4180226,Emännänkuja
47220,47171,-49,47220,47184,-36,True,UPDATED,1631912400,HSL:4571_20210917_La_1_1228,571,HSL:4180226,Emännänkuja
48120,48120,0,48120,48120,0,False,SCHEDULED,1631912400,HSL:4415_20210917_La_2_1302,415,HSL:4180226,Emännänkuja
49020,49020,0,49020,49020,0,False,SCHEDULED,1631912400,HSL:4571_20210917_La_1_1258,571,HSL:4180226,Emännänkuja
50820,50820,0,50820,50820,0,False,SCHEDULED,1631912400,HSL:4571_20210917_La_1_1328,571,HSL:4180226,Emännänkuja
45480,45498,18,45480,45509,29,True,UPDATED,1631912400,HSL:4571_20210917_La_2_1211,571,HSL:4180225,Emännänkuja
47280,47280,0,47280,47280,0,False,SCHEDULED,1631912400,HSL:4571_20210917_La_2_1241,571,HSL:4180225,Emännänkuja
48600,48600,0,48600,48600,0,False,SCHEDULED,1631912400,HSL:4415_20210917_La_1_1302,415,HSL:4180225,Emännänkuja
49080,49080,0,49080,49080,0,False,SCHEDULED,1631912400,HSL:4571_20210917_La_2_1311,571,HSL:4180225,Emännänkuja
50880,50880,0,50880,50880,0,False,SCHEDULED,1631912400,HSL:4571_20210917_La_2_1341,571,HSL:4180225,Emännänkuja
47820,47869,49,47820,47872,52,True,UPDATED,1631912400,HSL:4574_20210917_La_1_1233,574,HSL:4180228,Vantaankosken VPK
51360,51360,0,51360,51360,0,False,SCHEDULED,1631912400,HSL:4574_20210917_La_1_1333,574,HSL:4180228,Vantaankosken VPK
54960,54960,0,54960,54960,0,False,SCHEDULED,1631912400,HSL:4574_20210917_La_1_1433,574,HSL:4180228,Vantaankosken VPK
58560,58560,0,58560,58560,0,False,SCHEDULED,1631912400,HSL:4574_20210917_La_1_1533,574,HSL:4180228,Vantaankosken VPK
62160,62160,0,62160,62160,0,False,SCHEDULED,1631912400,HSL:4574_20210917_La_1_1633,574,HSL:4180228,Vantaankosken VPK
45420,45420,0,45420,45420,0,False,SCHEDULED,1631912400,HSL:4574_20210917_La_2_1221,574,HSL:4180227,Vantaankosken VPK
49020,49020,0,49020,49020,0,False,SCHEDULED,1631912400,HSL:4574_20210917_La_2_1320,574,HSL:4180227,Vantaankosken VPK
52620,52620,0,52620,52620,0,False,SCHEDULED,1631912400,HSL:4574_20210917_La_2_1420,574,HSL:4180227,Vantaankosken VPK
56160,56160,0,56160,56160,0,False,SCHEDULED,1631912400,HSL:4574_20210917_La_2_1520,574,HSL:4180227,Vantaankosken VPK
59820,59820,0,59820,59820,0,False,SCHEDULED,1631912400,HSL:4574_20210917_La_2_1621,574,HSL:4180227,Vantaankosken VPK
45360,45376,16,45360,45376,16,True,UPDATED,1631912400,HSL:1006_20210917_La_1_1228,6,HSL:1040437,Erottaja
45480,45511,31,45480,45535,55,True,UPDATED,1631912400,HSL:1003_20210917_La_1_1228,3,HSL:1040437,Erottaja
45780,45780,0,45780,45780,0,True,UPDATED,1631912400,HSL:1001_20210917_La_1_1235,1,HSL:1040437,Erottaja
46080,46080,0,46080,46080,0,True,UPDATED,1631912400,HSL:1006_20210917_La_1_1240,6,HSL:1040437,Erottaja
46200,46200,0,46200,46200,0,False,SCHEDULED,1631912400,HSL:1003_20210917_La_1_1240,3,HSL:1040437,Erottaja
45360,45360,0,45360,45360,0,False,SCHEDULED,1631912400,HSL:4574_20210917_La_2_1221,574,HSL:4180232,Kivimäenpuisto
48960,48960,0,48960,48960,0,False,SCHEDULED,1631912400,HSL:4574_20210917_La_2_1320,574,HSL:4180232,Kivimäenpuisto
52560,52560,0,52560,52560,0,False,SCHEDULED,1631912400,HSL:4574_20210917_La_2_1420,574,HSL:4180232,Kivimäenpuisto
56100,56100,0,56100,56100,0,False,SCHEDULED,1631912400,HSL:4574_20210917_La_2_1520,574,HSL:4180232,Kivimäenpuisto
59760,59760,0,59760,59760,0,False,SCHEDULED,1631912400,HSL:4574_20210917_La_2_1621,574,HSL:4180232,Kivimäenpuisto
45960,46007,47,45960,46048,88,True,UPDATED,1631912400,HSL:1006_20210917_La_2_1218,6,HSL:1040438,Fredrikinkatu
45840,46052,212,45840,46072,232,True,UPDATED,1631912400,HSL:1001_20210917_La_2_1209,1,HSL:1040438,Fredrikinkatu
46080,46049,-31,46080,46098,18,True,UPDATED,1631912400,HSL:1003_20210917_La_2_1217,3,HSL:1040438,Fredrikinkatu
46680,46680,0,46680,46680,0,False,SCHEDULED,1631912400,HSL:1006_20210917_La_2_1230,6,HSL:1040438,Fredrikinkatu
46560,46789,229,46560,46828,268,True,UPDATED,1631912400,HSL:1001_20210917_La_2_1221,1,HSL:1040438,Fredrikinkatu
45480,45405,-75,45480,45405,-75,True,UPDATED,1631912400,HSL:4571_20210917_La_1_1159,571,HSL:4180231,Hämeenlinnanväylä
45360,45601,241,45360,45609,249,True,UPDATED,1631912400,HSL:4421_20210917_La_1_1212,421,HSL:4180231,Hämeenlinnanväylä
47220,47220,0,47220,47220,0,False,SCHEDULED,1631912400,HSL:4421_20210917_La_1_1242,421,HSL:4180231,Hämeenlinnanväylä
47280,47265,-15,47280,47266,-14,True,UPDATED,1631912400,HSL:4571_20210917_La_1_1228,571,HSL:4180231,Hämeenlinnanväylä
49080,49080,0,49080,49080,0,False,SCHEDULED,1631912400,HSL:4421_20210917_La_1_1312,421,HSL:4180231,Hämeenlinnanväylä
45000,45335,335,45000,45339,339,True,UPDATED,1631912400,HSL:4415_20210917_La_1_1202,415,HSL:4180230,Vanha Nurmijärventie
45540,45576,36,45540,45609,69,True,UPDATED,1631912400,HSL:4571_20210917_La_2_1211,571,HSL:4180230,Vanha Nurmijärventie
47340,47340,0,47340,47340,0,False,SCHEDULED,1631912400,HSL:4571_20210917_La_2_1241,571,HSL:4180230,Vanha Nurmijärventie
48660,48660,0,48660,48660,0,False,SCHEDULED,1631912400,HSL:4415_20210917_La_1_1302,415,HSL:4180230,Vanha Nurmijärventie
49140,49140,0,49140,49140,0,False,SCHEDULED,1631912400,HSL:4571_20210917_La_2_1311,571,HSL:4180230,Vanha Nurmijärventie
27000,27000,0,27000,27000,0,False,SCHEDULED,1631998800,HSL:9665A1_20210917_Su_1_0708,665A,HSL:9500221,Kartanon seutu
46560,46560,0,46560,46560,0,False,SCHEDULED,1631912400,HSL:7465_20210917_La_2_1245,465,HSL:4180219,Koukkuveräjä
47580,47580,0,47580,47580,0,False,SCHEDULED,1631912400,HSL:7455A_20210917_La_2_1303,455A,HSL:4180219,Koukkuveräjä
50580,50580,0,50580,50580,0,False,SCHEDULED,1631912400,HSL:7455A_20210917_La_2_1353,455A,HSL:4180219,Koukkuveräjä
53040,53040,0,53040,53040,0,False,SCHEDULED,1631912400,HSL:7457_20210917_La_2_1438,457,HSL:4180219,Koukkuveräjä
54060,54060,0,54060,54060,0,False,SCHEDULED,1631912400,HSL:7465_20210917_La_2_1450,465,HSL:4180219,Koukkuveräjä
46200,46200,0,46200,46200,0,False,SCHEDULED,1631912400,HSL:7456A_20210917_La_1_1230,456A,HSL:4180218,Koukkuveräjä
47280,47280,0,47280,47280,0,False,SCHEDULED,1631912400,HSL:7455A_20210917_La_1_1245,455A,HSL:4180218,Koukkuveräjä
50280,50280,0,50280,50280,0,False,SCHEDULED,1631912400,HSL:7465_20210917_La_1_1335,465,HSL:4180218,Koukkuveräjä
51480,51480,0,51480,51480,0,False,SCHEDULED,1631912400,HSL:7457A_20210917_La_1_1355,457A,HSL:4180218,Koukkuveräjä
54480,54480,0,54480,54480,0,False,SCHEDULED,1631912400,HSL:7455_20210917_La_1_1445,455,HSL:4180218,Koukkuveräjä
45360,45501,141,45360,45507,147,True,UPDATED,1631912400,HSL:4421_20210917_La_2_1225,421,HSL:4180215,Mätäoja
46680,46680,0,46680,46680,0,False,SCHEDULED,1631912400,HSL:7465_20210917_La_2_1245,465,HSL:4180215,Mätäoja
47100,47100,0,47100,47100,0,False,SCHEDULED,1631912400,HSL:4421_20210917_La_2_1254,421,HSL:4180215,Mätäoja
47700,47700,0,47700,47700,0,False,SCHEDULED,1631912400,HSL:7455A_20210917_La_2_1303,455A,HSL:4180215,Mätäoja
48900,48900,0,48900,48900,0,False,SCHEDULED,1631912400,HSL:4421_20210917_La_2_1324,421,HSL:4180215,Mätäoja
45300,45527,227,45300,45531,231,True,UPDATED,1631912400,HSL:4421_20210917_La_1_1212,421,HSL:4180214,Mätäoja
46140,46140,0,46140,46140,0,False,SCHEDULED,1631912400,HSL:7456A_20210917_La_1_1230,456A,HSL:4180214,Mätäoja
47160,47160,0,47160,47160,0,False,SCHEDULED,1631912400,HSL:4421_20210917_La_1_1242,421,HSL:4180214,Mätäoja
47160,47160,0,47160,47160,0,False,SCHEDULED,1631912400,HSL:7455A_20210917_La_1_1245,455A,HSL:4180214,Mätäoja
49020,49020,0,49020,49020,0,False,SCHEDULED,1631912400,HSL:4421_20210917_La_1_1312,421,HSL:4180214,Mätäoja
46620,46620,0,46620,46620,0,False,SCHEDULED,1631912400,HSL:7465_20210917_La_2_1245,465,HSL:4180217,Martinlaakso
47640,47640,0,47640,47640,0,False,SCHEDULED,1631912400,HSL:7455A_20210917_La_2_1303,455A,HSL:4180217,Martinlaakso
50640,50640,0,50640,50640,0,False,SCHEDULED,1631912400,HSL:7455A_20210917_La_2_1353,455A,HSL:4180217,Martinlaakso
53040,53040,0,53040,53040,0,False,SCHEDULED,1631912400,HSL:7457_20210917_La_2_1438,457,HSL:4180217,Martinlaakso
54120,54120,0,54120,54120,0,False,SCHEDULED,1631912400,HSL:7465_20210917_La_2_1450,465,HSL:4180217,Martinlaakso
46200,46200,0,46200,46200,0,False,SCHEDULED,1631912400,HSL:7456A_20210917_La_1_1230,456A,HSL:4180216,Martinlaakso
47220,47220,0,47220,47220,0,False,SCHEDULED,1631912400,HSL:7455A_20210917_La_1_1245,455A,HSL:4180216,Martinlaakso
50220,50220,0,50220,50220,0,False,SCHEDULED,1631912400,HSL:7465_20210917_La_1_1335,465,HSL:4180216,Martinlaakso
51420,51420,0,51420,51420,0,False,SCHEDULED,1631912400,HSL:7457A_20210917_La_1_1355,457A,HSL:4180216,Martinlaakso
54420,54420,0,54420,54420,0,False,SCHEDULED,1631912400,HSL:7455_20210917_La_1_1445,455,HSL:4180216,Martinlaakso
48180,48180,0,48180,48180,0,False,SCHEDULED,1631912400,HSL:4415_20210917_La_2_1302,415,HSL:4180222,Kynttiläkuja
51780,51780,0,51780,51780,0,False,SCHEDULED,1631912400,HSL:4415_20210917_La_2_1401,415,HSL:4180222,Kynttiläkuja
55380,55380,0,55380,55380,0,False,SCHEDULED,1631912400,HSL:4415_20210917_La_2_1501,415,HSL:4180222,Kynttiläkuja
58980,58980,0,58980,58980,0,False,SCHEDULED,1631912400,HSL:4415_20210917_La_2_1601,415,HSL:4180222,Kynttiläkuja
62580,62580,0,62580,62580,0,False,SCHEDULED,1631912400,HSL:4415_20210917_La_2_1702,415,HSL:4180222,Kynttiläkuja
46500,46500,0,46500,46500,0,False,SCHEDULED,1631912400,HSL:7465_20210917_La_2_1245,465,HSL:4180221,Vantaankosken VPK
47460,47460,0,47460,47460,0,False,SCHEDULED,1631912400,HSL:7455A_20210917_La_2_1303,455A,HSL:4180221,Vantaankosken VPK
50460,50460,0,50460,50460,0,False,SCHEDULED,1631912400,HSL:7455A_20210917_La_2_1353,455A,HSL:4180221,Vantaankosken VPK
52980,52980,0,52980,52980,0,False,SCHEDULED,1631912400,HSL:7457_20210917_La_2_1438,457,HSL:4180221,Vantaankosken VPK
54000,54000,0,54000,54000,0,False,SCHEDULED,1631912400,HSL:7465_20210917_La_2_1450,465,HSL:4180221,Vantaankosken VPK
45480,45390,-90,45480,45390,-90,True,UPDATED,1631912400,HSL:4571_20210917_La_1_1159,571,HSL:4180224,Vantaanlaaksontie
47280,47239,-41,47280,47247,-33,True,UPDATED,1631912400,HSL:4571_20210917_La_1_1228,571,HSL:4180224,Vantaanlaaksontie
49080,49080,0,49080,49080,0,False,SCHEDULED,1631912400,HSL:4571_20210917_La_1_1258,571,HSL:4180224,Vantaanlaaksontie
50880,50880,0,50880,50880,0,False,SCHEDULED,1631912400,HSL:4571_20210917_La_1_1328,571,HSL:4180224,Vantaanlaaksontie
52680,52680,0,52680,52680,0,False,SCHEDULED,1631912400,HSL:4571_20210917_La_1_1358,571,HSL:4180224,Vantaanlaaksontie
45420,45444,24,45420,45451,31,True,UPDATED,1631912400,HSL:4571_20210917_La_2_1211,571,HSL:4180223,Vantaanlaaksontie
47220,47220,0,47220,47220,0,False,SCHEDULED,1631912400,HSL:4571_20210917_La_2_1241,571,HSL:4180223,Vantaanlaaksontie
48540,48540,0,48540,48540,0,False,SCHEDULED,1631912400,HSL:4415_20210917_La_1_1302,415,HSL:4180223,Vantaanlaaksontie
49020,49020,0,49020,49020,0,False,SCHEDULED,1631912400,HSL:4571_20210917_La_2_1311,571,HSL:4180223,Vantaanlaaksontie
50820,50820,0,50820,50820,0,False,SCHEDULED,1631912400,HSL:4571_20210917_La_2_1341,571,HSL:4180223,Vantaanlaaksontie
46320,46320,0,46320,46320,0,False,SCHEDULED,1631912400,HSL:7456A_20210917_La_1_1230,456A,HSL:4180220,Vantaankosken VPK
47340,47340,0,47340,47340,0,False,SCHEDULED,1631912400,HSL:7455A_20210917_La_1_1245,455A,HSL:4180220,Vantaankosken VPK
50340,50340,0,50340,50340,0,False,SCHEDULED,1631912400,HSL:7465_20210917_La_1_1335,465,HSL:4180220,Vantaankosken VPK
51540,51540,0,51540,51540,0,False,SCHEDULED,1631912400,HSL:7457A_20210917_La_1_1355,457A,HSL:4180220,Vantaankosken VPK
54540,54540,0,54540,54540,0,False,SCHEDULED,1631912400,HSL:7455_20210917_La_1_1445,455,HSL:4180220,Vantaankosken VPK
47520,47520,0,47760,47760,0,False,SCHEDULED,1631912400,HSL:9665K_20210917_La_1_1256,665K,HSL:9500236,Järvenpään asema
51120,51120,0,51360,51360,0,False,SCHEDULED,1631912400,HSL:9665K_20210917_La_1_1356,665K,HSL:9500236,Järvenpään asema
54720,54720,0,54960,54960,0,False,SCHEDULED,1631912400,HSL:9665K_20210917_La_1_1456,665K,HSL:9500236,Järvenpään asema
58320,58320,0,58560,58560,0,False,SCHEDULED,1631912400,HSL:9665K_20210917_La_1_1556,665K,HSL:9500236,Järvenpään asema
61920,61920,0,62160,62160,0,False,SCHEDULED,1631912400,HSL:9665K_20210917_La_1_1656,665K,HSL:9500236,Järvenpään asema
47520,47520,0,47760,47760,0,False,SCHEDULED,1631912400,HSL:9665K_20210917_La_2_1248,665K,HSL:9500235,Järvenpään asema
51120,51120,0,51360,51360,0,False,SCHEDULED,1631912400,HSL:9665K_20210917_La_2_1348,665K,HSL:9500235,Järvenpään asema
54720,54720,0,54960,54960,0,False,SCHEDULED,1631912400,HSL:9665K_20210917_La_2_1448,665K,HSL:9500235,Järvenpään asema
58320,58320,0,58560,58560,0,False,SCHEDULED,1631912400,HSL:9665K_20210917_La_2_1548,665K,HSL:9500235,Järvenpään asema
61920,61920,0,62160,62160,0,False,SCHEDULED,1631912400,HSL:9665K_20210917_La_2_1649,665K,HSL:9500235,Järvenpään asema
45840,45961,121,45840,45974,134,True,UPDATED,1631912400,HSL:1006_20210917_La_2_1218,6,HSL:1040445,Erottaja
45960,45979,19,45960,45998,38,True,UPDATED,1631912400,HSL:1003_20210917_La_2_1217,3,HSL:1040445,Erottaja
45720,45980,260,45720,45999,279,True,UPDATED,1631912400,HSL:1001_20210917_La_2_1209,1,HSL:1040445,Erottaja
46560,46560,0,46560,46560,0,False,SCHEDULED,1631912400,HSL:1006_20210917_La_2_1230,6,HSL:1040445,Erottaja
46680,46719,39,46680,46738,58,True,UPDATED,1631912400,HSL:1003_20210917_La_2_1229,3,HSL:1040445,Erottaja
45900,45900,0,45900,45900,0,True,UPDATED,1631912400,HSL:1006_20210917_La_1_1240,6,HSL:1040440,Aleksant. teatteri
46620,46620,0,46620,46620,0,False,SCHEDULED,1631912400,HSL:1006_20210917_La_1_1252,6,HSL:1040440,Aleksant. teatteri
47340,47340,0,47340,47340,0,False,SCHEDULED,1631912400,HSL:1006_20210917_La_1_1304,6,HSL:1040440,Aleksant. teatteri
48060,48060,0,48060,48060,0,False,SCHEDULED,1631912400,HSL:1006_20210917_La_1_1316,6,HSL:1040440,Aleksant. teatteri
48780,48780,0,48780,48780,0,False,SCHEDULED,1631912400,HSL:1006_20210917_La_1_1328,6,HSL:1040440,Aleksant. teatteri
45300,45307,7,45300,45320,20,True,UPDATED,1631912400,HSL:1006_20210917_La_2_1206,6,HSL:1040441,Hietalahdentori
46020,46049,29,46020,46069,49,True,UPDATED,1631912400,HSL:1006_20210917_La_2_1218,6,HSL:1040441,Hietalahdentori
46740,46740,0,46740,46740,0,False,SCHEDULED,1631912400,HSL:1006_20210917_La_2_1230,6,HSL:1040441,Hietalahdentori
47460,47460,0,47460,47460,0,False,SCHEDULED,1631912400,HSL:1006_20210917_La_2_1242,6,HSL:1040441,Hietalahdentori
48180,48180,0,48180,48180,0,False,SCHEDULED,1631912400,HSL:1006_20210917_La_2_1254,6,HSL:1040441,Hietalahdentori
45420,45455,35,45420,45461,41,True,UPDATED,1631912400,HSL:1057_20210917_La_2_1227,57,HSL:1292123,Kivihaka
45660,45690,30,45660,45690,30,True,UPDATED,1631912400,HSL:1063_20210917_La_1_1226,63,HSL:1292123,Kivihaka
45900,45924,24,45900,45924,24,True,UPDATED,1631912400,HSL:1059_20210917_La_2_1224,59,HSL:1292123,Kivihaka
46020,46020,0,46020,46020,0,False,SCHEDULED,1631912400,HSL:1057_20210917_La_2_1237,57,HSL:1292123,Kivihaka
46620,46620,0,46620,46620,0,False,SCHEDULED,1631912400,HSL:1057_20210917_La_2_1247,57,HSL:1292123,Kivihaka
45360,45453,93,45360,45453,93,True,UPDATED,1631912400,HSL:1063_20210917_La_2_1213,63,HSL:1292122,Kivihaka
45600,45617,17,45600,45654,54,True,UPDATED,1631912400,HSL:1057_20210917_La_1_1208,57,HSL:1292122,Kivihaka
45660,45879,219,45720,45896,176,True,UPDATED,1631912400,HSL:1059_20210917_La_1_1216,59,HSL:1292122,Kivihaka
46200,46244,44,46200,46279,79,True,UPDATED,1631912400,HSL:1057_20210917_La_1_1218,57,HSL:1292122,Kivihaka
46560,46591,31,46560,46591,31,True,UPDATED,1631912400,HSL:1063_20210917_La_2_1233,63,HSL:1292122,Kivihaka
45480,45496,16,45480,45496,16,True,UPDATED,1631912400,HSL:1007_20210917_La_1_1230,7,HSL:1040408,Kampintori
45840,45827,-13,45840,45857,17,True,UPDATED,1631912400,HSL:1009_20210917_La_1_1234,9,HSL:1040408,Kampintori
46200,46200,0,46200,46200,0,False,SCHEDULED,1631912400,HSL:1007_20210917_La_1_1242,7,HSL:1040408,Kampintori
46560,46560,0,46560,46560,0,False,SCHEDULED,1631912400,HSL:1009_20210917_La_1_1246,9,HSL:1040408,Kampintori
46920,46920,0,46920,46920,0,False,SCHEDULED,1631912400,HSL:1007_20210917_La_1_1254,7,HSL:1040408,Kampintori
45540,45535,-5,45540,45580,40,True,UPDATED,1631912400,HSL:1009_20210917_La_2_1213,9,HSL:1040407,Ruoholahden villat
45780,45912,132,45780,45961,181,True,UPDATED,1631912400,HSL:1007_20210917_La_2_1212,7,HSL:1040407,Ruoholahden villat
46260,46277,17,46260,46330,70,True,UPDATED,1631912400,HSL:1009_20210917_La_2_1225,9,HSL:1040407,Ruoholahden villat
46500,46477,-23,46500,46573,73,True,UPDATED,1631912400,HSL:1007_20210917_La_2_1224,7,HSL:1040407,Ruoholahden villat
46980,46980,0,46980,46980,0,False,SCHEDULED,1631912400,HSL:1009_20210917_La_2_1237,9,HSL:1040407,Ruoholahden villat
45480,45621,141,45480,45636,156,True,UPDATED,1631912400,HSL:1037_20210917_La_1_1204,37,HSL:1333179,Kartanonkaari
46680,46706,26,46680,46722,42,True,UPDATED,1631912400,HSL:1037_20210917_La_1_1224,37,HSL:1333179,Kartanonkaari
47880,47880,0,47880,47880,0,False,SCHEDULED,1631912400,HSL:1037_20210917_La_1_1244,37,HSL:1333179,Kartanonkaari
49080,49080,0,49080,49080,0,False,SCHEDULED,1631912400,HSL:1037_20210917_La_1_1304,37,HSL:1333179,Kartanonkaari
50280,50280,0,50280,50280,0,False,SCHEDULED,1631912400,HSL:1037_20210917_La_1_1324,37,HSL:1333179,Kartanonkaari
45420,45446,26,45420,45471,51,True,UPDATED,1631912400,HSL:1009_20210917_La_2_1213,9,HSL:1040409,Kampintori
45660,45823,163,45660,45858,198,True,UPDATED,1631912400,HSL:1007_20210917_La_2_1212,7,HSL:1040409,Kampintori
46140,46183,43,46140,46220,80,True,UPDATED,1631912400,HSL:1009_20210917_La_2_1225,9,HSL:1040409,Kampintori
46380,46401,21,46380,46471,91,True,UPDATED,1631912400,HSL:1007_20210917_La_2_1224,7,HSL:1040409,Kampintori
46860,46860,0,46860,46860,0,False,SCHEDULED,1631912400,HSL:1009_20210917_La_2_1237,9,HSL:1040409,Kampintori
45480,45480,0,45480,45480,0,False,SCHEDULED,1631912400,HSL:1037_20210917_La_2_1233,37,HSL:1333178,Kartanonkaari
46680,46680,0,46680,46680,0,False,SCHEDULED,1631912400,HSL:1037_20210917_La_2_1253,37,HSL:1333178,Kartanonkaari
47880,47880,0,47880,47880,0,False,SCHEDULED,1631912400,HSL:1037_20210917_La_2_1313,37,HSL:1333178,Kartanonkaari
49080,49080,0,49080,49080,0,False,SCHEDULED,1631912400,HSL:1037_20210917_La_2_1333,37,HSL:1333178,Kartanonkaari
50280,50280,0,50280,50280,0,False,SCHEDULED,1631912400,HSL:1037_20210917_La_2_1353,37,HSL:1333178,Kartanonkaari
45120,45380,260,45120,45380,260,True,UPDATED,1631912400,HSL:1030_20210917_La_2_1221,30,HSL:1333177,Puustellintie
45540,45685,145,45540,45686,146,True,UPDATED,1631912400,HSL:1037_20210917_La_1_1204,37,HSL:1333177,Puustellintie
46020,46020,0,46020,46020,0,True,UPDATED,1631912400,HSL:1030_20210917_La_2_1236,30,HSL:1333177,Puustellintie
46740,46771,31,46740,46772,32,True,UPDATED,1631912400,HSL:1037_20210917_La_1_1224,37,HSL:1333177,Puustellintie
46920,46920,0,46920,46920,0,False,SCHEDULED,1631912400,HSL:1030_20210917_La_2_1251,30,HSL:1333177,Puustellintie
45420,45420,0,45420,45420,0,False,SCHEDULED,1631912400,HSL:1037_20210917_La_2_1233,37,HSL:1333176,Puustellintie
47280,45477,-1803,47280,45477,-1803,True,UPDATED,1631912400,HSL:1030_20210917_La_1_1222,30,HSL:1333176,Puustellintie
45420,45516,96,45420,45516,96,True,UPDATED,1631912400,HSL:1030_20210917_La_1_1152,30,HSL:1333176,Puustellintie
46620,46620,0,46620,46620,0,False,SCHEDULED,1631912400,HSL:1037_20210917_La_2_1253,37,HSL:1333176,Puustellintie
46380,46574,194,46380,46634,254,True,UPDATED,1631912400,HSL:1030_20210917_La_1_1207,30,HSL:1333176,Puustellintie
45360,45387,27,45360,45400,40,True,UPDATED,1631912400,HSL:1009_20210917_La_2_1213,9,HSL:1040411,Simonkatu
45600,45742,142,45600,45797,197,True,UPDATED,1631912400,HSL:1007_20210917_La_2_1212,7,HSL:1040411,Simonkatu
46080,46095,15,46080,46133,53,True,UPDATED,1631912400,HSL:1009_20210917_La_2_1225,9,HSL:1040411,Simonkatu
46320,46341,21,46320,46401,81,True,UPDATED,1631912400,HSL:1007_20210917_La_2_1224,7,HSL:1040411,Simonkatu
46800,46800,0,46800,46800,0,False,SCHEDULED,1631912400,HSL:1009_20210917_La_2_1237,9,HSL:1040411,Simonkatu
45600,45616,16,45600,45616,16,True,UPDATED,1631912400,HSL:1007_20210917_La_1_1230,7,HSL:1040410,Simonkatu
45960,45948,-12,45960,45975,15,True,UPDATED,1631912400,HSL:1009_20210917_La_1_1234,9,HSL:1040410,Simonkatu
46320,46320,0,46320,46320,0,False,SCHEDULED,1631912400,HSL:1007_20210917_La_1_1242,7,HSL:1040410,Simonkatu
46680,46680,0,46680,46680,0,False,SCHEDULED,1631912400,HSL:1009_20210917_La_1_1246,9,HSL:1040410,Simonkatu
47040,47040,0,47040,47040,0,False,SCHEDULED,1631912400,HSL:1007_20210917_La_1_1254,7,HSL:1040410,Simonkatu
45360,45360,0,45360,45360,0,False,SCHEDULED,1631912400,HSL:1037_20210917_La_2_1233,37,HSL:1333185,Jälsitie
45660,45660,0,45660,45660,0,False,SCHEDULED,1631912400,HSL:1059_20210917_La_2_1239,59,HSL:1333185,Jälsitie
46560,46560,0,46560,46560,0,False,SCHEDULED,1631912400,HSL:1037_20210917_La_2_1253,37,HSL:1333185,Jälsitie
46560,46560,0,46560,46560,0,False,SCHEDULED,1631912400,HSL:1059_20210917_La_2_1254,59,HSL:1333185,Jälsitie
47460,47460,0,47460,47460,0,False,SCHEDULED,1631912400,HSL:1059_20210917_La_2_1309,59,HSL:1333185,Jälsitie
45000,45391,391,45000,45391,391,True,UPDATED,1631912400,HSL:1059_20210917_La_1_1146,59,HSL:1333184,Jälsitie
45600,45730,130,45600,45732,132,True,UPDATED,1631912400,HSL:1037_20210917_La_1_1204,37,HSL:1333184,Jälsitie
45900,46133,233,45900,46133,233,True,UPDATED,1631912400,HSL:1059_20210917_La_1_1201,59,HSL:1333184,Jälsitie
46800,46824,24,46800,46826,26,True,UPDATED,1631912400,HSL:1037_20210917_La_1_1224,37,HSL:1333184,Jälsitie
46800,46980,180,46800,46980,180,True,UPDATED,1631912400,HSL:1059_20210917_La_1_1216,59,HSL:1333184,Jälsitie
47400,47400,0,47400,47400,0,False,SCHEDULED,1631912400,HSL:9665K_20210917_La_2_1248,665K,HSL:9500214,Tehtaankatu
51000,51000,0,51000,51000,0,False,SCHEDULED,1631912400,HSL:9665K_20210917_La_2_1348,665K,HSL:9500214,Tehtaankatu
54600,54600,0,54600,54600,0,False,SCHEDULED,1631912400,HSL:9665K_20210917_La_2_1448,665K,HSL:9500214,Tehtaankatu
58200,58200,0,58200,58200,0,False,SCHEDULED,1631912400,HSL:9665K_20210917_La_2_1548,665K,HSL:9500214,Tehtaankatu
61800,61800,0,61800,61800,0,False,SCHEDULED,1631912400,HSL:9665K_20210917_La_2_1649,665K,HSL:9500214,Tehtaankatu
45120,45511,391,45120,45511,391,True,UPDATED,1631912400,HSL:1059_20210917_La_1_1146,59,HSL:1333182,Neulastie
45540,45540,0,45540,45540,0,False,SCHEDULED,1631912400,HSL:1059_20210917_La_2_1239,59,HSL:1333182,Neulastie
46020,46253,233,46020,46253,233,True,UPDATED,1631912400,HSL:1059_20210917_La_1_1201,59,HSL:1333182,Neulastie
46440,46440,0,46440,46440,0,False,SCHEDULED,1631912400,HSL:1059_20210917_La_2_1254,59,HSL:1333182,Neulastie
46920,47100,180,46920,47100,180,True,UPDATED,1631912400,HSL:1059_20210917_La_1_1216,59,HSL:1333182,Neulastie
45600,45600,0,45600,45600,0,False,SCHEDULED,1631912400,HSL:1059_20210917_La_2_1239,59,HSL:1333181,Pihkatie
46500,46500,0,46500,46500,0,False,SCHEDULED,1631912400,HSL:1037_20210917_La_2_1253,37,HSL:1333181,Pihkatie
46500,46500,0,46500,46500,0,False,SCHEDULED,1631912400,HSL:1059_20210917_La_2_1254,59,HSL:1333181,Pihkatie
47400,47400,0,47400,47400,0,False,SCHEDULED,1631912400,HSL:1059_20210917_La_2_1309,59,HSL:1333181,Pihkatie
47700,47700,0,47700,47700,0,False,SCHEDULED,1631912400,HSL:1037_20210917_La_2_1313,37,HSL:1333181,Pihkatie
47340,47340,0,47340,47340,0,False,SCHEDULED,1631912400,HSL:9665K_20210917_La_2_1248,665K,HSL:9500212,Neste
50940,50940,0,50940,50940,0,False,SCHEDULED,1631912400,HSL:9665K_20210917_La_2_1348,665K,HSL:9500212,Neste
54540,54540,0,54540,54540,0,False,SCHEDULED,1631912400,HSL:9665K_20210917_La_2_1448,665K,HSL:9500212,Neste
58140,58140,0,58140,58140,0,False,SCHEDULED,1631912400,HSL:9665K_20210917_La_2_1548,665K,HSL:9500212,Neste
61740,61740,0,61740,61740,0,False,SCHEDULED,1631912400,HSL:9665K_20210917_La_2_1649,665K,HSL:9500212,Neste
45060,45451,391,45060,45451,391,True,UPDATED,1631912400,HSL:1059_20210917_La_1_1146,59,HSL:1333180,Pihkatie
45660,45759,99,45660,45772,112,True,UPDATED,1631912400,HSL:1037_20210917_La_1_1204,37,HSL:1333180,Pihkatie
45960,46193,233,45960,46193,233,True,UPDATED,1631912400,HSL:1059_20210917_La_1_1201,59,HSL:1333180,Pihkatie
46860,46845,-15,46860,46845,-15,True,UPDATED,1631912400,HSL:1037_20210917_La_1_1224,37,HSL:1333180,Pihkatie
46860,47040,180,46860,47040,180,True,UPDATED,1631912400,HSL:1059_20210917_La_1_1216,59,HSL:1333180,Pihkatie
45420,45604,184,45420,45612,192,True,UPDATED,1631912400,HSL:4415_20210917_La_2_1203,415,HSL:1292145,Kivihaka
45660,46058,398,45660,46063,403,True,UPDATED,1631912400,HSL:1042_20210917_La_2_1226,42,HSL:1292145,Kivihaka
46020,46117,97,46020,46126,106,True,UPDATED,1631912400,HSL:4421_20210917_La_2_1225,421,HSL:1292145,Kivihaka
46620,46620,0,46620,46620,0,False,SCHEDULED,1631912400,HSL:4411_20210917_La_2_1235,411,HSL:1292145,Kivihaka
46860,46860,0,46860,46860,0,False,SCHEDULED,1631912400,HSL:1042_20210917_La_2_1246,42,HSL:1292145,Kivihaka
45360,45636,276,45360,45676,316,True,UPDATED,1631912400,HSL:4411_20210917_La_1_1222,411,HSL:1292146,Kivihaka
45720,45720,0,45720,45720,0,False,SCHEDULED,1631912400,HSL:7456A_20210917_La_1_1230,456A,HSL:1292146,Kivihaka
46020,46055,35,46020,46059,39,True,UPDATED,1631912400,HSL:2436_20210917_La_1_1232,436,HSL:1292146,Kivihaka
46500,46500,0,46500,46500,0,False,SCHEDULED,1631912400,HSL:1042_20210917_La_1_1237,42,HSL:1292146,Kivihaka
46620,46620,0,46620,46620,0,False,SCHEDULED,1631912400,HSL:4421_20210917_La_1_1242,421,HSL:1292146,Kivihaka
49020,49020,0,49020,49020,0,False,SCHEDULED,1631912400,HSL:9985_20210917_La_1_1335,985,HSL:9224209,Kartanontie
52620,52620,0,52620,52620,0,False,SCHEDULED,1631912400,HSL:9985_20210917_La_1_1435,985,HSL:9224209,Kartanontie
56220,56220,0,56220,56220,0,False,SCHEDULED,1631912400,HSL:9985_20210917_La_1_1535,985,HSL:9224209,Kartanontie
57240,57240,0,57240,57240,0,False,SCHEDULED,1631912400,HSL:9787B_20210917_La_2_1535,787B,HSL:9224209,Kartanontie
59820,59820,0,59820,59820,0,False,SCHEDULED,1631912400,HSL:9985_20210917_La_1_1635,985,HSL:9224209,Kartanontie
48660,48660,0,48660,48660,0,False,SCHEDULED,1631912400,HSL:9985_20210917_La_2_1303,985,HSL:9224210,Kartanonrinne
48900,48900,0,48900,48900,0,False,SCHEDULED,1631912400,HSL:9985_20210917_La_1_1335,985,HSL:9224210,Kartanonrinne
52260,52260,0,52260,52260,0,False,SCHEDULED,1631912400,HSL:9985_20210917_La_2_1402,985,HSL:9224210,Kartanonrinne
52500,52500,0,52500,52500,0,False,SCHEDULED,1631912400,HSL:9985_20210917_La_1_1435,985,HSL:9224210,Kartanonrinne
55860,55860,0,55860,55860,0,False,SCHEDULED,1631912400,HSL:9985_20210917_La_2_1501,985,HSL:9224210,Kartanonrinne
45600,45625,25,45600,45644,44,True,UPDATED,1631912400,HSL:1008_20210917_La_1_1233,8,HSL:1040480,Maria
46320,46320,0,46320,46320,0,False,SCHEDULED,1631912400,HSL:1008_20210917_La_1_1245,8,HSL:1040480,Maria
47040,47040,0,47040,47040,0,False,SCHEDULED,1631912400,HSL:1008_20210917_La_1_1257,8,HSL:1040480,Maria
47760,47760,0,47760,47760,0,False,SCHEDULED,1631912400,HSL:1008_20210917_La_1_1309,8,HSL:1040480,Maria
48480,48480,0,48480,48480,0,False,SCHEDULED,1631912400,HSL:1008_20210917_La_1_1321,8,HSL:1040480,Maria
45720,45720,0,45720,45720,0,True,UPDATED,1631912400,HSL:1008_20210917_La_2_1235,8,HSL:1040481,Maria
46440,46440,0,46440,46440,0,False,SCHEDULED,1631912400,HSL:1008_20210917_La_2_1247,8,HSL:1040481,Maria
47160,47160,0,47160,47160,0,False,SCHEDULED,1631912400,HSL:1008_20210917_La_2_1259,8,HSL:1040481,Maria
47880,47880,0,47880,47880,0,False,SCHEDULED,1631912400,HSL:1008_20210917_La_2_1311,8,HSL:1040481,Maria
48600,48600,0,48600,48600,0,False,SCHEDULED,1631912400,HSL:1008_20210917_La_2_1323,8,HSL:1040481,Maria
45240,45355,115,45240,45359,119,True,UPDATED,1631912400,HSL:2245A_20210917_La_1_1225,245A,HSL:2634207,Pitkäniitty
46320,46320,0,46320,46320,0,False,SCHEDULED,1631912400,HSL:2244_20210917_La_1_1243,244,HSL:2634207,Pitkäniitty
47100,47100,0,47100,47100,0,False,SCHEDULED,1631912400,HSL:2245A_20210917_La_1_1256,245A,HSL:2634207,Pitkäniitty
48840,48840,0,48840,48840,0,False,SCHEDULED,1631912400,HSL:2245A_20210917_La_1_1325,245A,HSL:2634207,Pitkäniitty
49980,49980,0,49980,49980,0,False,SCHEDULED,1631912400,HSL:2244_20210917_La_1_1344,244,HSL:2634207,Pitkäniitty
45600,45574,-26,45600,45575,-25,True,UPDATED,1631912400,HSL:2244_20210917_La_2_1217,244,HSL:2634208,Pitkäniitty
46680,46680,0,46680,46680,0,True,UPDATED,1631912400,HSL:2245A_20210917_La_2_1234,245A,HSL:2634208,Pitkäniitty
48540,48540,0,48540,48540,0,False,SCHEDULED,1631912400,HSL:2245A_20210917_La_2_1304,245A,HSL:2634208,Pitkäniitty
49260,49260,0,49260,49260,0,False,SCHEDULED,1631912400,HSL:2244_20210917_La_2_1318,244,HSL:2634208,Pitkäniitty
50400,50400,0,50400,50400,0,False,SCHEDULED,1631912400,HSL:2245A_20210917_La_2_1335,245A,HSL:2634208,Pitkäniitty
45300,45388,88,45300,45389,89,True,UPDATED,1631912400,HSL:2245A_20210917_La_1_1225,245A,HSL:2634209,Karhunkynsi
46380,46380,0,46380,46380,0,False,SCHEDULED,1631912400,HSL:2244_20210917_La_1_1243,244,HSL:2634209,Karhunkynsi
47160,47160,0,47160,47160,0,False,SCHEDULED,1631912400,HSL:2245A_20210917_La_1_1256,245A,HSL:2634209,Karhunkynsi
48900,48900,0,48900,48900,0,False,SCHEDULED,1631912400,HSL:2245A_20210917_La_1_1325,245A,HSL:2634209,Karhunkynsi
50040,50040,0,50040,50040,0,False,SCHEDULED,1631912400,HSL:2244_20210917_La_1_1344,244,HSL:2634209,Karhunkynsi
45600,45731,131,45600,45745,145,True,UPDATED,1631912400,HSL:2246K_20210917_La_2_1214,246K,HSL:2634203,Vesirattaanmäki
49200,49200,0,49200,49200,0,False,SCHEDULED,1631912400,HSL:2246K_20210917_La_2_1314,246K,HSL:2634203,Vesirattaanmäki
52800,52800,0,52800,52800,0,False,SCHEDULED,1631912400,HSL:2246K_20210917_La_2_1414,246K,HSL:2634203,Vesirattaanmäki
56400,56400,0,56400,56400,0,False,SCHEDULED,1631912400,HSL:2246K_20210917_La_2_1514,246K,HSL:2634203,Vesirattaanmäki
60000,60000,0,60000,60000,0,False,SCHEDULED,1631912400,HSL:2246K_20210917_La_2_1614,246K,HSL:2634203,Vesirattaanmäki
48960,48960,0,48960,48960,0,False,SCHEDULED,1631912400,HSL:9985_20210917_La_1_1335,985,HSL:9224207,Nikkilän kartano
52560,52560,0,52560,52560,0,False,SCHEDULED,1631912400,HSL:9985_20210917_La_1_1435,985,HSL:9224207,Nikkilän kartano
56160,56160,0,56160,56160,0,False,SCHEDULED,1631912400,HSL:9985_20210917_La_1_1535,985,HSL:9224207,Nikkilän kartano
57240,57240,0,57240,57240,0,False,SCHEDULED,1631912400,HSL:9787B_20210917_La_2_1535,787B,HSL:9224207,Nikkilän kartano
59760,59760,0,59760,59760,0,False,SCHEDULED,1631912400,HSL:9985_20210917_La_1_1635,985,HSL:9224207,Nikkilän kartano
54360,54360,0,54360,54360,0,False,SCHEDULED,1631912400,HSL:9787K_20210917_La_1_1410,787K,HSL:9224208,Nikkilän kartano
48540,48540,0,48540,48540,0,False,SCHEDULED,1631912400,HSL:9985_20210917_La_2_1303,985,HSL:9224205,Kartanontie
52140,52140,0,52140,52140,0,False,SCHEDULED,1631912400,HSL:9985_20210917_La_2_1402,985,HSL:9224205,Kartanontie
54300,54300,0,54300,54300,0,False,SCHEDULED,1631912400,HSL:9787K_20210917_La_1_1410,787K,HSL:9224205,Kartanontie
55740,55740,0,55740,55740,0,False,SCHEDULED,1631912400,HSL:9985_20210917_La_2_1501,985,HSL:9224205,Kartanontie
59340,59340,0,59340,59340,0,False,SCHEDULED,1631912400,HSL:9985_20210917_La_2_1601,985,HSL:9224205,Kartanontie
48600,48600,0,48600,48600,0,False,SCHEDULED,1631912400,HSL:9985_20210917_La_2_1303,985,HSL:9224206,Viljatie
52200,52200,0,52200,52200,0,False,SCHEDULED,1631912400,HSL:9985_20210917_La_2_1402,985,HSL:9224206,Viljatie
55800,55800,0,55800,55800,0,False,SCHEDULED,1631912400,HSL:9985_20210917_La_2_1501,985,HSL:9224206,Viljatie
59400,59400,0,59400,59400,0,False,SCHEDULED,1631912400,HSL:9985_20210917_La_2_1601,985,HSL:9224206,Viljatie
63120,63120,0,63120,63120,0,False,SCHEDULED,1631912400,HSL:9985_20210917_La_2_1703,985,HSL:9224206,Viljatie
48900,48900,0,48900,48900,0,False,SCHEDULED,1631912400,HSL:9985_20210917_La_1_1335,985,HSL:9224204,Pohjanniityntie
52500,52500,0,52500,52500,0,False,SCHEDULED,1631912400,HSL:9985_20210917_La_1_1435,985,HSL:9224204,Pohjanniityntie
56100,56100,0,56100,56100,0,False,SCHEDULED,1631912400,HSL:9985_20210917_La_1_1535,985,HSL:9224204,Pohjanniityntie
59700,59700,0,59700,59700,0,False,SCHEDULED,1631912400,HSL:9985_20210917_La_1_1635,985,HSL:9224204,Pohjanniityntie
63420,63420,0,63420,63420,0,False,SCHEDULED,1631912400,HSL:9985_20210917_La_1_1737,985,HSL:9224204,Pohjanniityntie
45420,45480,60,45420,45496,76,True,UPDATED,1631912400,HSL:2118_20210917_La_2_1156,118,HSL:2322216,Luomannotko
46320,46320,0,46320,46320,0,False,SCHEDULED,1631912400,HSL:2118B_20210917_La_2_1247,118B,HSL:2322216,Luomannotko
47220,47285,65,47220,47293,73,True,UPDATED,1631912400,HSL:2118_20210917_La_2_1226,118,HSL:2322216,Luomannotko
48120,48120,0,48120,48120,0,False,SCHEDULED,1631912400,HSL:2118B_20210917_La_2_1317,118B,HSL:2322216,Luomannotko
49020,49020,0,49020,49020,0,False,SCHEDULED,1631912400,HSL:2118_20210917_La_2_1256,118,HSL:2322216,Luomannotko
45540,45584,44,45540,45598,58,True,UPDATED,1631912400,HSL:2533_20210917_La_1_1233,533,HSL:2322212,Piispanristi
45660,45723,63,45660,45734,74,True,UPDATED,1631912400,HSL:2531B_20210917_La_1_1229,531B,HSL:2322212,Piispanristi
45900,45900,0,45900,45900,0,False,SCHEDULED,1631912400,HSL:2532_20210917_La_1_1239,532,HSL:2322212,Piispanristi
46080,46080,0,46080,46080,0,False,SCHEDULED,1631912400,HSL:2531_20210917_La_1_1236,531,HSL:2322212,Piispanristi
46440,46440,0,46440,46440,0,False,SCHEDULED,1631912400,HSL:2533_20210917_La_1_1248,533,HSL:2322212,Piispanristi
46680,46680,0,46680,46680,0,False,SCHEDULED,1631912400,HSL:7192V_20210917_La_1_1240,192V,HSL:2322210,Piispansilta
55200,55200,0,55200,55200,0,False,SCHEDULED,1631912400,HSL:7192T_20210917_La_1_1500,192T,HSL:2322210,Piispansilta
64260,64260,0,64260,64260,0,False,SCHEDULED,1631912400,HSL:7192V_20210917_La_1_1740,192V,HSL:2322210,Piispansilta
68160,68160,0,68160,68160,0,False,SCHEDULED,1631912400,HSL:7192T_20210917_La_1_1835,192T,HSL:2322210,Piispansilta
84000,84000,0,84000,84000,0,False,SCHEDULED,1631912400,HSL:7192V_20210917_La_1_2305,192V,HSL:2322210,Piispansilta
45360,45367,7,45360,45377,17,True,UPDATED,1631912400,HSL:2531B_20210917_La_2_1231,531B,HSL:2322211,Piispanristi
45360,45441,81,45360,45447,87,True,UPDATED,1631912400,HSL:2133_20210917_La_2_1224,133,HSL:2322211,Piispanristi
45300,45482,182,45300,45497,197,True,UPDATED,1631912400,HSL:2532_20210917_La_2_1205,532,HSL:2322211,Piispanristi
45840,45811,-29,45840,45857,17,True,UPDATED,1631912400,HSL:2531_20210917_La_2_1215,531,HSL:2322211,Piispanristi
45840,45971,131,45840,45971,131,True,UPDATED,1631912400,HSL:2533_20210917_La_2_1209,533,HSL:2322211,Piispanristi
45300,45330,30,45300,45334,34,True,UPDATED,1631912400,HSL:2133_20210917_La_2_1224,133,HSL:2322205,Aamutie
45600,45652,52,45600,45660,60,True,UPDATED,1631912400,HSL:2124K_20210917_La_1_1232,124K,HSL:2322205,Aamutie
46500,46500,0,46500,46500,0,False,SCHEDULED,1631912400,HSL:2124_20210917_La_1_1247,124,HSL:2322205,Aamutie
47100,47100,0,47100,47100,0,False,SCHEDULED,1631912400,HSL:2133_20210917_La_2_1254,133,HSL:2322205,Aamutie
47400,47400,0,47400,47400,0,False,SCHEDULED,1631912400,HSL:2124K_20210917_La_1_1302,124K,HSL:2322205,Aamutie
45300,45371,71,45300,45373,73,True,UPDATED,1631912400,HSL:2133_20210917_La_1_1224,133,HSL:2322206,Aamutie
45900,45983,83,45900,46013,113,True,UPDATED,1631912400,HSL:2124K_20210917_La_2_1218,124K,HSL:2322206,Aamutie
46800,46800,0,46800,46800,0,False,SCHEDULED,1631912400,HSL:2124_20210917_La_2_1233,124,HSL:2322206,Aamutie
47100,47100,0,47100,47100,0,False,SCHEDULED,1631912400,HSL:2133_20210917_La_1_1254,133,HSL:2322206,Aamutie
47700,47700,0,47700,47700,0,False,SCHEDULED,1631912400,HSL:2124K_20210917_La_2_1248,124K,HSL:2322206,Aamutie
45120,45341,221,45120,45375,255,True,UPDATED,1631912400,HSL:2125_20210917_La_1_1225,125,HSL:2322204,Haltila
45540,45577,37,45540,45582,42,True,UPDATED,1631912400,HSL:2124K_20210917_La_1_1232,124K,HSL:2322204,Haltila
46020,46020,0,46020,46020,0,False,SCHEDULED,1631912400,HSL:2125_20210917_La_1_1240,125,HSL:2322204,Haltila
46440,46440,0,46440,46440,0,False,SCHEDULED,1631912400,HSL:2124_20210917_La_1_1247,124,HSL:2322204,Haltila
46920,46920,0,46920,46920,0,False,SCHEDULED,1631912400,HSL:2125_20210917_La_1_1255,125,HSL:2322204,Haltila
46620,46620,0,46620,46620,0,False,SCHEDULED,1631912400,HSL:7192V_20210917_La_1_1240,192V,HSL:2322201,Matinsolmu
55080,55080,0,55080,55080,0,False,SCHEDULED,1631912400,HSL:7192T_20210917_La_1_1500,192T,HSL:2322201,Matinsolmu
64260,64260,0,64260,64260,0,False,SCHEDULED,1631912400,HSL:7192V_20210917_La_1_1740,192V,HSL:2322201,Matinsolmu
68100,68100,0,68100,68100,0,False,SCHEDULED,1631912400,HSL:7192T_20210917_La_1_1835,192T,HSL:2322201,Matinsolmu
83940,83940,0,83940,83940,0,False,SCHEDULED,1631912400,HSL:7192V_20210917_La_1_2305,192V,HSL:2322201,Matinsolmu
45360,45438,78,45360,45438,78,True,UPDATED,1631912400,HSL:4711_20210917_La_2_1201,711,HSL:1111203,Hakaniemi
46260,46138,-122,46260,46138,-122,True,UPDATED,1631912400,HSL:4721_20210917_La_2_1200,721,HSL:1111203,Hakaniemi
46380,46404,24,46380,46425,45,True,UPDATED,1631912400,HSL:4623K_20210917_La_2_1203,623K,HSL:1111203,Hakaniemi
46680,46587,-93,46680,46606,-74,True,UPDATED,1631912400,HSL:4731_20210917_La_2_1205,731,HSL:1111203,Hakaniemi
47160,47305,145,47160,47305,145,True,UPDATED,1631912400,HSL:4711_20210917_La_2_1231,711,HSL:1111203,Hakaniemi
45900,45900,0,45900,45900,0,False,SCHEDULED,1631912400,HSL:4711_20210917_La_1_1245,711,HSL:1111204,Hakaniemi
46620,46620,0,46620,46620,0,False,SCHEDULED,1631912400,HSL:4721_20210917_La_1_1257,721,HSL:1111204,Hakaniemi
47700,47700,0,47700,47700,0,False,SCHEDULED,1631912400,HSL:4711_20210917_La_1_1315,711,HSL:1111204,Hakaniemi
48420,48420,0,48420,48420,0,False,SCHEDULED,1631912400,HSL:4721_20210917_La_1_1327,721,HSL:1111204,Hakaniemi
49500,49500,0,49500,49500,0,False,SCHEDULED,1631912400,HSL:4711_20210917_La_1_1345,711,HSL:1111204,Hakaniemi
45600,45600,0,45600,45600,0,False,SCHEDULED,1631912400,HSL:2118_20210917_La_1_1232,118,HSL:2322207,Parolantie
46500,46500,0,46500,46500,0,False,SCHEDULED,1631912400,HSL:2118B_20210917_La_1_1247,118B,HSL:2322207,Parolantie
47220,47220,0,47220,47220,0,False,SCHEDULED,1631912400,HSL:2115_20210917_La_1_1300,115,HSL:2322207,Parolantie
47400,47400,0,47400,47400,0,False,SCHEDULED,1631912400,HSL:2118_20210917_La_1_1302,118,HSL:2322207,Parolantie
48300,48300,0,48300,48300,0,False,SCHEDULED,1631912400,HSL:2118B_20210917_La_1_1317,118B,HSL:2322207,Parolantie
45780,45906,126,45780,45965,185,True,UPDATED,1631912400,HSL:1037_20210917_La_1_1204,37,HSL:1333107,Perhosniitty
46980,47009,29,46980,47082,102,True,UPDATED,1631912400,HSL:1037_20210917_La_1_1224,37,HSL:1333107,Perhosniitty
48180,48180,0,48180,48180,0,False,SCHEDULED,1631912400,HSL:1037_20210917_La_1_1244,37,HSL:1333107,Perhosniitty
49380,49380,0,49380,49380,0,False,SCHEDULED,1631912400,HSL:1037_20210917_La_1_1304,37,HSL:1333107,Perhosniitty
50580,50580,0,50580,50580,0,False,SCHEDULED,1631912400,HSL:1037_20210917_La_1_1324,37,HSL:1333107,Perhosniitty
45660,45813,153,45660,45824,164,True,UPDATED,1631912400,HSL:1037_20210917_La_1_1204,37,HSL:1333106,Neulastie
46860,46897,37,46860,46906,46,True,UPDATED,1631912400,HSL:1037_20210917_La_1_1224,37,HSL:1333106,Neulastie
48060,48060,0,48060,48060,0,False,SCHEDULED,1631912400,HSL:1037_20210917_La_1_1244,37,HSL:1333106,Neulastie
49260,49260,0,49260,49260,0,False,SCHEDULED,1631912400,HSL:1037_20210917_La_1_1304,37,HSL:1333106,Neulastie
50460,50460,0,50460,50460,0,False,SCHEDULED,1631912400,HSL:1037_20210917_La_1_1324,37,HSL:1333106,Neulastie
46440,46440,0,46440,46440,0,False,SCHEDULED,1631912400,HSL:1037_20210917_La_2_1253,37,HSL:1333105,Neulastie
47640,47640,0,47640,47640,0,False,SCHEDULED,1631912400,HSL:1037_20210917_La_2_1313,37,HSL:1333105,Neulastie
48840,48840,0,48840,48840,0,False,SCHEDULED,1631912400,HSL:1037_20210917_La_2_1333,37,HSL:1333105,Neulastie
50040,50040,0,50040,50040,0,False,SCHEDULED,1631912400,HSL:1037_20210917_La_2_1353,37,HSL:1333105,Neulastie
51240,51240,0,51240,51240,0,False,SCHEDULED,1631912400,HSL:1037_20210917_La_2_1413,37,HSL:1333105,Neulastie
46380,46380,0,46380,46380,0,False,SCHEDULED,1631912400,HSL:1037_20210917_La_2_1253,37,HSL:1333104,Perhosniitty
47580,47580,0,47580,47580,0,False,SCHEDULED,1631912400,HSL:1037_20210917_La_2_1313,37,HSL:1333104,Perhosniitty
48780,48780,0,48780,48780,0,False,SCHEDULED,1631912400,HSL:1037_20210917_La_2_1333,37,HSL:1333104,Perhosniitty
49980,49980,0,49980,49980,0,False,SCHEDULED,1631912400,HSL:1037_20210917_La_2_1353,37,HSL:1333104,Perhosniitty
51180,51180,0,51180,51180,0,False,SCHEDULED,1631912400,HSL:1037_20210917_La_2_1413,37,HSL:1333104,Perhosniitty
44940,45331,391,44940,45331,391,True,UPDATED,1631912400,HSL:1059_20210917_La_1_1146,59,HSL:1333103,Naapuripellontie
45360,45456,96,45360,45456,96,True,UPDATED,1631912400,HSL:1030_20210917_La_1_1152,30,HSL:1333103,Naapuripellontie
47220,45477,-1743,47220,45477,-1743,True,UPDATED,1631912400,HSL:1030_20210917_La_1_1222,30,HSL:1333103,Naapuripellontie
45840,46073,233,45840,46073,233,True,UPDATED,1631912400,HSL:1059_20210917_La_1_1201,59,HSL:1333103,Naapuripellontie
46320,46514,194,46320,46574,254,True,UPDATED,1631912400,HSL:1030_20210917_La_1_1207,30,HSL:1333103,Naapuripellontie
45180,45440,260,45180,45440,260,True,UPDATED,1631912400,HSL:1030_20210917_La_2_1221,30,HSL:1333102,Naapuripellontie
45720,45720,0,45720,45720,0,False,SCHEDULED,1631912400,HSL:1059_20210917_La_2_1239,59,HSL:1333102,Naapuripellontie
46080,46080,0,46080,46080,0,True,UPDATED,1631912400,HSL:1030_20210917_La_2_1236,30,HSL:1333102,Naapuripellontie
46620,46620,0,46620,46620,0,False,SCHEDULED,1631912400,HSL:1059_20210917_La_2_1254,59,HSL:1333102,Naapuripellontie
46980,46980,0,46980,46980,0,False,SCHEDULED,1631912400,HSL:1030_20210917_La_2_1251,30,HSL:1333102,Naapuripellontie
45780,45789,9,45780,45849,69,True,UPDATED,1631912400,HSL:4739_20210917_La_1_1145,739,HSL:4840222,Hirvitie
47580,47611,31,47580,47611,31,True,UPDATED,1631912400,HSL:4736_20210917_La_1_1218,736,HSL:4840222,Hirvitie
49380,49380,0,49380,49380,0,False,SCHEDULED,1631912400,HSL:4739_20210917_La_1_1245,739,HSL:4840222,Hirvitie
51180,51180,0,51180,51180,0,False,SCHEDULED,1631912400,HSL:4736_20210917_La_1_1318,736,HSL:4840222,Hirvitie
52980,52980,0,52980,52980,0,False,SCHEDULED,1631912400,HSL:4739_20210917_La_1_1344,739,HSL:4840222,Hirvitie
46860,46860,0,46860,46860,0,False,SCHEDULED,1631912400,HSL:4736_20210917_La_2_1256,736,HSL:4840223,Hirvitie
48660,48660,0,48660,48660,0,False,SCHEDULED,1631912400,HSL:4739_20210917_La_2_1326,739,HSL:4840223,Hirvitie
50460,50460,0,50460,50460,0,False,SCHEDULED,1631912400,HSL:4736_20210917_La_2_1356,736,HSL:4840223,Hirvitie
52260,52260,0,52260,52260,0,False,SCHEDULED,1631912400,HSL:4739_20210917_La_2_1426,739,HSL:4840223,Hirvitie
54060,54060,0,54060,54060,0,False,SCHEDULED,1631912400,HSL:4736_20210917_La_2_1456,736,HSL:4840223,Hirvitie
46860,46860,0,46860,46860,0,False,SCHEDULED,1631912400,HSL:4736_20210917_La_2_1256,736,HSL:4840221,Peuratie
48660,48660,0,48660,48660,0,False,SCHEDULED,1631912400,HSL:4739_20210917_La_2_1326,739,HSL:4840221,Peuratie
50460,50460,0,50460,50460,0,False,SCHEDULED,1631912400,HSL:4736_20210917_La_2_1356,736,HSL:4840221,Peuratie
52260,52260,0,52260,52260,0,False,SCHEDULED,1631912400,HSL:4739_20210917_La_2_1426,739,HSL:4840221,Peuratie
54060,54060,0,54060,54060,0,False,SCHEDULED,1631912400,HSL:4736_20210917_La_2_1456,736,HSL:4840221,Peuratie
46740,46740,0,46740,46740,0,False,SCHEDULED,1631912400,HSL:4736_20210917_La_2_1256,736,HSL:4840213,Oravakuja
48540,48540,0,48540,48540,0,False,SCHEDULED,1631912400,HSL:4739_20210917_La_2_1326,739,HSL:4840213,Oravakuja
50340,50340,0,50340,50340,0,False,SCHEDULED,1631912400,HSL:4736_20210917_La_2_1356,736,HSL:4840213,Oravakuja
52140,52140,0,52140,52140,0,False,SCHEDULED,1631912400,HSL:4739_20210917_La_2_1426,739,HSL:4840213,Oravakuja
53940,53940,0,53940,53940,0,False,SCHEDULED,1631912400,HSL:4736_20210917_La_2_1456,736,HSL:4840213,Oravakuja
45960,45980,20,45960,46029,69,True,UPDATED,1631912400,HSL:4739_20210917_La_1_1145,739,HSL:4840214,Oravakuja
47760,47791,31,47760,47791,31,True,UPDATED,1631912400,HSL:4736_20210917_La_1_1218,736,HSL:4840214,Oravakuja
49560,49560,0,49560,49560,0,False,SCHEDULED,1631912400,HSL:4739_20210917_La_1_1245,739,HSL:4840214,Oravakuja
51360,51360,0,51360,51360,0,False,SCHEDULED,1631912400,HSL:4736_20210917_La_1_1318,736,HSL:4840214,Oravakuja
53160,53160,0,53160,53160,0,False,SCHEDULED,1631912400,HSL:4739_20210917_La_1_1344,739,HSL:4840214,Oravakuja
45420,45420,0,45420,45420,0,False,SCHEDULED,1631912400,HSL:4411_20210917_La_2_1235,411,HSL:4150296,Leiritie
45420,45420,0,45420,45420,0,False,SCHEDULED,1631912400,HSL:4555B_20210917_La_2_1235,555B,HSL:4150296,Leiritie
45660,45660,0,45660,45660,0,False,SCHEDULED,1631912400,HSL:4311_20210917_La_1_1239,311,HSL:4150296,Leiritie
46380,46380,0,46380,46380,0,True,UPDATED,1631912400,HSL:5565_20210917_La_1_1238,565,HSL:4150296,Leiritie
46440,46510,70,46440,46514,74,True,UPDATED,1631912400,HSL:4571_20210917_La_1_1159,571,HSL:4150296,Leiritie
45840,45840,0,45840,45840,0,False,SCHEDULED,1631912400,HSL:4734_20210917_La_2_1238,734,HSL:4840212,Jokivarrenkuja
47640,47640,0,47640,47640,0,False,SCHEDULED,1631912400,HSL:4734_20210917_La_2_1308,734,HSL:4840212,Jokivarrenkuja
49440,49440,0,49440,49440,0,False,SCHEDULED,1631912400,HSL:4734_20210917_La_2_1338,734,HSL:4840212,Jokivarrenkuja
51240,51240,0,51240,51240,0,False,SCHEDULED,1631912400,HSL:4734_20210917_La_2_1408,734,HSL:4840212,Jokivarrenkuja
53040,53040,0,53040,53040,0,False,SCHEDULED,1631912400,HSL:4734_20210917_La_2_1438,734,HSL:4840212,Jokivarrenkuja
45420,45420,0,45420,45420,0,False,SCHEDULED,1631912400,HSL:4560_20210917_La_2_1235,560,HSL:4150297,Iskostie
45480,45480,0,45480,45480,0,True,UPDATED,1631912400,HSL:1030_20210917_La_2_1236,30,HSL:4150297,Iskostie
45900,45794,-106,45900,45810,-90,True,UPDATED,1631912400,HSL:4311_20210917_La_2_1228,311,HSL:4150297,Iskostie
46020,46020,0,46020,46020,0,False,SCHEDULED,1631912400,HSL:4560_20210917_La_2_1245,560,HSL:4150297,Iskostie
45840,46170,330,45840,46196,356,True,UPDATED,1631912400,HSL:5565_20210917_La_2_1212,565,HSL:4150297,Iskostie
45060,45357,297,45060,45357,297,True,UPDATED,1631912400,HSL:1030_20210917_La_1_1137,30,HSL:4150298,Iskostie
45360,45360,0,45360,45360,0,False,SCHEDULED,1631912400,HSL:4411_20210917_La_2_1235,411,HSL:4150298,Iskostie
45360,45360,0,45360,45360,0,False,SCHEDULED,1631912400,HSL:4555B_20210917_La_2_1235,555B,HSL:4150298,Iskostie
45480,45419,-61,45480,45470,-10,True,UPDATED,1631912400,HSL:4560_20210917_La_1_1136,560,HSL:4150298,Iskostie
47880,45477,-2403,47880,45477,-2403,True,UPDATED,1631912400,HSL:1030_20210917_La_1_1222,30,HSL:4150298,Iskostie
45660,45699,39,45720,45720,0,True,UPDATED,1631912400,HSL:4739_20210917_La_1_1145,739,HSL:4840219,Harmaahylkeentie
47460,47491,31,47520,47551,31,True,UPDATED,1631912400,HSL:4736_20210917_La_1_1218,736,HSL:4840219,Harmaahylkeentie
49260,49260,0,49320,49320,0,False,SCHEDULED,1631912400,HSL:4739_20210917_La_1_1245,739,HSL:4840219,Harmaahylkeentie
51060,51060,0,51120,51120,0,False,SCHEDULED,1631912400,HSL:4736_20210917_La_1_1318,736,HSL:4840219,Harmaahylkeentie
52860,52860,0,52920,52920,0,False,SCHEDULED,1631912400,HSL:4739_20210917_La_1_1344,739,HSL:4840219,Harmaahylkeentie
45900,45909,9,45900,45969,69,True,UPDATED,1631912400,HSL:4739_20210917_La_1_1145,739,HSL:4840217,Kontiotie
47700,47731,31,47700,47731,31,True,UPDATED,1631912400,HSL:4736_20210917_La_1_1218,736,HSL:4840217,Kontiotie
49500,49500,0,49500,49500,0,False,SCHEDULED,1631912400,HSL:4739_20210917_La_1_1245,739,HSL:4840217,Kontiotie
51300,51300,0,51300,51300,0,False,SCHEDULED,1631912400,HSL:4736_20210917_La_1_1318,736,HSL:4840217,Kontiotie
53100,53100,0,53100,53100,0,False,SCHEDULED,1631912400,HSL:4739_20210917_La_1_1344,739,HSL:4840217,Kontiotie
46800,46800,0,46800,46800,0,False,SCHEDULED,1631912400,HSL:4736_20210917_La_2_1256,736,HSL:4840218,Jänötie
48600,48600,0,48600,48600,0,False,SCHEDULED,1631912400,HSL:4739_20210917_La_2_1326,739,HSL:4840218,Jänötie
50400,50400,0,50400,50400,0,False,SCHEDULED,1631912400,HSL:4736_20210917_La_2_1356,736,HSL:4840218,Jänötie
52200,52200,0,52200,52200,0,False,SCHEDULED,1631912400,HSL:4739_20210917_La_2_1426,739,HSL:4840218,Jänötie
54000,54000,0,54000,54000,0,False,SCHEDULED,1631912400,HSL:4736_20210917_La_2_1456,736,HSL:4840218,Jänötie
45600,45600,0,45600,45600,0,False,SCHEDULED,1631912400,HSL:7192V_20210917_La_1_1240,192V,HSL:1040291,Hki linja-autoasema
45900,45900,0,45900,45900,0,False,SCHEDULED,1631912400,HSL:7455A_20210917_La_1_1245,455A,HSL:1040291,Hki linja-autoasema
46500,46500,0,46500,46500,0,False,SCHEDULED,1631912400,HSL:7280_20210917_La_1_1255,280,HSL:1040291,Hki linja-autoasema
47880,47880,0,47880,47880,0,False,SCHEDULED,1631912400,HSL:7848_20210917_La_1_1318,848,HSL:1040291,Hki linja-autoasema
48900,48900,0,48900,48900,0,False,SCHEDULED,1631912400,HSL:7465_20210917_La_1_1335,465,HSL:1040291,Hki linja-autoasema
45600,45600,0,45600,45600,0,False,SCHEDULED,1631912400,HSL:7455A_20210917_La_2_1203,455A,HSL:1040290,Hki linja-autoasema
47400,47400,0,47400,47400,0,False,SCHEDULED,1631912400,HSL:7848_20210917_La_2_1205,848,HSL:1040290,Hki linja-autoasema
48300,48300,0,48300,48300,0,False,SCHEDULED,1631912400,HSL:7465_20210917_La_2_1245,465,HSL:1040290,Hki linja-autoasema
49200,49200,0,49200,49200,0,False,SCHEDULED,1631912400,HSL:7455A_20210917_La_2_1303,455A,HSL:1040290,Hki linja-autoasema
49500,49500,0,49500,49500,0,False,SCHEDULED,1631912400,HSL:7280_20210917_La_2_1303,280,HSL:1040290,Hki linja-autoasema
45720,45739,19,45720,45789,69,True,UPDATED,1631912400,HSL:4739_20210917_La_1_1145,739,HSL:4840205,Lumikkotie
47520,47551,31,47520,47551,31,True,UPDATED,1631912400,HSL:4736_20210917_La_1_1218,736,HSL:4840205,Lumikkotie
49320,49320,0,49320,49320,0,False,SCHEDULED,1631912400,HSL:4739_20210917_La_1_1245,739,HSL:4840205,Lumikkotie
51120,51120,0,51120,51120,0,False,SCHEDULED,1631912400,HSL:4736_20210917_La_1_1318,736,HSL:4840205,Lumikkotie
52920,52920,0,52920,52920,0,False,SCHEDULED,1631912400,HSL:4739_20210917_La_1_1344,739,HSL:4840205,Lumikkotie
46920,46920,0,46920,46920,0,False,SCHEDULED,1631912400,HSL:4736_20210917_La_2_1256,736,HSL:4840203,Harmaahylkeentie
48720,48720,0,48720,48720,0,False,SCHEDULED,1631912400,HSL:4739_20210917_La_2_1326,739,HSL:4840203,Harmaahylkeentie
50520,50520,0,50520,50520,0,False,SCHEDULED,1631912400,HSL:4736_20210917_La_2_1356,736,HSL:4840203,Harmaahylkeentie
52320,52320,0,52320,52320,0,False,SCHEDULED,1631912400,HSL:4739_20210917_La_2_1426,739,HSL:4840203,Harmaahylkeentie
54120,54120,0,54120,54120,0,False,SCHEDULED,1631912400,HSL:4736_20210917_La_2_1456,736,HSL:4840203,Harmaahylkeentie
47040,47040,0,47040,47040,0,False,SCHEDULED,1631912400,HSL:4411_20210917_La_2_1304,411,HSL:4150262,Myyrmäen asema
48840,48840,0,48840,48840,0,False,SCHEDULED,1631912400,HSL:4411_20210917_La_2_1334,411,HSL:4150262,Myyrmäen asema
50640,50640,0,50640,50640,0,False,SCHEDULED,1631912400,HSL:4411_20210917_La_2_1404,411,HSL:4150262,Myyrmäen asema
52500,52500,0,52500,52500,0,False,SCHEDULED,1631912400,HSL:4411_20210917_La_2_1435,411,HSL:4150262,Myyrmäen asema
54300,54300,0,54300,54300,0,False,SCHEDULED,1631912400,HSL:4411_20210917_La_2_1505,411,HSL:4150262,Myyrmäen asema
45540,45540,0,45540,45540,0,False,SCHEDULED,1631912400,HSL:4311_20210917_La_1_1239,311,HSL:4150263,Myyrmäen asema
46140,46084,-56,46320,46346,26,True,UPDATED,1631912400,HSL:4571_20210917_La_1_1159,571,HSL:4150263,Myyrmäen asema
47340,47340,0,47340,47340,0,False,SCHEDULED,1631912400,HSL:4311_20210917_La_1_1309,311,HSL:4150263,Myyrmäen asema
47940,47975,35,48120,48166,46,True,UPDATED,1631912400,HSL:4571_20210917_La_1_1228,571,HSL:4150263,Myyrmäen asema
49140,49140,0,49140,49140,0,False,SCHEDULED,1631912400,HSL:4311_20210917_La_1_1339,311,HSL:4150263,Myyrmäen asema
45780,45849,69,45780,45866,86,True,UPDATED,1631912400,HSL:1007_20210917_La_2_1224,7,HSL:1010422,Kansallisarkisto
46500,46500,0,46500,46500,0,True,UPDATED,1631912400,HSL:1007_20210917_La_2_1236,7,HSL:1010422,Kansallisarkisto
47220,47220,0,47220,47220,0,False,SCHEDULED,1631912400,HSL:1007_20210917_La_2_1248,7,HSL:1010422,Kansallisarkisto
47940,47940,0,47940,47940,0,False,SCHEDULED,1631912400,HSL:1007_20210917_La_2_1300,7,HSL:1010422,Kansallisarkisto
48660,48660,0,48660,48660,0,False,SCHEDULED,1631912400,HSL:1007_20210917_La_2_1312,7,HSL:1010422,Kansallisarkisto
45420,45495,75,45420,45495,75,True,UPDATED,1631912400,HSL:3002U_20210917_La_1_1212,U,HSL:2611502,Espoo
46320,46320,0,46320,46320,0,True,UPDATED,1631912400,HSL:3002E_20210917_La_1_1227,E,HSL:2611502,Espoo
47220,47220,0,47220,47220,0,False,SCHEDULED,1631912400,HSL:3002U_20210917_La_1_1242,U,HSL:2611502,Espoo
48120,48120,0,48120,48120,0,False,SCHEDULED,1631912400,HSL:3002E_20210917_La_1_1257,E,HSL:2611502,Espoo
49020,49020,0,49020,49020,0,False,SCHEDULED,1631912400,HSL:3002U_20210917_La_1_1312,U,HSL:2611502,Espoo
48000,48000,0,48000,48000,0,False,SCHEDULED,1631912400,HSL:4574_20210917_La_2_1320,574,HSL:4150260,Myyrmäen asema
51600,51600,0,51600,51600,0,False,SCHEDULED,1631912400,HSL:4574_20210917_La_2_1420,574,HSL:4150260,Myyrmäen asema
55200,55200,0,55200,55200,0,False,SCHEDULED,1631912400,HSL:4574_20210917_La_2_1520,574,HSL:4150260,Myyrmäen asema
58860,58860,0,58860,58860,0,False,SCHEDULED,1631912400,HSL:4574_20210917_La_2_1621,574,HSL:4150260,Myyrmäen asema
62520,62520,0,62520,62520,0,False,SCHEDULED,1631912400,HSL:4574_20210917_La_2_1722,574,HSL:4150260,Myyrmäen asema
45360,45357,-3,45360,45357,-3,True,UPDATED,1631912400,HSL:1007_20210917_La_1_1218,7,HSL:1010421,Kansallisarkisto
46080,46096,16,46080,46096,16,True,UPDATED,1631912400,HSL:1007_20210917_La_1_1230,7,HSL:1010421,Kansallisarkisto
46800,46800,0,46800,46800,0,False,SCHEDULED,1631912400,HSL:1007_20210917_La_1_1242,7,HSL:1010421,Kansallisarkisto
47520,47520,0,47520,47520,0,False,SCHEDULED,1631912400,HSL:1007_20210917_La_1_1254,7,HSL:1010421,Kansallisarkisto
48240,48240,0,48240,48240,0,False,SCHEDULED,1631912400,HSL:1007_20210917_La_1_1306,7,HSL:1010421,Kansallisarkisto
45480,45480,0,45480,45480,0,False,SCHEDULED,1631912400,HSL:4335B_20210917_La_1_1238,335B,HSL:4150261,Myyrmäen asema
49080,49080,0,49080,49080,0,False,SCHEDULED,1631912400,HSL:4335B_20210917_La_1_1338,335B,HSL:4150261,Myyrmäen asema
52680,52680,0,52680,52680,0,False,SCHEDULED,1631912400,HSL:4335B_20210917_La_1_1438,335B,HSL:4150261,Myyrmäen asema
56280,56280,0,56280,56280,0,False,SCHEDULED,1631912400,HSL:4335B_20210917_La_1_1538,335B,HSL:4150261,Myyrmäen asema
59880,59880,0,59880,59880,0,False,SCHEDULED,1631912400,HSL:4335B_20210917_La_1_1638,335B,HSL:4150261,Myyrmäen asema
46020,46036,16,46020,46036,16,True,UPDATED,1631912400,HSL:1007_20210917_La_1_1230,7,HSL:1010420,Hallituskatu
46740,46740,0,46740,46740,0,False,SCHEDULED,1631912400,HSL:1007_20210917_La_1_1242,7,HSL:1010420,Hallituskatu
47460,47460,0,47460,47460,0,False,SCHEDULED,1631912400,HSL:1007_20210917_La_1_1254,7,HSL:1010420,Hallituskatu
48180,48180,0,48180,48180,0,False,SCHEDULED,1631912400,HSL:1007_20210917_La_1_1306,7,HSL:1010420,Hallituskatu
48900,48900,0,48900,48900,0,False,SCHEDULED,1631912400,HSL:1007_20210917_La_1_1318,7,HSL:1010420,Hallituskatu
45900,46260,360,45960,46297,337,True,UPDATED,1631912400,HSL:5565_20210917_La_2_1212,565,HSL:4150266,Myyrmäen asema
47760,47760,0,47820,47820,0,False,SCHEDULED,1631912400,HSL:5565_20210917_La_2_1242,565,HSL:4150266,Myyrmäen asema
49560,49560,0,49620,49620,0,False,SCHEDULED,1631912400,HSL:5565_20210917_La_2_1312,565,HSL:4150266,Myyrmäen asema
51360,51360,0,51420,51420,0,False,SCHEDULED,1631912400,HSL:5565_20210917_La_2_1342,565,HSL:4150266,Myyrmäen asema
53160,53160,0,53220,53220,0,False,SCHEDULED,1631912400,HSL:5565_20210917_La_2_1412,565,HSL:4150266,Myyrmäen asema
45420,45417,-3,45420,45417,-3,True,UPDATED,1631912400,HSL:1007_20210917_La_1_1218,7,HSL:1010427,Snellmaninkatu
46140,46156,16,46140,46156,16,True,UPDATED,1631912400,HSL:1007_20210917_La_1_1230,7,HSL:1010427,Snellmaninkatu
46860,46860,0,46860,46860,0,False,SCHEDULED,1631912400,HSL:1007_20210917_La_1_1242,7,HSL:1010427,Snellmaninkatu
47580,47580,0,47580,47580,0,False,SCHEDULED,1631912400,HSL:1007_20210917_La_1_1254,7,HSL:1010427,Snellmaninkatu
48300,48300,0,48300,48300,0,False,SCHEDULED,1631912400,HSL:1007_20210917_La_1_1306,7,HSL:1010427,Snellmaninkatu
46140,46140,0,46140,46140,0,False,SCHEDULED,1631912400,HSL:4412_20210917_La_2_1249,412,HSL:4150267,Myyrmäen asema
49740,49740,0,49740,49740,0,False,SCHEDULED,1631912400,HSL:4412_20210917_La_2_1349,412,HSL:4150267,Myyrmäen asema
53340,53340,0,53340,53340,0,False,SCHEDULED,1631912400,HSL:4412_20210917_La_2_1449,412,HSL:4150267,Myyrmäen asema
56940,56940,0,56940,56940,0,False,SCHEDULED,1631912400,HSL:4412_20210917_La_2_1549,412,HSL:4150267,Myyrmäen asema
60540,60540,0,60540,60540,0,False,SCHEDULED,1631912400,HSL:4412_20210917_La_2_1649,412,HSL:4150267,Myyrmäen asema
46260,46260,0,46260,46260,0,True,UPDATED,1631912400,HSL:5565_20210917_La_1_1238,565,HSL:4150264,Myyrmäen asema
47100,47100,0,47100,47100,0,False,SCHEDULED,1631912400,HSL:4555B_20210917_La_2_1305,555B,HSL:4150264,Myyrmäen asema
48060,48060,0,48060,48060,0,False,SCHEDULED,1631912400,HSL:5565_20210917_La_1_1308,565,HSL:4150264,Myyrmäen asema
48900,48900,0,48900,48900,0,False,SCHEDULED,1631912400,HSL:4555B_20210917_La_2_1335,555B,HSL:4150264,Myyrmäen asema
49860,49860,0,49860,49860,0,False,SCHEDULED,1631912400,HSL:5565_20210917_La_1_1338,565,HSL:4150264,Myyrmäen asema
45540,45525,-15,45540,45525,-15,True,UPDATED,1631912400,HSL:1004_20210917_La_2_1215,4,HSL:1010425,Ritarihuone
46140,46164,24,46140,46185,45,True,UPDATED,1631912400,HSL:1004_20210917_La_2_1225,4,HSL:1010425,Ritarihuone
46740,46740,0,46740,46740,0,True,UPDATED,1631912400,HSL:1004_20210917_La_2_1235,4,HSL:1010425,Ritarihuone
47340,47340,0,47340,47340,0,False,SCHEDULED,1631912400,HSL:1004_20210917_La_2_1245,4,HSL:1010425,Ritarihuone
47940,47940,0,47940,47940,0,False,SCHEDULED,1631912400,HSL:1004_20210917_La_2_1255,4,HSL:1010425,Ritarihuone
45480,45480,0,45480,45480,0,False,SCHEDULED,1631912400,HSL:4560_20210917_La_2_1235,560,HSL:4150265,Myyrmäen asema
45540,45540,0,45540,45540,0,True,UPDATED,1631912400,HSL:1030_20210917_La_2_1236,30,HSL:4150265,Myyrmäen asema
46080,46080,0,46080,46080,0,False,SCHEDULED,1631912400,HSL:4560_20210917_La_2_1245,560,HSL:4150265,Myyrmäen asema
46440,46440,0,46440,46440,0,False,SCHEDULED,1631912400,HSL:1030_20210917_La_2_1251,30,HSL:4150265,Myyrmäen asema
46500,46500,0,46560,46560,0,False,SCHEDULED,1631912400,HSL:4571_20210917_La_2_1241,571,HSL:4150265,Myyrmäen asema
45360,45304,-56,45360,45351,-9,True,UPDATED,1631912400,HSL:1004_20210917_La_1_1231,4,HSL:1010424,Ritarihuone
45960,45960,0,45960,45960,0,False,SCHEDULED,1631912400,HSL:1004_20210917_La_1_1241,4,HSL:1010424,Ritarihuone
46560,46560,0,46560,46560,0,False,SCHEDULED,1631912400,HSL:1004_20210917_La_1_1251,4,HSL:1010424,Ritarihuone
47160,47160,0,47160,47160,0,False,SCHEDULED,1631912400,HSL:1004_20210917_La_1_1301,4,HSL:1010424,Ritarihuone
47760,47760,0,47760,47760,0,False,SCHEDULED,1631912400,HSL:1004_20210917_La_1_1311,4,HSL:1010424,Ritarihuone
46800,46800,0,46800,46800,0,False,SCHEDULED,1631912400,HSL:4736_20210917_La_2_1256,736,HSL:4840208,Hukantie
48600,48600,0,48600,48600,0,False,SCHEDULED,1631912400,HSL:4739_20210917_La_2_1326,739,HSL:4840208,Hukantie
50400,50400,0,50400,50400,0,False,SCHEDULED,1631912400,HSL:4736_20210917_La_2_1356,736,HSL:4840208,Hukantie
52200,52200,0,52200,52200,0,False,SCHEDULED,1631912400,HSL:4739_20210917_La_2_1426,739,HSL:4840208,Hukantie
54000,54000,0,54000,54000,0,False,SCHEDULED,1631912400,HSL:4736_20210917_La_2_1456,736,HSL:4840208,Hukantie
45840,45909,69,45840,45909,69,True,UPDATED,1631912400,HSL:4739_20210917_La_1_1145,739,HSL:4840209,Hukantie
47640,47671,31,47640,47671,31,True,UPDATED,1631912400,HSL:4736_20210917_La_1_1218,736,HSL:4840209,Hukantie
49440,49440,0,49440,49440,0,False,SCHEDULED,1631912400,HSL:4739_20210917_La_1_1245,739,HSL:4840209,Hukantie
51240,51240,0,51240,51240,0,False,SCHEDULED,1631912400,HSL:4736_20210917_La_1_1318,736,HSL:4840209,Hukantie
53040,53040,0,53040,53040,0,False,SCHEDULED,1631912400,HSL:4739_20210917_La_1_1344,739,HSL:4840209,Hukantie
46860,46860,0,46860,46860,0,False,SCHEDULED,1631912400,HSL:4736_20210917_La_2_1256,736,HSL:4840206,Ilvestie
48660,48660,0,48660,48660,0,False,SCHEDULED,1631912400,HSL:4739_20210917_La_2_1326,739,HSL:4840206,Ilvestie
50460,50460,0,50460,50460,0,False,SCHEDULED,1631912400,HSL:4736_20210917_La_2_1356,736,HSL:4840206,Ilvestie
52260,52260,0,52260,52260,0,False,SCHEDULED,1631912400,HSL:4739_20210917_La_2_1426,739,HSL:4840206,Ilvestie
54060,54060,0,54060,54060,0,False,SCHEDULED,1631912400,HSL:4736_20210917_La_2_1456,736,HSL:4840206,Ilvestie
48000,45477,-2523,48000,45477,-2523,True,UPDATED,1631912400,HSL:1030_20210917_La_1_1222,30,HSL:4150268,Honkasuo
45180,45477,297,45180,45477,297,True,UPDATED,1631912400,HSL:1030_20210917_La_1_1137,30,HSL:4150268,Honkasuo
45600,45532,-68,45600,45590,-10,True,UPDATED,1631912400,HSL:4560_20210917_La_1_1136,560,HSL:4150268,Honkasuo
46080,46176,96,46080,46176,96,True,UPDATED,1631912400,HSL:1030_20210917_La_1_1152,30,HSL:4150268,Honkasuo
46200,46264,64,46200,46393,193,True,UPDATED,1631912400,HSL:4560_20210917_La_1_1146,560,HSL:4150268,Honkasuo
45840,45849,9,45840,45909,69,True,UPDATED,1631912400,HSL:4739_20210917_La_1_1145,739,HSL:4840207,Ilvestie
47640,47671,31,47640,47671,31,True,UPDATED,1631912400,HSL:4736_20210917_La_1_1218,736,HSL:4840207,Ilvestie
49440,49440,0,49440,49440,0,False,SCHEDULED,1631912400,HSL:4739_20210917_La_1_1245,739,HSL:4840207,Ilvestie
51240,51240,0,51240,51240,0,False,SCHEDULED,1631912400,HSL:4736_20210917_La_1_1318,736,HSL:4840207,Ilvestie
53040,53040,0,53040,53040,0,False,SCHEDULED,1631912400,HSL:4739_20210917_La_1_1344,739,HSL:4840207,Ilvestie
45360,45094,-266,45360,45360,0,True,UPDATED,1631912400,HSL:1030_20210917_La_2_1236,30,HSL:4150269,Honkasuo
45900,45900,0,45900,45900,0,False,SCHEDULED,1631912400,HSL:4560_20210917_La_2_1245,560,HSL:4150269,Honkasuo
46260,46260,0,46260,46260,0,False,SCHEDULED,1631912400,HSL:1030_20210917_La_2_1251,30,HSL:4150269,Honkasuo
46500,46500,0,46500,46500,0,False,SCHEDULED,1631912400,HSL:4560_20210917_La_2_1255,560,HSL:4150269,Honkasuo
47100,47100,0,47100,47100,0,False,SCHEDULED,1631912400,HSL:4560_20210917_La_2_1305,560,HSL:4150269,Honkasuo
45720,45792,72,45720,45814,94,True,UPDATED,1631912400,HSL:1007_20210917_La_2_1224,7,HSL:1010428,Snellmaninkatu
46440,46440,0,46440,46440,0,True,UPDATED,1631912400,HSL:1007_20210917_La_2_1236,7,HSL:1010428,Snellmaninkatu
47160,47160,0,47160,47160,0,False,SCHEDULED,1631912400,HSL:1007_20210917_La_2_1248,7,HSL:1010428,Snellmaninkatu
47880,47880,0,47880,47880,0,False,SCHEDULED,1631912400,HSL:1007_20210917_La_2_1300,7,HSL:1010428,Snellmaninkatu
48600,48600,0,48600,48600,0,False,SCHEDULED,1631912400,HSL:1007_20210917_La_2_1312,7,HSL:1010428,Snellmaninkatu
47460,47460,0,47460,47460,0,False,SCHEDULED,1631912400,HSL:2246K_20210917_La_1_1242,246K,HSL:2712002,Röylän koulu
47640,47640,0,47640,47640,0,False,SCHEDULED,1631912400,HSL:2246K_20210917_La_2_1314,246K,HSL:2712002,Röylän koulu
51060,51060,0,51060,51060,0,False,SCHEDULED,1631912400,HSL:2246K_20210917_La_1_1342,246K,HSL:2712002,Röylän koulu
51240,51240,0,51240,51240,0,False,SCHEDULED,1631912400,HSL:2246K_20210917_La_2_1414,246K,HSL:2712002,Röylän koulu
54660,54660,0,54660,54660,0,False,SCHEDULED,1631912400,HSL:2246K_20210917_La_1_1442,246K,HSL:2712002,Röylän koulu
45420,45420,0,45420,45420,0,False,SCHEDULED,1631912400,HSL:1055_20210917_La_2_1214,55,HSL:1111180,Hakaniemi
46320,46358,38,46320,46358,38,True,UPDATED,1631912400,HSL:1055_20210917_La_2_1229,55,HSL:1111180,Hakaniemi
46800,46800,0,46800,46800,0,False,SCHEDULED,1631912400,HSL:4623K_20210917_La_1_1300,623K,HSL:1111180,Hakaniemi
47220,47220,0,47220,47220,0,False,SCHEDULED,1631912400,HSL:1055_20210917_La_2_1244,55,HSL:1111180,Hakaniemi
48120,48120,0,48120,48120,0,False,SCHEDULED,1631912400,HSL:1055_20210917_La_2_1259,55,HSL:1111180,Hakaniemi
46800,46800,0,46800,46800,0,False,SCHEDULED,1631912400,HSLlautta:1214,Ympyrälinja,HSLlautta:9597,Vallisaari (Torpedolahti)
46800,46800,0,46800,46800,0,False,SCHEDULED,1631912400,HSLlautta:1126,Kauppatori-Vallisaari,HSLlautta:9597,Vallisaari (Torpedolahti)
48600,48600,0,48600,48600,0,False,SCHEDULED,1631912400,HSLlautta:1127,Kauppatori-Vallisaari,HSLlautta:9597,Vallisaari (Torpedolahti)
50100,50100,0,50100,50100,0,False,SCHEDULED,1631912400,HSLlautta:1215,Ympyrälinja,HSLlautta:9597,Vallisaari (Torpedolahti)
50400,50400,0,50400,50400,0,False,SCHEDULED,1631912400,HSLlautta:1128,Kauppatori-Vallisaari,HSLlautta:9597,Vallisaari (Torpedolahti)
46500,46500,0,46500,46500,0,False,SCHEDULED,1631912400,HSLlautta:1125,Kauppatori-Vallisaari,HSLlautta:9596,Kauppatori (Lyypekinlaituri)
46800,46800,0,46800,46800,0,False,SCHEDULED,1631912400,HSLlautta:1187,Kauppatori-Vallisaari,HSLlautta:9596,Kauppatori (Lyypekinlaituri)
48300,48300,0,48300,48300,0,False,SCHEDULED,1631912400,HSLlautta:1126,Kauppatori-Vallisaari,HSLlautta:9596,Kauppatori (Lyypekinlaituri)
48600,48600,0,48600,48600,0,False,SCHEDULED,1631912400,HSLlautta:1188,Kauppatori-Vallisaari,HSLlautta:9596,Kauppatori (Lyypekinlaituri)
50100,50100,0,50100,50100,0,False,SCHEDULED,1631912400,HSLlautta:1127,Kauppatori-Vallisaari,HSLlautta:9596,Kauppatori (Lyypekinlaituri)
45840,45891,51,45840,45907,67,True,UPDATED,1631912400,HSL:1007_20210917_La_2_1224,7,HSL:1010419,Hallituskatu
46560,46560,0,46560,46560,0,True,UPDATED,1631912400,HSL:1007_20210917_La_2_1236,7,HSL:1010419,Hallituskatu
47280,47280,0,47280,47280,0,False,SCHEDULED,1631912400,HSL:1007_20210917_La_2_1248,7,HSL:1010419,Hallituskatu
48000,48000,0,48000,48000,0,False,SCHEDULED,1631912400,HSL:1007_20210917_La_2_1300,7,HSL:1010419,Hallituskatu
48720,48720,0,48720,48720,0,False,SCHEDULED,1631912400,HSL:1007_20210917_La_2_1312,7,HSL:1010419,Hallituskatu
46500,46500,0,46500,46500,0,False,SCHEDULED,1631912400,HSLlautta:1186,Kauppatori-Vallisaari,HSLlautta:9591,Vallisaari (Luotsipiha)
48300,48300,0,48300,48300,0,False,SCHEDULED,1631912400,HSLlautta:1187,Kauppatori-Vallisaari,HSLlautta:9591,Vallisaari (Luotsipiha)
48600,48600,0,48600,48600,0,False,SCHEDULED,1631912400,HSLlautta:1214,Ympyrälinja,HSLlautta:9591,Vallisaari (Luotsipiha)
50100,50100,0,50100,50100,0,False,SCHEDULED,1631912400,HSLlautta:1188,Kauppatori-Vallisaari,HSLlautta:9591,Vallisaari (Luotsipiha)
51900,51900,0,51900,51900,0,False,SCHEDULED,1631912400,HSLlautta:1215,Ympyrälinja,HSLlautta:9591,Vallisaari (Luotsipiha)
45660,45742,82,45660,45742,82,True,UPDATED,1631912400,HSL:1007_20210917_La_1_1207,7,HSL:1173429,Radanrakentajantie
46380,46417,37,46380,46431,51,True,UPDATED,1631912400,HSL:1007_20210917_La_1_1218,7,HSL:1173429,Radanrakentajantie
47100,47136,36,47100,47136,36,True,UPDATED,1631912400,HSL:1007_20210917_La_1_1230,7,HSL:1173429,Radanrakentajantie
47820,47820,0,47820,47820,0,False,SCHEDULED,1631912400,HSL:1007_20210917_La_1_1242,7,HSL:1173429,Radanrakentajantie
48540,48540,0,48540,48540,0,False,SCHEDULED,1631912400,HSL:1007_20210917_La_1_1254,7,HSL:1173429,Radanrakentajantie
45420,45420,0,45420,45420,0,False,SCHEDULED,1631912400,HSL:4717_20210917_La_2_1210,717,HSL:4930209,Kirkkokuja
45840,45871,31,45840,45871,31,True,UPDATED,1631912400,HSL:4570_20210917_La_2_1154,570,HSL:4930209,Kirkkokuja
46440,46620,180,46440,46620,180,True,UPDATED,1631912400,HSL:4570_20210917_La_2_1204,570,HSL:4930209,Kirkkokuja
46620,46620,0,46620,46620,0,False,SCHEDULED,1631912400,HSL:4717_20210917_La_2_1230,717,HSL:4930209,Kirkkokuja
47040,47099,59,47040,47099,59,True,UPDATED,1631912400,HSL:4570_20210917_La_2_1214,570,HSL:4930209,Kirkkokuja
45840,46201,361,45840,46223,383,True,UPDATED,1631912400,HSL:1001_20210917_La_1_1210,1,HSL:1173423,Koskelantie
46560,46727,167,46560,46727,167,True,UPDATED,1631912400,HSL:1001_20210917_La_1_1222,1,HSL:1173423,Koskelantie
47340,47340,0,47340,47340,0,True,UPDATED,1631912400,HSL:1001_20210917_La_1_1235,1,HSL:1173423,Koskelantie
48060,48060,0,48060,48060,0,False,SCHEDULED,1631912400,HSL:1001_20210917_La_1_1247,1,HSL:1173423,Koskelantie
48780,48780,0,48780,48780,0,False,SCHEDULED,1631912400,HSL:1001_20210917_La_1_1259,1,HSL:1173423,Koskelantie
45300,45317,17,45300,45359,59,True,UPDATED,1631912400,HSL:4570_20210917_La_1_1225,570,HSL:4930208,Kirkkokuja
45660,45660,0,45660,45660,0,False,SCHEDULED,1631912400,HSL:4587_20210917_La_1_1234,587,HSL:4930208,Kirkkokuja
45660,45773,113,45660,45779,119,True,UPDATED,1631912400,HSL:4717_20210917_La_1_1215,717,HSL:4930208,Kirkkokuja
45900,45900,0,45900,45900,0,True,UPDATED,1631912400,HSL:4570_20210917_La_1_1235,570,HSL:4930208,Kirkkokuja
46500,46500,0,46500,46500,0,False,SCHEDULED,1631912400,HSL:4570_20210917_La_1_1245,570,HSL:4930208,Kirkkokuja
45420,45622,202,45420,45622,202,True,UPDATED,1631912400,HSL:1074_20210917_La_2_1152,74,HSL:1111151,Hakaniemi
45720,45720,0,45720,45720,0,False,SCHEDULED,1631912400,HSL:1074_20210917_La_1_1242,74,HSL:1111151,Hakaniemi
46020,46208,188,46020,46208,188,True,UPDATED,1631912400,HSL:1073_20210917_La_2_1201,73,HSL:1111151,Hakaniemi
46320,46320,0,46320,46320,0,False,SCHEDULED,1631912400,HSL:1073_20210917_La_1_1252,73,HSL:1111151,Hakaniemi
46620,46628,8,46620,46641,21,True,UPDATED,1631912400,HSL:1074_20210917_La_2_1212,74,HSL:1111151,Hakaniemi
45300,45400,100,45300,45400,100,True,UPDATED,1631912400,HSL:1084_20210917_La_1_1228,84,HSL:1491151,Yliskylän kesk.
45480,45480,0,45480,45480,0,False,SCHEDULED,1631912400,HSL:1085_20210917_La_1_1231,85,HSL:1491151,Yliskylän kesk.
45540,45573,33,45540,45573,33,True,UPDATED,1631912400,HSL:1088_20210917_La_1_1233,88,HSL:1491151,Yliskylän kesk.
45900,45900,0,45900,45900,0,False,SCHEDULED,1631912400,HSL:1084_20210917_La_1_1238,84,HSL:1491151,Yliskylän kesk.
46140,46140,0,46140,46140,0,False,SCHEDULED,1631912400,HSL:1088_20210917_La_1_1243,88,HSL:1491151,Yliskylän kesk.
45420,45459,39,45420,45459,39,True,UPDATED,1631912400,HSL:1001_20210917_La_2_1233,1,HSL:1173424,Koskelantie
46140,46140,0,46140,46140,0,False,SCHEDULED,1631912400,HSL:1001_20210917_La_2_1245,1,HSL:1173424,Koskelantie
46860,46860,0,46860,46860,0,False,SCHEDULED,1631912400,HSL:1001_20210917_La_2_1257,1,HSL:1173424,Koskelantie
47580,47580,0,47580,47580,0,False,SCHEDULED,1631912400,HSL:1001_20210917_La_2_1309,1,HSL:1173424,Koskelantie
48300,48300,0,48300,48300,0,False,SCHEDULED,1631912400,HSL:1001_20210917_La_2_1321,1,HSL:1173424,Koskelantie
45420,45420,0,45420,45420,0,False,SCHEDULED,1631912400,HSL:4717_20210917_La_2_1210,717,HSL:4930205,Vaaralan Talkootie
45840,45871,31,45840,45871,31,True,UPDATED,1631912400,HSL:4570_20210917_La_2_1154,570,HSL:4930205,Vaaralan Talkootie
46440,46620,180,46440,46620,180,True,UPDATED,1631912400,HSL:4570_20210917_La_2_1204,570,HSL:4930205,Vaaralan Talkootie
46620,46620,0,46620,46620,0,False,SCHEDULED,1631912400,HSL:4717_20210917_La_2_1230,717,HSL:4930205,Vaaralan Talkootie
47040,47099,59,47040,47099,59,True,UPDATED,1631912400,HSL:4570_20210917_La_2_1214,570,HSL:4930205,Vaaralan Talkootie
45720,45720,0,45720,45720,0,False,SCHEDULED,1631912400,HSL:4587_20210917_La_1_1234,587,HSL:4930204,Vaaralantie
45780,45867,87,45780,45872,92,True,UPDATED,1631912400,HSL:4717_20210917_La_1_1215,717,HSL:4930204,Vaaralantie
46980,46980,0,46980,46980,0,False,SCHEDULED,1631912400,HSL:4717_20210917_La_1_1235,717,HSL:4930204,Vaaralantie
48180,48180,0,48180,48180,0,False,SCHEDULED,1631912400,HSL:4717_20210917_La_1_1255,717,HSL:4930204,Vaaralantie
49320,49320,0,49320,49320,0,False,SCHEDULED,1631912400,HSL:4587_20210917_La_1_1334,587,HSL:4930204,Vaaralantie
45360,45377,17,45360,45419,59,True,UPDATED,1631912400,HSL:4570_20210917_La_1_1225,570,HSL:4930206,Vaaralan Talkootie
45720,45720,0,45720,45720,0,False,SCHEDULED,1631912400,HSL:4587_20210917_La_1_1234,587,HSL:4930206,Vaaralan Talkootie
45720,45815,95,45720,45822,102,True,UPDATED,1631912400,HSL:4717_20210917_La_1_1215,717,HSL:4930206,Vaaralan Talkootie
45960,45960,0,45960,45960,0,True,UPDATED,1631912400,HSL:4570_20210917_La_1_1235,570,HSL:4930206,Vaaralan Talkootie
46560,46560,0,46560,46560,0,False,SCHEDULED,1631912400,HSL:4570_20210917_La_1_1245,570,HSL:4930206,Vaaralan Talkootie
45360,45360,0,45360,45360,0,False,SCHEDULED,1631912400,HSL:4717_20210917_La_2_1210,717,HSL:4930201,Vaaralantie
46560,46560,0,46560,46560,0,False,SCHEDULED,1631912400,HSL:4717_20210917_La_2_1230,717,HSL:4930201,Vaaralantie
47640,47680,40,47640,47680,40,True,UPDATED,1631912400,HSL:4587_20210917_La_2_1234,587,HSL:4930201,Vaaralantie
47700,47700,0,47700,47700,0,False,SCHEDULED,1631912400,HSL:4717_20210917_La_2_1250,717,HSL:4930201,Vaaralantie
48900,48900,0,48900,48900,0,False,SCHEDULED,1631912400,HSL:4717_20210917_La_2_1310,717,HSL:4930201,Vaaralantie
45420,45420,0,45420,45420,0,False,SCHEDULED,1631912400,HSL:1085_20210917_La_1_1231,85,HSL:1491158,Yliskyläntie
46080,46080,0,46080,46080,0,False,SCHEDULED,1631912400,HSL:1086_20210917_La_1_1241,86,HSL:1491158,Yliskyläntie
46620,46620,0,46620,46620,0,False,SCHEDULED,1631912400,HSL:1085_20210917_La_1_1251,85,HSL:1491158,Yliskyläntie
47280,47280,0,47280,47280,0,False,SCHEDULED,1631912400,HSL:1086_20210917_La_1_1301,86,HSL:1491158,Yliskyläntie
47820,47820,0,47820,47820,0,False,SCHEDULED,1631912400,HSL:1085_20210917_La_1_1311,85,HSL:1491158,Yliskyläntie
45780,45780,0,45780,45780,0,False,SCHEDULED,1631912400,HSL:4587_20210917_La_1_1234,587,HSL:4930202,Kehä III
45780,45878,98,45780,45880,100,True,UPDATED,1631912400,HSL:4717_20210917_La_1_1215,717,HSL:4930202,Kehä III
46980,46980,0,46980,46980,0,False,SCHEDULED,1631912400,HSL:4717_20210917_La_1_1235,717,HSL:4930202,Kehä III
48180,48180,0,48180,48180,0,False,SCHEDULED,1631912400,HSL:4717_20210917_La_1_1255,717,HSL:4930202,Kehä III
49380,49380,0,49380,49380,0,False,SCHEDULED,1631912400,HSL:4717_20210917_La_1_1315,717,HSL:4930202,Kehä III
45480,45480,0,45480,45480,0,False,SCHEDULED,1631912400,HSL:4717_20210917_La_2_1210,717,HSL:4930210,Rajatie
46680,46680,0,46680,46680,0,False,SCHEDULED,1631912400,HSL:4717_20210917_La_2_1230,717,HSL:4930210,Rajatie
47820,47820,0,47820,47820,0,False,SCHEDULED,1631912400,HSL:4717_20210917_La_2_1250,717,HSL:4930210,Rajatie
49020,49020,0,49020,49020,0,False,SCHEDULED,1631912400,HSL:4717_20210917_La_2_1310,717,HSL:4930210,Rajatie
50220,50220,0,50220,50220,0,False,SCHEDULED,1631912400,HSL:4717_20210917_La_2_1330,717,HSL:4930210,Rajatie
45780,46003,223,45780,46008,228,True,UPDATED,1631912400,HSL:1001_20210917_La_1_1210,1,HSL:1173416,Pyöräilystadion
46500,46721,221,46500,46727,227,True,UPDATED,1631912400,HSL:1001_20210917_La_1_1222,1,HSL:1173416,Pyöräilystadion
47280,47280,0,47280,47280,0,True,UPDATED,1631912400,HSL:1001_20210917_La_1_1235,1,HSL:1173416,Pyöräilystadion
48000,48000,0,48000,48000,0,False,SCHEDULED,1631912400,HSL:1001_20210917_La_1_1247,1,HSL:1173416,Pyöräilystadion
48720,48720,0,48720,48720,0,False,SCHEDULED,1631912400,HSL:1001_20210917_La_1_1259,1,HSL:1173416,Pyöräilystadion
45480,45519,39,45480,45519,39,True,UPDATED,1631912400,HSL:1001_20210917_La_2_1233,1,HSL:1173417,Pyöräilystadion
46200,46200,0,46200,46200,0,False,SCHEDULED,1631912400,HSL:1001_20210917_La_2_1245,1,HSL:1173417,Pyöräilystadion
46920,46920,0,46920,46920,0,False,SCHEDULED,1631912400,HSL:1001_20210917_La_2_1257,1,HSL:1173417,Pyöräilystadion
47640,47640,0,47640,47640,0,False,SCHEDULED,1631912400,HSL:1001_20210917_La_2_1309,1,HSL:1173417,Pyöräilystadion
48360,48360,0,48360,48360,0,False,SCHEDULED,1631912400,HSL:1001_20210917_La_2_1321,1,HSL:1173417,Pyöräilystadion
45540,45540,0,45540,45540,0,False,SCHEDULED,1631912400,HSL:4587_20210917_La_1_1234,587,HSL:4930219,Fazerinkuja
49140,49140,0,49140,49140,0,False,SCHEDULED,1631912400,HSL:4587_20210917_La_1_1334,587,HSL:4930219,Fazerinkuja
52740,52740,0,52740,52740,0,False,SCHEDULED,1631912400,HSL:4587_20210917_La_1_1434,587,HSL:4930219,Fazerinkuja
56340,56340,0,56340,56340,0,False,SCHEDULED,1631912400,HSL:4587_20210917_La_1_1534,587,HSL:4930219,Fazerinkuja
59940,59940,0,59940,59940,0,False,SCHEDULED,1631912400,HSL:4587_20210917_La_1_1634,587,HSL:4930219,Fazerinkuja
47820,47860,40,47820,47860,40,True,UPDATED,1631912400,HSL:4587_20210917_La_2_1234,587,HSL:4930218,Fazerinkuja
51480,51480,0,51480,51480,0,False,SCHEDULED,1631912400,HSL:4587_20210917_La_2_1334,587,HSL:4930218,Fazerinkuja
55140,55140,0,55140,55140,0,False,SCHEDULED,1631912400,HSL:4587_20210917_La_2_1434,587,HSL:4930218,Fazerinkuja
58680,58680,0,58680,58680,0,False,SCHEDULED,1631912400,HSL:4587_20210917_La_2_1534,587,HSL:4930218,Fazerinkuja
62220,62220,0,62220,62220,0,False,SCHEDULED,1631912400,HSL:4587_20210917_La_2_1634,587,HSL:4930218,Fazerinkuja
45480,45480,0,45480,45480,0,False,SCHEDULED,1631912400,HSL:4587_20210917_La_1_1234,587,HSL:4930212,Fazerintie
49080,49080,0,49080,49080,0,False,SCHEDULED,1631912400,HSL:4587_20210917_La_1_1334,587,HSL:4930212,Fazerintie
52680,52680,0,52680,52680,0,False,SCHEDULED,1631912400,HSL:4587_20210917_La_1_1434,587,HSL:4930212,Fazerintie
56280,56280,0,56280,56280,0,False,SCHEDULED,1631912400,HSL:4587_20210917_La_1_1534,587,HSL:4930212,Fazerintie
59880,59880,0,59880,59880,0,False,SCHEDULED,1631912400,HSL:4587_20210917_La_1_1634,587,HSL:4930212,Fazerintie
45660,45745,85,45660,45751,91,True,UPDATED,1631912400,HSL:4717_20210917_La_1_1215,717,HSL:4930211,Rajatie
46860,46860,0,46860,46860,0,False,SCHEDULED,1631912400,HSL:4717_20210917_La_1_1235,717,HSL:4930211,Rajatie
48060,48060,0,48060,48060,0,False,SCHEDULED,1631912400,HSL:4717_20210917_La_1_1255,717,HSL:4930211,Rajatie
49260,49260,0,49260,49260,0,False,SCHEDULED,1631912400,HSL:4717_20210917_La_1_1315,717,HSL:4930211,Rajatie
50460,50460,0,50460,50460,0,False,SCHEDULED,1631912400,HSL:4717_20210917_La_1_1335,717,HSL:4930211,Rajatie
47880,47920,40,47880,47920,40,True,UPDATED,1631912400,HSL:4587_20210917_La_2_1234,587,HSL:4930213,Fazerintie
51540,51540,0,51540,51540,0,False,SCHEDULED,1631912400,HSL:4587_20210917_La_2_1334,587,HSL:4930213,Fazerintie
55200,55200,0,55200,55200,0,False,SCHEDULED,1631912400,HSL:4587_20210917_La_2_1434,587,HSL:4930213,Fazerintie
58740,58740,0,58740,58740,0,False,SCHEDULED,1631912400,HSL:4587_20210917_La_2_1534,587,HSL:4930213,Fazerintie
62280,62280,0,62280,62280,0,False,SCHEDULED,1631912400,HSL:4587_20210917_La_2_1634,587,HSL:4930213,Fazerintie
45960,46206,246,45960,46217,257,True,UPDATED,1631912400,HSL:4411_20210917_La_1_1222,411,HSL:4150219,Ojahaantie
47040,47040,0,47040,47040,0,False,SCHEDULED,1631912400,HSL:4412_20210917_La_1_1258,412,HSL:4150219,Ojahaantie
47820,47820,0,47820,47820,0,False,SCHEDULED,1631912400,HSL:4411_20210917_La_1_1252,411,HSL:4150219,Ojahaantie
49620,49620,0,49620,49620,0,False,SCHEDULED,1631912400,HSL:4411_20210917_La_1_1322,411,HSL:4150219,Ojahaantie
50580,50580,0,50580,50580,0,False,SCHEDULED,1631912400,HSL:4412_20210917_La_1_1358,412,HSL:4150219,Ojahaantie
45360,45391,31,45360,45391,31,True,UPDATED,1631912400,HSL:1506_20210917_La_2_1234,506,HSL:1160107,Ruskeasuo
45420,45554,134,45420,45566,146,True,UPDATED,1631912400,HSL:1037_20210917_La_2_1213,37,HSL:1160107,Ruskeasuo
46080,45585,-495,46080,45585,-495,True,UPDATED,1631912400,HSL:1040_20210917_La_2_1226,40,HSL:1160107,Ruskeasuo
45540,45633,93,45540,45633,93,True,UPDATED,1631912400,HSL:1063_20210917_La_2_1213,63,HSL:1160107,Ruskeasuo
45480,45638,158,45480,45645,165,True,UPDATED,1631912400,HSL:1040_20210917_La_2_1216,40,HSL:1160107,Ruskeasuo
45420,45449,29,45420,45463,43,True,UPDATED,1631912400,HSL:2200_20210917_La_1_1224,200,HSL:1160105,Ruskeasuo
45660,45614,-46,45660,45679,19,True,UPDATED,1631912400,HSL:1037_20210917_La_1_1224,37,HSL:1160105,Ruskeasuo
45660,45694,34,45660,45701,41,True,UPDATED,1631912400,HSL:2321_20210917_La_1_1229,321,HSL:1160105,Ruskeasuo
46020,46039,19,46020,46053,33,True,UPDATED,1631912400,HSL:2200_20210917_La_1_1234,200,HSL:1160105,Ruskeasuo
46440,46440,0,46440,46440,0,False,SCHEDULED,1631912400,HSL:4322_20210917_La_1_1241,322,HSL:1160105,Ruskeasuo
46680,46742,62,46680,46746,66,True,UPDATED,1631912400,HSL:2436_20210917_La_1_1232,436,HSL:4150217,Eräkuja
50280,50280,0,50280,50280,0,False,SCHEDULED,1631912400,HSL:2436_20210917_La_1_1332,436,HSL:4150217,Eräkuja
54000,54000,0,54000,54000,0,False,SCHEDULED,1631912400,HSL:2436_20210917_La_1_1432,436,HSL:4150217,Eräkuja
57600,57600,0,57600,57600,0,False,SCHEDULED,1631912400,HSL:2436_20210917_La_1_1532,436,HSL:4150217,Eräkuja
61140,61140,0,61140,61140,0,False,SCHEDULED,1631912400,HSL:2436_20210917_La_1_1632,436,HSL:4150217,Eräkuja
46440,46524,84,46440,46524,84,True,UPDATED,1631912400,HSL:2436_20210917_La_2_1229,436,HSL:4150218,Eräkuja
50040,50040,0,50040,50040,0,False,SCHEDULED,1631912400,HSL:2436_20210917_La_2_1329,436,HSL:4150218,Eräkuja
53640,53640,0,53640,53640,0,False,SCHEDULED,1631912400,HSL:2436_20210917_La_2_1429,436,HSL:4150218,Eräkuja
57240,57240,0,57240,57240,0,False,SCHEDULED,1631912400,HSL:2436_20210917_La_2_1529,436,HSL:4150218,Eräkuja
60840,60840,0,60840,60840,0,False,SCHEDULED,1631912400,HSL:2436_20210917_La_2_1629,436,HSL:4150218,Eräkuja
45420,45451,31,45420,45451,31,True,UPDATED,1631912400,HSL:1506_20210917_La_2_1234,506,HSL:1160104,Tilkka
46200,45585,-615,46200,45585,-615,True,UPDATED,1631912400,HSL:1040_20210917_La_2_1226,40,HSL:1160104,Tilkka
45540,45639,99,45540,45656,116,True,UPDATED,1631912400,HSL:1037_20210917_La_2_1213,37,HSL:1160104,Tilkka
45600,45693,93,45600,45693,93,True,UPDATED,1631912400,HSL:1063_20210917_La_2_1213,63,HSL:1160104,Tilkka
45600,45738,138,45600,45748,148,True,UPDATED,1631912400,HSL:1040_20210917_La_2_1216,40,HSL:1160104,Tilkka
45540,45500,-40,45540,45514,-26,True,UPDATED,1631912400,HSL:1037_20210917_La_1_1224,37,HSL:1160101,Tilkka
45600,45595,-5,45600,45634,34,True,UPDATED,1631912400,HSL:2321_20210917_La_1_1229,321,HSL:1160101,Tilkka
45900,45935,35,45900,45947,47,True,UPDATED,1631912400,HSL:2200_20210917_La_1_1234,200,HSL:1160101,Tilkka
46380,46380,0,46380,46380,0,False,SCHEDULED,1631912400,HSL:4322_20210917_La_1_1241,322,HSL:1160101,Tilkka
46500,46500,0,46500,46500,0,False,SCHEDULED,1631912400,HSL:2200_20210917_La_1_1244,200,HSL:1160101,Tilkka
45420,45577,157,45420,45577,157,True,UPDATED,1631912400,HSL:1089_20210917_La_1_1227,89,HSL:1491170,Laajasalon kirkko
46320,46320,0,46320,46320,0,False,SCHEDULED,1631912400,HSL:1089_20210917_La_1_1242,89,HSL:1491170,Laajasalon kirkko
47220,47220,0,47220,47220,0,False,SCHEDULED,1631912400,HSL:1089_20210917_La_1_1257,89,HSL:1491170,Laajasalon kirkko
48120,48120,0,48120,48120,0,False,SCHEDULED,1631912400,HSL:1089_20210917_La_1_1312,89,HSL:1491170,Laajasalon kirkko
49020,49020,0,49020,49020,0,False,SCHEDULED,1631912400,HSL:1089_20210917_La_1_1327,89,HSL:1491170,Laajasalon kirkko
45360,45460,100,45360,45460,100,True,UPDATED,1631912400,HSL:1084_20210917_La_1_1228,84,HSL:1491175,Koirasaarentie
45600,45633,33,45600,45633,33,True,UPDATED,1631912400,HSL:1088_20210917_La_1_1233,88,HSL:1491175,Koirasaarentie
45960,45960,0,45960,45960,0,False,SCHEDULED,1631912400,HSL:1084_20210917_La_1_1238,84,HSL:1491175,Koirasaarentie
46200,46200,0,46200,46200,0,False,SCHEDULED,1631912400,HSL:1088_20210917_La_1_1243,88,HSL:1491175,Koirasaarentie
46560,46560,0,46560,46560,0,False,SCHEDULED,1631912400,HSL:1084_20210917_La_1_1248,84,HSL:1491175,Koirasaarentie
45720,45705,-15,45720,45726,6,True,UPDATED,1631912400,HSL:1009_20210917_La_1_1210,9,HSL:1173403,Jämsänkatu
46440,46428,-12,46440,46448,8,True,UPDATED,1631912400,HSL:1009_20210917_La_1_1222,9,HSL:1173403,Jämsänkatu
47160,47326,166,47160,47341,181,True,UPDATED,1631912400,HSL:1009_20210917_La_1_1234,9,HSL:1173403,Jämsänkatu
47880,47880,0,47880,47880,0,False,SCHEDULED,1631912400,HSL:1009_20210917_La_1_1246,9,HSL:1173403,Jämsänkatu
48600,48600,0,48600,48600,0,False,SCHEDULED,1631912400,HSL:1009_20210917_La_1_1258,9,HSL:1173403,Jämsänkatu
45540,45540,0,45540,45540,0,False,SCHEDULED,1631912400,HSL:1009_20210917_La_2_1237,9,HSL:1173402,Asemapäällikönkatu
46260,46260,0,46260,46260,0,False,SCHEDULED,1631912400,HSL:1009_20210917_La_2_1249,9,HSL:1173402,Asemapäällikönkatu
46980,46980,0,46980,46980,0,False,SCHEDULED,1631912400,HSL:1009_20210917_La_2_1301,9,HSL:1173402,Asemapäällikönkatu
47700,47700,0,47700,47700,0,False,SCHEDULED,1631912400,HSL:1009_20210917_La_2_1313,9,HSL:1173402,Asemapäällikönkatu
48420,48420,0,48420,48420,0,False,SCHEDULED,1631912400,HSL:1009_20210917_La_2_1325,9,HSL:1173402,Asemapäällikönkatu
94800,94800,0,94800,94800,0,False,SCHEDULED,1631912400,HSL:1023N_20210917_La_1_2605,23N,HSL:1111131,Kallion virastotalo
96000,96000,0,96000,96000,0,False,SCHEDULED,1631912400,HSL:1023N_20210917_La_1_2625,23N,HSL:1111131,Kallion virastotalo
97200,97200,0,97200,97200,0,False,SCHEDULED,1631912400,HSL:1023N_20210917_La_1_2645,23N,HSL:1111131,Kallion virastotalo
98340,98340,0,98340,98340,0,False,SCHEDULED,1631912400,HSL:1023N_20210917_La_1_2705,23N,HSL:1111131,Kallion virastotalo
99540,99540,0,99540,99540,0,False,SCHEDULED,1631912400,HSL:1023N_20210917_La_1_2725,23N,HSL:1111131,Kallion virastotalo
45360,45338,-22,45360,45360,0,True,UPDATED,1631912400,HSL:1084_20210917_La_2_1230,84,HSL:1491171,Rudolfintie
45960,45960,0,45960,45960,0,True,UPDATED,1631912400,HSL:1084_20210917_La_2_1240,84,HSL:1491171,Rudolfintie
46560,46560,0,46560,46560,0,False,SCHEDULED,1631912400,HSL:1084_20210917_La_2_1250,84,HSL:1491171,Rudolfintie
47160,47160,0,47160,47160,0,False,SCHEDULED,1631912400,HSL:1084_20210917_La_2_1300,84,HSL:1491171,Rudolfintie
47760,47760,0,47760,47760,0,False,SCHEDULED,1631912400,HSL:1084_20210917_La_2_1310,84,HSL:1491171,Rudolfintie
45900,45900,0,45900,45900,0,False,SCHEDULED,1631912400,HSL:4411_20210917_La_2_1235,411,HSL:4150220,Ojahaantie
46260,46260,0,46260,46260,0,False,SCHEDULED,1631912400,HSL:4412_20210917_La_2_1249,412,HSL:4150220,Ojahaantie
47640,47640,0,47640,47640,0,False,SCHEDULED,1631912400,HSL:4411_20210917_La_2_1304,411,HSL:4150220,Ojahaantie
49440,49440,0,49440,49440,0,False,SCHEDULED,1631912400,HSL:4411_20210917_La_2_1334,411,HSL:4150220,Ojahaantie
49860,49860,0,49860,49860,0,False,SCHEDULED,1631912400,HSL:4412_20210917_La_2_1349,412,HSL:4150220,Ojahaantie
46200,46477,277,46200,46562,362,True,UPDATED,1631912400,HSL:4411_20210917_La_1_1222,411,HSL:4150226,Uomatie
48060,48060,0,48060,48060,0,False,SCHEDULED,1631912400,HSL:4411_20210917_La_1_1252,411,HSL:4150226,Uomatie
49860,49860,0,49860,49860,0,False,SCHEDULED,1631912400,HSL:4411_20210917_La_1_1322,411,HSL:4150226,Uomatie
51660,51660,0,51660,51660,0,False,SCHEDULED,1631912400,HSL:4411_20210917_La_1_1352,411,HSL:4150226,Uomatie
53580,53580,0,53580,53580,0,False,SCHEDULED,1631912400,HSL:4411_20210917_La_1_1422,411,HSL:4150226,Uomatie
45120,45323,203,45120,45331,211,True,UPDATED,1631912400,HSL:4335B_20210917_La_2_1211,335B,HSL:4150227,Uomatie
45660,45660,0,45660,45660,0,False,SCHEDULED,1631912400,HSL:4411_20210917_La_2_1235,411,HSL:4150227,Uomatie
45840,45796,-44,45840,45804,-36,True,UPDATED,1631912400,HSL:4571_20210917_La_1_1159,571,HSL:4150227,Uomatie
46020,46020,0,46020,46020,0,True,UPDATED,1631912400,HSL:5565_20210917_La_1_1238,565,HSL:4150227,Uomatie
47400,47400,0,47400,47400,0,False,SCHEDULED,1631912400,HSL:4411_20210917_La_2_1304,411,HSL:4150227,Uomatie
45780,45780,0,45780,45780,0,False,SCHEDULED,1631912400,HSL:4335B_20210917_La_1_1238,335B,HSL:4150225,Uomatie
46260,46575,315,46260,46585,325,True,UPDATED,1631912400,HSL:5565_20210917_La_2_1212,565,HSL:4150225,Uomatie
46860,46860,0,46860,46860,0,False,SCHEDULED,1631912400,HSL:4571_20210917_La_2_1241,571,HSL:4150225,Uomatie
48120,48120,0,48120,48120,0,False,SCHEDULED,1631912400,HSL:5565_20210917_La_2_1242,565,HSL:4150225,Uomatie
48300,48300,0,48300,48300,0,False,SCHEDULED,1631912400,HSL:4574_20210917_La_2_1320,574,HSL:4150225,Uomatie
45360,45415,55,45360,45449,89,True,UPDATED,1631912400,HSL:1057_20210917_La_2_1227,57,HSL:1160118,Ruskeasuon varikko
45660,45690,30,45660,45690,30,True,UPDATED,1631912400,HSL:1063_20210917_La_1_1226,63,HSL:1160118,Ruskeasuon varikko
45840,45840,0,45900,45900,0,True,UPDATED,1631912400,HSL:1059_20210917_La_2_1224,59,HSL:1160118,Ruskeasuon varikko
45960,45960,0,45960,45960,0,False,SCHEDULED,1631912400,HSL:1057_20210917_La_2_1237,57,HSL:1160118,Ruskeasuon varikko
46560,46560,0,46560,46560,0,False,SCHEDULED,1631912400,HSL:1057_20210917_La_2_1247,57,HSL:1160118,Ruskeasuon varikko
45480,45480,0,45480,45480,0,False,SCHEDULED,1631912400,HSL:4411_20210917_La_2_1235,411,HSL:4150228,Raappavuorentie
47220,47220,0,47220,47220,0,False,SCHEDULED,1631912400,HSL:4411_20210917_La_2_1304,411,HSL:4150228,Raappavuorentie
49020,49020,0,49020,49020,0,False,SCHEDULED,1631912400,HSL:4411_20210917_La_2_1334,411,HSL:4150228,Raappavuorentie
50820,50820,0,50820,50820,0,False,SCHEDULED,1631912400,HSL:4411_20210917_La_2_1404,411,HSL:4150228,Raappavuorentie
52680,52680,0,52680,52680,0,False,SCHEDULED,1631912400,HSL:4411_20210917_La_2_1435,411,HSL:4150228,Raappavuorentie
45300,45331,31,45300,45331,31,True,UPDATED,1631912400,HSL:1506_20210917_La_2_1234,506,HSL:1160112,Kiskontie
46440,46440,0,46440,46440,0,False,SCHEDULED,1631912400,HSL:1506_20210917_La_2_1253,506,HSL:1160112,Kiskontie
47640,47640,0,47640,47640,0,False,SCHEDULED,1631912400,HSL:1506_20210917_La_2_1313,506,HSL:1160112,Kiskontie
48840,48840,0,48840,48840,0,False,SCHEDULED,1631912400,HSL:1506_20210917_La_2_1333,506,HSL:1160112,Kiskontie
50040,50040,0,50040,50040,0,False,SCHEDULED,1631912400,HSL:1506_20210917_La_2_1353,506,HSL:1160112,Kiskontie
45780,45958,178,45780,45958,178,True,UPDATED,1631912400,HSL:1506_20210917_La_1_1150,506,HSL:1160113,Invalidisäätiö
46380,46380,0,46380,46380,0,False,SCHEDULED,1631912400,HSL:1506_20210917_La_2_1253,506,HSL:1160113,Invalidisäätiö
46980,47020,40,46980,47020,40,True,UPDATED,1631912400,HSL:1506_20210917_La_1_1210,506,HSL:1160113,Invalidisäätiö
47580,47580,0,47580,47580,0,False,SCHEDULED,1631912400,HSL:1506_20210917_La_2_1313,506,HSL:1160113,Invalidisäätiö
48180,48224,44,48180,48224,44,True,UPDATED,1631912400,HSL:1506_20210917_La_1_1230,506,HSL:1160113,Invalidisäätiö
45600,45600,0,45600,45600,0,False,SCHEDULED,1631912400,HSL:1055_20210917_La_1_1235,55,HSL:1111143,Hakaniemi
46500,46500,0,46500,46500,0,False,SCHEDULED,1631912400,HSL:1055_20210917_La_1_1250,55,HSL:1111143,Hakaniemi
47400,47400,0,47400,47400,0,False,SCHEDULED,1631912400,HSL:1055_20210917_La_1_1305,55,HSL:1111143,Hakaniemi
48300,48300,0,48300,48300,0,False,SCHEDULED,1631912400,HSL:1055_20210917_La_1_1320,55,HSL:1111143,Hakaniemi
49200,49200,0,49200,49200,0,False,SCHEDULED,1631912400,HSL:1055_20210917_La_1_1335,55,HSL:1111143,Hakaniemi
45540,45540,0,45540,45540,0,False,SCHEDULED,1631912400,HSL:3002E_20210917_La_2_1235,E,HSL:2611552,Espoo
46380,46380,0,46380,46380,0,False,SCHEDULED,1631912400,HSL:3002U_20210917_La_2_1237,U,HSL:2611552,Espoo
47340,47340,0,47340,47340,0,False,SCHEDULED,1631912400,HSL:3002E_20210917_La_2_1305,E,HSL:2611552,Espoo
48180,48180,0,48180,48180,0,False,SCHEDULED,1631912400,HSL:3002U_20210917_La_2_1307,U,HSL:2611552,Espoo
49140,49140,0,49140,49140,0,False,SCHEDULED,1631912400,HSL:3002E_20210917_La_2_1335,E,HSL:2611552,Espoo
45720,45898,178,45720,45898,178,True,UPDATED,1631912400,HSL:1506_20210917_La_1_1150,506,HSL:1160111,Kiskontie
46920,46960,40,46920,46960,40,True,UPDATED,1631912400,HSL:1506_20210917_La_1_1210,506,HSL:1160111,Kiskontie
48120,48164,44,48120,48164,44,True,UPDATED,1631912400,HSL:1506_20210917_La_1_1230,506,HSL:1160111,Kiskontie
49320,49320,0,49320,49320,0,False,SCHEDULED,1631912400,HSL:1506_20210917_La_1_1250,506,HSL:1160111,Kiskontie
50520,50520,0,50520,50520,0,False,SCHEDULED,1631912400,HSL:1506_20210917_La_1_1310,506,HSL:1160111,Kiskontie
45360,45360,0,45360,45360,0,False,SCHEDULED,1631912400,HSL:1055_20210917_La_2_1214,55,HSL:1111146,Merihaka
46260,46277,17,46260,46277,17,True,UPDATED,1631912400,HSL:1055_20210917_La_2_1229,55,HSL:1111146,Merihaka
47160,47160,0,47160,47160,0,False,SCHEDULED,1631912400,HSL:1055_20210917_La_2_1244,55,HSL:1111146,Merihaka
48060,48060,0,48060,48060,0,False,SCHEDULED,1631912400,HSL:1055_20210917_La_2_1259,55,HSL:1111146,Merihaka
48960,48960,0,48960,48960,0,False,SCHEDULED,1631912400,HSL:1055_20210917_La_2_1314,55,HSL:1111146,Merihaka
45600,45600,0,45600,45600,0,True,UPDATED,1631912400,HSL:1088_20210917_La_2_1236,88,HSL:1491167,Gunillantie
46200,46200,0,46200,46200,0,False,SCHEDULED,1631912400,HSL:1088_20210917_La_2_1246,88,HSL:1491167,Gunillantie
46800,46800,0,46800,46800,0,False,SCHEDULED,1631912400,HSL:1088_20210917_La_2_1256,88,HSL:1491167,Gunillantie
47400,47400,0,47400,47400,0,False,SCHEDULED,1631912400,HSL:1088_20210917_La_2_1306,88,HSL:1491167,Gunillantie
48000,48000,0,48000,48000,0,False,SCHEDULED,1631912400,HSL:1088_20210917_La_2_1316,88,HSL:1491167,Gunillantie
45600,45152,-448,45600,45600,0,True,UPDATED,1631912400,HSL:1084_20210917_La_2_1240,84,HSL:1491166,Gunillantie
46200,46200,0,46200,46200,0,False,SCHEDULED,1631912400,HSL:1084_20210917_La_2_1250,84,HSL:1491166,Gunillantie
46800,46800,0,46800,46800,0,False,SCHEDULED,1631912400,HSL:1084_20210917_La_2_1300,84,HSL:1491166,Gunillantie
47400,47400,0,47400,47400,0,False,SCHEDULED,1631912400,HSL:1084_20210917_La_2_1310,84,HSL:1491166,Gunillantie
48000,48000,0,48000,48000,0,False,SCHEDULED,1631912400,HSL:1084_20210917_La_2_1320,84,HSL:1491166,Gunillantie
45840,45925,85,45840,45925,85,True,UPDATED,1631912400,HSL:1084_20210917_La_1_1228,84,HSL:1491165,Gunillantie
46440,46440,0,46440,46440,0,False,SCHEDULED,1631912400,HSL:1084_20210917_La_1_1238,84,HSL:1491165,Gunillantie
47040,47040,0,47040,47040,0,False,SCHEDULED,1631912400,HSL:1084_20210917_La_1_1248,84,HSL:1491165,Gunillantie
47700,47700,0,47700,47700,0,False,SCHEDULED,1631912400,HSL:1084_20210917_La_1_1258,84,HSL:1491165,Gunillantie
48300,48300,0,48300,48300,0,False,SCHEDULED,1631912400,HSL:1084_20210917_La_1_1308,84,HSL:1491165,Gunillantie
45660,45660,0,45660,45660,0,True,UPDATED,1631912400,HSL:1084_20210917_La_2_1240,84,HSL:1491164,Otonkuja
46260,46260,0,46260,46260,0,False,SCHEDULED,1631912400,HSL:1084_20210917_La_2_1250,84,HSL:1491164,Otonkuja
46860,46860,0,46860,46860,0,False,SCHEDULED,1631912400,HSL:1084_20210917_La_2_1300,84,HSL:1491164,Otonkuja
47460,47460,0,47460,47460,0,False,SCHEDULED,1631912400,HSL:1084_20210917_La_2_1310,84,HSL:1491164,Otonkuja
48060,48060,0,48060,48060,0,False,SCHEDULED,1631912400,HSL:1084_20210917_La_2_1320,84,HSL:1491164,Otonkuja
45780,45889,109,45780,45904,124,True,UPDATED,1631912400,HSL:1084_20210917_La_1_1228,84,HSL:1491163,Otonkuja
46380,46380,0,46380,46380,0,False,SCHEDULED,1631912400,HSL:1084_20210917_La_1_1238,84,HSL:1491163,Otonkuja
46980,46980,0,46980,46980,0,False,SCHEDULED,1631912400,HSL:1084_20210917_La_1_1248,84,HSL:1491163,Otonkuja
47640,47640,0,47640,47640,0,False,SCHEDULED,1631912400,HSL:1084_20210917_La_1_1258,84,HSL:1491163,Otonkuja
48240,48240,0,48240,48240,0,False,SCHEDULED,1631912400,HSL:1084_20210917_La_1_1308,84,HSL:1491163,Otonkuja
45720,45720,0,45720,45720,0,True,UPDATED,1631912400,HSL:1084_20210917_La_2_1240,84,HSL:1491162,Tahvonlahden koulu
46320,46320,0,46320,46320,0,False,SCHEDULED,1631912400,HSL:1084_20210917_La_2_1250,84,HSL:1491162,Tahvonlahden koulu
46920,46920,0,46920,46920,0,False,SCHEDULED,1631912400,HSL:1084_20210917_La_2_1300,84,HSL:1491162,Tahvonlahden koulu
47520,47520,0,47520,47520,0,False,SCHEDULED,1631912400,HSL:1084_20210917_La_2_1310,84,HSL:1491162,Tahvonlahden koulu
48120,48120,0,48120,48120,0,False,SCHEDULED,1631912400,HSL:1084_20210917_La_2_1320,84,HSL:1491162,Tahvonlahden koulu
46620,46642,22,46620,46645,25,True,UPDATED,1631912400,HSL:2436_20210917_La_1_1232,436,HSL:4150230,Norotie
50220,50220,0,50220,50220,0,False,SCHEDULED,1631912400,HSL:2436_20210917_La_1_1332,436,HSL:4150230,Norotie
53940,53940,0,53940,53940,0,False,SCHEDULED,1631912400,HSL:2436_20210917_La_1_1432,436,HSL:4150230,Norotie
57540,57540,0,57540,57540,0,False,SCHEDULED,1631912400,HSL:2436_20210917_La_1_1532,436,HSL:4150230,Norotie
61080,61080,0,61080,61080,0,False,SCHEDULED,1631912400,HSL:2436_20210917_La_1_1632,436,HSL:4150230,Norotie
45780,45847,67,45780,45856,76,True,UPDATED,1631912400,HSL:1084_20210917_La_1_1228,84,HSL:1491161,Tahvonlahden koulu
46380,46380,0,46380,46380,0,False,SCHEDULED,1631912400,HSL:1084_20210917_La_1_1238,84,HSL:1491161,Tahvonlahden koulu
46980,46980,0,46980,46980,0,False,SCHEDULED,1631912400,HSL:1084_20210917_La_1_1248,84,HSL:1491161,Tahvonlahden koulu
47580,47580,0,47580,47580,0,False,SCHEDULED,1631912400,HSL:1084_20210917_La_1_1258,84,HSL:1491161,Tahvonlahden koulu
48180,48180,0,48180,48180,0,False,SCHEDULED,1631912400,HSL:1084_20210917_La_1_1308,84,HSL:1491161,Tahvonlahden koulu
45360,45457,97,45360,45476,116,True,UPDATED,1631912400,HSL:1064_20210917_La_1_1232,64,HSL:1111142,Hakaniemi
45600,45600,0,45600,45600,0,False,SCHEDULED,1631912400,HSL:1067_20210917_La_1_1236,67,HSL:1111142,Hakaniemi
45840,45840,0,45840,45840,0,False,SCHEDULED,1631912400,HSL:1065_20210917_La_1_1240,65,HSL:1111142,Hakaniemi
45840,45840,0,45840,45840,0,False,SCHEDULED,1631912400,HSL:4614_20210917_La_1_1240,614,HSL:1111142,Hakaniemi
45960,45960,0,45960,45960,0,False,SCHEDULED,1631912400,HSL:1061_20210917_La_1_1242,61,HSL:1111142,Hakaniemi
46500,46561,61,46500,46561,61,True,UPDATED,1631912400,HSL:2436_20210917_La_2_1229,436,HSL:4150231,Norotie
50100,50100,0,50100,50100,0,False,SCHEDULED,1631912400,HSL:2436_20210917_La_2_1329,436,HSL:4150231,Norotie
53700,53700,0,53700,53700,0,False,SCHEDULED,1631912400,HSL:2436_20210917_La_2_1429,436,HSL:4150231,Norotie
57300,57300,0,57300,57300,0,False,SCHEDULED,1631912400,HSL:2436_20210917_La_2_1529,436,HSL:4150231,Norotie
60900,60900,0,60900,60900,0,False,SCHEDULED,1631912400,HSL:2436_20210917_La_2_1629,436,HSL:4150231,Norotie
45360,45444,84,45360,45470,110,True,UPDATED,1631912400,HSL:1037_20210917_La_2_1213,37,HSL:1160109,Ruskeasuon varikko
45420,45513,93,45420,45513,93,True,UPDATED,1631912400,HSL:1063_20210917_La_2_1213,63,HSL:1160109,Ruskeasuon varikko
45420,45508,88,45420,45516,96,True,UPDATED,1631912400,HSL:1040_20210917_La_2_1216,40,HSL:1160109,Ruskeasuon varikko
46020,45585,-435,46020,45585,-435,True,UPDATED,1631912400,HSL:1040_20210917_La_2_1226,40,HSL:1160109,Ruskeasuon varikko
45480,45673,193,45480,45685,205,True,UPDATED,1631912400,HSL:4415_20210917_La_2_1203,415,HSL:1160109,Ruskeasuon varikko
45600,45600,0,45600,45600,0,False,SCHEDULED,1631912400,HSL:1089_20210917_La_2_1240,89,HSL:1491169,Laajasalon kirkko
46500,46500,0,46500,46500,0,False,SCHEDULED,1631912400,HSL:1089_20210917_La_2_1255,89,HSL:1491169,Laajasalon kirkko
47400,47400,0,47400,47400,0,False,SCHEDULED,1631912400,HSL:1089_20210917_La_2_1310,89,HSL:1491169,Laajasalon kirkko
48300,48300,0,48300,48300,0,False,SCHEDULED,1631912400,HSL:1089_20210917_La_2_1325,89,HSL:1491169,Laajasalon kirkko
49200,49200,0,49200,49200,0,False,SCHEDULED,1631912400,HSL:1089_20210917_La_2_1340,89,HSL:1491169,Laajasalon kirkko
45240,45337,97,45240,45337,97,True,UPDATED,1631912400,HSL:1086_20210917_La_2_1224,86,HSL:1491168,Yliskyläntie
45900,45903,3,45900,45916,16,True,UPDATED,1631912400,HSL:1085_20210917_La_2_1234,85,HSL:1491168,Yliskyläntie
46440,46440,0,46440,46440,0,False,SCHEDULED,1631912400,HSL:1086_20210917_La_2_1244,86,HSL:1491168,Yliskyläntie
47100,47100,0,47100,47100,0,False,SCHEDULED,1631912400,HSL:1085_20210917_La_2_1254,85,HSL:1491168,Yliskyläntie
47640,47640,0,47640,47640,0,False,SCHEDULED,1631912400,HSL:1086_20210917_La_2_1304,86,HSL:1491168,Yliskyläntie
45660,45838,178,45660,45838,178,True,UPDATED,1631912400,HSL:1506_20210917_La_1_1150,506,HSL:1160127,Ruskeasuo
46860,46900,40,46860,46900,40,True,UPDATED,1631912400,HSL:1506_20210917_La_1_1210,506,HSL:1160127,Ruskeasuo
48060,48104,44,48060,48104,44,True,UPDATED,1631912400,HSL:1506_20210917_La_1_1230,506,HSL:1160127,Ruskeasuo
49260,49260,0,49260,49260,0,False,SCHEDULED,1631912400,HSL:1506_20210917_La_1_1250,506,HSL:1160127,Ruskeasuo
50460,50460,0,50460,50460,0,False,SCHEDULED,1631912400,HSL:1506_20210917_La_1_1310,506,HSL:1160127,Ruskeasuo
48720,48720,0,48720,48720,0,False,SCHEDULED,1631912400,HSL:9642_20210917_La_1_1316,642,HSL:9670202,Kaura
52320,52320,0,52320,52320,0,False,SCHEDULED,1631912400,HSL:9642_20210917_La_1_1416,642,HSL:9670202,Kaura
55920,55920,0,55920,55920,0,False,SCHEDULED,1631912400,HSL:9642_20210917_La_1_1516,642,HSL:9670202,Kaura
59520,59520,0,59520,59520,0,False,SCHEDULED,1631912400,HSL:9642_20210917_La_1_1616,642,HSL:9670202,Kaura
63120,63120,0,63120,63120,0,False,SCHEDULED,1631912400,HSL:9642_20210917_La_1_1716,642,HSL:9670202,Kaura
45840,45742,-98,45840,45746,-94,True,UPDATED,1631912400,HSL:4311_20210917_La_2_1228,311,HSL:4150201,Leiritie
45780,46107,327,45780,46119,339,True,UPDATED,1631912400,HSL:5565_20210917_La_2_1212,565,HSL:4150201,Leiritie
46380,46380,0,46380,46380,0,False,SCHEDULED,1631912400,HSL:4571_20210917_La_2_1241,571,HSL:4150201,Leiritie
46620,46620,0,46620,46620,0,True,UPDATED,1631912400,HSL:4555B_20210917_La_1_1236,555B,HSL:4150201,Leiritie
46380,46690,310,46380,46694,314,True,UPDATED,1631912400,HSL:4411_20210917_La_1_1222,411,HSL:4150201,Leiritie
46260,46260,0,46260,46260,0,True,UPDATED,1631912400,HSL:9642_20210917_La_2_1238,642,HSL:9670200,Gummi
49860,49860,0,49860,49860,0,False,SCHEDULED,1631912400,HSL:9642_20210917_La_2_1338,642,HSL:9670200,Gummi
53460,53460,0,53460,53460,0,False,SCHEDULED,1631912400,HSL:9642_20210917_La_2_1438,642,HSL:9670200,Gummi
57060,57060,0,57060,57060,0,False,SCHEDULED,1631912400,HSL:9642_20210917_La_2_1538,642,HSL:9670200,Gummi
60660,60660,0,60660,60660,0,False,SCHEDULED,1631912400,HSL:9642_20210917_La_2_1638,642,HSL:9670200,Gummi
48780,48780,0,48780,48780,0,False,SCHEDULED,1631912400,HSL:9642_20210917_La_1_1316,642,HSL:9670201,Gummi
52380,52380,0,52380,52380,0,False,SCHEDULED,1631912400,HSL:9642_20210917_La_1_1416,642,HSL:9670201,Gummi
55980,55980,0,55980,55980,0,False,SCHEDULED,1631912400,HSL:9642_20210917_La_1_1516,642,HSL:9670201,Gummi
59580,59580,0,59580,59580,0,False,SCHEDULED,1631912400,HSL:9642_20210917_La_1_1616,642,HSL:9670201,Gummi
63180,63180,0,63180,63180,0,False,SCHEDULED,1631912400,HSL:9642_20210917_La_1_1716,642,HSL:9670201,Gummi
45360,45321,-39,45360,45380,20,True,UPDATED,1631912400,HSL:4560_20210917_La_1_1136,560,HSL:4150204,Myyrmäen asema
47820,45477,-2343,47820,45477,-2343,True,UPDATED,1631912400,HSL:1030_20210917_La_1_1222,30,HSL:4150204,Myyrmäen asema
45900,45996,96,45900,45996,96,True,UPDATED,1631912400,HSL:1030_20210917_La_1_1152,30,HSL:4150204,Myyrmäen asema
45960,46070,110,45960,46097,137,True,UPDATED,1631912400,HSL:4560_20210917_La_1_1146,560,HSL:4150204,Myyrmäen asema
46560,46555,-5,46560,46577,17,True,UPDATED,1631912400,HSL:4560_20210917_La_1_1156,560,HSL:4150204,Myyrmäen asema
45000,45294,294,45000,45350,350,True,UPDATED,1631912400,HSL:4574_20210917_La_1_1133,574,HSL:4150205,Myyrmäen asema
45360,45566,206,45360,45605,245,True,UPDATED,1631912400,HSL:4335B_20210917_La_2_1211,335B,HSL:4150205,Myyrmäen asema
45960,45912,-48,45960,45912,-48,True,UPDATED,1631912400,HSL:4311_20210917_La_2_1228,311,HSL:4150205,Myyrmäen asema
46740,46740,0,46740,46740,0,True,UPDATED,1631912400,HSL:4555B_20210917_La_1_1236,555B,HSL:4150205,Myyrmäen asema
46500,46785,285,46500,46844,344,True,UPDATED,1631912400,HSL:4411_20210917_La_1_1222,411,HSL:4150205,Myyrmäen asema
45480,45480,0,45480,45480,0,False,SCHEDULED,1631912400,HSL:4555B_20210917_La_2_1235,555B,HSL:4150202,Raappavuorentie
45720,45720,0,45720,45720,0,False,SCHEDULED,1631912400,HSL:4311_20210917_La_1_1239,311,HSL:4150202,Raappavuorentie
46440,46440,0,46440,46440,0,True,UPDATED,1631912400,HSL:5565_20210917_La_1_1238,565,HSL:4150202,Raappavuorentie
46500,46555,55,46500,46557,57,True,UPDATED,1631912400,HSL:4571_20210917_La_1_1159,571,HSL:4150202,Raappavuorentie
47280,47280,0,47280,47280,0,False,SCHEDULED,1631912400,HSL:4555B_20210917_La_2_1305,555B,HSL:4150202,Raappavuorentie
45600,45600,0,45600,45600,0,False,SCHEDULED,1631912400,HSL:4335B_20210917_La_1_1238,335B,HSL:4150208,Noropolku
46080,46390,310,46080,46429,349,True,UPDATED,1631912400,HSL:4411_20210917_La_1_1222,411,HSL:4150208,Noropolku
46080,46452,372,46080,46460,380,True,UPDATED,1631912400,HSL:5565_20210917_La_2_1212,565,HSL:4150208,Noropolku
46680,46680,0,46680,46680,0,False,SCHEDULED,1631912400,HSL:4571_20210917_La_2_1241,571,HSL:4150208,Noropolku
47940,47940,0,47940,47940,0,False,SCHEDULED,1631912400,HSL:5565_20210917_La_2_1242,565,HSL:4150208,Noropolku
45240,45417,177,45240,45420,180,True,UPDATED,1631912400,HSL:4335B_20210917_La_2_1211,335B,HSL:4150209,Noropolku
45780,45780,0,45780,45780,0,False,SCHEDULED,1631912400,HSL:4411_20210917_La_2_1235,411,HSL:4150209,Noropolku
45960,45899,-61,45960,45904,-56,True,UPDATED,1631912400,HSL:4571_20210917_La_1_1159,571,HSL:4150209,Noropolku
46140,46140,0,46140,46140,0,True,UPDATED,1631912400,HSL:5565_20210917_La_1_1238,565,HSL:4150209,Noropolku
47520,47520,0,47520,47520,0,False,SCHEDULED,1631912400,HSL:4411_20210917_La_2_1304,411,HSL:4150209,Noropolku
45540,45540,0,45540,45540,0,False,SCHEDULED,1631912400,HSL:4335B_20210917_La_1_1238,335B,HSL:4150206,Ojapolku
46020,46294,274,46020,46390,370,True,UPDATED,1631912400,HSL:4411_20210917_La_1_1222,411,HSL:4150206,Ojapolku
46020,46411,391,46020,46419,399,True,UPDATED,1631912400,HSL:5565_20210917_La_2_1212,565,HSL:4150206,Ojapolku
46620,46620,0,46620,46620,0,False,SCHEDULED,1631912400,HSL:4571_20210917_La_2_1241,571,HSL:4150206,Ojapolku
47880,47880,0,47880,47880,0,False,SCHEDULED,1631912400,HSL:5565_20210917_La_2_1242,565,HSL:4150206,Ojapolku
45300,45453,153,45300,45459,159,True,UPDATED,1631912400,HSL:4335B_20210917_La_2_1211,335B,HSL:4150207,Ojapolku
45840,45840,0,45840,45840,0,False,SCHEDULED,1631912400,HSL:4411_20210917_La_2_1235,411,HSL:4150207,Ojapolku
46020,45936,-84,46020,45944,-76,True,UPDATED,1631912400,HSL:4571_20210917_La_1_1159,571,HSL:4150207,Ojapolku
46140,46140,0,46140,46140,0,True,UPDATED,1631912400,HSL:5565_20210917_La_1_1238,565,HSL:4150207,Ojapolku
47580,47580,0,47580,47580,0,False,SCHEDULED,1631912400,HSL:4411_20210917_La_2_1304,411,HSL:4150207,Ojapolku
45120,45346,226,45120,45351,231,True,UPDATED,1631912400,HSL:4335B_20210917_La_2_1211,335B,HSL:4150211,Kuohukuja
45720,45720,0,45720,45720,0,False,SCHEDULED,1631912400,HSL:4411_20210917_La_2_1235,411,HSL:4150211,Kuohukuja
45900,45837,-63,45900,45846,-54,True,UPDATED,1631912400,HSL:4571_20210917_La_1_1159,571,HSL:4150211,Kuohukuja
46020,46020,0,46020,46020,0,True,UPDATED,1631912400,HSL:5565_20210917_La_1_1238,565,HSL:4150211,Kuohukuja
47460,47460,0,47460,47460,0,False,SCHEDULED,1631912400,HSL:4411_20210917_La_2_1304,411,HSL:4150211,Kuohukuja
45540,45540,0,45540,45540,0,False,SCHEDULED,1631912400,HSL:4411_20210917_La_2_1235,411,HSL:4150212,Vaskivuorentie
47280,47280,0,47280,47280,0,False,SCHEDULED,1631912400,HSL:4411_20210917_La_2_1304,411,HSL:4150212,Vaskivuorentie
49080,49080,0,49080,49080,0,False,SCHEDULED,1631912400,HSL:4411_20210917_La_2_1334,411,HSL:4150212,Vaskivuorentie
50880,50880,0,50880,50880,0,False,SCHEDULED,1631912400,HSL:4411_20210917_La_2_1404,411,HSL:4150212,Vaskivuorentie
52740,52740,0,52740,52740,0,False,SCHEDULED,1631912400,HSL:4411_20210917_La_2_1435,411,HSL:4150212,Vaskivuorentie
45720,45720,0,45720,45720,0,False,SCHEDULED,1631912400,HSL:4335B_20210917_La_1_1238,335B,HSL:4150210,Kuohukuja
46140,46429,289,46140,46429,289,True,UPDATED,1631912400,HSL:4411_20210917_La_1_1222,411,HSL:4150210,Kuohukuja
46200,46517,317,46200,46528,328,True,UPDATED,1631912400,HSL:5565_20210917_La_2_1212,565,HSL:4150210,Kuohukuja
46800,46800,0,46800,46800,0,False,SCHEDULED,1631912400,HSL:4571_20210917_La_2_1241,571,HSL:4150210,Kuohukuja
48000,48000,0,48000,48000,0,False,SCHEDULED,1631912400,HSL:4411_20210917_La_1_1252,411,HSL:4150210,Kuohukuja
46260,46562,302,46260,46562,302,True,UPDATED,1631912400,HSL:4411_20210917_La_1_1222,411,HSL:4150215,Virtatie
48120,48120,0,48120,48120,0,False,SCHEDULED,1631912400,HSL:4411_20210917_La_1_1252,411,HSL:4150215,Virtatie
49920,49920,0,49920,49920,0,False,SCHEDULED,1631912400,HSL:4411_20210917_La_1_1322,411,HSL:4150215,Virtatie
51720,51720,0,51720,51720,0,False,SCHEDULED,1631912400,HSL:4411_20210917_La_1_1352,411,HSL:4150215,Virtatie
53640,53640,0,53640,53640,0,False,SCHEDULED,1631912400,HSL:4411_20210917_La_1_1422,411,HSL:4150215,Virtatie
46320,46595,275,46320,46598,278,True,UPDATED,1631912400,HSL:4411_20210917_La_1_1222,411,HSL:4150213,Vaskivuorentie
48180,48180,0,48180,48180,0,False,SCHEDULED,1631912400,HSL:4411_20210917_La_1_1252,411,HSL:4150213,Vaskivuorentie
49980,49980,0,49980,49980,0,False,SCHEDULED,1631912400,HSL:4411_20210917_La_1_1322,411,HSL:4150213,Vaskivuorentie
51780,51780,0,51780,51780,0,False,SCHEDULED,1631912400,HSL:4411_20210917_La_1_1352,411,HSL:4150213,Vaskivuorentie
53700,53700,0,53700,53700,0,False,SCHEDULED,1631912400,HSL:4411_20210917_La_1_1422,411,HSL:4150213,Vaskivuorentie
45600,45600,0,45600,45600,0,False,SCHEDULED,1631912400,HSL:4411_20210917_La_2_1235,411,HSL:4150214,Virtatie
47340,47340,0,47340,47340,0,False,SCHEDULED,1631912400,HSL:4411_20210917_La_2_1304,411,HSL:4150214,Virtatie
49140,49140,0,49140,49140,0,False,SCHEDULED,1631912400,HSL:4411_20210917_La_2_1334,411,HSL:4150214,Virtatie
50940,50940,0,50940,50940,0,False,SCHEDULED,1631912400,HSL:4411_20210917_La_2_1404,411,HSL:4150214,Virtatie
52800,52800,0,52800,52800,0,False,SCHEDULED,1631912400,HSL:4411_20210917_La_2_1435,411,HSL:4150214,Virtatie
45540,45540,0,45540,45540,0,False,SCHEDULED,1631912400,HSL:4587_20210917_La_1_1234,587,HSL:4930221,Fazerila
49140,49140,0,49140,49140,0,False,SCHEDULED,1631912400,HSL:4587_20210917_La_1_1334,587,HSL:4930221,Fazerila
52740,52740,0,52740,52740,0,False,SCHEDULED,1631912400,HSL:4587_20210917_La_1_1434,587,HSL:4930221,Fazerila
56340,56340,0,56340,56340,0,False,SCHEDULED,1631912400,HSL:4587_20210917_La_1_1534,587,HSL:4930221,Fazerila
59940,59940,0,59940,59940,0,False,SCHEDULED,1631912400,HSL:4587_20210917_La_1_1634,587,HSL:4930221,Fazerila
47820,47860,40,47820,47860,40,True,UPDATED,1631912400,HSL:4587_20210917_La_2_1234,587,HSL:4930220,Fazerila
51480,51480,0,51480,51480,0,False,SCHEDULED,1631912400,HSL:4587_20210917_La_2_1334,587,HSL:4930220,Fazerila
55140,55140,0,55140,55140,0,False,SCHEDULED,1631912400,HSL:4587_20210917_La_2_1434,587,HSL:4930220,Fazerila
58680,58680,0,58680,58680,0,False,SCHEDULED,1631912400,HSL:4587_20210917_La_2_1534,587,HSL:4930220,Fazerila
62220,62220,0,62220,62220,0,False,SCHEDULED,1631912400,HSL:4587_20210917_La_2_1634,587,HSL:4930220,Fazerila
46020,46020,0,46020,46020,0,False,SCHEDULED,1631912400,HSL:1095_20210917_La_2_1242,95,HSL:1472195,Koskenhaantie
46920,46920,0,46920,46920,0,False,SCHEDULED,1631912400,HSL:1095_20210917_La_2_1257,95,HSL:1472195,Koskenhaantie
47820,47820,0,47820,47820,0,False,SCHEDULED,1631912400,HSL:1095_20210917_La_2_1312,95,HSL:1472195,Koskenhaantie
48720,48720,0,48720,48720,0,False,SCHEDULED,1631912400,HSL:1095_20210917_La_2_1327,95,HSL:1472195,Koskenhaantie
49620,49620,0,49620,49620,0,False,SCHEDULED,1631912400,HSL:1095_20210917_La_2_1342,95,HSL:1472195,Koskenhaantie
84600,84600,0,84600,84600,0,False,SCHEDULED,1631912400,HSL:1097N_20210917_La_2_2325,97N,HSL:1472194,Kontulantie
84780,84780,0,84780,84780,0,False,SCHEDULED,1631912400,HSL:1095N_20210917_La_2_2333,95N,HSL:1472194,Kontulantie
86400,86400,0,86400,86400,0,False,SCHEDULED,1631912400,HSL:1097N_20210917_La_2_2355,97N,HSL:1472194,Kontulantie
87180,87180,0,87180,87180,0,False,SCHEDULED,1631912400,HSL:1095N_20210917_La_2_2413,95N,HSL:1472194,Kontulantie
88200,88200,0,88200,88200,0,False,SCHEDULED,1631912400,HSL:1097N_20210917_La_2_2425,97N,HSL:1472194,Kontulantie
87300,87300,0,87300,87300,0,False,SCHEDULED,1631912400,HSL:1097N_20210917_La_1_2340,97N,HSL:1472193,Kontulantie
88260,88260,0,88260,88260,0,False,SCHEDULED,1631912400,HSL:1095N_20210917_La_1_2350,95N,HSL:1472193,Kontulantie
88800,88800,0,88800,88800,0,False,SCHEDULED,1631912400,HSL:1097N_20210917_La_1_2405,97N,HSL:1472193,Kontulantie
90000,90000,0,90000,90000,0,False,SCHEDULED,1631912400,HSL:1095N_20210917_La_1_2420,95N,HSL:1472193,Kontulantie
90600,90600,0,90600,90600,0,False,SCHEDULED,1631912400,HSL:1097N_20210917_La_1_2435,97N,HSL:1472193,Kontulantie
45840,45870,30,45840,45870,30,True,UPDATED,1631912400,HSL:1063_20210917_La_1_1226,63,HSL:1172114,Ilmalan bussivarikko
46200,46320,120,46200,46320,120,True,UPDATED,1631912400,HSL:1023_20210917_La_1_1223,23,HSL:1172114,Ilmalan bussivarikko
47040,47040,0,47040,47040,0,False,SCHEDULED,1631912400,HSL:1063_20210917_La_1_1246,63,HSL:1172114,Ilmalan bussivarikko
47400,47400,0,47400,47400,0,False,SCHEDULED,1631912400,HSL:1023_20210917_La_1_1243,23,HSL:1172114,Ilmalan bussivarikko
48240,48240,0,48240,48240,0,False,SCHEDULED,1631912400,HSL:1063_20210917_La_1_1306,63,HSL:1172114,Ilmalan bussivarikko
45840,45903,63,45840,45917,77,True,UPDATED,1631912400,HSL:1095_20210917_La_1_1225,95,HSL:1472198,Kiiliänkuja
46740,46740,0,46740,46740,0,True,UPDATED,1631912400,HSL:1095_20210917_La_1_1240,95,HSL:1472198,Kiiliänkuja
47640,47640,0,47640,47640,0,False,SCHEDULED,1631912400,HSL:1095_20210917_La_1_1255,95,HSL:1472198,Kiiliänkuja
48540,48540,0,48540,48540,0,False,SCHEDULED,1631912400,HSL:1095_20210917_La_1_1310,95,HSL:1472198,Kiiliänkuja
49440,49440,0,49440,49440,0,False,SCHEDULED,1631912400,HSL:1095_20210917_La_1_1325,95,HSL:1472198,Kiiliänkuja
46860,46991,131,46860,47010,150,True,UPDATED,1631912400,HSL:4739_20210917_La_2_1226,739,HSL:4930226,Hiirakkorinne
47100,47100,0,47100,47100,0,True,UPDATED,1631912400,HSL:4731_20210917_La_2_1235,731,HSL:4930226,Hiirakkorinne
48180,48218,38,48180,48218,38,True,UPDATED,1631912400,HSL:9788K_20210917_La_2_1225,788K,HSL:4930226,Hiirakkorinne
48900,48900,0,48900,48900,0,False,SCHEDULED,1631912400,HSL:4731_20210917_La_2_1305,731,HSL:4930226,Hiirakkorinne
50460,50460,0,50460,50460,0,False,SCHEDULED,1631912400,HSL:4739_20210917_La_2_1326,739,HSL:4930226,Hiirakkorinne
46080,46080,0,46080,46080,0,False,SCHEDULED,1631912400,HSL:1095_20210917_La_2_1242,95,HSL:1472197,Kiiliänkuja
46980,46980,0,46980,46980,0,False,SCHEDULED,1631912400,HSL:1095_20210917_La_2_1257,95,HSL:1472197,Kiiliänkuja
47880,47880,0,47880,47880,0,False,SCHEDULED,1631912400,HSL:1095_20210917_La_2_1312,95,HSL:1472197,Kiiliänkuja
48780,48780,0,48780,48780,0,False,SCHEDULED,1631912400,HSL:1095_20210917_La_2_1327,95,HSL:1472197,Kiiliänkuja
49680,49680,0,49680,49680,0,False,SCHEDULED,1631912400,HSL:1095_20210917_La_2_1342,95,HSL:1472197,Kiiliänkuja
45600,45600,0,45600,45600,0,False,SCHEDULED,1631912400,HSL:4587_20210917_La_1_1234,587,HSL:4930229,Kuussillankuja
49200,49200,0,49200,49200,0,False,SCHEDULED,1631912400,HSL:4587_20210917_La_1_1334,587,HSL:4930229,Kuussillankuja
52800,52800,0,52800,52800,0,False,SCHEDULED,1631912400,HSL:4587_20210917_La_1_1434,587,HSL:4930229,Kuussillankuja
56400,56400,0,56400,56400,0,False,SCHEDULED,1631912400,HSL:4587_20210917_La_1_1534,587,HSL:4930229,Kuussillankuja
60000,60000,0,60000,60000,0,False,SCHEDULED,1631912400,HSL:4587_20210917_La_1_1634,587,HSL:4930229,Kuussillankuja
45840,45946,106,45840,45954,114,True,UPDATED,1631912400,HSL:1095_20210917_La_1_1225,95,HSL:1472196,Koskenhaantie
46740,46740,0,46740,46740,0,True,UPDATED,1631912400,HSL:1095_20210917_La_1_1240,95,HSL:1472196,Koskenhaantie
47640,47640,0,47640,47640,0,False,SCHEDULED,1631912400,HSL:1095_20210917_La_1_1255,95,HSL:1472196,Koskenhaantie
48540,48540,0,48540,48540,0,False,SCHEDULED,1631912400,HSL:1095_20210917_La_1_1310,95,HSL:1472196,Koskenhaantie
49440,49440,0,49440,49440,0,False,SCHEDULED,1631912400,HSL:1095_20210917_La_1_1325,95,HSL:1472196,Koskenhaantie
45540,45420,-120,45540,45420,-120,True,UPDATED,1631912400,HSL:9641_20210917_La_1_1150,641,HSL:9020202,Kilta
47340,47352,12,47340,47357,17,True,UPDATED,1631912400,HSL:9641_20210917_La_1_1220,641,HSL:9020202,Kilta
49140,49140,0,49140,49140,0,False,SCHEDULED,1631912400,HSL:9641_20210917_La_1_1250,641,HSL:9020202,Kilta
50940,50940,0,50940,50940,0,False,SCHEDULED,1631912400,HSL:9641_20210917_La_1_1320,641,HSL:9020202,Kilta
52740,52740,0,52740,52740,0,False,SCHEDULED,1631912400,HSL:9641_20210917_La_1_1350,641,HSL:9020202,Kilta
46800,46800,0,46800,46800,0,False,SCHEDULED,1631912400,HSL:4731_20210917_La_1_1239,731,HSL:4930225,Sakarakuja
47460,47460,0,47460,47460,0,False,SCHEDULED,1631912400,HSL:4739_20210917_La_1_1245,739,HSL:4930225,Sakarakuja
48600,48600,0,48600,48600,0,False,SCHEDULED,1631912400,HSL:4731_20210917_La_1_1308,731,HSL:4930225,Sakarakuja
50400,50400,0,50400,50400,0,False,SCHEDULED,1631912400,HSL:4731_20210917_La_1_1338,731,HSL:4930225,Sakarakuja
51000,51000,0,51000,51000,0,False,SCHEDULED,1631912400,HSL:4739_20210917_La_1_1344,739,HSL:4930225,Sakarakuja
46800,46800,0,46800,46800,0,False,SCHEDULED,1631912400,HSL:4731_20210917_La_1_1239,731,HSL:4930230,Hiirakkorinne
47460,47460,0,47520,47520,0,False,SCHEDULED,1631912400,HSL:4739_20210917_La_1_1245,739,HSL:4930230,Hiirakkorinne
48600,48600,0,48600,48600,0,False,SCHEDULED,1631912400,HSL:4731_20210917_La_1_1308,731,HSL:4930230,Hiirakkorinne
50400,50400,0,50400,50400,0,False,SCHEDULED,1631912400,HSL:4731_20210917_La_1_1338,731,HSL:4930230,Hiirakkorinne
51000,51000,0,51060,51060,0,False,SCHEDULED,1631912400,HSL:4739_20210917_La_1_1344,739,HSL:4930230,Hiirakkorinne
45240,45351,111,45240,45355,115,True,UPDATED,1631912400,HSL:9642_20210917_La_1_1216,642,HSL:9670209,Mangs
48840,48840,0,48840,48840,0,False,SCHEDULED,1631912400,HSL:9642_20210917_La_1_1316,642,HSL:9670209,Mangs
52440,52440,0,52440,52440,0,False,SCHEDULED,1631912400,HSL:9642_20210917_La_1_1416,642,HSL:9670209,Mangs
56040,56040,0,56040,56040,0,False,SCHEDULED,1631912400,HSL:9642_20210917_La_1_1516,642,HSL:9670209,Mangs
59640,59640,0,59640,59640,0,False,SCHEDULED,1631912400,HSL:9642_20210917_La_1_1616,642,HSL:9670209,Mangs
92400,92400,0,92400,92400,0,False,SCHEDULED,1631912400,HSL:9643N_20210917_La_2_2535,643N,HSL:9670206,Maisalantie
92280,92280,0,92280,92280,0,False,SCHEDULED,1631912400,HSL:9643N_20210917_La_2_2535,643N,HSL:9670204,Klemetskog
83940,83940,0,83940,83940,0,False,SCHEDULED,1631912400,HSL:2147N_20210917_La_2_2304,147N,HSL:2442205,Hannus
85080,85080,0,85080,85080,0,False,SCHEDULED,1631912400,HSL:2147N_20210917_La_2_2323,147N,HSL:2442205,Hannus
86820,86820,0,86820,86820,0,False,SCHEDULED,1631912400,HSL:2147N_20210917_La_2_2353,147N,HSL:2442205,Hannus
88620,88620,0,88620,88620,0,False,SCHEDULED,1631912400,HSL:2147N_20210917_La_2_2423,147N,HSL:2442205,Hannus
90420,90420,0,90420,90420,0,False,SCHEDULED,1631912400,HSL:2147N_20210917_La_2_2453,147N,HSL:2442205,Hannus
87600,87600,0,87600,87600,0,False,SCHEDULED,1631912400,HSL:2147N_20210917_La_1_2402,147N,HSL:2442204,Hannus
89340,89340,0,89340,89340,0,False,SCHEDULED,1631912400,HSL:2147N_20210917_La_1_2432,147N,HSL:2442204,Hannus
91140,91140,0,91140,91140,0,False,SCHEDULED,1631912400,HSL:2147N_20210917_La_1_2502,147N,HSL:2442204,Hannus
92940,92940,0,92940,92940,0,False,SCHEDULED,1631912400,HSL:2147N_20210917_La_1_2532,147N,HSL:2442204,Hannus
94740,94740,0,94740,94740,0,False,SCHEDULED,1631912400,HSL:2147N_20210917_La_1_2602,147N,HSL:2442204,Hannus
45660,45627,-33,45660,45634,-26,True,UPDATED,1631912400,HSL:2136_20210917_La_2_1217,136,HSL:2442202,Finnoonsilta
46560,46595,35,46560,46604,44,True,UPDATED,1631912400,HSL:2134_20210917_La_2_1232,134,HSL:2442202,Finnoonsilta
47460,47460,0,47460,47460,0,False,SCHEDULED,1631912400,HSL:2136_20210917_La_2_1247,136,HSL:2442202,Finnoonsilta
48360,48360,0,48360,48360,0,False,SCHEDULED,1631912400,HSL:2134_20210917_La_2_1302,134,HSL:2442202,Finnoonsilta
49260,49260,0,49260,49260,0,False,SCHEDULED,1631912400,HSL:2136_20210917_La_2_1317,136,HSL:2442202,Finnoonsilta
45480,45480,0,45480,45480,0,True,UPDATED,1631912400,HSL:1007_20210917_La_2_1236,7,HSL:1173434,Asemapäällikönkatu
45780,45764,-16,45780,45784,4,True,UPDATED,1631912400,HSL:1009_20210917_La_1_1210,9,HSL:1173434,Asemapäällikönkatu
45960,45793,-167,45960,45813,-147,True,UPDATED,1631912400,HSL:1002_20210917_La_1_1211,2,HSL:1173434,Asemapäällikönkatu
46200,46200,0,46200,46200,0,False,SCHEDULED,1631912400,HSL:1007_20210917_La_2_1248,7,HSL:1173434,Asemapäällikönkatu
46500,46488,-12,46500,46508,8,True,UPDATED,1631912400,HSL:1009_20210917_La_1_1222,9,HSL:1173434,Asemapäällikönkatu
45660,45622,-38,45660,45625,-35,True,UPDATED,1631912400,HSL:2145_20210917_La_2_1224,145,HSL:2442201,Finnoonsolmu
45720,45643,-77,45720,45647,-73,True,UPDATED,1631912400,HSL:2165_20210917_La_2_1209,165,HSL:2442201,Finnoonsolmu
45720,45720,0,45720,45720,0,False,SCHEDULED,1631912400,HSL:2159_20210917_La_2_1231,159,HSL:2442201,Finnoonsolmu
46140,46114,-26,46140,46114,-26,True,UPDATED,1631912400,HSL:6171_20210917_La_2_1206,171,HSL:2442201,Finnoonsolmu
46140,46140,0,46140,46140,0,False,SCHEDULED,1631912400,HSL:2146_20210917_La_2_1238,146,HSL:2442201,Finnoonsolmu
45300,45348,48,45300,45358,58,True,UPDATED,1631912400,HSL:1002_20210917_La_1_1159,2,HSL:1173433,Messukeskus
45720,45823,103,45720,45823,103,True,UPDATED,1631912400,HSL:1007_20210917_La_1_1207,7,HSL:1173433,Messukeskus
45900,45871,-29,45900,45882,-18,True,UPDATED,1631912400,HSL:1009_20210917_La_1_1210,9,HSL:1173433,Messukeskus
46020,45888,-132,46020,45898,-122,True,UPDATED,1631912400,HSL:1002_20210917_La_1_1211,2,HSL:1173433,Messukeskus
46440,46494,54,46440,46503,63,True,UPDATED,1631912400,HSL:1007_20210917_La_1_1218,7,HSL:1173433,Messukeskus
45540,45540,0,45540,45540,0,True,UPDATED,1631912400,HSL:1007_20210917_La_2_1236,7,HSL:1173430,Radanrakentajantie
46260,46260,0,46260,46260,0,False,SCHEDULED,1631912400,HSL:1007_20210917_La_2_1248,7,HSL:1173430,Radanrakentajantie
46980,46980,0,46980,46980,0,False,SCHEDULED,1631912400,HSL:1007_20210917_La_2_1300,7,HSL:1173430,Radanrakentajantie
47700,47700,0,47700,47700,0,False,SCHEDULED,1631912400,HSL:1007_20210917_La_2_1312,7,HSL:1173430,Radanrakentajantie
48420,48420,0,48420,48420,0,False,SCHEDULED,1631912400,HSL:1007_20210917_La_2_1324,7,HSL:1173430,Radanrakentajantie
92340,92340,0,92340,92340,0,False,SCHEDULED,1631912400,HSL:9643N_20210917_La_2_2535,643N,HSL:9670212,Metsäntutkimuslaitos
45240,45311,71,45240,45346,106,True,UPDATED,1631912400,HSL:1002_20210917_La_1_1159,2,HSL:1173431,Kellosilta
45720,45823,103,45720,45823,103,True,UPDATED,1631912400,HSL:1007_20210917_La_1_1207,7,HSL:1173431,Kellosilta
45840,45831,-9,45840,45843,3,True,UPDATED,1631912400,HSL:1009_20210917_La_1_1210,9,HSL:1173431,Kellosilta
45960,45850,-110,45960,45860,-100,True,UPDATED,1631912400,HSL:1002_20210917_La_1_1211,2,HSL:1173431,Kellosilta
46440,46470,30,46440,46478,38,True,UPDATED,1631912400,HSL:1007_20210917_La_1_1218,7,HSL:1173431,Kellosilta
46260,46260,0,46260,46260,0,True,UPDATED,1631912400,HSL:9642_20210917_La_2_1238,642,HSL:9670210,Mangs
49860,49860,0,49860,49860,0,False,SCHEDULED,1631912400,HSL:9642_20210917_La_2_1338,642,HSL:9670210,Mangs
53460,53460,0,53460,53460,0,False,SCHEDULED,1631912400,HSL:9642_20210917_La_2_1438,642,HSL:9670210,Mangs
57060,57060,0,57060,57060,0,False,SCHEDULED,1631912400,HSL:9642_20210917_La_2_1538,642,HSL:9670210,Mangs
60660,60660,0,60660,60660,0,False,SCHEDULED,1631912400,HSL:9642_20210917_La_2_1638,642,HSL:9670210,Mangs
87600,87600,0,87600,87600,0,False,SCHEDULED,1631912400,HSL:2147N_20210917_La_1_2402,147N,HSL:2442208,Kurjenkellontie
89340,89340,0,89340,89340,0,False,SCHEDULED,1631912400,HSL:2147N_20210917_La_1_2432,147N,HSL:2442208,Kurjenkellontie
91140,91140,0,91140,91140,0,False,SCHEDULED,1631912400,HSL:2147N_20210917_La_1_2502,147N,HSL:2442208,Kurjenkellontie
92940,92940,0,92940,92940,0,False,SCHEDULED,1631912400,HSL:2147N_20210917_La_1_2532,147N,HSL:2442208,Kurjenkellontie
94740,94740,0,94740,94740,0,False,SCHEDULED,1631912400,HSL:2147N_20210917_La_1_2602,147N,HSL:2442208,Kurjenkellontie
83880,83880,0,83880,83880,0,False,SCHEDULED,1631912400,HSL:2147N_20210917_La_2_2304,147N,HSL:2442207,Hannuksenpelto
85020,85020,0,85020,85020,0,False,SCHEDULED,1631912400,HSL:2147N_20210917_La_2_2323,147N,HSL:2442207,Hannuksenpelto
86760,86760,0,86760,86760,0,False,SCHEDULED,1631912400,HSL:2147N_20210917_La_2_2353,147N,HSL:2442207,Hannuksenpelto
88560,88560,0,88560,88560,0,False,SCHEDULED,1631912400,HSL:2147N_20210917_La_2_2423,147N,HSL:2442207,Hannuksenpelto
90360,90360,0,90360,90360,0,False,SCHEDULED,1631912400,HSL:2147N_20210917_La_2_2453,147N,HSL:2442207,Hannuksenpelto
45060,45339,279,45060,45339,279,True,UPDATED,1631912400,HSL:2543_20210917_La_1_1155,543,HSL:2442206,Hannuksenpelto
45480,45445,-35,45480,45453,-27,True,UPDATED,1631912400,HSL:2143_20210917_La_1_1231,143,HSL:2442206,Hannuksenpelto
45900,45900,0,45900,45900,0,False,SCHEDULED,1631912400,HSL:2147_20210917_La_1_1238,147,HSL:2442206,Hannuksenpelto
46380,46380,0,46380,46380,0,False,SCHEDULED,1631912400,HSL:2143_20210917_La_1_1246,143,HSL:2442206,Hannuksenpelto
46800,46800,0,46800,46800,0,False,SCHEDULED,1631912400,HSL:2147_20210917_La_1_1253,147,HSL:2442206,Hannuksenpelto
45480,45513,33,45480,45542,62,True,UPDATED,1631912400,HSL:4445T_20210917_La_1_1230,445T,HSL:4240219,Riipiläntie 63
47340,47340,0,47340,47340,0,False,SCHEDULED,1631912400,HSL:4576_20210917_La_2_1301,576,HSL:4240219,Riipiläntie 63
49080,49080,0,49080,49080,0,False,SCHEDULED,1631912400,HSL:4445_20210917_La_1_1330,445,HSL:4240219,Riipiläntie 63
50940,50940,0,50940,50940,0,False,SCHEDULED,1631912400,HSL:4576_20210917_La_2_1401,576,HSL:4240219,Riipiläntie 63
52680,52680,0,52680,52680,0,False,SCHEDULED,1631912400,HSL:4445_20210917_La_1_1430,445,HSL:4240219,Riipiläntie 63
46800,46800,0,46800,46800,0,False,SCHEDULED,1631912400,HSLlautta:155,Itäinen saaristoreitti,HSLlautta:9559,Laajasalon saaristovenelaituri
63900,63900,0,63900,63900,0,False,SCHEDULED,1631912400,HSLlautta:166,Itäinen saaristoreitti,HSLlautta:9559,Laajasalon saaristovenelaituri
72000,72000,0,72000,72000,0,False,SCHEDULED,1631912400,HSLlautta:156,Itäinen saaristoreitti,HSLlautta:9559,Laajasalon saaristovenelaituri
38700,38700,0,38700,38700,0,False,SCHEDULED,1631998800,HSLlautta:165,Itäinen saaristoreitti,HSLlautta:9559,Laajasalon saaristovenelaituri
46740,46794,54,46740,46799,59,True,UPDATED,1631912400,HSL:2543_20210917_La_1_1225,543,HSL:2442216,Finnoonkartano
48540,48540,0,48540,48540,0,False,SCHEDULED,1631912400,HSL:2543_20210917_La_1_1255,543,HSL:2442216,Finnoonkartano
50340,50340,0,50340,50340,0,False,SCHEDULED,1631912400,HSL:2543_20210917_La_1_1325,543,HSL:2442216,Finnoonkartano
52140,52140,0,52140,52140,0,False,SCHEDULED,1631912400,HSL:2543_20210917_La_1_1355,543,HSL:2442216,Finnoonkartano
53940,53940,0,53940,53940,0,False,SCHEDULED,1631912400,HSL:2543_20210917_La_1_1425,543,HSL:2442216,Finnoonkartano
67500,67500,0,67500,67500,0,False,SCHEDULED,1631912400,HSLlautta:166,Itäinen saaristoreitti,HSLlautta:9565,Vuosaaren saaristovenelaituri
68400,68400,0,68400,68400,0,False,SCHEDULED,1631912400,HSLlautta:156,Itäinen saaristoreitti,HSLlautta:9565,Vuosaaren saaristovenelaituri
42300,42300,0,42300,42300,0,False,SCHEDULED,1631998800,HSLlautta:165,Itäinen saaristoreitti,HSLlautta:9565,Vuosaaren saaristovenelaituri
43200,43200,0,43200,43200,0,False,SCHEDULED,1631998800,HSLlautta:155,Itäinen saaristoreitti,HSLlautta:9565,Vuosaaren saaristovenelaituri
45600,45596,-4,45600,45596,-4,True,UPDATED,1631912400,HSL:2143_20210917_La_2_1226,143,HSL:2442215,Finnoo
45720,45720,0,45720,45720,0,True,UPDATED,1631912400,HSL:2111_20210917_La_2_1238,111,HSL:2442215,Finnoo
46080,46080,0,46080,46080,0,False,SCHEDULED,1631912400,HSL:2147_20210917_La_2_1233,147,HSL:2442215,Finnoo
46500,46500,0,46500,46500,0,False,SCHEDULED,1631912400,HSL:2143_20210917_La_2_1241,143,HSL:2442215,Finnoo
46620,46620,0,46620,46620,0,False,SCHEDULED,1631912400,HSL:2111_20210917_La_2_1253,111,HSL:2442215,Finnoo
66300,66300,0,66300,66300,0,False,SCHEDULED,1631912400,HSLlautta:166,Itäinen saaristoreitti,HSLlautta:9564,Leikosaari
69600,69600,0,69600,69600,0,False,SCHEDULED,1631912400,HSLlautta:156,Itäinen saaristoreitti,HSLlautta:9564,Leikosaari
41100,41100,0,41100,41100,0,False,SCHEDULED,1631998800,HSLlautta:165,Itäinen saaristoreitti,HSLlautta:9564,Leikosaari
44400,44400,0,44400,44400,0,False,SCHEDULED,1631998800,HSLlautta:155,Itäinen saaristoreitti,HSLlautta:9564,Leikosaari
45300,45325,25,45300,45327,27,True,UPDATED,1631912400,HSL:2143_20210917_La_1_1231,143,HSL:2442214,Finnoo
45360,45482,122,45360,45484,124,True,UPDATED,1631912400,HSL:2111_20210917_La_1_1200,111,HSL:2442214,Finnoo
45720,45720,0,45720,45720,0,False,SCHEDULED,1631912400,HSL:2147_20210917_La_1_1238,147,HSL:2442214,Finnoo
46200,46200,0,46200,46200,0,False,SCHEDULED,1631912400,HSL:2143_20210917_La_1_1246,143,HSL:2442214,Finnoo
46260,46280,20,46260,46282,22,True,UPDATED,1631912400,HSL:2111_20210917_La_1_1215,111,HSL:2442214,Finnoo
65400,65400,0,65400,65400,0,False,SCHEDULED,1631912400,HSLlautta:166,Itäinen saaristoreitti,HSLlautta:9563,Satamasaari
70500,70500,0,70500,70500,0,False,SCHEDULED,1631912400,HSLlautta:156,Itäinen saaristoreitti,HSLlautta:9563,Satamasaari
40200,40200,0,40200,40200,0,False,SCHEDULED,1631998800,HSLlautta:165,Itäinen saaristoreitti,HSLlautta:9563,Satamasaari
45300,45300,0,45300,45300,0,False,SCHEDULED,1631998800,HSLlautta:155,Itäinen saaristoreitti,HSLlautta:9563,Satamasaari
45420,45393,-27,45420,45398,-22,True,UPDATED,1631912400,HSL:2143_20210917_La_1_1231,143,HSL:2442213,Peijinkatu
45840,45840,0,45840,45840,0,False,SCHEDULED,1631912400,HSL:2147_20210917_La_1_1238,147,HSL:2442213,Peijinkatu
46320,46320,0,46320,46320,0,False,SCHEDULED,1631912400,HSL:2143_20210917_La_1_1246,143,HSL:2442213,Peijinkatu
46740,46740,0,46740,46740,0,False,SCHEDULED,1631912400,HSL:2147_20210917_La_1_1253,147,HSL:2442213,Peijinkatu
46800,46870,70,46800,46872,72,True,UPDATED,1631912400,HSL:2543_20210917_La_1_1225,543,HSL:2442213,Peijinkatu
65700,65700,0,65700,65700,0,False,SCHEDULED,1631912400,HSLlautta:166,Itäinen saaristoreitti,HSLlautta:9562,Iiluoto
70200,70200,0,70200,70200,0,False,SCHEDULED,1631912400,HSLlautta:156,Itäinen saaristoreitti,HSLlautta:9562,Iiluoto
40500,40500,0,40500,40500,0,False,SCHEDULED,1631998800,HSLlautta:165,Itäinen saaristoreitti,HSLlautta:9562,Iiluoto
45000,45000,0,45000,45000,0,False,SCHEDULED,1631998800,HSLlautta:155,Itäinen saaristoreitti,HSLlautta:9562,Iiluoto
45300,45332,32,45300,45336,36,True,UPDATED,1631912400,HSL:2543_20210917_La_2_1222,543,HSL:2442212,Hyljetie
45540,45548,8,45540,45560,20,True,UPDATED,1631912400,HSL:2143_20210917_La_2_1226,143,HSL:2442212,Hyljetie
46020,46020,0,46020,46020,0,False,SCHEDULED,1631912400,HSL:2147_20210917_La_2_1233,147,HSL:2442212,Hyljetie
46440,46440,0,46440,46440,0,False,SCHEDULED,1631912400,HSL:2143_20210917_La_2_1241,143,HSL:2442212,Hyljetie
46920,46920,0,46920,46920,0,False,SCHEDULED,1631912400,HSL:2147_20210917_La_2_1248,147,HSL:2442212,Hyljetie
48540,48540,0,48540,48540,0,False,SCHEDULED,1631912400,HSL:4433K_20210917_La_2_1320,433K,HSL:4240227,Murtotie
52140,52140,0,52140,52140,0,False,SCHEDULED,1631912400,HSL:4433K_20210917_La_2_1420,433K,HSL:4240227,Murtotie
55740,55740,0,55740,55740,0,False,SCHEDULED,1631912400,HSL:4433K_20210917_La_2_1520,433K,HSL:4240227,Murtotie
59340,59340,0,59340,59340,0,False,SCHEDULED,1631912400,HSL:4433K_20210917_La_2_1620,433K,HSL:4240227,Murtotie
62940,62940,0,62940,62940,0,False,SCHEDULED,1631912400,HSL:4433K_20210917_La_2_1720,433K,HSL:4240227,Murtotie
47400,47400,0,47400,47400,0,False,SCHEDULED,1631912400,HSLlautta:1214,Ympyrälinja,HSLlautta:9569,Tykistölahti
48300,48300,0,48300,48300,0,False,SCHEDULED,1631912400,HSLlautta:397,Sininen reitti,HSLlautta:9569,Tykistölahti
50700,50700,0,50700,50700,0,False,SCHEDULED,1631912400,HSLlautta:1215,Ympyrälinja,HSLlautta:9569,Tykistölahti
51900,51900,0,51900,51900,0,False,SCHEDULED,1631912400,HSLlautta:398,Sininen reitti,HSLlautta:9569,Tykistölahti
54300,54300,0,54300,54300,0,False,SCHEDULED,1631912400,HSLlautta:1216,Ympyrälinja,HSLlautta:9569,Tykistölahti
45480,45484,4,45480,45501,21,True,UPDATED,1631912400,HSL:2143_20210917_La_2_1226,143,HSL:2442211,Iivisniemi
45960,45960,0,45960,45960,0,False,SCHEDULED,1631912400,HSL:2147_20210917_La_2_1233,147,HSL:2442211,Iivisniemi
46380,46380,0,46380,46380,0,False,SCHEDULED,1631912400,HSL:2143_20210917_La_2_1241,143,HSL:2442211,Iivisniemi
46860,46860,0,46860,46860,0,False,SCHEDULED,1631912400,HSL:2147_20210917_La_2_1248,147,HSL:2442211,Iivisniemi
47040,47040,0,47040,47040,0,False,SCHEDULED,1631912400,HSL:2543_20210917_La_2_1252,543,HSL:2442211,Iivisniemi
47400,47400,0,47400,47400,0,False,SCHEDULED,1631912400,HSLlautta:397,Sininen reitti,HSLlautta:9568,Lonna
48000,48000,0,48000,48000,0,False,SCHEDULED,1631912400,HSLlautta:1214,Ympyrälinja,HSLlautta:9568,Lonna
48900,48900,0,48900,48900,0,False,SCHEDULED,1631912400,HSLlautta:397,Sininen reitti,HSLlautta:9568,Lonna
51000,51000,0,51000,51000,0,False,SCHEDULED,1631912400,HSLlautta:398,Sininen reitti,HSLlautta:9568,Lonna
51300,51300,0,51300,51300,0,False,SCHEDULED,1631912400,HSLlautta:1215,Ympyrälinja,HSLlautta:9568,Lonna
45120,45391,271,45120,45419,299,True,UPDATED,1631912400,HSL:2543_20210917_La_1_1155,543,HSL:2442210,Iivisniemi
45540,45506,-34,45540,45519,-21,True,UPDATED,1631912400,HSL:2143_20210917_La_1_1231,143,HSL:2442210,Iivisniemi
45960,45960,0,45960,45960,0,False,SCHEDULED,1631912400,HSL:2147_20210917_La_1_1238,147,HSL:2442210,Iivisniemi
46440,46440,0,46440,46440,0,False,SCHEDULED,1631912400,HSL:2143_20210917_La_1_1246,143,HSL:2442210,Iivisniemi
46860,46860,0,46860,46860,0,False,SCHEDULED,1631912400,HSL:2147_20210917_La_1_1253,147,HSL:2442210,Iivisniemi
49500,49500,0,49500,49500,0,False,SCHEDULED,1631912400,HSLlautta:155,Itäinen saaristoreitti,HSLlautta:9566,Hakaniemen laituri
61200,61200,0,61200,61200,0,False,SCHEDULED,1631912400,HSLlautta:166,Itäinen saaristoreitti,HSLlautta:9566,Hakaniemen laituri
74700,74700,0,74700,74700,0,False,SCHEDULED,1631912400,HSLlautta:156,Itäinen saaristoreitti,HSLlautta:9566,Hakaniemen laituri
36000,36000,0,36000,36000,0,False,SCHEDULED,1631998800,HSLlautta:165,Itäinen saaristoreitti,HSLlautta:9566,Hakaniemen laituri
45900,45900,0,45900,45900,0,False,SCHEDULED,1631912400,HSLlautta:155,Itäinen saaristoreitti,HSLlautta:9561,Kivisaari
64800,64800,0,64800,64800,0,False,SCHEDULED,1631912400,HSLlautta:166,Itäinen saaristoreitti,HSLlautta:9561,Kivisaari
71100,71100,0,71100,71100,0,False,SCHEDULED,1631912400,HSLlautta:156,Itäinen saaristoreitti,HSLlautta:9561,Kivisaari
39600,39600,0,39600,39600,0,False,SCHEDULED,1631998800,HSLlautta:165,Itäinen saaristoreitti,HSLlautta:9561,Kivisaari
46500,46500,0,46500,46500,0,False,SCHEDULED,1631912400,HSLlautta:155,Itäinen saaristoreitti,HSLlautta:9560,Vartiosaari
64200,64200,0,64200,64200,0,False,SCHEDULED,1631912400,HSLlautta:166,Itäinen saaristoreitti,HSLlautta:9560,Vartiosaari
71700,71700,0,71700,71700,0,False,SCHEDULED,1631912400,HSLlautta:156,Itäinen saaristoreitti,HSLlautta:9560,Vartiosaari
39000,39000,0,39000,39000,0,False,SCHEDULED,1631998800,HSLlautta:165,Itäinen saaristoreitti,HSLlautta:9560,Vartiosaari
45420,45411,-9,45420,45411,-9,True,UPDATED,1631912400,HSL:2543_20210917_La_2_1222,543,HSL:2442217,Finnoonkartano
47220,47220,0,47220,47220,0,False,SCHEDULED,1631912400,HSL:2543_20210917_La_2_1252,543,HSL:2442217,Finnoonkartano
49020,49020,0,49020,49020,0,False,SCHEDULED,1631912400,HSL:2543_20210917_La_2_1322,543,HSL:2442217,Finnoonkartano
50820,50820,0,50820,50820,0,False,SCHEDULED,1631912400,HSL:2543_20210917_La_2_1352,543,HSL:2442217,Finnoonkartano
52620,52620,0,52620,52620,0,False,SCHEDULED,1631912400,HSL:2543_20210917_La_2_1422,543,HSL:2442217,Finnoonkartano
48420,48420,0,48420,48420,0,False,SCHEDULED,1631912400,HSL:4433K_20210917_La_2_1320,433K,HSL:4240220,Murtopakankuja
52020,52020,0,52020,52020,0,False,SCHEDULED,1631912400,HSL:4433K_20210917_La_2_1420,433K,HSL:4240220,Murtopakankuja
55620,55620,0,55620,55620,0,False,SCHEDULED,1631912400,HSL:4433K_20210917_La_2_1520,433K,HSL:4240220,Murtopakankuja
59220,59220,0,59220,59220,0,False,SCHEDULED,1631912400,HSL:4433K_20210917_La_2_1620,433K,HSL:4240220,Murtopakankuja
62820,62820,0,62820,62820,0,False,SCHEDULED,1631912400,HSL:4433K_20210917_La_2_1720,433K,HSL:4240220,Murtopakankuja
45480,45492,12,45480,45513,33,True,UPDATED,1631912400,HSL:4445T_20210917_La_1_1230,445T,HSL:4240209,Rajalantie
47340,47340,0,47340,47340,0,False,SCHEDULED,1631912400,HSL:4576_20210917_La_2_1301,576,HSL:4240209,Rajalantie
49080,49080,0,49080,49080,0,False,SCHEDULED,1631912400,HSL:4445_20210917_La_1_1330,445,HSL:4240209,Rajalantie
50940,50940,0,50940,50940,0,False,SCHEDULED,1631912400,HSL:4576_20210917_La_2_1401,576,HSL:4240209,Rajalantie
52680,52680,0,52680,52680,0,False,SCHEDULED,1631912400,HSL:4445_20210917_La_1_1430,445,HSL:4240209,Rajalantie
46140,46117,-23,46140,46118,-22,True,UPDATED,1631912400,HSL:4576_20210917_La_1_1210,576,HSL:4240208,Sotilaskorventie
47760,47760,0,47760,47760,0,False,SCHEDULED,1631912400,HSL:4445_20210917_La_2_1305,445,HSL:4240208,Sotilaskorventie
49680,49680,0,49680,49680,0,False,SCHEDULED,1631912400,HSL:4576_20210917_La_1_1309,576,HSL:4240208,Sotilaskorventie
51420,51420,0,51420,51420,0,False,SCHEDULED,1631912400,HSL:4445T_20210917_La_2_1355,445T,HSL:4240208,Sotilaskorventie
53280,53280,0,53280,53280,0,False,SCHEDULED,1631912400,HSL:4576_20210917_La_1_1409,576,HSL:4240208,Sotilaskorventie
46020,45998,-22,46020,45999,-21,True,UPDATED,1631912400,HSL:4576_20210917_La_1_1210,576,HSL:4240212,Forsbackantie
47640,47640,0,47640,47640,0,False,SCHEDULED,1631912400,HSL:4445_20210917_La_2_1305,445,HSL:4240212,Forsbackantie
49560,49560,0,49560,49560,0,False,SCHEDULED,1631912400,HSL:4576_20210917_La_1_1309,576,HSL:4240212,Forsbackantie
51300,51300,0,51300,51300,0,False,SCHEDULED,1631912400,HSL:4445T_20210917_La_2_1355,445T,HSL:4240212,Forsbackantie
53160,53160,0,53160,53160,0,False,SCHEDULED,1631912400,HSL:4576_20210917_La_1_1409,576,HSL:4240212,Forsbackantie
45720,45720,0,45720,45720,0,False,SCHEDULED,1631912400,HSLlautta:520,Sirpalesaaren yhteysvene,HSLlautta:9576,Merisatama
45720,45720,0,45720,45720,0,False,SCHEDULED,1631912400,HSLlautta:667,Sirpalesaaren yhteysvene,HSLlautta:9576,Merisatama
46920,46920,0,46920,46920,0,False,SCHEDULED,1631912400,HSLlautta:492,Sirpalesaaren yhteysvene,HSLlautta:9576,Merisatama
46920,46920,0,46920,46920,0,False,SCHEDULED,1631912400,HSLlautta:637,Sirpalesaaren yhteysvene,HSLlautta:9576,Merisatama
48120,48120,0,48120,48120,0,False,SCHEDULED,1631912400,HSLlautta:521,Sirpalesaaren yhteysvene,HSLlautta:9576,Merisatama
45480,45542,62,45480,45542,62,True,UPDATED,1631912400,HSL:4445T_20210917_La_1_1230,445T,HSL:4240211,Forsbackantie
47400,47400,0,47400,47400,0,False,SCHEDULED,1631912400,HSL:4576_20210917_La_2_1301,576,HSL:4240211,Forsbackantie
49080,49080,0,49080,49080,0,False,SCHEDULED,1631912400,HSL:4445_20210917_La_1_1330,445,HSL:4240211,Forsbackantie
51000,51000,0,51000,51000,0,False,SCHEDULED,1631912400,HSL:4576_20210917_La_2_1401,576,HSL:4240211,Forsbackantie
52680,52680,0,52680,52680,0,False,SCHEDULED,1631912400,HSL:4445_20210917_La_1_1430,445,HSL:4240211,Forsbackantie
45360,45460,100,45360,45464,104,True,UPDATED,1631912400,HSL:2111_20210917_La_1_1200,111,HSL:2442224,Hyljeluodontie
45720,45720,0,45720,45720,0,False,SCHEDULED,1631912400,HSL:2147_20210917_La_1_1238,147,HSL:2442224,Hyljeluodontie
46200,46200,0,46200,46200,0,False,SCHEDULED,1631912400,HSL:2143_20210917_La_1_1246,143,HSL:2442224,Hyljeluodontie
46260,46247,-13,46260,46249,-11,True,UPDATED,1631912400,HSL:2111_20210917_La_1_1215,111,HSL:2442224,Hyljeluodontie
46620,46620,0,46620,46620,0,False,SCHEDULED,1631912400,HSL:2147_20210917_La_1_1253,147,HSL:2442224,Hyljeluodontie
46080,46093,13,46080,46094,14,True,UPDATED,1631912400,HSL:4576_20210917_La_1_1210,576,HSL:4240218,Linnankalliontie
47760,47760,0,47760,47760,0,False,SCHEDULED,1631912400,HSL:4445_20210917_La_2_1305,445,HSL:4240218,Linnankalliontie
49620,49620,0,49620,49620,0,False,SCHEDULED,1631912400,HSL:4576_20210917_La_1_1309,576,HSL:4240218,Linnankalliontie
51360,51360,0,51360,51360,0,False,SCHEDULED,1631912400,HSL:4445T_20210917_La_2_1355,445T,HSL:4240218,Linnankalliontie
53220,53220,0,53220,53220,0,False,SCHEDULED,1631912400,HSL:4576_20210917_La_1_1409,576,HSL:4240218,Linnankalliontie
45420,45451,31,45420,45451,31,True,UPDATED,1631912400,HSL:4445T_20210917_La_1_1230,445T,HSL:4240217,Linnankalliontie
47280,47280,0,47280,47280,0,False,SCHEDULED,1631912400,HSL:4576_20210917_La_2_1301,576,HSL:4240217,Linnankalliontie
49020,49020,0,49020,49020,0,False,SCHEDULED,1631912400,HSL:4445_20210917_La_1_1330,445,HSL:4240217,Linnankalliontie
50880,50880,0,50880,50880,0,False,SCHEDULED,1631912400,HSL:4576_20210917_La_2_1401,576,HSL:4240217,Linnankalliontie
52620,52620,0,52620,52620,0,False,SCHEDULED,1631912400,HSL:4445_20210917_La_1_1430,445,HSL:4240217,Linnankalliontie
45600,45600,0,45600,45600,0,False,SCHEDULED,1631912400,HSLlautta:520,Sirpalesaaren yhteysvene,HSLlautta:9577,Sirpalesaari
45840,45840,0,45840,45840,0,False,SCHEDULED,1631912400,HSLlautta:667,Sirpalesaaren yhteysvene,HSLlautta:9577,Sirpalesaari
46800,46800,0,46800,46800,0,False,SCHEDULED,1631912400,HSLlautta:492,Sirpalesaaren yhteysvene,HSLlautta:9577,Sirpalesaari
47040,47040,0,47040,47040,0,False,SCHEDULED,1631912400,HSLlautta:637,Sirpalesaaren yhteysvene,HSLlautta:9577,Sirpalesaari
48000,48000,0,48000,48000,0,False,SCHEDULED,1631912400,HSLlautta:521,Sirpalesaaren yhteysvene,HSLlautta:9577,Sirpalesaari
46200,46200,0,46200,46200,0,False,SCHEDULED,1631912400,HSLlautta:396,Sininen reitti,HSLlautta:9571,Kauppatori (Kolera-allas)
46800,46800,0,46800,46800,0,False,SCHEDULED,1631912400,HSLlautta:397,Sininen reitti,HSLlautta:9571,Kauppatori (Kolera-allas)
49800,49800,0,49800,49800,0,False,SCHEDULED,1631912400,HSLlautta:397,Sininen reitti,HSLlautta:9571,Kauppatori (Kolera-allas)
50400,50400,0,50400,50400,0,False,SCHEDULED,1631912400,HSLlautta:398,Sininen reitti,HSLlautta:9571,Kauppatori (Kolera-allas)
53400,53400,0,53400,53400,0,False,SCHEDULED,1631912400,HSLlautta:398,Sininen reitti,HSLlautta:9571,Kauppatori (Kolera-allas)
46080,46064,-16,46080,46065,-15,True,UPDATED,1631912400,HSL:4576_20210917_La_1_1210,576,HSL:4240210,Rajalantie
47700,47700,0,47700,47700,0,False,SCHEDULED,1631912400,HSL:4445_20210917_La_2_1305,445,HSL:4240210,Rajalantie
49620,49620,0,49620,49620,0,False,SCHEDULED,1631912400,HSL:4576_20210917_La_1_1309,576,HSL:4240210,Rajalantie
51360,51360,0,51360,51360,0,False,SCHEDULED,1631912400,HSL:4445T_20210917_La_2_1355,445T,HSL:4240210,Rajalantie
53220,53220,0,53220,53220,0,False,SCHEDULED,1631912400,HSL:4576_20210917_La_1_1409,576,HSL:4240210,Rajalantie
48600,48600,0,48600,48600,0,False,SCHEDULED,1631912400,HSLlautta:397,Sininen reitti,HSLlautta:9570,Kuninkaanportti
52200,52200,0,52200,52200,0,False,SCHEDULED,1631912400,HSLlautta:398,Sininen reitti,HSLlautta:9570,Kuninkaanportti
55800,55800,0,55800,55800,0,False,SCHEDULED,1631912400,HSLlautta:399,Sininen reitti,HSLlautta:9570,Kuninkaanportti
59400,59400,0,59400,59400,0,False,SCHEDULED,1631912400,HSLlautta:400,Sininen reitti,HSLlautta:9570,Kuninkaanportti
63000,63000,0,63000,63000,0,False,SCHEDULED,1631912400,HSLlautta:401,Sininen reitti,HSLlautta:9570,Kuninkaanportti
48000,48000,0,48000,48000,0,False,SCHEDULED,1631912400,HSLlautta:82,Kauppatori-Korkeasaari,HSLlautta:9541,Korkeasaari
48600,48600,0,48600,48600,0,False,SCHEDULED,1631912400,HSLlautta:40,Kauppatori-Korkeasaari,HSLlautta:9541,Korkeasaari
51600,51600,0,51600,51600,0,False,SCHEDULED,1631912400,HSLlautta:83,Kauppatori-Korkeasaari,HSLlautta:9541,Korkeasaari
52200,52200,0,52200,52200,0,False,SCHEDULED,1631912400,HSLlautta:41,Kauppatori-Korkeasaari,HSLlautta:9541,Korkeasaari
55200,55200,0,55200,55200,0,False,SCHEDULED,1631912400,HSLlautta:84,Kauppatori-Korkeasaari,HSLlautta:9541,Korkeasaari
46200,46200,0,46200,46200,0,False,SCHEDULED,1631912400,HSLlautta:39,Kauppatori-Korkeasaari,HSLlautta:9540,Kauppatori (Korkeasaaren laituri)
46800,46800,0,46800,46800,0,False,SCHEDULED,1631912400,HSLlautta:82,Kauppatori-Korkeasaari,HSLlautta:9540,Kauppatori (Korkeasaaren laituri)
49800,49800,0,49800,49800,0,False,SCHEDULED,1631912400,HSLlautta:40,Kauppatori-Korkeasaari,HSLlautta:9540,Kauppatori (Korkeasaaren laituri)
50400,50400,0,50400,50400,0,False,SCHEDULED,1631912400,HSLlautta:83,Kauppatori-Korkeasaari,HSLlautta:9540,Kauppatori (Korkeasaaren laituri)
53400,53400,0,53400,53400,0,False,SCHEDULED,1631912400,HSLlautta:41,Kauppatori-Korkeasaari,HSLlautta:9540,Kauppatori (Korkeasaaren laituri)
48000,48000,0,48000,48000,0,False,SCHEDULED,1631912400,HSLlautta:155,Itäinen saaristoreitti,HSLlautta:9558,Herttoniemen saaristovenelaituri
62700,62700,0,62700,62700,0,False,SCHEDULED,1631912400,HSLlautta:166,Itäinen saaristoreitti,HSLlautta:9558,Herttoniemen saaristovenelaituri
73200,73200,0,73200,73200,0,False,SCHEDULED,1631912400,HSLlautta:156,Itäinen saaristoreitti,HSLlautta:9558,Herttoniemen saaristovenelaituri
37500,37500,0,37500,37500,0,False,SCHEDULED,1631998800,HSLlautta:165,Itäinen saaristoreitti,HSLlautta:9558,Herttoniemen saaristovenelaituri
45900,45936,36,45900,45936,36,True,UPDATED,1631912400,HSL:1023_20210917_La_2_1233,23,HSL:1172146,Posti 2
46260,46291,31,46260,46291,31,True,UPDATED,1631912400,HSL:1063_20210917_La_2_1233,63,HSL:1172146,Posti 2
47100,47100,0,47100,47100,0,False,SCHEDULED,1631912400,HSL:1023_20210917_La_2_1253,23,HSL:1172146,Posti 2
47460,47460,0,47460,47460,0,False,SCHEDULED,1631912400,HSL:1063_20210917_La_2_1253,63,HSL:1172146,Posti 2
48300,48300,0,48300,48300,0,False,SCHEDULED,1631912400,HSL:1023_20210917_La_2_1313,23,HSL:1172146,Posti 2
45900,45930,30,45900,45930,30,True,UPDATED,1631912400,HSL:1063_20210917_La_1_1226,63,HSL:1172143,Posti 1
46260,46380,120,46260,46380,120,True,UPDATED,1631912400,HSL:1023_20210917_La_1_1223,23,HSL:1172143,Posti 1
47100,47100,0,47100,47100,0,False,SCHEDULED,1631912400,HSL:1063_20210917_La_1_1246,63,HSL:1172143,Posti 1
47460,47460,0,47460,47460,0,False,SCHEDULED,1631912400,HSL:1023_20210917_La_1_1243,23,HSL:1172143,Posti 1
48300,48300,0,48300,48300,0,False,SCHEDULED,1631912400,HSL:1063_20210917_La_1_1306,63,HSL:1172143,Posti 1
45960,45996,36,45960,45996,36,True,UPDATED,1631912400,HSL:1023_20210917_La_2_1233,23,HSL:1172142,Ilmalan bussivarikko
46380,46411,31,46380,46411,31,True,UPDATED,1631912400,HSL:1063_20210917_La_2_1233,63,HSL:1172142,Ilmalan bussivarikko
47160,47160,0,47160,47160,0,False,SCHEDULED,1631912400,HSL:1023_20210917_La_2_1253,23,HSL:1172142,Ilmalan bussivarikko
47580,47580,0,47580,47580,0,False,SCHEDULED,1631912400,HSL:1063_20210917_La_2_1253,63,HSL:1172142,Ilmalan bussivarikko
48360,48360,0,48360,48360,0,False,SCHEDULED,1631912400,HSL:1023_20210917_La_2_1313,23,HSL:1172142,Ilmalan bussivarikko
45960,45990,30,45960,45990,30,True,UPDATED,1631912400,HSL:1063_20210917_La_1_1226,63,HSL:1172145,Posti 2
46320,46440,120,46320,46440,120,True,UPDATED,1631912400,HSL:1023_20210917_La_1_1223,23,HSL:1172145,Posti 2
47160,47160,0,47160,47160,0,False,SCHEDULED,1631912400,HSL:1063_20210917_La_1_1246,63,HSL:1172145,Posti 2
47520,47520,0,47520,47520,0,False,SCHEDULED,1631912400,HSL:1023_20210917_La_1_1243,23,HSL:1172145,Posti 2
48360,48360,0,48360,48360,0,False,SCHEDULED,1631912400,HSL:1063_20210917_La_1_1306,63,HSL:1172145,Posti 2
45960,45996,36,45960,45996,36,True,UPDATED,1631912400,HSL:1023_20210917_La_2_1233,23,HSL:1172144,Posti 1
46320,46351,31,46320,46351,31,True,UPDATED,1631912400,HSL:1063_20210917_La_2_1233,63,HSL:1172144,Posti 1
47160,47160,0,47160,47160,0,False,SCHEDULED,1631912400,HSL:1023_20210917_La_2_1253,23,HSL:1172144,Posti 1
47520,47520,0,47520,47520,0,False,SCHEDULED,1631912400,HSL:1063_20210917_La_2_1253,63,HSL:1172144,Posti 1
48360,48360,0,48360,48360,0,False,SCHEDULED,1631912400,HSL:1023_20210917_La_2_1313,23,HSL:1172144,Posti 1
45540,45551,11,45540,45574,34,True,UPDATED,1631912400,HSL:1095_20210917_La_2_1227,95,HSL:1472133,Untamalantie
46440,46440,0,46440,46440,0,False,SCHEDULED,1631912400,HSL:1095_20210917_La_2_1242,95,HSL:1472133,Untamalantie
47340,47340,0,47340,47340,0,False,SCHEDULED,1631912400,HSL:1095_20210917_La_2_1257,95,HSL:1472133,Untamalantie
48240,48240,0,48240,48240,0,False,SCHEDULED,1631912400,HSL:1095_20210917_La_2_1312,95,HSL:1472133,Untamalantie
49140,49140,0,49140,49140,0,False,SCHEDULED,1631912400,HSL:1095_20210917_La_2_1327,95,HSL:1472133,Untamalantie
45600,45593,-7,45600,45643,43,True,UPDATED,1631912400,HSL:1095_20210917_La_2_1227,95,HSL:1472132,Ohralantie
46500,46500,0,46500,46500,0,False,SCHEDULED,1631912400,HSL:1095_20210917_La_2_1242,95,HSL:1472132,Ohralantie
47400,47400,0,47400,47400,0,False,SCHEDULED,1631912400,HSL:1095_20210917_La_2_1257,95,HSL:1472132,Ohralantie
48300,48300,0,48300,48300,0,False,SCHEDULED,1631912400,HSL:1095_20210917_La_2_1312,95,HSL:1472132,Ohralantie
49200,49200,0,49200,49200,0,False,SCHEDULED,1631912400,HSL:1095_20210917_La_2_1327,95,HSL:1472132,Ohralantie
45420,45550,130,45420,45557,137,True,UPDATED,1631912400,HSL:1095_20210917_La_1_1225,95,HSL:1472131,Ohralantie
46320,46320,0,46320,46320,0,True,UPDATED,1631912400,HSL:1095_20210917_La_1_1240,95,HSL:1472131,Ohralantie
47220,47220,0,47220,47220,0,False,SCHEDULED,1631912400,HSL:1095_20210917_La_1_1255,95,HSL:1472131,Ohralantie
48120,48120,0,48120,48120,0,False,SCHEDULED,1631912400,HSL:1095_20210917_La_1_1310,95,HSL:1472131,Ohralantie
49020,49020,0,49020,49020,0,False,SCHEDULED,1631912400,HSL:1095_20210917_La_1_1325,95,HSL:1472131,Ohralantie
45480,45591,111,45480,45604,124,True,UPDATED,1631912400,HSL:1095_20210917_La_1_1225,95,HSL:1472134,Untamalantie
46380,46380,0,46380,46380,0,True,UPDATED,1631912400,HSL:1095_20210917_La_1_1240,95,HSL:1472134,Untamalantie
47280,47280,0,47280,47280,0,False,SCHEDULED,1631912400,HSL:1095_20210917_La_1_1255,95,HSL:1472134,Untamalantie
48180,48180,0,48180,48180,0,False,SCHEDULED,1631912400,HSL:1095_20210917_La_1_1310,95,HSL:1472134,Untamalantie
49080,49080,0,49080,49080,0,False,SCHEDULED,1631912400,HSL:1095_20210917_La_1_1325,95,HSL:1472134,Untamalantie
45480,45472,-8,45480,45485,5,True,UPDATED,1631912400,HSL:2200_20210917_La_1_1234,200,HSL:1130206,Hesperian puisto
45900,45900,0,45900,45900,0,False,SCHEDULED,1631912400,HSL:4322_20210917_La_1_1241,322,HSL:1130206,Hesperian puisto
46080,46080,0,46080,46080,0,False,SCHEDULED,1631912400,HSL:2200_20210917_La_1_1244,200,HSL:1130206,Hesperian puisto
46140,46140,0,46140,46140,0,False,SCHEDULED,1631912400,HSL:7455A_20210917_La_1_1245,455A,HSL:1130206,Hesperian puisto
46560,46560,0,46560,46560,0,False,SCHEDULED,1631912400,HSL:2321_20210917_La_1_1253,321,HSL:1130206,Hesperian puisto
45420,45295,-125,45420,45333,-87,True,UPDATED,1631912400,HSL:1071_20210917_La_1_1158,71,HSL:1382188,Ala-Malmin tori
45720,45720,0,45720,45720,0,False,SCHEDULED,1631912400,HSL:1071_20210917_La_2_1242,71,HSL:1382188,Ala-Malmin tori
46020,46047,27,46020,46115,95,True,UPDATED,1631912400,HSL:1071_20210917_La_1_1208,71,HSL:1382188,Ala-Malmin tori
46320,46320,0,46320,46320,0,False,SCHEDULED,1631912400,HSL:1071_20210917_La_2_1252,71,HSL:1382188,Ala-Malmin tori
46620,46570,-50,46620,46570,-50,True,UPDATED,1631912400,HSL:1071_20210917_La_1_1218,71,HSL:1382188,Ala-Malmin tori
45600,45628,28,45600,45634,34,True,UPDATED,1631912400,HSL:1069_20210917_La_1_1143,69,HSL:1382187,Teerisuonkuja
46800,46844,44,46800,46844,44,True,UPDATED,1631912400,HSL:1069_20210917_La_1_1203,69,HSL:1382187,Teerisuonkuja
48000,48105,105,48000,48109,109,True,UPDATED,1631912400,HSL:1069_20210917_La_1_1222,69,HSL:1382187,Teerisuonkuja
49200,49200,0,49200,49200,0,False,SCHEDULED,1631912400,HSL:1069_20210917_La_1_1242,69,HSL:1382187,Teerisuonkuja
50400,50400,0,50400,50400,0,False,SCHEDULED,1631912400,HSL:1069_20210917_La_1_1302,69,HSL:1382187,Teerisuonkuja
45480,45505,25,45480,45514,34,True,UPDATED,1631912400,HSL:1069_20210917_La_2_1222,69,HSL:1382186,Teerisuonkuja
46620,46620,0,46620,46620,0,False,SCHEDULED,1631912400,HSL:1069_20210917_La_2_1241,69,HSL:1382186,Teerisuonkuja
47820,47820,0,47820,47820,0,False,SCHEDULED,1631912400,HSL:1069_20210917_La_2_1301,69,HSL:1382186,Teerisuonkuja
49020,49020,0,49020,49020,0,False,SCHEDULED,1631912400,HSL:1069_20210917_La_2_1321,69,HSL:1382186,Teerisuonkuja
50220,50220,0,50220,50220,0,False,SCHEDULED,1631912400,HSL:1069_20210917_La_2_1341,69,HSL:1382186,Teerisuonkuja
45720,45779,59,45840,45851,11,True,UPDATED,1631912400,HSL:1069_20210917_La_2_1222,69,HSL:1382185,Ala-Malmin tori
46860,46860,0,46980,46980,0,False,SCHEDULED,1631912400,HSL:1069_20210917_La_2_1241,69,HSL:1382185,Ala-Malmin tori
48060,48060,0,48180,48180,0,False,SCHEDULED,1631912400,HSL:1069_20210917_La_2_1301,69,HSL:1382185,Ala-Malmin tori
49260,49260,0,49380,49380,0,False,SCHEDULED,1631912400,HSL:1069_20210917_La_2_1321,69,HSL:1382185,Ala-Malmin tori
50460,50460,0,50580,50580,0,False,SCHEDULED,1631912400,HSL:1069_20210917_La_2_1341,69,HSL:1382185,Ala-Malmin tori
46200,46200,0,46200,46200,0,False,SCHEDULED,1631912400,HSL:1095_20210917_La_2_1242,95,HSL:1472148,Aarteenetsijäntie
47100,47100,0,47100,47100,0,False,SCHEDULED,1631912400,HSL:1095_20210917_La_2_1257,95,HSL:1472148,Aarteenetsijäntie
48000,48000,0,48000,48000,0,False,SCHEDULED,1631912400,HSL:1095_20210917_La_2_1312,95,HSL:1472148,Aarteenetsijäntie
48900,48900,0,48900,48900,0,False,SCHEDULED,1631912400,HSL:1095_20210917_La_2_1327,95,HSL:1472148,Aarteenetsijäntie
49800,49800,0,49800,49800,0,False,SCHEDULED,1631912400,HSL:1095_20210917_La_2_1342,95,HSL:1472148,Aarteenetsijäntie
45420,45451,31,45420,45481,61,True,UPDATED,1631912400,HSL:31M2_20210917_La_2_1226,M2,HSL:1431602,Herttoniemi
45600,45637,37,45600,45667,67,True,UPDATED,1631912400,HSL:31M1_20210917_La_2_1230,M1,HSL:1431602,Herttoniemi
45840,45868,28,45840,45898,58,True,UPDATED,1631912400,HSL:31M2_20210917_La_2_1234,M2,HSL:1431602,Herttoniemi
46080,45924,-156,46080,45954,-126,True,UPDATED,1631912400,HSL:31M1_20210917_La_2_1237,M1,HSL:1431602,Herttoniemi
46320,46305,-15,46320,46335,15,True,UPDATED,1631912400,HSL:31M2_20210917_La_2_1241,M2,HSL:1431602,Herttoniemi
45420,45414,-6,45420,45444,24,True,UPDATED,1631912400,HSL:31M1_20210917_La_1_1206,M1,HSL:1431601,Herttoniemi
45600,45625,25,45600,45655,55,True,UPDATED,1631912400,HSL:31M2_20210917_La_1_1216,M2,HSL:1431601,Herttoniemi
45840,45858,18,45840,45888,48,True,UPDATED,1631912400,HSL:31M1_20210917_La_1_1214,M1,HSL:1431601,Herttoniemi
46080,46065,-15,46080,46095,15,True,UPDATED,1631912400,HSL:31M2_20210917_La_1_1223,M2,HSL:1431601,Herttoniemi
46320,46296,-24,46320,46326,6,True,UPDATED,1631912400,HSL:31M1_20210917_La_1_1221,M1,HSL:1431601,Herttoniemi
45300,45346,46,45300,45366,66,True,UPDATED,1631912400,HSL:31M2_20210917_La_2_1226,M2,HSL:1431604,Siilitie
45480,45532,52,45480,45552,72,True,UPDATED,1631912400,HSL:31M1_20210917_La_2_1230,M1,HSL:1431604,Siilitie
45720,45763,43,45720,45783,63,True,UPDATED,1631912400,HSL:31M2_20210917_La_2_1234,M2,HSL:1431604,Siilitie
45960,45784,-176,45960,45804,-156,True,UPDATED,1631912400,HSL:31M1_20210917_La_2_1237,M1,HSL:1431604,Siilitie
46200,46200,0,46200,46220,20,True,UPDATED,1631912400,HSL:31M2_20210917_La_2_1241,M2,HSL:1431604,Siilitie
45900,45898,-2,45900,45920,20,True,UPDATED,1631912400,HSL:1069_20210917_La_2_1222,69,HSL:1382170,Paavolantie
47040,47040,0,47040,47040,0,False,SCHEDULED,1631912400,HSL:1069_20210917_La_2_1241,69,HSL:1382170,Paavolantie
48240,48240,0,48240,48240,0,False,SCHEDULED,1631912400,HSL:1069_20210917_La_2_1301,69,HSL:1382170,Paavolantie
49440,49440,0,49440,49440,0,False,SCHEDULED,1631912400,HSL:1069_20210917_La_2_1321,69,HSL:1382170,Paavolantie
50640,50640,0,50640,50640,0,False,SCHEDULED,1631912400,HSL:1069_20210917_La_2_1341,69,HSL:1382170,Paavolantie
45300,45293,-7,45300,45330,30,True,UPDATED,1631912400,HSL:31M2_20210917_La_1_1208,M2,HSL:1431603,Siilitie
45480,45539,59,45480,45559,79,True,UPDATED,1631912400,HSL:31M1_20210917_La_1_1206,M1,HSL:1431603,Siilitie
45720,45760,40,45720,45780,60,True,UPDATED,1631912400,HSL:31M2_20210917_La_1_1216,M2,HSL:1431603,Siilitie
45960,45983,23,45960,46003,43,True,UPDATED,1631912400,HSL:31M1_20210917_La_1_1214,M1,HSL:1431603,Siilitie
46200,46190,-10,46200,46210,10,True,UPDATED,1631912400,HSL:31M2_20210917_La_1_1223,M2,HSL:1431603,Siilitie
47640,47640,0,47640,47640,0,False,SCHEDULED,1631912400,HSL:4433K_20210917_La_1_1257,433K,HSL:4240201,Murtotie
51240,51240,0,51240,51240,0,False,SCHEDULED,1631912400,HSL:4433K_20210917_La_1_1357,433K,HSL:4240201,Murtotie
54840,54840,0,54840,54840,0,False,SCHEDULED,1631912400,HSL:4433K_20210917_La_1_1457,433K,HSL:4240201,Murtotie
58440,58440,0,58440,58440,0,False,SCHEDULED,1631912400,HSL:4433K_20210917_La_1_1557,433K,HSL:4240201,Murtotie
62040,62040,0,62040,62040,0,False,SCHEDULED,1631912400,HSL:4433K_20210917_La_1_1657,433K,HSL:4240201,Murtotie
45300,45485,185,45300,45486,186,True,UPDATED,1631912400,HSL:2553K_20210917_La_1_1209,553K,HSL:1382177,Malmin asematie
45780,45780,0,45780,45780,0,False,SCHEDULED,1631912400,HSL:1071_20210917_La_2_1242,71,HSL:1382177,Malmin asematie
46380,46380,0,46380,46380,0,False,SCHEDULED,1631912400,HSL:1071_20210917_La_2_1252,71,HSL:1382177,Malmin asematie
46500,46471,-29,46500,46497,-3,True,UPDATED,1631912400,HSL:2553K_20210917_La_1_1229,553K,HSL:1382177,Malmin asematie
46980,46980,0,46980,46980,0,False,SCHEDULED,1631912400,HSL:1071_20210917_La_2_1302,71,HSL:1382177,Malmin asematie
45420,45440,20,45420,45456,36,True,UPDATED,1631912400,HSL:1069_20210917_La_1_1143,69,HSL:1382176,Ala-Malmin tori
45540,45577,37,45660,45686,26,True,UPDATED,1631912400,HSL:2553K_20210917_La_2_1203,553K,HSL:1382176,Ala-Malmin tori
46620,46664,44,46620,46664,44,True,UPDATED,1631912400,HSL:1069_20210917_La_1_1203,69,HSL:1382176,Ala-Malmin tori
46740,46890,150,46860,46904,44,True,UPDATED,1631912400,HSL:2553K_20210917_La_2_1223,553K,HSL:1382176,Ala-Malmin tori
47820,47867,47,47820,47928,108,True,UPDATED,1631912400,HSL:1069_20210917_La_1_1222,69,HSL:1382176,Ala-Malmin tori
47700,47700,0,47700,47700,0,False,SCHEDULED,1631912400,HSL:4433K_20210917_La_1_1257,433K,HSL:4240203,Koivupääntie
51300,51300,0,51300,51300,0,False,SCHEDULED,1631912400,HSL:4433K_20210917_La_1_1357,433K,HSL:4240203,Koivupääntie
54900,54900,0,54900,54900,0,False,SCHEDULED,1631912400,HSL:4433K_20210917_La_1_1457,433K,HSL:4240203,Koivupääntie
58500,58500,0,58500,58500,0,False,SCHEDULED,1631912400,HSL:4433K_20210917_La_1_1557,433K,HSL:4240203,Koivupääntie
62100,62100,0,62100,62100,0,False,SCHEDULED,1631912400,HSL:4433K_20210917_La_1_1657,433K,HSL:4240203,Koivupääntie
46020,46022,2,46020,46022,2,True,UPDATED,1631912400,HSL:4576_20210917_La_1_1210,576,HSL:4240202,Riipiläntie 63
47700,47700,0,47700,47700,0,False,SCHEDULED,1631912400,HSL:4445_20210917_La_2_1305,445,HSL:4240202,Riipiläntie 63
49560,49560,0,49560,49560,0,False,SCHEDULED,1631912400,HSL:4576_20210917_La_1_1309,576,HSL:4240202,Riipiläntie 63
51300,51300,0,51300,51300,0,False,SCHEDULED,1631912400,HSL:4445T_20210917_La_2_1355,445T,HSL:4240202,Riipiläntie 63
53160,53160,0,53160,53160,0,False,SCHEDULED,1631912400,HSL:4576_20210917_La_1_1409,576,HSL:4240202,Riipiläntie 63
45480,45505,25,45480,45560,80,True,UPDATED,1631912400,HSL:2553K_20210917_La_2_1203,553K,HSL:1382178,Malmin asematie
45960,45952,-8,45960,45961,1,True,UPDATED,1631912400,HSL:1071_20210917_La_1_1208,71,HSL:1382178,Malmin asematie
46560,46517,-43,46560,46517,-43,True,UPDATED,1631912400,HSL:1071_20210917_La_1_1218,71,HSL:1382178,Malmin asematie
46680,46782,102,46680,46782,102,True,UPDATED,1631912400,HSL:2553K_20210917_La_2_1223,553K,HSL:1382178,Malmin asematie
47160,47179,19,47160,47179,19,True,UPDATED,1631912400,HSL:1071_20210917_La_1_1228,71,HSL:1382178,Malmin asematie
47760,47760,0,47760,47760,0,False,SCHEDULED,1631912400,HSL:4433K_20210917_La_1_1257,433K,HSL:4240205,Murtopakantie
51360,51360,0,51360,51360,0,False,SCHEDULED,1631912400,HSL:4433K_20210917_La_1_1357,433K,HSL:4240205,Murtopakantie
54960,54960,0,54960,54960,0,False,SCHEDULED,1631912400,HSL:4433K_20210917_La_1_1457,433K,HSL:4240205,Murtopakantie
58560,58560,0,58560,58560,0,False,SCHEDULED,1631912400,HSL:4433K_20210917_La_1_1557,433K,HSL:4240205,Murtopakantie
62160,62160,0,62160,62160,0,False,SCHEDULED,1631912400,HSL:4433K_20210917_La_1_1657,433K,HSL:4240205,Murtopakantie
45720,45740,20,45720,45752,32,True,UPDATED,1631912400,HSL:1069_20210917_La_1_1143,69,HSL:1382173,Tullivuorenkuja
46920,46950,30,46920,46964,44,True,UPDATED,1631912400,HSL:1069_20210917_La_1_1203,69,HSL:1382173,Tullivuorenkuja
48120,48275,155,48120,48275,155,True,UPDATED,1631912400,HSL:1069_20210917_La_1_1222,69,HSL:1382173,Tullivuorenkuja
49320,49320,0,49320,49320,0,False,SCHEDULED,1631912400,HSL:1069_20210917_La_1_1242,69,HSL:1382173,Tullivuorenkuja
50520,50520,0,50520,50520,0,False,SCHEDULED,1631912400,HSL:1069_20210917_La_1_1302,69,HSL:1382173,Tullivuorenkuja
48480,48480,0,48480,48480,0,False,SCHEDULED,1631912400,HSL:4433K_20210917_La_2_1320,433K,HSL:4240204,Koivupääntie
52080,52080,0,52080,52080,0,False,SCHEDULED,1631912400,HSL:4433K_20210917_La_2_1420,433K,HSL:4240204,Koivupääntie
55680,55680,0,55680,55680,0,False,SCHEDULED,1631912400,HSL:4433K_20210917_La_2_1520,433K,HSL:4240204,Koivupääntie
59280,59280,0,59280,59280,0,False,SCHEDULED,1631912400,HSL:4433K_20210917_La_2_1620,433K,HSL:4240204,Koivupääntie
62880,62880,0,62880,62880,0,False,SCHEDULED,1631912400,HSL:4433K_20210917_La_2_1720,433K,HSL:4240204,Koivupääntie
45420,45429,9,45420,45429,9,True,UPDATED,1631912400,HSL:4445T_20210917_La_1_1230,445T,HSL:4240207,Sotilaskorventie
47280,47280,0,47280,47280,0,False,SCHEDULED,1631912400,HSL:4576_20210917_La_2_1301,576,HSL:4240207,Sotilaskorventie
49020,49020,0,49020,49020,0,False,SCHEDULED,1631912400,HSL:4445_20210917_La_1_1330,445,HSL:4240207,Sotilaskorventie
50880,50880,0,50880,50880,0,False,SCHEDULED,1631912400,HSL:4576_20210917_La_2_1401,576,HSL:4240207,Sotilaskorventie
52620,52620,0,52620,52620,0,False,SCHEDULED,1631912400,HSL:4445_20210917_La_1_1430,445,HSL:4240207,Sotilaskorventie
45660,45692,32,45660,45700,40,True,UPDATED,1631912400,HSL:1069_20210917_La_1_1143,69,HSL:1382175,Pakkastie
46860,46904,44,46860,46904,44,True,UPDATED,1631912400,HSL:1069_20210917_La_1_1203,69,HSL:1382175,Pakkastie
48060,48237,177,48060,48275,215,True,UPDATED,1631912400,HSL:1069_20210917_La_1_1222,69,HSL:1382175,Pakkastie
49260,49260,0,49260,49260,0,False,SCHEDULED,1631912400,HSL:1069_20210917_La_1_1242,69,HSL:1382175,Pakkastie
50460,50460,0,50460,50460,0,False,SCHEDULED,1631912400,HSL:1069_20210917_La_1_1302,69,HSL:1382175,Pakkastie
48360,48360,0,48360,48360,0,False,SCHEDULED,1631912400,HSL:4433K_20210917_La_2_1320,433K,HSL:4240206,Murtopakantie
51960,51960,0,51960,51960,0,False,SCHEDULED,1631912400,HSL:4433K_20210917_La_2_1420,433K,HSL:4240206,Murtopakantie
55560,55560,0,55560,55560,0,False,SCHEDULED,1631912400,HSL:4433K_20210917_La_2_1520,433K,HSL:4240206,Murtopakantie
59160,59160,0,59160,59160,0,False,SCHEDULED,1631912400,HSL:4433K_20210917_La_2_1620,433K,HSL:4240206,Murtopakantie
62760,62760,0,62760,62760,0,False,SCHEDULED,1631912400,HSL:4433K_20210917_La_2_1720,433K,HSL:4240206,Murtopakantie
45420,45363,-57,45420,45383,-37,True,UPDATED,1631912400,HSL:4560_20210917_La_2_1155,560,HSL:1472114,Tanhuantie
46020,46256,236,46020,46271,251,True,UPDATED,1631912400,HSL:4560_20210917_La_2_1205,560,HSL:1472114,Tanhuantie
46620,46628,8,46620,46628,8,True,UPDATED,1631912400,HSL:4560_20210917_La_2_1215,560,HSL:1472114,Tanhuantie
47220,47272,52,47220,47283,63,True,UPDATED,1631912400,HSL:4560_20210917_La_2_1225,560,HSL:1472114,Tanhuantie
47880,47880,0,47880,47880,0,False,SCHEDULED,1631912400,HSL:4560_20210917_La_2_1235,560,HSL:1472114,Tanhuantie
45540,45540,0,45540,45540,0,False,SCHEDULED,1631912400,HSL:4560_20210917_La_1_1216,560,HSL:1472113,Tanhuantie
46140,46171,31,46140,46174,34,True,UPDATED,1631912400,HSL:4560_20210917_La_1_1226,560,HSL:1472113,Tanhuantie
46740,46740,0,46740,46740,0,False,SCHEDULED,1631912400,HSL:4560_20210917_La_1_1236,560,HSL:1472113,Tanhuantie
47340,47340,0,47340,47340,0,False,SCHEDULED,1631912400,HSL:4560_20210917_La_1_1246,560,HSL:1472113,Tanhuantie
47940,47940,0,47940,47940,0,False,SCHEDULED,1631912400,HSL:4560_20210917_La_1_1256,560,HSL:1472113,Tanhuantie
45540,45660,120,45540,45661,121,True,UPDATED,1631912400,HSL:1095_20210917_La_1_1225,95,HSL:1472112,Länsimäentie
46440,46440,0,46440,46440,0,True,UPDATED,1631912400,HSL:1095_20210917_La_1_1240,95,HSL:1472112,Länsimäentie
47340,47340,0,47340,47340,0,False,SCHEDULED,1631912400,HSL:1095_20210917_La_1_1255,95,HSL:1472112,Länsimäentie
48240,48240,0,48240,48240,0,False,SCHEDULED,1631912400,HSL:1095_20210917_La_1_1310,95,HSL:1472112,Länsimäentie
49140,49140,0,49140,49140,0,False,SCHEDULED,1631912400,HSL:1095_20210917_La_1_1325,95,HSL:1472112,Länsimäentie
45120,45377,257,45120,45381,261,True,UPDATED,1631912400,HSL:2553K_20210917_La_1_1209,553K,HSL:1382166,Soidintie
45660,45687,27,45660,45700,40,True,UPDATED,1631912400,HSL:1069_20210917_La_2_1222,69,HSL:1382166,Soidintie
46320,46250,-70,46320,46266,-54,True,UPDATED,1631912400,HSL:2553K_20210917_La_1_1229,553K,HSL:1382166,Soidintie
46800,46800,0,46800,46800,0,False,SCHEDULED,1631912400,HSL:1069_20210917_La_2_1241,69,HSL:1382166,Soidintie
47520,47520,0,47520,47520,0,False,SCHEDULED,1631912400,HSL:2553K_20210917_La_1_1249,553K,HSL:1382166,Soidintie
45480,45510,30,45480,45515,35,True,UPDATED,1631912400,HSL:1069_20210917_La_1_1143,69,HSL:1382165,Soidintie
45720,45747,27,45720,45755,35,True,UPDATED,1631912400,HSL:2553K_20210917_La_2_1203,553K,HSL:1382165,Soidintie
46680,46724,44,46680,46724,44,True,UPDATED,1631912400,HSL:1069_20210917_La_1_1203,69,HSL:1382165,Soidintie
46920,46995,75,46920,46995,75,True,UPDATED,1631912400,HSL:2553K_20210917_La_2_1223,553K,HSL:1382165,Soidintie
47880,47985,105,47880,47988,108,True,UPDATED,1631912400,HSL:1069_20210917_La_1_1222,69,HSL:1382165,Soidintie
45780,45846,66,45780,45862,82,True,UPDATED,1631912400,HSL:1095_20210917_La_1_1225,95,HSL:1472128,Tuukkalantie
46680,46680,0,46680,46680,0,True,UPDATED,1631912400,HSL:1095_20210917_La_1_1240,95,HSL:1472128,Tuukkalantie
47580,47580,0,47580,47580,0,False,SCHEDULED,1631912400,HSL:1095_20210917_La_1_1255,95,HSL:1472128,Tuukkalantie
48480,48480,0,48480,48480,0,False,SCHEDULED,1631912400,HSL:1095_20210917_La_1_1310,95,HSL:1472128,Tuukkalantie
49380,49380,0,49380,49380,0,False,SCHEDULED,1631912400,HSL:1095_20210917_La_1_1325,95,HSL:1472128,Tuukkalantie
45120,45402,282,45240,45410,170,True,UPDATED,1631912400,HSL:2553K_20210917_La_1_1209,553K,HSL:1382163,Ala-Malmin tori
45660,45719,59,45660,45738,78,True,UPDATED,1631912400,HSL:1069_20210917_La_2_1222,69,HSL:1382163,Ala-Malmin tori
46320,46321,1,46440,46440,0,True,UPDATED,1631912400,HSL:2553K_20210917_La_1_1229,553K,HSL:1382163,Ala-Malmin tori
46800,46800,0,46800,46800,0,False,SCHEDULED,1631912400,HSL:1069_20210917_La_2_1241,69,HSL:1382163,Ala-Malmin tori
47520,47520,0,47640,47640,0,False,SCHEDULED,1631912400,HSL:2553K_20210917_La_1_1249,553K,HSL:1382163,Ala-Malmin tori
45360,45395,35,45360,45405,45,True,UPDATED,1631912400,HSL:1069_20210917_La_1_1143,69,HSL:1382169,Paavolantie
46560,46578,18,46560,46578,18,True,UPDATED,1631912400,HSL:1069_20210917_La_1_1203,69,HSL:1382169,Paavolantie
47760,47826,66,47760,47837,77,True,UPDATED,1631912400,HSL:1069_20210917_La_1_1222,69,HSL:1382169,Paavolantie
48960,48960,0,48960,48960,0,False,SCHEDULED,1631912400,HSL:1069_20210917_La_1_1242,69,HSL:1382169,Paavolantie
50160,50160,0,50160,50160,0,False,SCHEDULED,1631912400,HSL:1069_20210917_La_1_1302,69,HSL:1382169,Paavolantie
45240,45349,109,45240,45357,117,True,UPDATED,1631912400,HSL:1074_20210917_La_2_1212,74,HSL:1382151,Vanha Helsingintie
45300,45542,242,45300,45563,263,True,UPDATED,1631912400,HSL:4560_20210917_La_2_1205,560,HSL:1382151,Vanha Helsingintie
45600,45718,118,45600,45718,118,True,UPDATED,1631912400,HSL:1079_20210917_La_2_1218,79,HSL:1382151,Vanha Helsingintie
45600,45789,189,45600,45797,197,True,UPDATED,1631912400,HSL:4561_20210917_La_2_1205,561,HSL:1382151,Vanha Helsingintie
45840,45886,46,45840,45886,46,True,UPDATED,1631912400,HSL:1073_20210917_La_2_1221,73,HSL:1382151,Vanha Helsingintie
45360,45369,9,45360,45381,21,True,UPDATED,1631912400,HSL:4561_20210917_La_1_1223,561,HSL:1382150,Vanha Helsingintie
45240,45407,167,45240,45413,173,True,UPDATED,1631912400,HSL:1073_20210917_La_1_1213,73,HSL:1382150,Vanha Helsingintie
45480,45565,85,45480,45571,91,True,UPDATED,1631912400,HSL:1079_20210917_La_1_1211,79,HSL:1382150,Vanha Helsingintie
45540,45533,-7,45540,45584,44,True,UPDATED,1631912400,HSL:4560_20210917_La_1_1206,560,HSL:1382150,Vanha Helsingintie
45840,45858,18,45840,45864,24,True,UPDATED,1631912400,HSL:1074_20210917_La_1_1223,74,HSL:1382150,Vanha Helsingintie
46260,46233,-27,46260,46244,-16,True,UPDATED,1631912400,HSL:2553K_20210917_La_1_1229,553K,HSL:1382159,Saniaistie
47460,47460,0,47460,47460,0,False,SCHEDULED,1631912400,HSL:2553K_20210917_La_1_1249,553K,HSL:1382159,Saniaistie
48600,48600,0,48600,48600,0,False,SCHEDULED,1631912400,HSL:2553K_20210917_La_1_1308,553K,HSL:1382159,Saniaistie
49800,49800,0,49800,49800,0,False,SCHEDULED,1631912400,HSL:2553K_20210917_La_1_1328,553K,HSL:1382159,Saniaistie
51000,51000,0,51000,51000,0,False,SCHEDULED,1631912400,HSL:2553K_20210917_La_1_1348,553K,HSL:1382159,Saniaistie
45780,45815,35,45780,45824,44,True,UPDATED,1631912400,HSL:2553K_20210917_La_2_1203,553K,HSL:1382158,Saniaistie
46980,47042,62,46980,47042,62,True,UPDATED,1631912400,HSL:2553K_20210917_La_2_1223,553K,HSL:1382158,Saniaistie
48180,48180,0,48180,48180,0,False,SCHEDULED,1631912400,HSL:2553K_20210917_La_2_1242,553K,HSL:1382158,Saniaistie
49380,49380,0,49380,49380,0,False,SCHEDULED,1631912400,HSL:2553K_20210917_La_2_1302,553K,HSL:1382158,Saniaistie
50580,50580,0,50580,50580,0,False,SCHEDULED,1631912400,HSL:2553K_20210917_La_2_1322,553K,HSL:1382158,Saniaistie
45600,45462,-138,45600,45469,-131,True,UPDATED,1631912400,HSL:9641_20210917_La_1_1150,641,HSL:9020205,Uimala
47400,47367,-33,47400,47374,-26,True,UPDATED,1631912400,HSL:9641_20210917_La_1_1220,641,HSL:9020205,Uimala
49200,49200,0,49200,49200,0,False,SCHEDULED,1631912400,HSL:9641_20210917_La_1_1250,641,HSL:9020205,Uimala
51000,51000,0,51000,51000,0,False,SCHEDULED,1631912400,HSL:9641_20210917_La_1_1320,641,HSL:9020205,Uimala
52800,52800,0,52800,52800,0,False,SCHEDULED,1631912400,HSL:9641_20210917_La_1_1350,641,HSL:9020205,Uimala
45240,45269,29,45240,45314,74,True,UPDATED,1631912400,HSL:9975_20210917_La_2_1224,975,HSL:9020207,Sirkushevoset
45660,45514,-146,45660,45518,-142,True,UPDATED,1631912400,HSL:9641_20210917_La_1_1150,641,HSL:9020207,Sirkushevoset
47040,47040,0,47040,47040,0,False,SCHEDULED,1631912400,HSL:9975_20210917_La_2_1254,975,HSL:9020207,Sirkushevoset
47460,47420,-40,47460,47422,-38,True,UPDATED,1631912400,HSL:9641_20210917_La_1_1220,641,HSL:9020207,Sirkushevoset
48840,48840,0,48840,48840,0,False,SCHEDULED,1631912400,HSL:9975_20210917_La_2_1324,975,HSL:9020207,Sirkushevoset
45360,45327,-33,45360,45364,4,True,UPDATED,1631912400,HSL:1008_20210917_La_1_1233,8,HSL:1201403,Kaapelitehdas
46080,46080,0,46080,46080,0,False,SCHEDULED,1631912400,HSL:1008_20210917_La_1_1245,8,HSL:1201403,Kaapelitehdas
46800,46800,0,46800,46800,0,False,SCHEDULED,1631912400,HSL:1008_20210917_La_1_1257,8,HSL:1201403,Kaapelitehdas
47520,47520,0,47520,47520,0,False,SCHEDULED,1631912400,HSL:1008_20210917_La_1_1309,8,HSL:1201403,Kaapelitehdas
48240,48240,0,48240,48240,0,False,SCHEDULED,1631912400,HSL:1008_20210917_La_1_1321,8,HSL:1201403,Kaapelitehdas
45960,45960,0,45960,45960,0,True,UPDATED,1631912400,HSL:1008_20210917_La_2_1235,8,HSL:1201402,Kaapelitehdas
46680,46680,0,46680,46680,0,False,SCHEDULED,1631912400,HSL:1008_20210917_La_2_1247,8,HSL:1201402,Kaapelitehdas
47400,47400,0,47400,47400,0,False,SCHEDULED,1631912400,HSL:1008_20210917_La_2_1259,8,HSL:1201402,Kaapelitehdas
48120,48120,0,48120,48120,0,False,SCHEDULED,1631912400,HSL:1008_20210917_La_2_1311,8,HSL:1201402,Kaapelitehdas
48840,48840,0,48840,48840,0,False,SCHEDULED,1631912400,HSL:1008_20210917_La_2_1323,8,HSL:1201402,Kaapelitehdas
46320,46320,0,46320,46320,0,False,SCHEDULED,1631912400,HSL:1077_20210917_La_2_1241,77,HSL:1382144,Pihlajamäentie
47520,47520,0,47520,47520,0,False,SCHEDULED,1631912400,HSL:1077_20210917_La_2_1301,77,HSL:1382144,Pihlajamäentie
48720,48720,0,48720,48720,0,False,SCHEDULED,1631912400,HSL:1077_20210917_La_2_1321,77,HSL:1382144,Pihlajamäentie
49920,49920,0,49920,49920,0,False,SCHEDULED,1631912400,HSL:1077_20210917_La_2_1341,77,HSL:1382144,Pihlajamäentie
51120,51120,0,51120,51120,0,False,SCHEDULED,1631912400,HSL:1077_20210917_La_2_1401,77,HSL:1382144,Pihlajamäentie
45720,45761,41,45720,45761,41,True,UPDATED,1631912400,HSL:1077_20210917_La_1_1220,77,HSL:1382143,Pihlajamäentie
46920,46920,0,46920,46920,0,False,SCHEDULED,1631912400,HSL:1077_20210917_La_1_1240,77,HSL:1382143,Pihlajamäentie
48120,48120,0,48120,48120,0,False,SCHEDULED,1631912400,HSL:1077_20210917_La_1_1300,77,HSL:1382143,Pihlajamäentie
49320,49320,0,49320,49320,0,False,SCHEDULED,1631912400,HSL:1077_20210917_La_1_1320,77,HSL:1382143,Pihlajamäentie
50580,50580,0,50580,50580,0,False,SCHEDULED,1631912400,HSL:1077_20210917_La_1_1340,77,HSL:1382143,Pihlajamäentie
46260,46260,0,46260,46260,0,False,SCHEDULED,1631912400,HSL:1077_20210917_La_2_1241,77,HSL:1382146,Raetie
47460,47460,0,47460,47460,0,False,SCHEDULED,1631912400,HSL:1077_20210917_La_2_1301,77,HSL:1382146,Raetie
48660,48660,0,48660,48660,0,False,SCHEDULED,1631912400,HSL:1077_20210917_La_2_1321,77,HSL:1382146,Raetie
49860,49860,0,49860,49860,0,False,SCHEDULED,1631912400,HSL:1077_20210917_La_2_1341,77,HSL:1382146,Raetie
51060,51060,0,51060,51060,0,False,SCHEDULED,1631912400,HSL:1077_20210917_La_2_1401,77,HSL:1382146,Raetie
45780,45831,51,45780,45837,57,True,UPDATED,1631912400,HSL:1077_20210917_La_1_1220,77,HSL:1382145,Raetie
46980,46980,0,46980,46980,0,False,SCHEDULED,1631912400,HSL:1077_20210917_La_1_1240,77,HSL:1382145,Raetie
48180,48180,0,48180,48180,0,False,SCHEDULED,1631912400,HSL:1077_20210917_La_1_1300,77,HSL:1382145,Raetie
49380,49380,0,49380,49380,0,False,SCHEDULED,1631912400,HSL:1077_20210917_La_1_1320,77,HSL:1382145,Raetie
50640,50640,0,50640,50640,0,False,SCHEDULED,1631912400,HSL:1077_20210917_La_1_1340,77,HSL:1382145,Raetie
45540,45566,26,45540,45581,41,True,UPDATED,1631912400,HSL:1069_20210917_La_1_1143,69,HSL:1382142,Teerisuontie
46740,46784,44,46740,46784,44,True,UPDATED,1631912400,HSL:1069_20210917_La_1_1203,69,HSL:1382142,Teerisuontie
47940,48044,104,47940,48058,118,True,UPDATED,1631912400,HSL:1069_20210917_La_1_1222,69,HSL:1382142,Teerisuontie
49140,49140,0,49140,49140,0,False,SCHEDULED,1631912400,HSL:1069_20210917_La_1_1242,69,HSL:1382142,Teerisuontie
50340,50340,0,50340,50340,0,False,SCHEDULED,1631912400,HSL:1069_20210917_La_1_1302,69,HSL:1382142,Teerisuontie
45600,45610,10,45600,45625,25,True,UPDATED,1631912400,HSL:1069_20210917_La_2_1222,69,HSL:1382141,Teerisuontie
46740,46740,0,46740,46740,0,False,SCHEDULED,1631912400,HSL:1069_20210917_La_2_1241,69,HSL:1382141,Teerisuontie
47940,47940,0,47940,47940,0,False,SCHEDULED,1631912400,HSL:1069_20210917_La_2_1301,69,HSL:1382141,Teerisuontie
49140,49140,0,49140,49140,0,False,SCHEDULED,1631912400,HSL:1069_20210917_La_2_1321,69,HSL:1382141,Teerisuontie
50340,50340,0,50340,50340,0,False,SCHEDULED,1631912400,HSL:1069_20210917_La_2_1341,69,HSL:1382141,Teerisuontie
46200,46200,0,46200,46200,0,False,SCHEDULED,1631912400,HSL:1077_20210917_La_2_1241,77,HSL:1382148,Usvatie
47400,47400,0,47400,47400,0,False,SCHEDULED,1631912400,HSL:1077_20210917_La_2_1301,77,HSL:1382148,Usvatie
48600,48600,0,48600,48600,0,False,SCHEDULED,1631912400,HSL:1077_20210917_La_2_1321,77,HSL:1382148,Usvatie
49800,49800,0,49800,49800,0,False,SCHEDULED,1631912400,HSL:1077_20210917_La_2_1341,77,HSL:1382148,Usvatie
51000,51000,0,51000,51000,0,False,SCHEDULED,1631912400,HSL:1077_20210917_La_2_1401,77,HSL:1382148,Usvatie
45840,45876,36,45840,45882,42,True,UPDATED,1631912400,HSL:1077_20210917_La_1_1220,77,HSL:1382147,Usvatie
47040,47040,0,47040,47040,0,False,SCHEDULED,1631912400,HSL:1077_20210917_La_1_1240,77,HSL:1382147,Usvatie
48240,48240,0,48240,48240,0,False,SCHEDULED,1631912400,HSL:1077_20210917_La_1_1300,77,HSL:1382147,Usvatie
49440,49440,0,49440,49440,0,False,SCHEDULED,1631912400,HSL:1077_20210917_La_1_1320,77,HSL:1382147,Usvatie
50700,50700,0,50700,50700,0,False,SCHEDULED,1631912400,HSL:1077_20210917_La_1_1340,77,HSL:1382147,Usvatie
48480,48480,0,48480,48480,0,False,SCHEDULED,1631912400,HSL:6243_20210917_La_1_1310,243,HSL:2641211,Kolmperä
52080,52080,0,52080,52080,0,False,SCHEDULED,1631912400,HSL:6243_20210917_La_1_1410,243,HSL:2641211,Kolmperä
55680,55680,0,55680,55680,0,False,SCHEDULED,1631912400,HSL:6243_20210917_La_1_1510,243,HSL:2641211,Kolmperä
59280,59280,0,59280,59280,0,False,SCHEDULED,1631912400,HSL:6243_20210917_La_1_1610,243,HSL:2641211,Kolmperä
62880,62880,0,62880,62880,0,False,SCHEDULED,1631912400,HSL:6243_20210917_La_1_1710,243,HSL:2641211,Kolmperä
48540,48540,0,48540,48540,0,False,SCHEDULED,1631912400,HSL:6243_20210917_La_1_1310,243,HSL:2641213,Kolmperänristi
52140,52140,0,52140,52140,0,False,SCHEDULED,1631912400,HSL:6243_20210917_La_1_1410,243,HSL:2641213,Kolmperänristi
55740,55740,0,55740,55740,0,False,SCHEDULED,1631912400,HSL:6243_20210917_La_1_1510,243,HSL:2641213,Kolmperänristi
59340,59340,0,59340,59340,0,False,SCHEDULED,1631912400,HSL:6243_20210917_La_1_1610,243,HSL:2641213,Kolmperänristi
62940,62940,0,62940,62940,0,False,SCHEDULED,1631912400,HSL:6243_20210917_La_1_1710,243,HSL:2641213,Kolmperänristi
46860,46860,0,46860,46860,0,False,SCHEDULED,1631912400,HSL:6243_20210917_La_2_1246,243,HSL:2641212,Kolmperä
50460,50460,0,50460,50460,0,False,SCHEDULED,1631912400,HSL:6243_20210917_La_2_1346,243,HSL:2641212,Kolmperä
54060,54060,0,54060,54060,0,False,SCHEDULED,1631912400,HSL:6243_20210917_La_2_1446,243,HSL:2641212,Kolmperä
57660,57660,0,57660,57660,0,False,SCHEDULED,1631912400,HSL:6243_20210917_La_2_1546,243,HSL:2641212,Kolmperä
61260,61260,0,61260,61260,0,False,SCHEDULED,1631912400,HSL:6243_20210917_La_2_1646,243,HSL:2641212,Kolmperä
46800,46800,0,46800,46800,0,False,SCHEDULED,1631912400,HSL:6243_20210917_La_2_1246,243,HSL:2641214,Kolmperänristi
50400,50400,0,50400,50400,0,False,SCHEDULED,1631912400,HSL:6243_20210917_La_2_1346,243,HSL:2641214,Kolmperänristi
54000,54000,0,54000,54000,0,False,SCHEDULED,1631912400,HSL:6243_20210917_La_2_1446,243,HSL:2641214,Kolmperänristi
57600,57600,0,57600,57600,0,False,SCHEDULED,1631912400,HSL:6243_20210917_La_2_1546,243,HSL:2641214,Kolmperänristi
61200,61200,0,61200,61200,0,False,SCHEDULED,1631912400,HSL:6243_20210917_La_2_1646,243,HSL:2641214,Kolmperänristi
45900,45900,0,45900,45900,0,True,UPDATED,1631912400,HSL:1008_20210917_La_2_1235,8,HSL:1201432,Ruoholahti (M)
46620,46620,0,46620,46620,0,False,SCHEDULED,1631912400,HSL:1008_20210917_La_2_1247,8,HSL:1201432,Ruoholahti (M)
47340,47340,0,47340,47340,0,False,SCHEDULED,1631912400,HSL:1008_20210917_La_2_1259,8,HSL:1201432,Ruoholahti (M)
48060,48060,0,48060,48060,0,False,SCHEDULED,1631912400,HSL:1008_20210917_La_2_1311,8,HSL:1201432,Ruoholahti (M)
48780,48780,0,48780,48780,0,False,SCHEDULED,1631912400,HSL:1008_20210917_La_2_1323,8,HSL:1201432,Ruoholahti (M)
45420,45410,-10,45420,45440,20,True,UPDATED,1631912400,HSL:1008_20210917_La_1_1233,8,HSL:1201431,Ruoholahti (M)
46140,46140,0,46140,46140,0,False,SCHEDULED,1631912400,HSL:1008_20210917_La_1_1245,8,HSL:1201431,Ruoholahti (M)
46860,46860,0,46860,46860,0,False,SCHEDULED,1631912400,HSL:1008_20210917_La_1_1257,8,HSL:1201431,Ruoholahti (M)
47580,47580,0,47580,47580,0,False,SCHEDULED,1631912400,HSL:1008_20210917_La_1_1309,8,HSL:1201431,Ruoholahti (M)
48300,48300,0,48300,48300,0,False,SCHEDULED,1631912400,HSL:1008_20210917_La_1_1321,8,HSL:1201431,Ruoholahti (M)
45480,45534,54,45540,45617,77,True,UPDATED,1631912400,HSL:4561_20210917_La_1_1223,561,HSL:1382133,Malmin asema
46020,46061,41,46080,46146,66,True,UPDATED,1631912400,HSL:1554_20210917_La_1_1233,554,HSL:1382133,Malmin asema
46680,46680,0,46740,46740,0,False,SCHEDULED,1631912400,HSL:4561_20210917_La_1_1243,561,HSL:1382133,Malmin asema
47220,47220,0,47280,47280,0,False,SCHEDULED,1631912400,HSL:1554_20210917_La_1_1253,554,HSL:1382133,Malmin asema
47880,47880,0,47940,47940,0,False,SCHEDULED,1631912400,HSL:4561_20210917_La_1_1303,561,HSL:1382133,Malmin asema
45840,45840,0,45840,45840,0,True,UPDATED,1631912400,HSL:1008_20210917_La_2_1235,8,HSL:1201430,Itämerenkatu
46560,46560,0,46560,46560,0,False,SCHEDULED,1631912400,HSL:1008_20210917_La_2_1247,8,HSL:1201430,Itämerenkatu
47280,47280,0,47280,47280,0,False,SCHEDULED,1631912400,HSL:1008_20210917_La_2_1259,8,HSL:1201430,Itämerenkatu
48000,48000,0,48000,48000,0,False,SCHEDULED,1631912400,HSL:1008_20210917_La_2_1311,8,HSL:1201430,Itämerenkatu
48720,48720,0,48720,48720,0,False,SCHEDULED,1631912400,HSL:1008_20210917_La_2_1323,8,HSL:1201430,Itämerenkatu
28140,28140,0,28140,28140,0,False,SCHEDULED,1631998800,HSL:9665A1_20210917_Su_1_0708,665A,HSL:9800209,Ohkolan koulu
45120,45386,266,45180,45406,226,True,UPDATED,1631912400,HSL:4560_20210917_La_2_1205,560,HSL:1382135,Malmin asema
45720,45720,0,45780,45782,2,True,UPDATED,1631912400,HSL:4560_20210917_La_2_1215,560,HSL:1382135,Malmin asema
46320,46358,38,46380,46437,57,True,UPDATED,1631912400,HSL:4560_20210917_La_2_1225,560,HSL:1382135,Malmin asema
46920,46920,0,46980,46980,0,False,SCHEDULED,1631912400,HSL:4560_20210917_La_2_1235,560,HSL:1382135,Malmin asema
47520,47520,0,47580,47580,0,False,SCHEDULED,1631912400,HSL:4560_20210917_La_2_1245,560,HSL:1382135,Malmin asema
28080,28080,0,28080,28080,0,False,SCHEDULED,1631998800,HSL:9665A1_20210917_Su_1_0708,665A,HSL:9800205,Allonen
28140,28140,0,28140,28140,0,False,SCHEDULED,1631998800,HSL:9665A1_20210917_Su_1_0708,665A,HSL:9800207,Kortisto
27960,27960,0,27960,27960,0,False,SCHEDULED,1631998800,HSL:9665A1_20210917_Su_1_0708,665A,HSL:9800201,Pyydyskorventie
28020,28020,0,28020,28020,0,False,SCHEDULED,1631998800,HSL:9665A1_20210917_Su_1_0708,665A,HSL:9800203,Kannistontie
45480,45475,-5,45480,45515,35,True,UPDATED,1631912400,HSL:1008_20210917_La_1_1233,8,HSL:1201429,Itämerenkatu
46200,46200,0,46200,46200,0,False,SCHEDULED,1631912400,HSL:1008_20210917_La_1_1245,8,HSL:1201429,Itämerenkatu
46920,46920,0,46920,46920,0,False,SCHEDULED,1631912400,HSL:1008_20210917_La_1_1257,8,HSL:1201429,Itämerenkatu
47640,47640,0,47640,47640,0,False,SCHEDULED,1631912400,HSL:1008_20210917_La_1_1309,8,HSL:1201429,Itämerenkatu
48360,48360,0,48360,48360,0,False,SCHEDULED,1631912400,HSL:1008_20210917_La_1_1321,8,HSL:1201429,Itämerenkatu
45420,45482,62,45420,45505,85,True,UPDATED,1631912400,HSL:2553K_20210917_La_2_1203,553K,HSL:1382122,Ruotutorpankuja
45900,45885,-15,45900,45923,23,True,UPDATED,1631912400,HSL:1071_20210917_La_1_1208,71,HSL:1382122,Ruotutorpankuja
46500,46457,-43,46500,46457,-43,True,UPDATED,1631912400,HSL:1071_20210917_La_1_1218,71,HSL:1382122,Ruotutorpankuja
46620,46729,109,46620,46729,109,True,UPDATED,1631912400,HSL:2553K_20210917_La_2_1223,553K,HSL:1382122,Ruotutorpankuja
47100,47139,39,47100,47139,39,True,UPDATED,1631912400,HSL:1071_20210917_La_1_1228,71,HSL:1382122,Ruotutorpankuja
45240,45460,220,45240,45476,236,True,UPDATED,1631912400,HSL:4560_20210917_La_2_1205,560,HSL:1382124,Ala-Malmi
45540,45616,76,45540,45665,125,True,UPDATED,1631912400,HSL:1079_20210917_La_2_1218,79,HSL:1382124,Ala-Malmi
45540,45709,169,45540,45721,181,True,UPDATED,1631912400,HSL:4561_20210917_La_2_1205,561,HSL:1382124,Ala-Malmi
45780,45819,39,45780,45819,39,True,UPDATED,1631912400,HSL:1073_20210917_La_2_1221,73,HSL:1382124,Ala-Malmi
45840,45844,4,45840,45844,4,True,UPDATED,1631912400,HSL:4560_20210917_La_2_1215,560,HSL:1382124,Ala-Malmi
45420,45460,40,45420,45476,56,True,UPDATED,1631912400,HSL:4561_20210917_La_1_1223,561,HSL:1382123,Ala-Malmi
45360,45516,156,45360,45529,169,True,UPDATED,1631912400,HSL:1073_20210917_La_1_1213,73,HSL:1382123,Ala-Malmi
45600,45667,67,45600,45667,67,True,UPDATED,1631912400,HSL:1079_20210917_La_1_1211,79,HSL:1382123,Ala-Malmi
45600,45617,17,45600,45670,70,True,UPDATED,1631912400,HSL:4560_20210917_La_1_1206,560,HSL:1382123,Ala-Malmi
45960,45963,3,45960,45975,15,True,UPDATED,1631912400,HSL:1074_20210917_La_1_1223,74,HSL:1382123,Ala-Malmi
45360,45479,119,45360,45482,122,True,UPDATED,1631912400,HSL:2553K_20210917_La_2_1203,553K,HSL:1382120,Eskolantie
45780,45826,46,45780,45834,54,True,UPDATED,1631912400,HSL:1071_20210917_La_1_1208,71,HSL:1382120,Eskolantie
46380,46337,-43,46380,46337,-43,True,UPDATED,1631912400,HSL:1071_20210917_La_1_1218,71,HSL:1382120,Eskolantie
46560,46676,116,46560,46676,116,True,UPDATED,1631912400,HSL:2553K_20210917_La_2_1223,553K,HSL:1382120,Eskolantie
46980,47079,99,46980,47079,99,True,UPDATED,1631912400,HSL:1071_20210917_La_1_1228,71,HSL:1382120,Eskolantie
45120,45444,324,45120,45467,347,True,UPDATED,1631912400,HSL:1075_20210917_La_1_1228,75,HSL:1111112,Hakaniemi
45540,45540,0,45540,45540,0,False,SCHEDULED,1631912400,HSL:4717_20210917_La_1_1235,717,HSL:1111112,Hakaniemi
45600,45600,0,45600,45600,0,False,SCHEDULED,1631912400,HSL:4731_20210917_La_1_1239,731,HSL:1111112,Hakaniemi
45720,45720,0,45720,45720,0,False,SCHEDULED,1631912400,HSL:1071_20210917_La_1_1238,71,HSL:1111112,Hakaniemi
45780,45780,0,45780,45780,0,False,SCHEDULED,1631912400,HSL:1074_20210917_La_1_1242,74,HSL:1111112,Hakaniemi
45240,45566,326,45240,45590,350,True,UPDATED,1631912400,HSL:1077_20210917_La_2_1201,77,HSL:1111116,Hakaniemi
45000,45640,640,45000,45659,659,True,UPDATED,1631912400,HSL:1061_20210917_La_2_1151,61,HSL:1111116,Hakaniemi
45480,45700,220,45480,45720,240,True,UPDATED,1631912400,HSL:1067_20210917_La_2_1204,67,HSL:1111116,Hakaniemi
45720,45704,-16,45720,45725,5,True,UPDATED,1631912400,HSL:1065_20210917_La_2_1215,65,HSL:1111116,Hakaniemi
45480,45744,264,45480,45764,284,True,UPDATED,1631912400,HSL:1071_20210917_La_2_1202,71,HSL:1111116,Hakaniemi
45960,45960,0,45960,45960,0,False,SCHEDULED,1631912400,HSL:1001_20210917_La_2_1245,1,HSL:1250430,Metsolantie
46680,46680,0,46680,46680,0,False,SCHEDULED,1631912400,HSL:1001_20210917_La_2_1257,1,HSL:1250430,Metsolantie
47400,47400,0,47400,47400,0,False,SCHEDULED,1631912400,HSL:1001_20210917_La_2_1309,1,HSL:1250430,Metsolantie
48120,48120,0,48120,48120,0,False,SCHEDULED,1631912400,HSL:1001_20210917_La_2_1321,1,HSL:1250430,Metsolantie
48840,48840,0,48840,48840,0,False,SCHEDULED,1631912400,HSL:1001_20210917_La_2_1333,1,HSL:1250430,Metsolantie
45360,45499,139,45360,45587,227,True,UPDATED,1631912400,HSL:1001_20210917_La_1_1158,1,HSL:1250431,Pohjolanaukio
45900,45900,0,45900,45900,0,False,SCHEDULED,1631912400,HSL:1001_20210917_La_2_1245,1,HSL:1250431,Pohjolanaukio
46080,46439,359,46080,46439,359,True,UPDATED,1631912400,HSL:1001_20210917_La_1_1210,1,HSL:1250431,Pohjolanaukio
46620,46620,0,46620,46620,0,False,SCHEDULED,1631912400,HSL:1001_20210917_La_2_1257,1,HSL:1250431,Pohjolanaukio
46800,46835,35,46800,46926,126,True,UPDATED,1631912400,HSL:1001_20210917_La_1_1222,1,HSL:1250431,Pohjolanaukio
45540,45524,-16,45540,45524,-16,True,UPDATED,1631912400,HSL:1074_20210917_La_1_1203,74,HSL:1411174,Tapanilankaari
46140,46243,103,46140,46244,104,True,UPDATED,1631912400,HSL:1073_20210917_La_1_1213,73,HSL:1411174,Tapanilankaari
46740,46740,0,46740,46740,0,True,UPDATED,1631912400,HSL:1074_20210917_La_1_1223,74,HSL:1411174,Tapanilankaari
47340,47379,39,47340,47379,39,True,UPDATED,1631912400,HSL:1073_20210917_La_1_1232,73,HSL:1411174,Tapanilankaari
47940,47940,0,47940,47940,0,False,SCHEDULED,1631912400,HSL:1074_20210917_La_1_1242,74,HSL:1411174,Tapanilankaari
45300,45319,19,45300,45360,60,True,UPDATED,1631912400,HSL:3001K_20210917_La_1_1211,K,HSL:4740501,Koivukylä
45900,45949,49,45900,45979,79,True,UPDATED,1631912400,HSL:3001K_20210917_La_1_1221,K,HSL:4740501,Koivukylä
46500,46535,35,46500,46565,65,True,UPDATED,1631912400,HSL:3001K_20210917_La_1_1231,K,HSL:4740501,Koivukylä
47100,47100,0,47100,47100,0,False,SCHEDULED,1631912400,HSL:3001K_20210917_La_1_1241,K,HSL:4740501,Koivukylä
47700,47700,0,47700,47700,0,False,SCHEDULED,1631912400,HSL:3001K_20210917_La_1_1251,K,HSL:4740501,Koivukylä
45540,45544,4,45540,45570,30,True,UPDATED,1631912400,HSL:1003_20210917_La_1_1216,3,HSL:1112433,Karhupuisto
45780,45880,100,45780,45880,100,True,UPDATED,1631912400,HSL:1001_20210917_La_1_1222,1,HSL:1112433,Karhupuisto
45900,45858,-42,45900,45886,-14,True,UPDATED,1631912400,HSL:1009_20210917_La_1_1222,9,HSL:1112433,Karhupuisto
46260,46295,35,46260,46323,63,True,UPDATED,1631912400,HSL:1003_20210917_La_1_1228,3,HSL:1112433,Karhupuisto
46560,46560,0,46560,46560,0,True,UPDATED,1631912400,HSL:1001_20210917_La_1_1235,1,HSL:1112433,Karhupuisto
45360,45418,58,45360,45448,88,True,UPDATED,1631912400,HSL:1009_20210917_La_2_1225,9,HSL:1112434,Karhupuisto
45540,45712,172,45540,45712,172,True,UPDATED,1631912400,HSL:1001_20210917_La_2_1221,1,HSL:1112434,Karhupuisto
45780,45817,37,45780,45848,68,True,UPDATED,1631912400,HSL:1003_20210917_La_2_1229,3,HSL:1112434,Karhupuisto
46080,46080,0,46080,46080,0,False,SCHEDULED,1631912400,HSL:1009_20210917_La_2_1237,9,HSL:1112434,Karhupuisto
46260,46218,-42,46260,46218,-42,True,UPDATED,1631912400,HSL:1001_20210917_La_2_1233,1,HSL:1112434,Karhupuisto
45060,45320,260,45060,45320,260,True,UPDATED,1631912400,HSL:1030_20210917_La_2_1221,30,HSL:1333238,Rukkilanpolku
45960,45960,0,45960,45960,0,True,UPDATED,1631912400,HSL:1030_20210917_La_2_1236,30,HSL:1333238,Rukkilanpolku
46860,46860,0,46860,46860,0,False,SCHEDULED,1631912400,HSL:1030_20210917_La_2_1251,30,HSL:1333238,Rukkilanpolku
47820,47820,0,47820,47820,0,False,SCHEDULED,1631912400,HSL:1030_20210917_La_2_1307,30,HSL:1333238,Rukkilanpolku
48720,48720,0,48720,48720,0,False,SCHEDULED,1631912400,HSL:1030_20210917_La_2_1322,30,HSL:1333238,Rukkilanpolku
47340,45477,-1863,47340,45477,-1863,True,UPDATED,1631912400,HSL:1030_20210917_La_1_1222,30,HSL:1333237,Rukkilanpolku
45480,45576,96,45480,45576,96,True,UPDATED,1631912400,HSL:1030_20210917_La_1_1152,30,HSL:1333237,Rukkilanpolku
46440,46634,194,46440,46694,254,True,UPDATED,1631912400,HSL:1030_20210917_La_1_1207,30,HSL:1333237,Rukkilanpolku
48240,48240,0,48240,48240,0,True,UPDATED,1631912400,HSL:1030_20210917_La_1_1237,30,HSL:1333237,Rukkilanpolku
49140,49140,0,49140,49140,0,False,SCHEDULED,1631912400,HSL:1030_20210917_La_1_1252,30,HSL:1333237,Rukkilanpolku
45720,45720,0,45720,45720,0,True,UPDATED,1631912400,HSL:9642_20210917_La_2_1238,642,HSL:9651025,Vaunukangas
49320,49320,0,49320,49320,0,False,SCHEDULED,1631912400,HSL:9642_20210917_La_2_1338,642,HSL:9651025,Vaunukangas
52920,52920,0,52920,52920,0,False,SCHEDULED,1631912400,HSL:9642_20210917_La_2_1438,642,HSL:9651025,Vaunukangas
56520,56520,0,56520,56520,0,False,SCHEDULED,1631912400,HSL:9642_20210917_La_2_1538,642,HSL:9651025,Vaunukangas
60120,60120,0,60120,60120,0,False,SCHEDULED,1631912400,HSL:9642_20210917_La_2_1638,642,HSL:9651025,Vaunukangas
45660,45759,99,45660,45759,99,True,UPDATED,1631912400,HSL:9642_20210917_La_1_1216,642,HSL:9651026,Vaunukangas
49260,49260,0,49260,49260,0,False,SCHEDULED,1631912400,HSL:9642_20210917_La_1_1316,642,HSL:9651026,Vaunukangas
52860,52860,0,52860,52860,0,False,SCHEDULED,1631912400,HSL:9642_20210917_La_1_1416,642,HSL:9651026,Vaunukangas
56460,56460,0,56460,56460,0,False,SCHEDULED,1631912400,HSL:9642_20210917_La_1_1516,642,HSL:9651026,Vaunukangas
60060,60060,0,60060,60060,0,False,SCHEDULED,1631912400,HSL:9642_20210917_La_1_1616,642,HSL:9651026,Vaunukangas
45240,45341,101,45240,45401,161,True,UPDATED,1631912400,HSL:1001_20210917_La_1_1158,1,HSL:1250427,Käpylänaukio
45960,46409,449,45960,46439,479,True,UPDATED,1631912400,HSL:1001_20210917_La_1_1210,1,HSL:1250427,Käpylänaukio
46680,46771,91,46680,46835,155,True,UPDATED,1631912400,HSL:1001_20210917_La_1_1222,1,HSL:1250427,Käpylänaukio
47460,47460,0,47460,47460,0,True,UPDATED,1631912400,HSL:1001_20210917_La_1_1235,1,HSL:1250427,Käpylänaukio
48180,48180,0,48180,48180,0,False,SCHEDULED,1631912400,HSL:1001_20210917_La_1_1247,1,HSL:1250427,Käpylänaukio
45360,45399,39,45360,45399,39,True,UPDATED,1631912400,HSL:1001_20210917_La_2_1233,1,HSL:1250426,Kimmontie
46080,46080,0,46080,46080,0,False,SCHEDULED,1631912400,HSL:1001_20210917_La_2_1245,1,HSL:1250426,Kimmontie
46800,46800,0,46800,46800,0,False,SCHEDULED,1631912400,HSL:1001_20210917_La_2_1257,1,HSL:1250426,Kimmontie
47520,47520,0,47520,47520,0,False,SCHEDULED,1631912400,HSL:1001_20210917_La_2_1309,1,HSL:1250426,Kimmontie
48240,48240,0,48240,48240,0,False,SCHEDULED,1631912400,HSL:1001_20210917_La_2_1321,1,HSL:1250426,Kimmontie
45300,45451,151,45300,45464,164,True,UPDATED,1631912400,HSL:1001_20210917_La_1_1158,1,HSL:1250429,Metsolantie
46020,46439,419,46020,46439,419,True,UPDATED,1631912400,HSL:1001_20210917_La_1_1210,1,HSL:1250429,Metsolantie
46740,46835,95,46740,46835,95,True,UPDATED,1631912400,HSL:1001_20210917_La_1_1222,1,HSL:1250429,Metsolantie
47520,47520,0,47520,47520,0,True,UPDATED,1631912400,HSL:1001_20210917_La_1_1235,1,HSL:1250429,Metsolantie
48240,48240,0,48240,48240,0,False,SCHEDULED,1631912400,HSL:1001_20210917_La_1_1247,1,HSL:1250429,Metsolantie
45300,45339,39,45300,45339,39,True,UPDATED,1631912400,HSL:1001_20210917_La_2_1233,1,HSL:1250428,Käpylänaukio
46020,46020,0,46020,46020,0,False,SCHEDULED,1631912400,HSL:1001_20210917_La_2_1245,1,HSL:1250428,Käpylänaukio
46740,46740,0,46740,46740,0,False,SCHEDULED,1631912400,HSL:1001_20210917_La_2_1257,1,HSL:1250428,Käpylänaukio
47460,47460,0,47460,47460,0,False,SCHEDULED,1631912400,HSL:1001_20210917_La_2_1309,1,HSL:1250428,Käpylänaukio
48180,48180,0,48180,48180,0,False,SCHEDULED,1631912400,HSL:1001_20210917_La_2_1321,1,HSL:1250428,Käpylänaukio
45900,46369,469,45900,46386,486,True,UPDATED,1631912400,HSL:1001_20210917_La_1_1210,1,HSL:1250425,Kimmontie
46620,46728,108,46620,46742,122,True,UPDATED,1631912400,HSL:1001_20210917_La_1_1222,1,HSL:1250425,Kimmontie
47400,47400,0,47400,47400,0,True,UPDATED,1631912400,HSL:1001_20210917_La_1_1235,1,HSL:1250425,Kimmontie
48120,48120,0,48120,48120,0,False,SCHEDULED,1631912400,HSL:1001_20210917_La_1_1247,1,HSL:1250425,Kimmontie
48840,48840,0,48840,48840,0,False,SCHEDULED,1631912400,HSL:1001_20210917_La_1_1259,1,HSL:1250425,Kimmontie
45900,45900,0,45900,45900,0,False,SCHEDULED,1631912400,HSL:4570_20210917_La_1_1245,570,HSL:1472102,Mellunmäki (M)
46500,46500,0,46500,46500,0,False,SCHEDULED,1631912400,HSL:4570_20210917_La_1_1255,570,HSL:1472102,Mellunmäki (M)
47100,47100,0,47100,47100,0,False,SCHEDULED,1631912400,HSL:4570_20210917_La_1_1305,570,HSL:1472102,Mellunmäki (M)
47700,47700,0,47700,47700,0,False,SCHEDULED,1631912400,HSL:4570_20210917_La_1_1315,570,HSL:1472102,Mellunmäki (M)
48300,48300,0,48300,48300,0,False,SCHEDULED,1631912400,HSL:4570_20210917_La_1_1325,570,HSL:1472102,Mellunmäki (M)
48840,48840,0,48840,48840,0,False,SCHEDULED,1631912400,HSL:4587_20210917_La_1_1334,587,HSL:1472101,Mellunmäki (M)
52440,52440,0,52440,52440,0,False,SCHEDULED,1631912400,HSL:4587_20210917_La_1_1434,587,HSL:1472101,Mellunmäki (M)
56040,56040,0,56040,56040,0,False,SCHEDULED,1631912400,HSL:4587_20210917_La_1_1534,587,HSL:1472101,Mellunmäki (M)
59640,59640,0,59640,59640,0,False,SCHEDULED,1631912400,HSL:4587_20210917_La_1_1634,587,HSL:1472101,Mellunmäki (M)
63240,63240,0,63240,63240,0,False,SCHEDULED,1631912400,HSL:4587_20210917_La_1_1734,587,HSL:1472101,Mellunmäki (M)
45600,45675,75,45600,45675,75,True,UPDATED,1631912400,HSL:3001K_20210917_La_2_1231,K,HSL:4740551,Koivukylä
46200,46200,0,46200,46200,0,False,SCHEDULED,1631912400,HSL:3001K_20210917_La_2_1241,K,HSL:4740551,Koivukylä
46800,46800,0,46800,46800,0,False,SCHEDULED,1631912400,HSL:3001K_20210917_La_2_1251,K,HSL:4740551,Koivukylä
47400,47400,0,47400,47400,0,False,SCHEDULED,1631912400,HSL:3001K_20210917_La_2_1301,K,HSL:4740551,Koivukylä
48000,48000,0,48000,48000,0,False,SCHEDULED,1631912400,HSL:3001K_20210917_La_2_1311,K,HSL:4740551,Koivukylä
45540,45639,99,45540,45639,99,True,UPDATED,1631912400,HSL:9642_20210917_La_1_1216,642,HSL:9651004,Keltanontie
49140,49140,0,49140,49140,0,False,SCHEDULED,1631912400,HSL:9642_20210917_La_1_1316,642,HSL:9651004,Keltanontie
52740,52740,0,52740,52740,0,False,SCHEDULED,1631912400,HSL:9642_20210917_La_1_1416,642,HSL:9651004,Keltanontie
56340,56340,0,56340,56340,0,False,SCHEDULED,1631912400,HSL:9642_20210917_La_1_1516,642,HSL:9651004,Keltanontie
59940,59940,0,59940,59940,0,False,SCHEDULED,1631912400,HSL:9642_20210917_La_1_1616,642,HSL:9651004,Keltanontie
45660,45759,99,45660,45759,99,True,UPDATED,1631912400,HSL:9642_20210917_La_1_1216,642,HSL:9651001,Autiorinne
49320,49320,0,49320,49320,0,False,SCHEDULED,1631912400,HSL:9642_20210917_La_1_1316,642,HSL:9651001,Autiorinne
52920,52920,0,52920,52920,0,False,SCHEDULED,1631912400,HSL:9642_20210917_La_1_1416,642,HSL:9651001,Autiorinne
56520,56520,0,56520,56520,0,False,SCHEDULED,1631912400,HSL:9642_20210917_La_1_1516,642,HSL:9651001,Autiorinne
60120,60120,0,60120,60120,0,False,SCHEDULED,1631912400,HSL:9642_20210917_La_1_1616,642,HSL:9651001,Autiorinne
45900,45900,0,45900,45900,0,True,UPDATED,1631912400,HSL:9642_20210917_La_2_1238,642,HSL:9651008,Kuusamantie
49500,49500,0,49500,49500,0,False,SCHEDULED,1631912400,HSL:9642_20210917_La_2_1338,642,HSL:9651008,Kuusamantie
53100,53100,0,53100,53100,0,False,SCHEDULED,1631912400,HSL:9642_20210917_La_2_1438,642,HSL:9651008,Kuusamantie
56700,56700,0,56700,56700,0,False,SCHEDULED,1631912400,HSL:9642_20210917_La_2_1538,642,HSL:9651008,Kuusamantie
60300,60300,0,60300,60300,0,False,SCHEDULED,1631912400,HSL:9642_20210917_La_2_1638,642,HSL:9651008,Kuusamantie
45840,45840,0,45840,45840,0,True,UPDATED,1631912400,HSL:9642_20210917_La_2_1238,642,HSL:9651005,Keltanontie
49440,49440,0,49440,49440,0,False,SCHEDULED,1631912400,HSL:9642_20210917_La_2_1338,642,HSL:9651005,Keltanontie
53040,53040,0,53040,53040,0,False,SCHEDULED,1631912400,HSL:9642_20210917_La_2_1438,642,HSL:9651005,Keltanontie
56640,56640,0,56640,56640,0,False,SCHEDULED,1631912400,HSL:9642_20210917_La_2_1538,642,HSL:9651005,Keltanontie
60240,60240,0,60240,60240,0,False,SCHEDULED,1631912400,HSL:9642_20210917_La_2_1638,642,HSL:9651005,Keltanontie
45660,45660,0,45660,45660,0,True,UPDATED,1631912400,HSL:9642_20210917_La_2_1238,642,HSL:9651000,Autiorinne
49260,49260,0,49260,49260,0,False,SCHEDULED,1631912400,HSL:9642_20210917_La_2_1338,642,HSL:9651000,Autiorinne
52860,52860,0,52860,52860,0,False,SCHEDULED,1631912400,HSL:9642_20210917_La_2_1438,642,HSL:9651000,Autiorinne
56460,56460,0,56460,56460,0,False,SCHEDULED,1631912400,HSL:9642_20210917_La_2_1538,642,HSL:9651000,Autiorinne
60060,60060,0,60060,60060,0,False,SCHEDULED,1631912400,HSL:9642_20210917_La_2_1638,642,HSL:9651000,Autiorinne
45480,45579,99,45480,45579,99,True,UPDATED,1631912400,HSL:9642_20210917_La_1_1216,642,HSL:9651009,Kuusamantie
49080,49080,0,49080,49080,0,False,SCHEDULED,1631912400,HSL:9642_20210917_La_1_1316,642,HSL:9651009,Kuusamantie
52680,52680,0,52680,52680,0,False,SCHEDULED,1631912400,HSL:9642_20210917_La_1_1416,642,HSL:9651009,Kuusamantie
56280,56280,0,56280,56280,0,False,SCHEDULED,1631912400,HSL:9642_20210917_La_1_1516,642,HSL:9651009,Kuusamantie
59880,59880,0,59880,59880,0,False,SCHEDULED,1631912400,HSL:9642_20210917_La_1_1616,642,HSL:9651009,Kuusamantie
45600,45699,99,45600,45699,99,True,UPDATED,1631912400,HSL:9642_20210917_La_1_1216,642,HSL:9651012,Lahelanterttu
49200,49200,0,49200,49200,0,False,SCHEDULED,1631912400,HSL:9642_20210917_La_1_1316,642,HSL:9651012,Lahelanterttu
52800,52800,0,52800,52800,0,False,SCHEDULED,1631912400,HSL:9642_20210917_La_1_1416,642,HSL:9651012,Lahelanterttu
56400,56400,0,56400,56400,0,False,SCHEDULED,1631912400,HSL:9642_20210917_La_1_1516,642,HSL:9651012,Lahelanterttu
60000,60000,0,60000,60000,0,False,SCHEDULED,1631912400,HSL:9642_20210917_La_1_1616,642,HSL:9651012,Lahelanterttu
45780,45780,0,45780,45780,0,True,UPDATED,1631912400,HSL:9642_20210917_La_2_1238,642,HSL:9651013,Lahelanterttu
49380,49380,0,49380,49380,0,False,SCHEDULED,1631912400,HSL:9642_20210917_La_2_1338,642,HSL:9651013,Lahelanterttu
52980,52980,0,52980,52980,0,False,SCHEDULED,1631912400,HSL:9642_20210917_La_2_1438,642,HSL:9651013,Lahelanterttu
56580,56580,0,56580,56580,0,False,SCHEDULED,1631912400,HSL:9642_20210917_La_2_1538,642,HSL:9651013,Lahelanterttu
60180,60180,0,60180,60180,0,False,SCHEDULED,1631912400,HSL:9642_20210917_La_2_1638,642,HSL:9651013,Lahelanterttu
45600,45699,99,45600,45699,99,True,UPDATED,1631912400,HSL:9642_20210917_La_1_1216,642,HSL:9651010,Lahelanrinne
49260,49260,0,49260,49260,0,False,SCHEDULED,1631912400,HSL:9642_20210917_La_1_1316,642,HSL:9651010,Lahelanrinne
52860,52860,0,52860,52860,0,False,SCHEDULED,1631912400,HSL:9642_20210917_La_1_1416,642,HSL:9651010,Lahelanrinne
56460,56460,0,56460,56460,0,False,SCHEDULED,1631912400,HSL:9642_20210917_La_1_1516,642,HSL:9651010,Lahelanrinne
60060,60060,0,60060,60060,0,False,SCHEDULED,1631912400,HSL:9642_20210917_La_1_1616,642,HSL:9651010,Lahelanrinne
45720,45751,31,45720,45751,31,True,UPDATED,1631912400,HSL:1085_20210917_La_2_1234,85,HSL:1491204,Koirasaarentie
46320,46320,0,46320,46320,0,False,SCHEDULED,1631912400,HSL:1086_20210917_La_2_1244,86,HSL:1491204,Koirasaarentie
46920,46920,0,46920,46920,0,False,SCHEDULED,1631912400,HSL:1085_20210917_La_2_1254,85,HSL:1491204,Koirasaarentie
47520,47520,0,47520,47520,0,False,SCHEDULED,1631912400,HSL:1086_20210917_La_2_1304,86,HSL:1491204,Koirasaarentie
48120,48120,0,48120,48120,0,False,SCHEDULED,1631912400,HSL:1085_20210917_La_2_1314,85,HSL:1491204,Koirasaarentie
45780,45780,0,45780,45780,0,True,UPDATED,1631912400,HSL:9642_20210917_La_2_1238,642,HSL:9651011,Lahelanrinne
49380,49380,0,49380,49380,0,False,SCHEDULED,1631912400,HSL:9642_20210917_La_2_1338,642,HSL:9651011,Lahelanrinne
52980,52980,0,52980,52980,0,False,SCHEDULED,1631912400,HSL:9642_20210917_La_2_1438,642,HSL:9651011,Lahelanrinne
56580,56580,0,56580,56580,0,False,SCHEDULED,1631912400,HSL:9642_20210917_La_2_1538,642,HSL:9651011,Lahelanrinne
60180,60180,0,60180,60180,0,False,SCHEDULED,1631912400,HSL:9642_20210917_La_2_1638,642,HSL:9651011,Lahelanrinne
45420,45429,9,45420,45429,9,True,UPDATED,1631912400,HSL:1084_20210917_La_2_1230,84,HSL:1491203,Koirasaarentie
45720,45720,0,45720,45720,0,True,UPDATED,1631912400,HSL:1088_20210917_La_2_1236,88,HSL:1491203,Koirasaarentie
46020,46020,0,46020,46020,0,True,UPDATED,1631912400,HSL:1084_20210917_La_2_1240,84,HSL:1491203,Koirasaarentie
46320,46320,0,46320,46320,0,False,SCHEDULED,1631912400,HSL:1088_20210917_La_2_1246,88,HSL:1491203,Koirasaarentie
46620,46620,0,46620,46620,0,False,SCHEDULED,1631912400,HSL:1084_20210917_La_2_1250,84,HSL:1491203,Koirasaarentie
45540,45540,0,45540,45540,0,False,SCHEDULED,1631912400,HSL:1085_20210917_La_1_1231,85,HSL:1491202,Koirasaarentie
46200,46200,0,46200,46200,0,False,SCHEDULED,1631912400,HSL:1086_20210917_La_1_1241,86,HSL:1491202,Koirasaarentie
46740,46740,0,46740,46740,0,False,SCHEDULED,1631912400,HSL:1085_20210917_La_1_1251,85,HSL:1491202,Koirasaarentie
47400,47400,0,47400,47400,0,False,SCHEDULED,1631912400,HSL:1086_20210917_La_1_1301,86,HSL:1491202,Koirasaarentie
47940,47940,0,47940,47940,0,False,SCHEDULED,1631912400,HSL:1085_20210917_La_1_1311,85,HSL:1491202,Koirasaarentie
45600,45609,9,45600,45609,9,True,UPDATED,1631912400,HSL:1084_20210917_La_2_1230,84,HSL:1491201,Yliskylän kesk.
45840,45840,0,45840,45840,0,True,UPDATED,1631912400,HSL:1088_20210917_La_2_1236,88,HSL:1491201,Yliskylän kesk.
45840,45871,31,45840,45871,31,True,UPDATED,1631912400,HSL:1085_20210917_La_2_1234,85,HSL:1491201,Yliskylän kesk.
46200,46200,0,46200,46200,0,True,UPDATED,1631912400,HSL:1084_20210917_La_2_1240,84,HSL:1491201,Yliskylän kesk.
46380,46380,0,46380,46380,0,False,SCHEDULED,1631912400,HSL:1086_20210917_La_2_1244,86,HSL:1491201,Yliskylän kesk.
